xml_id	midi_id	track	channel	pitch	onset
n7	5	1	0	49	1.04296875
n5	1	1	0	50	0.5325520833333334
n6	2	1	0	54	0.515625
n8	6	1	0	56	1.0638020833333333
n3	4	1	0	65	1.0403645833333333
n1	3	1	0	66	0.51171875
n2	0	1	0	72	0.5
n4	7	1	0	73	1.0325520833333333
n15	10	1	0	47	1.2955729166666665
n16	11	1	0	49	1.2903645833333333
n9	8	1	0	65	1.2838541666666665
n10	9	1	0	68	1.2799479166666665
n19	14	1	0	46	2.0611979166666665
n20	deletion
n13	12	1	0	66	2.03515625
n14	13	1	0	70	2.0234375
n29	16	1	0	44	2.2825520833333335
n30	19	1	0	46	2.639322916666667
n23	deletion
n21	15	1	0	63	2.2786458333333335
n24	18	1	0	70	2.6380208333333335
n22	17	1	0	71	2.2734375
n31	21	1	0	47	2.6953125000000004
n32	23	1	0	48	2.923177083333334
n27	24	1	0	58	2.949218750000001
n25	22	1	0	59	2.7174479166666674
n28	25	1	0	66	2.9401041666666674
n26	20	1	0	68	2.6601562500000004
n36	27	1	0	49	3.269531250000001
n33	26	1	0	56	3.2395833333333344
n34	28	1	0	65	3.226562500000001
n42	32	1	0	64	4.343750000000002
n43	31	1	0	67	4.339843750000002
n38	29	1	0	70	4.337239583333335
n39	30	1	0	73	4.324218750000002
n44	35	1	0	63	4.949218750000002
n45	33	1	0	66	4.949218750000002
n40	34	1	0	71	4.933593750000002
n41	36	1	0	75	4.936197916666669
n51	37	1	0	61	5.221354166666667
n52	39	1	0	64	5.227864583333334
n46	40	1	0	73	5.220052083333334
n47	38	1	0	76	5.209635416666667
n54	44	1	0	59	5.96875
n55	41	1	0	63	5.94140625
n49	42	1	0	75	5.953125
n50	43	1	0	78	5.9296875
n68	46	1	0	52	6.24609375
n64	47	1	0	56	6.239583333333333
n65	49	1	0	61	6.570312500000001
n58	51	1	0	73	6.657552083333335
n56	45	1	0	76	6.243489583333333
n59	50	1	0	76	6.555989583333334
n57	48	1	0	80	6.22265625
n69	53	1	0	54	6.660156250000002
n70	deletion
n66	55	1	0	63	6.683593750000001
n67	58	1	0	64	6.924479166666667
n62	56	1	0	70	6.908854166666667
n60	54	1	0	71	6.673177083333335
n63	57	1	0	73	6.891927083333334
n61	52	1	0	75	6.647135416666668
n76	60	1	0	59	7.2421875
n74	62	1	0	63	7.239583333333333
n71	59	1	0	71	7.21484375
n72	61	1	0	75	7.235677083333333
n81	65	1	0	63	8.544270833333334
n77	63	1	0	66	8.544270833333334
n78	64	1	0	71	8.54296875
n82	66	1	0	61	9.229166666666668
n79	68	1	0	66	9.246093750000002
n80	67	1	0	70	9.222656250000002
n88	69	1	0	59	9.574218750000002
n83	70	1	0	66	9.548177083333336
n84	71	1	0	75	9.548177083333336
n90	72	1	0	58	10.321614583333334
n86	73	1	0	66	10.3125
n87	74	1	0	73	10.3046875
n98	77	1	0	56	10.589843750000002
n99	79	1	0	58	10.895833333333337
n95	75	1	0	66	10.597656250000002
n92	78	1	0	70	10.854166666666671
n91	76	1	0	71	10.569010416666668
n101	deletion
n100	81	1	0	59	10.957031250000005
n97	83	1	0	65	11.177083333333341
n96	82	1	0	66	10.996093750000005
n93	80	1	0	68	10.945312500000005
n94	84	1	0	73	11.167968750000007
n110	87	1	0	54	11.429687500000007
n111	90	1	0	61	11.648437500000007
n104	88	1	0	65	11.630208333333341
n103	86	1	0	66	11.507812500000007
n105	89	1	0	66	11.730468750000005
n102	85	1	0	70	11.395833333333341
n113	96	1	0	61	12.041666666666673
n112	93	1	0	63	11.843750000000007
n108	94	1	0	70	12.041666666666673
n106	91	1	0	71	11.852864583333341
n107	92	1	0	78	11.951822916666673
n109	95	1	0	78	12.143229166666673
n123	102	1	0	58	12.464843750000005
n122	99	1	0	59	12.25911458333334
n116	100	1	0	73	12.45833333333334
n114	97	1	0	75	12.246093750000005
n115	98	1	0	78	12.338541666666673
n117	101	1	0	78	12.54427083333334
n125	108	1	0	49	12.877604166666675
n124	105	1	0	56	12.666666666666673
n118	103	1	0	77	12.675781250000007
n120	106	1	0	77	12.898437500000009
n119	104	1	0	80	12.792968750000007
n121	107	1	0	85	12.964843750000009
n135	114	1	0	49	13.298177083333345
n134	111	1	0	54	13.10156250000001
n126	109	1	0	78	13.088541666666677
n128	112	1	0	78	13.28906250000001
n127	110	1	0	82	13.184895833333345
n129	113	1	0	85	13.38671875000001
n136	116	1	0	46	13.513020833333345
n137	120	1	0	49	13.713541666666679
n130	115	1	0	78	13.501302083333345
n132	118	1	0	82	13.696614583333345
n131	117	1	0	85	13.58984375000001
n133	119	1	0	85	13.786458333333345
n146	122	1	0	42	13.921875000000012
n147	125	1	0	49	14.13151041666668
n138	121	1	0	82	13.902343750000012
n140	124	1	0	82	14.106770833333346
n139	123	1	0	85	13.985677083333346
n141	126	1	0	85	14.20572916666668
n148	128	1	0	37	14.345052083333346
n149	132	1	0	49	14.56119791666668
n144	130	1	0	77	14.53385416666668
n142	127	1	0	80	14.320312500000014
n143	129	1	0	83	14.42057291666668
n145	131	1	0	85	14.613281250000014
n158	133	1	0	42	14.761718750000014
n159	137	1	0	61	14.97526041666668
n152	136	1	0	70	14.964843750000014
n151	135	1	0	78	14.832031250000014
n153	138	1	0	78	15.05729166666668
n150	134	1	0	82	14.722656250000014
n161	144	1	0	61	15.376302083333348
n160	141	1	0	63	15.179687500000014
n156	142	1	0	70	15.377604166666682
n154	139	1	0	71	15.16666666666668
n155	140	1	0	78	15.30338541666668
n157	143	1	0	78	15.494791666666684
n171	150	1	0	58	15.786458333333355
n170	146	1	0	59	15.596354166666686
n164	148	1	0	73	15.79166666666669
n162	145	1	0	75	15.591145833333352
n163	147	1	0	78	15.682291666666687
n165	149	1	0	78	15.869791666666691
n173	155	1	0	49	16.222656250000025
n172	153	1	0	56	15.998697916666691
n166	151	1	0	77	15.992187500000025
n168	154	1	0	77	16.19531250000002
n167	152	1	0	80	16.09375000000002
n169	157	1	0	85	16.28255208333336
n183	162	1	0	49	16.62109375000003
n182	158	1	0	54	16.46223958333336
n174	156	1	0	78	16.41406250000003
n176	160	1	0	78	16.63671875000003
n175	159	1	0	82	16.52083333333336
n177	161	1	0	85	16.72005208333336
n184	164	1	0	46	16.833333333333357
n185	167	1	0	49	17.019531250000018
n178	163	1	0	78	16.83463541666669
n180	166	1	0	82	17.061197916666686
n181	168	1	0	85	17.170572916666686
n179	deletion
n194	171	1	0	42	17.242187500000018
n195	173	1	0	49	17.450520833333353
n186	169	1	0	82	17.257812500000018
n188	172	1	0	82	17.44921875000002
n187	170	1	0	85	17.333333333333353
n189	174	1	0	85	17.536458333333353
n196	177	1	0	37	17.66276041666669
n197	179	1	0	49	17.871093750000025
n192	178	1	0	77	17.87760416666669
n190	175	1	0	80	17.65625000000002
n191	176	1	0	83	17.770833333333357
n193	180	1	0	85	17.95312500000002
n207	183	1	0	42	18.05859375000002
n208	184	1	0	54	18.260416666666682
n200	deletion
n198	181	1	0	82	18.05859375000002
n201	185	1	0	82	18.260416666666682
n199	182	1	0	85	18.153645833333353
n202	186	1	0	85	18.351562500000014
n209	189	1	0	39	18.479166666666682
n210	190	1	0	51	18.686197916666682
n203	187	1	0	78	18.480468750000014
n205	191	1	0	78	18.683593750000018
n204	188	1	0	80	18.58333333333335
n206	192	1	0	84	18.77604166666668
n219	196	1	0	36	18.89453125000001
n220	195	1	0	48	19.098958333333346
n211	193	1	0	78	18.89062500000001
n213	197	1	0	78	19.091145833333346
n212	194	1	0	80	18.985677083333346
n214	198	1	0	87	19.19010416666668
n221	201	1	0	32	19.305989583333346
n222	202	1	0	44	19.532552083333346
n215	199	1	0	78	19.30338541666668
n217	203	1	0	78	19.51432291666668
n216	200	1	0	80	19.391927083333346
n218	204	1	0	87	19.614583333333346
n231	210	1	0	37	19.74088541666668
n232	207	1	0	49	19.74088541666668
n226	211	1	0	60	19.998697916666675
n227	212	1	0	61	20.109375000000007
n223	208	1	0	77	19.73697916666668
n224	206	1	0	80	19.74479166666668
n225	209	1	0	85	19.73697916666668
n234	213	1	0	60	20.23697916666667
n235	214	1	0	61	20.33984375
n229	215	1	0	64	20.423177083333336
n230	216	1	0	65	20.53125
n243	217	1	0	64	20.647135416666668
n244	218	1	0	65	20.751302083333336
n238	219	1	0	67	20.835937500000004
n239	220	1	0	68	20.921875000000004
n246	221	1	0	67	21.03385416666667
n247	222	1	0	68	21.128906250000007
n241	223	1	0	72	21.216145833333343
n242	224	1	0	73	21.30468750000001
n255	225	1	0	72	21.412760416666675
n256	226	1	0	73	21.511718750000007
n250	227	1	0	76	21.62239583333334
n251	228	1	0	77	21.71744791666667
n258	229	1	0	76	21.824218750000004
n259	230	1	0	77	21.90885416666667
n253	231	1	0	79	22.00651041666667
n254	232	1	0	80	22.085937500000007
n267	234	1	0	79	22.20052083333334
n268	235	1	0	80	22.28776041666667
n262	236	1	0	84	22.376302083333336
n263	237	1	0	85	22.47135416666667
n270	238	1	0	84	22.575520833333336
n271	239	1	0	85	22.680989583333336
n265	240	1	0	88	22.805989583333336
n266	241	1	0	89	22.891927083333336
n279	242	1	0	88	22.9921875
n280	243	1	0	89	23.088541666666668
n274	244	1	0	91	23.1875
n275	245	1	0	92	23.26953125
n282	246	1	0	84	23.37890625
n283	247	1	0	85	23.46484375
n277	248	1	0	88	23.569010416666668
n278	249	1	0	89	23.660156250000004
n291	250	1	0	79	23.768229166666668
n292	251	1	0	80	23.854166666666668
n286	252	1	0	84	23.949218750000004
n287	253	1	0	85	24.042968750000004
n294	254	1	0	76	24.139322916666668
n295	255	1	0	77	24.225260416666668
n289	256	1	0	79	24.346354166666668
n290	257	1	0	80	24.449218750000004
n303	258	1	0	72	24.555989583333336
n304	259	1	0	73	24.636718750000004
n298	260	1	0	76	24.74479166666667
n299	261	1	0	77	24.848958333333336
n306	262	1	0	67	24.917968750000004
n307	263	1	0	68	25.002604166666668
n301	264	1	0	72	25.12109375
n302	265	1	0	73	25.235677083333336
n315	266	1	0	64	25.337239583333336
n316	267	1	0	65	25.42838541666667
n310	268	1	0	72	25.56510416666667
n311	269	1	0	73	25.64322916666667
n318	270	1	0	60	25.78255208333334
n319	271	1	0	61	25.890625000000007
n313	272	1	0	72	26.00520833333334
n314	273	1	0	73	26.07552083333334
n327	274	1	0	60	26.19661458333334
n328	275	1	0	61	26.269531250000007
n322	276	1	0	72	26.38411458333334
n323	277	1	0	73	26.472656250000007
n330	278	1	0	48	26.593750000000007
n331	279	1	0	49	26.678385416666675
n325	280	1	0	60	26.779947916666675
n326	281	1	0	61	26.871093750000007
n340	283	1	0	61	27.09244791666667
n339	282	1	0	60	27.00260416666667
n334	284	1	0	72	27.23697916666667
n335	285	1	0	73	27.30338541666667
n342	286	1	0	48	27.42447916666667
n343	287	1	0	49	27.55338541666667
n337	288	1	0	60	27.683593750000007
n338	289	1	0	61	27.773437500000007
n349	291	1	0	50	28.029947916666675
n350	292	1	0	54	28.023437500000007
n345	290	1	0	66	28.01692708333334
n346	293	1	0	72	28.00520833333334
n351	295	1	0	49	28.67708333333334
n352	296	1	0	56	28.700520833333336
n347	294	1	0	65	28.68098958333334
n348	297	1	0	73	28.67708333333334
n359	298	1	0	47	28.986979166666668
n360	300	1	0	49	28.9765625
n353	299	1	0	65	28.959635416666668
n354	301	1	0	68	28.94921875
n363	305	1	0	46	29.705729166666664
n364	304	1	0	49	29.690104166666664
n357	303	1	0	66	29.700520833333332
n358	302	1	0	70	29.661458333333332
n373	308	1	0	44	29.92578125
n374	309	1	0	46	30.251302083333332
n367	deletion
n365	306	1	0	63	29.923177083333332
n368	310	1	0	70	30.248697916666664
n366	307	1	0	71	29.9140625
n375	312	1	0	47	30.351562500000007
n376	315	1	0	48	30.59505208333334
n371	314	1	0	58	30.59895833333334
n369	313	1	0	59	30.37630208333334
n372	316	1	0	66	30.58072916666667
n370	311	1	0	68	30.320312500000004
n380	317	1	0	49	30.903645833333336
n377	318	1	0	56	30.863281250000004
n378	319	1	0	65	30.863281250000004
n386	321	1	0	64	31.941406250000004
n387	323	1	0	67	31.937500000000004
n382	320	1	0	70	31.927083333333336
n383	322	1	0	73	31.915364583333336
n388	326	1	0	63	32.68880208333335
n389	324	1	0	66	32.687500000000014
n384	325	1	0	71	32.705729166666686
n385	327	1	0	75	32.68229166666668
n395	331	1	0	61	32.98567708333335
n396	328	1	0	64	33.00911458333335
n390	330	1	0	73	33.00130208333335
n391	329	1	0	76	32.983072916666686
n398	334	1	0	59	33.76432291666668
n399	333	1	0	63	33.75651041666668
n405	341	1	0	75	34.41276041666669
n393	deletion
n394	332	1	0	78	33.72916666666668
n412	336	1	0	52	34.035156250000014
n408	337	1	0	56	34.02473958333335
n409	339	1	0	61	34.34114583333335
n402	345	1	0	73	34.44531250000003
n400	335	1	0	76	34.035156250000014
n403	340	1	0	76	34.33072916666668
n401	338	1	0	80	34.00260416666668
n413	344	1	0	54	34.42838541666669
n414	349	1	0	54	34.70312500000003
n410	342	1	0	63	34.42578125000003
n411	348	1	0	64	34.68359375000003
n406	346	1	0	70	34.677083333333364
n404	343	1	0	71	34.44140625000003
n407	347	1	0	73	34.65625000000003
n420	350	1	0	59	34.9986979166667
n418	353	1	0	63	34.981770833333364
n415	351	1	0	71	34.977864583333364
n416	352	1	0	75	34.962239583333364
n425	356	1	0	63	36.2057291666667
n421	354	1	0	66	36.1979166666667
n422	355	1	0	71	36.192708333333364
n426	357	1	0	61	36.93359375000004
n423	359	1	0	66	36.92187500000004
n424	358	1	0	70	36.92187500000004
n432	360	1	0	59	37.24479166666672
n427	362	1	0	66	37.239583333333385
n428	361	1	0	75	37.239583333333385
n434	364	1	0	58	37.93619791666673
n430	365	1	0	66	37.91927083333339
n431	363	1	0	73	37.91276041666673
n442	367	1	0	56	38.18619791666673
n443	370	1	0	58	38.51171875000007
n439	366	1	0	66	38.187500000000064
n436	369	1	0	70	38.4817708333334
n435	368	1	0	71	38.16927083333339
n445	375	1	0	49	38.79687500000008
n444	373	1	0	59	38.58593750000008
n441	374	1	0	65	38.79296875000008
n440	372	1	0	66	38.56901041666674
n437	371	1	0	68	38.541666666666735
n438	376	1	0	73	38.78385416666674
n454	382	1	0	54	39.063802083333414
n455	381	1	0	61	39.255208333333414
n448	379	1	0	65	39.220052083333414
n447	378	1	0	66	39.122395833333414
n449	380	1	0	66	39.32942708333342
n446	377	1	0	70	39.01822916666674
n457	388	1	0	61	39.64843750000009
n456	384	1	0	63	39.453125000000085
n452	386	1	0	70	39.64843750000009
n450	383	1	0	71	39.457031250000085
n451	385	1	0	78	39.56119791666676
n453	387	1	0	78	39.75520833333342
n467	394	1	0	58	40.07812500000008
n466	390	1	0	59	39.87369791666676
n460	392	1	0	73	40.071614583333414
n458	389	1	0	75	39.86588541666676
n459	391	1	0	78	39.96614583333342
n461	393	1	0	78	40.161458333333414
n469	400	1	0	49	40.50390625000008
n468	397	1	0	56	40.26822916666675
n462	395	1	0	77	40.278645833333414
n464	398	1	0	77	40.477864583333414
n463	396	1	0	80	40.380208333333414
n465	399	1	0	85	40.57421875000008
n479	406	1	0	49	40.90104166666674
n478	403	1	0	54	40.70182291666674
n470	401	1	0	78	40.68619791666674
n472	404	1	0	78	40.90234375000008
n471	402	1	0	82	40.79817708333341
n473	405	1	0	85	40.997395833333414
n480	408	1	0	46	41.10026041666674
n481	412	1	0	49	41.302083333333414
n474	407	1	0	78	41.09765625000008
n476	410	1	0	82	41.290364583333414
n475	409	1	0	85	41.184895833333414
n477	411	1	0	85	41.38281250000008
n490	414	1	0	42	41.51822916666674
n491	417	1	0	49	41.72916666666675
n482	413	1	0	82	41.49739583333341
n484	416	1	0	82	41.710937500000085
n483	415	1	0	85	41.598958333333414
n485	418	1	0	85	41.813802083333414
n492	420	1	0	37	41.92968750000008
n493	424	1	0	49	42.12369791666674
n488	422	1	0	77	42.11588541666674
n486	419	1	0	80	41.91406250000008
n487	421	1	0	83	42.020833333333414
n489	423	1	0	85	42.20703125000008
n502	425	1	0	42	42.36067708333342
n503	431	1	0	61	42.595052083333414
n496	426	1	0	70	42.347656250000085
n495	deletion
n497	deletion
n494	deletion
n505	436	1	0	61	42.992187500000085
n504	433	1	0	63	42.79687500000008
n500	435	1	0	70	42.97005208333342
n498	432	1	0	71	42.77473958333341
n499	434	1	0	78	42.864583333333414
n501	437	1	0	78	43.067708333333414
n515	442	1	0	58	43.364583333333414
n514	439	1	0	59	43.17838541666675
n508	441	1	0	73	43.376302083333414
n506	438	1	0	75	43.17578125000008
n507	440	1	0	78	43.26953125000008
n509	443	1	0	78	43.47395833333341
n517	448	1	0	49	43.78515625000008
n516	446	1	0	56	43.576822916666735
n510	444	1	0	77	43.588541666666735
n512	447	1	0	77	43.78776041666674
n511	445	1	0	80	43.69661458333341
n513	450	1	0	85	43.86588541666674
n527	454	1	0	42	44.18619791666675
n526	451	1	0	54	43.99869791666675
n518	449	1	0	78	43.985677083333414
n520	453	1	0	78	44.183593750000085
n519	452	1	0	82	44.07552083333342
n521	455	1	0	85	44.265625000000085
n529	460	1	0	39	44.57291666666674
n528	458	1	0	51	44.38020833333342
n522	456	1	0	78	44.37760416666676
n524	459	1	0	78	44.58203125000008
n523	457	1	0	82	44.48697916666674
n525	461	1	0	87	44.67708333333342
n539	468	1	0	35	44.992187500000085
n538	464	1	0	47	44.78776041666676
n530	462	1	0	78	44.78385416666676
n532	465	1	0	78	45.003906250000085
n531	463	1	0	87	44.88802083333342
n533	467	1	0	87	45.10026041666676
n541	473	1	0	33	45.44531250000009
n540	471	1	0	45	45.21875000000009
n534	469	1	0	78	45.22135416666676
n536	472	1	0	78	45.44921875000009
n535	470	1	0	87	45.31640625000009
n537	474	1	0	87	45.53906250000009
n549	476	1	0	34	45.71614583333342
n550	478	1	0	46	45.714843750000085
n545	480	1	0	70	46.083333333333435
n544	479	1	0	71	45.986979166666764
n542	475	1	0	77	45.70572916666675
n543	477	1	0	86	45.70572916666675
n553	482	1	0	68	46.29166666666677
n548	484	1	0	68	46.498697916666764
n561	485	1	0	68	46.604166666666764
n552	481	1	0	70	46.208333333333435
n547	483	1	0	70	46.403645833333435
n562	486	1	0	66	46.694010416666764
n557	488	1	0	66	46.88020833333344
n556	487	1	0	68	46.77994791666677
n565	490	1	0	65	47.066406250000114
n560	492	1	0	65	47.25390625000012
n564	489	1	0	66	46.99088541666678
n559	491	1	0	66	47.15364583333345
n574	494	1	0	63	47.449218750000114
n569	496	1	0	63	47.64713541666678
n573	493	1	0	65	47.351562500000114
n568	495	1	0	65	47.55208333333344
n577	498	1	0	61	47.85026041666677
n572	500	1	0	61	48.01822916666677
n576	497	1	0	63	47.75520833333344
n571	499	1	0	63	47.93229166666677
n586	502	1	0	59	48.22916666666677
n581	504	1	0	59	48.39322916666677
n585	501	1	0	61	48.13151041666677
n580	503	1	0	61	48.30859375000011
n589	506	1	0	58	48.61197916666677
n584	508	1	0	58	48.83463541666678
n588	505	1	0	59	48.52994791666677
n583	507	1	0	59	48.74218750000011
n598	510	1	0	57	49.002604166666785
n593	512	1	0	57	49.22395833333345
n597	509	1	0	58	48.929687500000114
n592	511	1	0	58	49.13802083333345
n601	514	1	0	56	49.449218750000114
n596	516	1	0	56	49.65625000000011
n600	513	1	0	58	49.34895833333345
n595	515	1	0	58	49.57291666666678
n610	518	1	0	54	49.888020833333435
n605	520	1	0	54	50.083333333333435
n609	517	1	0	58	49.79296875000011
n604	519	1	0	58	49.99479166666677
n613	522	1	0	53	50.321614583333435
n608	524	1	0	53	50.583333333333435
n612	521	1	0	58	50.212239583333435
n607	523	1	0	58	50.493489583333435
n622	525	1	0	39	50.751302083333435
n623	deletion
n616	526	1	0	58	51.19010416666678
n617	528	1	0	63	51.328125000000114
n624	530	1	0	58	51.51822916666678
n618	529	1	0	63	51.50651041666678
n625	533	1	0	63	51.74479166666677
n619	531	1	0	67	51.59505208333344
n620	532	1	0	67	51.73046875000011
n634	536	1	0	67	51.930989583333435
n621	534	1	0	70	51.8164062500001
n635	539	1	0	70	52.118489583333435
n626	535	1	0	70	51.923177083333435
n627	537	1	0	75	52.01432291666677
n628	538	1	0	75	52.11197916666677
n629	540	1	0	79	52.2070312500001
n636	542	1	0	75	52.32291666666677
n630	541	1	0	79	52.30729166666677
n637	544	1	0	79	52.4960937500001
n631	543	1	0	82	52.407552083333435
n632	545	1	0	82	52.506510416666764
n633	546	1	0	87	52.60286458333343
n646	552	1	0	51	52.92317708333343
n639	550	1	0	66	52.89583333333343
n640	551	1	0	70	53.018229166666764
n645	548	1	0	82	52.67708333333343
n638	549	1	0	91	52.670572916666764
n648	557	1	0	51	53.33463541666676
n647	555	1	0	54	53.147135416666764
n641	553	1	0	63	53.1289062500001
n643	556	1	0	66	53.32161458333343
n642	554	1	0	70	53.221354166666764
n644	558	1	0	70	53.44010416666676
n660	564	1	0	51	53.73567708333343
n659	560	1	0	54	53.53255208333343
n651	559	1	0	63	53.561197916666764
n667	574	1	0	63	54.96354166666677
n653	562	1	0	66	53.748697916666764
n652	561	1	0	70	53.66145833333343
n654	563	1	0	70	53.856770833333435
n664	568	1	0	46	53.979166666666764
n662	569	1	0	50	54.229166666666764
n661	567	1	0	53	53.994791666666764
n657	570	1	0	65	54.186197916666764
n655	565	1	0	68	53.9687500000001
n656	566	1	0	70	54.083333333333435
n658	571	1	0	70	54.2890625000001
n672	572	1	0	39	54.479166666666764
n673	deletion
n666	573	1	0	58	54.848958333333435
n674	576	1	0	58	55.126302083333435
n668	575	1	0	63	55.118489583333435
n675	579	1	0	63	55.32291666666677
n669	577	1	0	67	55.19140625000011
n670	578	1	0	67	55.32291666666677
n684	582	1	0	67	55.528645833333435
n671	580	1	0	70	55.423177083333435
n676	581	1	0	70	55.540364583333435
n685	587	1	0	70	55.7148437500001
n677	584	1	0	75	55.6562500000001
n678	586	1	0	75	55.723958333333435
n679	588	1	0	79	55.822916666666764
n686	592	1	0	75	55.93098958333344
n680	590	1	0	79	55.91796875000011
n687	593	1	0	79	56.101562500000114
n681	591	1	0	82	56.01432291666678
n682	594	1	0	82	56.105468750000114
n683	595	1	0	87	56.19661458333344
n696	601	1	0	51	56.535156250000114
n689	599	1	0	66	56.50520833333345
n690	600	1	0	70	56.608072916666785
n695	596	1	0	82	56.28385416666678
n688	597	1	0	91	56.27473958333344
n698	607	1	0	51	56.93880208333346
n697	604	1	0	54	56.742187500000114
n691	602	1	0	63	56.71614583333345
n693	605	1	0	66	56.91796875000012
n692	603	1	0	70	56.83333333333345
n694	606	1	0	70	57.00911458333346
n710	613	1	0	51	57.35546875000013
n709	610	1	0	54	57.138020833333464
n701	608	1	0	63	57.13671875000013
n703	611	1	0	66	57.333333333333464
n702	609	1	0	70	57.243489583333464
n704	612	1	0	70	57.458333333333464
n714	618	1	0	46	57.58984375000013
n712	620	1	0	50	57.82031250000013
n711	616	1	0	53	57.60677083333346
n707	617	1	0	65	57.78776041666679
n705	614	1	0	68	57.56640625000013
n706	615	1	0	70	57.68359375000013
n708	619	1	0	70	57.87760416666679
n723	621	1	0	51	58.04817708333347
n724	625	1	0	51	58.26302083333347
n715	622	1	0	63	58.0143229166668
n716	623	1	0	66	58.152343750000135
n717	624	1	0	66	58.23958333333347
n718	626	1	0	75	58.376302083333464
n726	631	1	0	46	58.68619791666679
n725	629	1	0	58	58.48828125000013
n719	627	1	0	65	58.485677083333464
n720	628	1	0	74	58.591145833333464
n721	630	1	0	74	58.68359375000013
n722	632	1	0	77	58.778645833333464
n736	637	1	0	39	59.091145833333464
n735	635	1	0	51	58.898437500000135
n727	633	1	0	66	58.8971354166668
n728	634	1	0	75	58.98307291666679
n729	636	1	0	75	59.091145833333464
n730	638	1	0	78	59.1783854166668
n738	642	1	0	34	59.515625000000135
n737	641	1	0	46	59.2877604166668
n731	639	1	0	74	59.298177083333464
n732	640	1	0	77	59.368489583333464
n733	643	1	0	77	59.49739583333347
n734	644	1	0	80	59.578125000000135
n747	646	1	0	51	59.729166666666806
n748	649	1	0	51	59.90755208333348
n739	645	1	0	66	59.70442708333347
n740	647	1	0	75	59.80598958333348
n741	648	1	0	75	59.90625000000014
n742	650	1	0	78	60.00000000000014
n750	655	1	0	46	60.31119791666682
n749	653	1	0	58	60.11067708333348
n743	651	1	0	74	60.10286458333348
n744	652	1	0	77	60.19791666666681
n745	654	1	0	77	60.302083333333485
n746	656	1	0	80	60.394531250000156
n760	661	1	0	39	60.70833333333349
n759	659	1	0	51	60.520833333333485
n751	657	1	0	75	60.52213541666682
n752	658	1	0	78	60.61588541666682
n753	660	1	0	78	60.707031250000156
n754	662	1	0	87	60.79166666666683
n762	666	1	0	34	61.110677083333506
n761	665	1	0	46	60.9075520833335
n755	663	1	0	77	60.8997395833335
n757	deletion
n756	664	1	0	86	61.0052083333335
n758	668	1	0	89	61.16276041666684
n771	669	1	0	51	61.33333333333351
n772	672	1	0	51	61.54947916666684
n763	deletion
n764	670	1	0	66	61.41796875000018
n765	671	1	0	66	61.548177083333506
n766	673	1	0	75	61.63151041666684
n774	678	1	0	46	61.9661458333335
n773	676	1	0	58	61.752604166666835
n767	674	1	0	65	61.748697916666835
n768	675	1	0	74	61.84375000000017
n769	677	1	0	74	61.9388020833335
n770	679	1	0	77	62.041666666666835
n784	684	1	0	39	62.346354166666835
n783	682	1	0	51	62.162760416666835
n775	680	1	0	66	62.15234375000017
n776	681	1	0	75	62.24609375000017
n777	683	1	0	75	62.3489583333335
n778	685	1	0	78	62.4466145833335
n786	690	1	0	34	62.74218750000017
n785	689	1	0	46	62.53515625000016
n779	686	1	0	74	62.549479166666835
n780	688	1	0	77	62.630208333333506
n781	691	1	0	77	62.736979166666835
n782	692	1	0	80	62.81901041666684
n795	deletion
n796	697	1	0	51	63.17708333333351
n787	693	1	0	66	62.94140625000018
n788	695	1	0	75	63.04036458333351
n789	696	1	0	75	63.16406250000018
n790	698	1	0	78	63.25651041666685
n798	704	1	0	46	63.60156250000018
n797	701	1	0	58	63.38802083333351
n791	699	1	0	74	63.37630208333351
n792	700	1	0	77	63.46744791666684
n793	702	1	0	77	63.57031250000018
n794	703	1	0	80	63.67447916666684
n808	710	1	0	39	63.99869791666684
n807	707	1	0	51	63.79557291666685
n799	705	1	0	75	63.78515625000018
n800	706	1	0	78	63.88802083333351
n801	708	1	0	78	64.00130208333351
n802	709	1	0	87	64.08854166666684
n810	716	1	0	37	64.43750000000016
n809	713	1	0	49	64.21093750000017
n803	711	1	0	76	64.20703125000017
n804	712	1	0	78	64.32812500000017
n805	714	1	0	78	64.44401041666681
n806	715	1	0	88	64.53125000000014
n820	722	1	0	35	64.88671875000014
n819	719	1	0	47	64.65364583333347
n811	717	1	0	75	64.65364583333347
n812	718	1	0	78	64.77083333333347
n813	720	1	0	83	64.89713541666681
n814	721	1	0	87	64.97656250000014
n822	726	1	0	35	65.34505208333348
n821	724	1	0	47	65.12109375000014
n815	723	1	0	83	65.09765625000014
n817	727	1	0	83	65.34635416666681
n816	725	1	0	87	65.23177083333347
n818	728	1	0	87	65.42447916666681
n831	733	1	0	31	65.62760416666683
n832	734	1	0	43	65.61718750000016
n823	730	1	0	77	65.61458333333348
n824	731	1	0	83	65.61067708333348
n825	732	1	0	86	65.61197916666681
n826	729	1	0	89	65.61197916666681
n841	735	1	0	58	66.37109375000014
n829	deletion
n830	deletion
n836	737	1	0	58	66.59635416666681
n842	736	1	0	59	66.47135416666681
n837	738	1	0	59	66.68880208333348
n844	739	1	0	61	66.79947916666683
n839	741	1	0	61	67.0091145833335
n845	740	1	0	62	66.91015625000016
n840	742	1	0	62	67.0950520833335
n853	743	1	0	64	67.20833333333351
n848	745	1	0	64	67.40104166666684
n854	744	1	0	65	67.30078125000018
n849	746	1	0	65	67.50651041666684
n856	747	1	0	70	67.60156250000017
n851	749	1	0	70	67.80338541666683
n857	748	1	0	71	67.6927083333335
n852	750	1	0	71	67.90625000000016
n865	751	1	0	73	67.99218750000016
n860	753	1	0	73	68.18750000000014
n866	752	1	0	74	68.09114583333348
n861	754	1	0	74	68.27083333333347
n868	755	1	0	76	68.36848958333347
n863	757	1	0	76	68.58333333333347
n869	756	1	0	77	68.47526041666681
n864	758	1	0	77	68.67578125000013
n877	759	1	0	82	68.75781250000013
n872	761	1	0	82	68.94921875000013
n878	760	1	0	83	68.84635416666679
n873	762	1	0	83	69.04557291666679
n880	763	1	0	85	69.12239583333344
n889	765	1	0	85	69.33463541666677
n875	deletion
n881	764	1	0	86	69.22526041666677
n890	766	1	0	86	69.41927083333344
n876	deletion
n884	767	1	0	88	69.52864583333344
n885	768	1	0	89	69.65885416666677
n892	769	1	0	83	69.74218750000011
n893	770	1	0	86	69.82552083333346
n887	771	1	0	86	69.90364583333346
n888	772	1	0	89	70.02734375000011
n901	773	1	0	85	70.11979166666679
n902	774	1	0	86	70.22395833333346
n896	775	1	0	88	70.30989583333346
n897	776	1	0	89	70.41796875000013
n904	777	1	0	83	70.52864583333346
n899	778	1	0	86	70.60286458333346
n914	779	1	0	86	70.71614583333346
n905	deletion
n909	780	1	0	89	70.83593750000013
n900	deletion
n913	deletion
n908	deletion
n916	781	1	0	82	70.8971354166668
n917	782	1	0	83	70.9752604166668
n911	783	1	0	86	71.09895833333347
n912	784	1	0	89	71.20703125000013
n925	785	1	0	78	71.2955729166668
n926	786	1	0	79	71.39583333333347
n920	787	1	0	86	71.4986979166668
n921	788	1	0	89	71.6002604166668
n928	789	1	0	76	71.69140625000013
n923	791	1	0	76	71.88671875000011
n929	790	1	0	77	71.79427083333346
n924	792	1	0	77	71.98437500000011
n937	793	1	0	73	72.07031250000011
n938	794	1	0	74	72.18229166666677
n932	795	1	0	76	72.2929687500001
n933	796	1	0	77	72.38541666666676
n940	797	1	0	70	72.49218750000009
n941	798	1	0	71	72.57682291666676
n935	799	1	0	74	72.67057291666676
n936	800	1	0	77	72.77994791666676
n949	801	1	0	73	72.87500000000009
n950	802	1	0	74	72.95442708333343
n944	803	1	0	76	73.07421875000009
n945	804	1	0	77	73.16796875000009
n952	805	1	0	70	73.25000000000009
n953	806	1	0	71	73.34244791666674
n947	807	1	0	74	73.45312500000009
n948	808	1	0	77	73.57161458333341
n961	809	1	0	73	73.62239583333341
n962	810	1	0	74	73.73437500000007
n956	811	1	0	76	73.8372395833334
n957	812	1	0	77	73.93750000000006
n959	815	1	0	74	74.24869791666671
n960	816	1	0	77	74.32031250000006
n964	813	1	0	82	74.04687500000006
n965	814	1	0	83	74.11067708333339
n968	819	1	0	74	74.67968750000007
n969	820	1	0	77	74.74479166666673
n973	817	1	0	85	74.4583333333334
n974	818	1	0	86	74.5442708333334
n971	823	1	0	74	75.08723958333341
n972	824	1	0	77	75.18489583333341
n976	821	1	0	82	74.86718750000007
n977	822	1	0	83	74.96744791666674
n985	825	1	0	73	75.30468750000009
n986	826	1	0	74	75.40104166666676
n980	827	1	0	85	75.5664062500001
n981	828	1	0	86	75.6250000000001
n988	829	1	0	70	75.75260416666676
n989	830	1	0	71	75.8320312500001
n983	831	1	0	82	75.9570312500001
n984	832	1	0	83	76.05338541666677
n997	833	1	0	73	76.1718750000001
n998	834	1	0	74	76.28776041666677
n992	835	1	0	85	76.3789062500001
n993	836	1	0	86	76.4843750000001
n1000	837	1	0	70	76.6289062500001
n1001	838	1	0	71	76.7265625000001
n995	839	1	0	82	76.8164062500001
n996	840	1	0	83	76.95572916666676
n1009	845	1	0	67	77.2187500000001
n1010	844	1	0	71	77.2148437500001
n1003	842	1	0	77	77.21223958333343
n1004	841	1	0	83	77.21614583333343
n1005	843	1	0	89	77.20052083333343
n1011	849	1	0	66	77.8203125000001
n1012	847	1	0	70	77.8203125000001
n1013	846	1	0	73	77.8242187500001
n1006	850	1	0	78	77.8242187500001
n1007	848	1	0	82	77.82552083333343
n1008	851	1	0	90	77.81119791666677
n1021	857	1	0	66	78.07161458333341
n1022	856	1	0	70	78.07161458333341
n1023	855	1	0	73	78.06640625000009
n1014	852	1	0	78	78.05078125000009
n1015	853	1	0	82	78.05468750000009
n1016	854	1	0	85	78.05468750000009
n1026	858	1	0	35	78.8177083333334
n1019	859	1	0	59	78.82421875000007
n1020	860	1	0	63	78.79166666666673
n1035	863	1	0	37	79.08203125000007
n1036	865	1	0	39	79.44140625000006
n1034	deletion
n1033	862	1	0	56	79.08854166666673
n1028	864	1	0	63	79.40234375000004
n1027	861	1	0	64	79.05078125000007
n1037	867	1	0	40	79.47265625000004
n1038	870	1	0	41	79.7643229166667
n1031	871	1	0	51	79.7643229166667
n1029	868	1	0	52	79.4830729166667
n1032	869	1	0	59	79.72656250000003
n1030	866	1	0	61	79.44270833333339
n1042	873	1	0	42	80.08072916666669
n1039	872	1	0	49	80.07812500000001
n1040	874	1	0	58	80.06119791666669
n1052	880	1	0	69	81.13541666666669
n1053	875	1	0	71	81.13541666666669
n1044	878	1	0	75	81.12630208333334
n1045	876	1	0	78	81.12890625000001
n1046	877	1	0	83	81.13281250000001
n1047	879	1	0	87	81.11979166666667
n1054	885	1	0	68	81.77083333333334
n1055	883	1	0	71	81.78125
n1048	882	1	0	76	81.76302083333334
n1049	884	1	0	80	81.77083333333334
n1050	deletion
n1051	886	1	0	88	81.75651041666667
n1063	890	1	0	66	82.07161458333331
n1064	888	1	0	69	82.06249999999999
n1065	889	1	0	71	82.07031249999999
n1056	893	1	0	78	82.05729166666666
n1057	892	1	0	81	82.05598958333333
n1058	891	1	0	87	82.06249999999999
n1059	887	1	0	90	82.05338541666666
n1067	894	1	0	40	82.85156249999997
n1061	895	1	0	56	82.85546874999997
n1062	896	1	0	59	82.85156249999997
n1076	898	1	0	33	83.1653645833333
n1077	900	1	0	45	83.48958333333329
n1070	deletion
n1068	897	1	0	57	83.14322916666663
n1071	901	1	0	57	83.47656249999996
n1069	899	1	0	61	83.12109374999996
n1079	907	1	0	35	83.8932291666666
n1078	904	1	0	47	83.59505208333327
n1074	905	1	0	51	83.84895833333327
n1072	902	1	0	52	83.54296874999994
n1075	906	1	0	54	83.8268229166666
n1073	903	1	0	56	83.55208333333327
n1083	910	1	0	40	84.15885416666659
n1080	908	1	0	52	84.19010416666659
n1081	909	1	0	56	84.14973958333326
n1091	915	1	0	68	85.23177083333326
n1092	914	1	0	71	85.25520833333326
n1085	912	1	0	76	85.23177083333326
n1086	913	1	0	83	85.24348958333326
n1087	911	1	0	88	85.22526041666659
n1093	918	1	0	66	85.96223958333321
n1094	919	1	0	71	85.97265624999989
n1088	916	1	0	75	85.95572916666654
n1089	deletion
n1090	917	1	0	87	85.92838541666656
n1103	922	1	0	64	86.30338541666653
n1104	923	1	0	71	86.2864583333332
n1095	921	1	0	80	86.2669270833332
n1096	deletion
n1097	920	1	0	92	86.25260416666653
n1107	924	1	0	39	87.08593749999986
n1101	926	1	0	54	87.11067708333319
n1102	925	1	0	59	87.11067708333319
n1100	927	1	0	66	87.09505208333319
n1117	930	1	0	37	87.39453124999986
n1118	931	1	0	39	87.68489583333319
n1112	deletion
n1113	deletion
n1109	932	1	0	63	87.68098958333319
n1108	929	1	0	64	87.36328124999986
n1119	933	1	0	40	87.78255208333317
n1120	935	1	0	42	88.01041666666652
n1131	945	1	0	56	88.67578124999984
n1114	deletion
n1116	deletion
n1115	deletion
n1110	934	1	0	61	87.7682291666665
n1111	936	1	0	66	87.99609374999984
n1129	940	1	0	47	88.25651041666652
n1130	942	1	0	54	88.46093749999984
n1123	939	1	0	58	88.46223958333317
n1122	938	1	0	59	88.36458333333317
n1124	941	1	0	59	88.56640624999984
n1121	937	1	0	63	88.25260416666652
n1132	948	1	0	54	88.88671874999984
n1127	946	1	0	63	88.9088541666665
n1125	943	1	0	64	88.68098958333317
n1126	944	1	0	71	88.79687499999984
n1128	947	1	0	71	89.0221354166665
n1142	954	1	0	51	89.32161458333317
n1141	951	1	0	52	89.10937499999984
n1135	952	1	0	66	89.32421874999984
n1133	949	1	0	68	89.10937499999984
n1134	950	1	0	71	89.22395833333317
n1136	953	1	0	71	89.41796874999984
n1144	959	1	0	42	89.75911458333317
n1143	956	1	0	49	89.54036458333319
n1139	957	1	0	70	89.7565104166665
n1137	deletion
n1138	955	1	0	73	89.65624999999984
n1140	958	1	0	78	89.84765624999984
n1154	965	1	0	42	90.16927083333314
n1153	962	1	0	47	89.97395833333316
n1145	960	1	0	71	89.98177083333316
n1147	963	1	0	71	90.19140624999982
n1146	961	1	0	75	90.08072916666649
n1148	964	1	0	78	90.29296874999982
n1155	967	1	0	39	90.39062499999982
n1156	971	1	0	42	90.61979166666646
n1149	966	1	0	71	90.40104166666649
n1151	969	1	0	75	90.61067708333313
n1150	968	1	0	78	90.50260416666647
n1152	970	1	0	78	90.70572916666646
n1165	973	1	0	35	90.84114583333313
n1166	976	1	0	42	91.03906249999982
n1157	972	1	0	75	90.80989583333313
n1159	975	1	0	75	91.01692708333314
n1158	974	1	0	78	90.90885416666647
n1160	977	1	0	78	91.12369791666649
n1167	979	1	0	30	91.21614583333316
n1168	981	1	0	42	91.41927083333314
n1163	982	1	0	70	91.42317708333314
n1161	978	1	0	73	91.22135416666649
n1162	980	1	0	76	91.33463541666647
n1164	983	1	0	78	91.52083333333314
n1177	986	1	0	47	91.62369791666647
n1178	988	1	0	54	91.8242187499998
n1171	987	1	0	63	91.83333333333313
n1170	985	1	0	71	91.72135416666647
n1172	989	1	0	71	91.94401041666646
n1169	984	1	0	75	91.62369791666647
n1180	995	1	0	54	92.25130208333312
n1179	992	1	0	56	92.03906249999979
n1175	993	1	0	63	92.25520833333312
n1173	990	1	0	64	92.04427083333312
n1174	991	1	0	71	92.13411458333312
n1176	994	1	0	71	92.35807291666644
n1190	1001	1	0	51	92.68229166666644
n1189	998	1	0	52	92.48046874999977
n1183	999	1	0	66	92.66536458333312
n1181	996	1	0	68	92.46223958333312
n1182	997	1	0	71	92.56770833333312
n1184	1000	1	0	71	92.76171874999977
n1192	1006	1	0	42	93.10416666666646
n1191	1004	1	0	49	92.88802083333312
n1185	1002	1	0	70	92.88151041666644
n1187	1005	1	0	70	93.08203124999979
n1186	1003	1	0	73	92.98697916666644
n1188	1007	1	0	78	93.16927083333313
n1202	1013	1	0	42	93.49999999999982
n1201	1009	1	0	47	93.30208333333313
n1193	1008	1	0	71	93.29557291666646
n1195	1011	1	0	71	93.49218749999982
n1194	1010	1	0	75	93.3749999999998
n1196	1012	1	0	78	93.58333333333314
n1203	1016	1	0	38	93.70052083333316
n1204	1018	1	0	42	93.90494791666647
n1197	deletion
n1199	1017	1	0	74	93.89713541666647
n1198	deletion
n1200	deletion
n1215	1022	1	0	35	94.08333333333314
n1216	1024	1	0	42	94.29427083333314
n1205	1020	1	0	74	94.10156249999982
n1207	1023	1	0	74	94.29296874999982
n1206	1021	1	0	83	94.19270833333316
n1208	1025	1	0	83	94.37499999999983
n1217	1030	1	0	37	94.49999999999984
n1218	1032	1	0	41	94.69270833333316
n1209	1027	1	0	73	94.49999999999984
n1212	1031	1	0	73	94.71484374999982
n1210	1028	1	0	77	94.49609374999984
n1213	deletion
n1211	1029	1	0	83	94.60546874999983
n1214	1034	1	0	83	94.79166666666649
n1231	1041	1	0	42	94.88281249999982
n1232	1040	1	0	49	95.0742187499998
n1219	1035	1	0	73	94.91406249999982
n1222	1038	1	0	73	95.13411458333312
n1220	1036	1	0	78	94.89973958333314
n1223	1039	1	0	78	95.11458333333313
n1221	1037	1	0	81	95.0156249999998
n1224	1042	1	0	81	95.21744791666644
n1233	1047	1	0	45	95.28645833333312
n1234	1049	1	0	49	95.5403645833331
n1225	1043	1	0	73	95.33593749999977
n1228	1046	1	0	73	95.55338541666643
n1226	1044	1	0	78	95.31249999999977
n1229	1048	1	0	78	95.52213541666643
n1227	1045	1	0	81	95.42187499999976
n1230	1050	1	0	81	95.61848958333309
n1247	1061	1	0	42	95.7473958333331
n1248	1057	1	0	54	95.98307291666643
n1238	1055	1	0	69	95.9739583333331
n1235	1051	1	0	73	95.77213541666643
n1239	1056	1	0	73	95.97265624999977
n1236	1052	1	0	78	95.74479166666643
n1240	1059	1	0	78	96.0872395833331
n1237	1053	1	0	81	95.8372395833331
n1249	1066	1	0	38	96.21614583333312
n1250	1067	1	0	50	96.4622395833331
n1241	1060	1	0	66	96.21614583333312
n1244	1065	1	0	66	96.4466145833331
n1245	1068	1	0	72	96.4427083333331
n1242	1063	1	0	73	96.20312499999977
n1243	1064	1	0	78	96.35026041666643
n1246	1069	1	0	78	96.54557291666644
n1259	1071	1	0	37	96.73046874999979
n1260	1072	1	0	49	96.73307291666646
n1251	1070	1	0	65	96.71874999999977
n1255	1077	1	0	71	97.1601562499998
n1252	1073	1	0	73	96.7161458333331
n1254	1075	1	0	73	97.0507812499998
n1253	1074	1	0	77	96.72135416666644
n1263	1079	1	0	69	97.35416666666647
n1258	1081	1	0	69	97.60156249999982
n1271	1082	1	0	69	97.69010416666649
n1262	1078	1	0	71	97.28776041666647
n1257	1080	1	0	71	97.51302083333314
n1272	1083	1	0	68	97.77734374999982
n1267	1085	1	0	68	98.00651041666649
n1266	1084	1	0	69	97.90494791666649
n1275	1087	1	0	66	98.1992187499998
n1270	1089	1	0	66	98.39583333333313
n1274	1086	1	0	68	98.10416666666647
n1269	1088	1	0	68	98.29817708333313
n1284	1092	1	0	65	98.60156249999979
n1279	1094	1	0	65	98.79296874999979
n1283	1090	1	0	66	98.5156249999998
n1278	1093	1	0	66	98.69661458333312
n1287	1096	1	0	62	98.98958333333313
n1282	1098	1	0	62	99.18098958333313
n1286	1095	1	0	65	98.89583333333313
n1281	1097	1	0	65	99.09895833333313
n1291	1100	1	0	61	99.39583333333313
n1293	1102	1	0	61	99.60416666666646
n1296	deletion
n1295	1099	1	0	62	99.29427083333313
n1290	1101	1	0	62	99.4960937499998
n1299	deletion
n1294	deletion
n1298	deletion
n1308	1104	1	0	60	99.79947916666646
n1303	1106	1	0	60	100.01171874999979
n1307	1103	1	0	61	99.72786458333313
n1302	1105	1	0	61	99.90624999999979
n1311	1108	1	0	59	100.23697916666644
n1306	1110	1	0	59	100.46093749999977
n1310	1107	1	0	61	100.12890624999979
n1305	1109	1	0	61	100.33854166666644
n1320	1112	1	0	57	100.68880208333312
n1315	1114	1	0	57	100.91276041666646
n1319	1111	1	0	61	100.57942708333312
n1314	1113	1	0	61	100.79557291666646
n1323	1116	1	0	56	101.17708333333313
n1318	1118	1	0	56	101.44401041666646
n1322	1115	1	0	61	101.05989583333313
n1317	1117	1	0	61	101.3320312499998
n1332	1119	1	0	42	101.61848958333312
n1333	1121	1	0	58	102.07682291666643
n1326	1120	1	0	61	102.0325520833331
n1327	1122	1	0	66	102.15624999999977
n1334	1124	1	0	61	102.36588541666644
n1328	1123	1	0	66	102.31901041666644
n1335	1127	1	0	66	102.60156249999979
n1329	1125	1	0	70	102.44270833333312
n1330	1126	1	0	70	102.56901041666646
n1344	1129	1	0	70	102.8437499999998
n1336	1128	1	0	73	102.79166666666646
n1331	deletion
n1345	1132	1	0	73	102.99479166666646
n1337	1130	1	0	78	102.91145833333313
n1338	1131	1	0	78	103.00651041666646
n1339	1133	1	0	82	103.11067708333313
n1340	1134	1	0	82	103.20572916666647
n1346	1135	1	0	78	103.20182291666647
n1347	1137	1	0	82	103.38802083333313
n1341	1136	1	0	85	103.3007812499998
n1342	1138	1	0	85	103.41276041666646
n1343	1141	1	0	90	103.50781249999979
n1356	1144	1	0	54	103.84505208333313
n1349	1142	1	0	69	103.82682291666646
n1350	1143	1	0	73	103.95052083333313
n1355	1139	1	0	85	103.58854166666646
n1348	1140	1	0	94	103.59374999999979
n1358	1150	1	0	54	104.26432291666644
n1357	1147	1	0	57	104.04817708333313
n1351	1145	1	0	66	104.0429687499998
n1353	1148	1	0	69	104.24609374999977
n1352	1146	1	0	73	104.13281249999979
n1354	1149	1	0	73	104.35156249999977
n1368	1156	1	0	54	104.70312499999977
n1367	1152	1	0	57	104.49609374999977
n1359	1151	1	0	66	104.47135416666644
n1374	1166	1	0	66	106.03124999999976
n1361	1154	1	0	69	104.67447916666644
n1360	1153	1	0	73	104.5716145833331
n1362	1155	1	0	73	104.7825520833331
n1371	1160	1	0	49	104.94140624999977
n1370	1162	1	0	53	105.18229166666644
n1369	1159	1	0	56	104.9466145833331
n1365	1161	1	0	68	105.14713541666644
n1363	1157	1	0	71	104.92578124999977
n1364	1158	1	0	73	105.01562499999977
n1383	1171	1	0	73	106.63932291666642
n1366	deletion
n1379	1163	1	0	42	105.46874999999977
n1380	1165	1	0	58	105.90755208333309
n1373	1164	1	0	61	105.89973958333309
n1381	1167	1	0	61	106.17838541666642
n1382	1169	1	0	66	106.40885416666642
n1375	deletion
n1376	1168	1	0	70	106.27083333333309
n1391	1170	1	0	70	106.61718749999974
n1377	deletion
n1392	1174	1	0	73	106.79166666666642
n1378	deletion
n1384	1172	1	0	78	106.70572916666642
n1393	1176	1	0	78	107.00520833333307
n1385	deletion
n1387	1175	1	0	82	106.99609374999974
n1386	deletion
n1394	1178	1	0	82	107.18749999999972
n1388	1177	1	0	85	107.09895833333306
n1389	1179	1	0	85	107.20182291666639
n1390	1180	1	0	90	107.29427083333304
n1403	1185	1	0	54	107.69010416666637
n1396	1183	1	0	69	107.65885416666637
n1397	1184	1	0	73	107.74218749999972
n1402	1181	1	0	85	107.38932291666637
n1395	1182	1	0	94	107.3906249999997
n1405	1191	1	0	54	108.09374999999973
n1404	1188	1	0	57	107.88020833333306
n1398	1186	1	0	66	107.84505208333306
n1400	1189	1	0	69	108.0572916666664
n1399	1187	1	0	73	107.94140624999973
n1401	1190	1	0	73	108.15104166666639
n1415	1197	1	0	54	108.4882812499997
n1414	1193	1	0	57	108.27343749999972
n1406	1192	1	0	66	108.27473958333304
n1408	1195	1	0	69	108.48307291666637
n1407	1194	1	0	73	108.36067708333304
n1409	1196	1	0	73	108.57161458333303
n1418	1202	1	0	49	108.72395833333303
n1417	1203	1	0	53	108.94661458333303
n1416	1200	1	0	56	108.72916666666636
n1412	1201	1	0	68	108.92708333333303
n1410	1198	1	0	71	108.7031249999997
n1411	1199	1	0	73	108.82682291666636
n1413	1204	1	0	73	109.03776041666636
n1427	1207	1	0	54	109.22916666666636
n1428	1209	1	0	54	109.46744791666637
n1419	1205	1	0	66	109.16536458333303
n1420	1206	1	0	69	109.25651041666636
n1421	1208	1	0	69	109.4179687499997
n1422	1210	1	0	78	109.5664062499997
n1430	1216	1	0	49	109.91015624999967
n1429	1213	1	0	61	109.69791666666636
n1423	1211	1	0	68	109.67838541666636
n1424	1212	1	0	77	109.79817708333302
n1425	1214	1	0	77	109.89713541666634
n1426	1215	1	0	80	110.00651041666634
n1440	1221	1	0	42	110.30729166666634
n1439	1219	1	0	54	110.114583333333
n1431	1217	1	0	69	110.091145833333
n1432	1218	1	0	78	110.19531249999967
n1433	1220	1	0	78	110.30468749999967
n1434	1222	1	0	81	110.41015624999969
n1442	1226	1	0	37	110.72916666666633
n1441	1225	1	0	49	110.516927083333
n1435	1223	1	0	77	110.52213541666633
n1436	1224	1	0	80	110.62890624999966
n1437	1227	1	0	80	110.73307291666633
n1438	1228	1	0	83	110.82421874999966
n1451	deletion
n1452	1233	1	0	54	111.12369791666633
n1443	1230	1	0	69	110.93359374999966
n1444	1231	1	0	78	111.02343749999966
n1445	1232	1	0	78	111.134114583333
n1446	1234	1	0	81	111.22916666666634
n1454	1240	1	0	49	111.55989583333296
n1453	1237	1	0	61	111.33463541666632
n1447	1235	1	0	77	111.33333333333299
n1448	1236	1	0	80	111.44401041666632
n1449	1238	1	0	80	111.5533854166663
n1450	1239	1	0	83	111.63671874999963
n1464	1246	1	0	42	111.95442708333294
n1463	1244	1	0	54	111.74739583333296
n1455	1241	1	0	78	111.75130208333296
n1456	1242	1	0	81	111.84765624999962
n1457	1245	1	0	81	111.95182291666627
n1458	1247	1	0	90	112.0507812499996
n1466	1252	1	0	37	112.36848958333293
n1465	1251	1	0	49	112.15364583333293
n1459	1249	1	0	80	112.14973958333293
n1461	deletion
n1460	1250	1	0	89	112.23567708333293
n1462	1254	1	0	92	112.39973958333293
n1475	1256	1	0	54	112.61979166666625
n1476	1259	1	0	54	112.8177083333329
n1467	1255	1	0	66	112.57421874999959
n1468	1257	1	0	69	112.68749999999957
n1469	1258	1	0	69	112.7903645833329
n1470	1260	1	0	78	112.89453124999957
n1478	1265	1	0	49	113.23697916666622
n1477	1263	1	0	61	113.02213541666623
n1471	1261	1	0	68	113.0013020833329
n1472	1262	1	0	77	113.10546874999956
n1473	1264	1	0	77	113.22135416666622
n1474	1266	1	0	80	113.31640624999956
n1488	1273	1	0	42	113.63802083333287
n1487	1269	1	0	54	113.44791666666622
n1479	1267	1	0	69	113.41666666666622
n1480	1268	1	0	78	113.52213541666622
n1481	1270	1	0	78	113.63411458333287
n1482	1272	1	0	81	113.72005208333287
n1490	1277	1	0	37	114.0299479166662
n1489	1276	1	0	49	113.82552083333287
n1483	1274	1	0	77	113.84374999999955
n1484	1275	1	0	80	113.93098958333287
n1485	1278	1	0	80	114.0338541666662
n1486	1279	1	0	83	114.1276041666662
n1499	1281	1	0	54	114.23828124999953
n1500	1284	1	0	54	114.46223958333287
n1491	1280	1	0	69	114.25390624999953
n1492	1282	1	0	78	114.3385416666662
n1493	1283	1	0	78	114.4596354166662
n1494	1285	1	0	81	114.5533854166662
n1502	1291	1	0	49	114.89713541666619
n1501	1288	1	0	61	114.68098958333287
n1495	1286	1	0	77	114.6588541666662
n1496	1287	1	0	80	114.76562499999953
n1497	1289	1	0	80	114.85677083333286
n1498	1290	1	0	83	114.96874999999952
n1512	1299	1	0	42	115.28385416666619
n1511	1294	1	0	54	115.08333333333285
n1503	1292	1	0	78	115.06380208333285
n1504	1293	1	0	81	115.16015624999952
n1505	1295	1	0	81	115.26692708333286
n1506	1298	1	0	90	115.36458333333285
n1514	1305	1	0	40	115.71744791666615
n1513	1302	1	0	52	115.4921874999995
n1507	1300	1	0	78	115.48307291666617
n1508	1301	1	0	81	115.59114583333282
n1509	1303	1	0	81	115.70182291666615
n1510	1304	1	0	90	115.79947916666613
n1524	1311	1	0	38	116.17187499999943
n1523	1308	1	0	50	115.94140624999946
n1515	1306	1	0	78	115.91406249999946
n1516	1307	1	0	81	116.02864583333277
n1517	1309	1	0	81	116.1510416666661
n1518	1310	1	0	90	116.25130208333277
n1526	1316	1	0	38	116.64192708333275
n1525	1314	1	0	50	116.38671874999943
n1519	1312	1	0	78	116.37239583333276
n1520	1313	1	0	81	116.49348958333276
n1521	1315	1	0	81	116.60286458333275
n1522	1317	1	0	90	116.73828124999943
n1535	1327	1	0	38	116.89713541666612
n1536	1326	1	0	50	116.8776041666661
n1527	1325	1	0	78	116.8776041666661
n1528	1323	1	0	81	116.8776041666661
n1529	1322	1	0	84	116.88020833333277
n1530	1321	1	0	90	116.86848958333277
n1533	deletion
n1534	deletion
n1545	1328	1	0	59	117.64192708333272
n1540	1330	1	0	59	117.83854166666606
n1546	1329	1	0	60	117.73567708333273
n1541	1331	1	0	60	117.94010416666606
n1548	1332	1	0	65	118.03515624999939
n1543	1334	1	0	65	118.23307291666605
n1549	1333	1	0	66	118.12239583333272
n1544	1335	1	0	66	118.32812499999937
n1557	1336	1	0	68	118.41796874999937
n1552	1338	1	0	68	118.62760416666603
n1558	1337	1	0	69	118.5208333333327
n1553	1339	1	0	69	118.72265624999936
n1560	1340	1	0	71	118.82291666666603
n1555	1342	1	0	71	119.01302083333269
n1561	1341	1	0	72	118.91666666666603
n1556	1343	1	0	72	119.11458333333269
n1569	1344	1	0	77	119.19401041666603
n1564	1347	1	0	77	119.40494791666603
n1570	1345	1	0	78	119.28515624999936
n1565	1348	1	0	78	119.48828124999936
n1572	1349	1	0	80	119.58854166666605
n1567	1351	1	0	80	119.7864583333327
n1573	1350	1	0	81	119.69531249999937
n1568	1352	1	0	81	119.8723958333327
n1581	1353	1	0	83	119.9622395833327
n1576	1355	1	0	83	120.14453124999937
n1582	1354	1	0	84	120.04557291666605
n1577	1356	1	0	84	120.24609374999937
n1584	1357	1	0	89	120.32421874999937
n1579	1359	1	0	89	120.53124999999937
n1585	1358	1	0	90	120.42317708333272
n1580	1360	1	0	90	120.59765624999937
n1593	1361	1	0	92	120.70703124999937
n1588	deletion
n1594	1362	1	0	93	120.7747395833327
n1589	deletion
n1596	1363	1	0	89	120.88932291666603
n1591	1365	1	0	89	121.08203124999936
n1597	1364	1	0	90	120.97916666666603
n1592	1366	1	0	90	121.18229166666603
n1605	1367	1	0	83	121.2903645833327
n1606	1368	1	0	84	121.3684895833327
n1600	1369	1	0	92	121.4817708333327
n1601	1370	1	0	93	121.58072916666603
n1608	deletion
n1609	deletion
n1603	1373	1	0	89	121.88281249999939
n1604	1374	1	0	90	121.95052083333272
n1617	1375	1	0	80	122.06901041666605
n1618	1376	1	0	81	122.13281249999937
n1612	1377	1	0	83	122.25130208333272
n1613	1378	1	0	84	122.34244791666606
n1620	1379	1	0	77	122.45703124999939
n1621	1380	1	0	78	122.51041666666606
n1615	1381	1	0	81	122.64973958333273
n1616	1382	1	0	84	122.74088541666607
n1629	1383	1	0	71	122.84505208333273
n1630	1384	1	0	72	122.92708333333273
n1624	1385	1	0	83	123.0312499999994
n1625	1386	1	0	84	123.12630208333275
n1632	1387	1	0	68	123.23437499999942
n1633	1388	1	0	69	123.32682291666609
n1639	1393	1	0	83	123.85026041666609
n1627	deletion
n1628	1390	1	0	84	123.55078124999942
n1641	1391	1	0	65	123.63020833333276
n1642	1392	1	0	66	123.73177083333276
n1636	1389	1	0	81	123.44401041666609
insertion	1397	1	0	81	124.25520833333276
n1637	1394	1	0	84	123.94401041666609
n1644	1395	1	0	68	124.05989583333276
n1645	1396	1	0	69	124.14713541666609
n1640	1398	1	0	84	124.33593749999943
n1653	1399	1	0	66	124.46614583333276
n1654	1400	1	0	69	124.56510416666609
n1648	1401	1	0	81	124.67317708333276
n1649	1402	1	0	84	124.75911458333276
n1651	1405	1	0	71	125.08333333333276
n1652	1406	1	0	72	125.16145833333276
n1656	1403	1	0	80	124.86718749999942
n1657	1404	1	0	81	124.92317708333275
n1660	1409	1	0	69	125.4791666666661
n1661	1410	1	0	72	125.5768229166661
n1665	1407	1	0	77	125.2760416666661
n1666	1408	1	0	78	125.3190104166661
n1663	1413	1	0	71	125.91796874999943
n1664	1414	1	0	72	125.9713541666661
n1668	1411	1	0	80	125.66927083333277
n1669	1412	1	0	81	125.73177083333277
n1672	1417	1	0	69	126.28255208333277
n1673	1418	1	0	72	126.35416666666612
n1677	1416	1	0	77	126.05208333333277
n1678	1415	1	0	78	126.1471354166661
n1675	deletion
n1676	1422	1	0	72	126.77213541666613
n1680	1419	1	0	80	126.47656249999946
n1681	1420	1	0	81	126.55859374999946
n1684	1425	1	0	69	127.06901041666615
n1685	1426	1	0	72	127.14192708333282
n1689	1423	1	0	77	126.88281249999947
n1690	1424	1	0	78	126.99088541666615
n1687	1429	1	0	69	127.4700520833328
n1688	1430	1	0	72	127.6184895833328
n1692	1427	1	0	80	127.29557291666615
n1693	1428	1	0	81	127.36328124999947
n1696	1432	1	0	69	127.78515624999946
n1700	1436	1	0	72	128.25911458333283
n1697	deletion
n1701	deletion
n1702	deletion
n1699	deletion
n1704	1433	1	0	80	127.92578124999946
n1705	1434	1	0	81	128.01562499999946
n1713	1439	1	0	68	128.57682291666615
n1714	1440	1	0	69	128.6848958333328
n1708	1441	1	0	80	128.7708333333328
n1709	1442	1	0	81	128.86718749999946
n1716	1443	1	0	71	129.0286458333328
n1717	1444	1	0	72	129.14843749999946
insertion	1448	1	0	72	129.63151041666615
n1711	1445	1	0	83	129.30468749999946
n1712	1446	1	0	84	129.4075520833328
n1725	1456	1	0	68	130.18619791666617
n1726	deletion
n1720	1461	1	0	80	130.41666666666617
n1721	deletion
n1728	deletion
n1729	deletion
n1723	deletion
n1724	1450	1	0	84	129.62369791666615
n1737	deletion
n1738	deletion
n1731	deletion
n1732	deletion
n1733	deletion
n1739	1463	1	0	61	130.45312499999952
n1740	1462	1	0	65	130.45182291666617
n1741	1460	1	0	68	130.44270833333283
n1734	1459	1	0	73	130.43098958333283
n1735	1458	1	0	77	130.43098958333283
n1736	1457	1	0	85	130.16536458333283
n1748	deletion
n1749	deletion
n1750	deletion
n1742	deletion
n1743	deletion
n1744	deletion
n1752	1464	1	0	42	131.30338541666623
n1746	1469	1	0	49	132.0351562499996
n1747	1470	1	0	58	132.03255208333294
n1761	1471	1	0	35	131.64453124999957
n1762	1480	1	0	37	132.8385416666663
n1755	deletion
n1753	1467	1	0	51	131.64583333333292
n1756	deletion
n1754	1468	1	0	59	131.64062499999957
n1764	1478	1	0	36	132.4921874999996
n1763	deletion
n1759	1476	1	0	46	132.4804687499996
n1757	deletion
n1760	1477	1	0	54	132.44401041666626
n1758	deletion
n1768	deletion
n1765	deletion
n1766	deletion
n1776	1492	1	0	61	135.0481770833331
n1777	1493	1	0	64	135.04687499999974
n1778	1486	1	0	66	134.73046874999974
n1781	1491	1	0	66	135.04687499999974
n1770	deletion
n1771	deletion
n1772	deletion
n1779	deletion
n1780	1487	1	0	63	134.7291666666664
n1773	1488	1	0	75	134.7018229166664
n1774	deletion
n1775	1489	1	0	87	134.69270833333306
n1788	deletion
n1789	deletion
n1790	deletion
n1782	deletion
n1783	deletion
n1784	deletion
n1792	1512	1	0	35	137.30078124999974
insertion	1498	1	0	35	135.9986979166665
n1786	1506	1	0	51	136.73177083333312
n1798	1511	1	0	51	137.2903645833331
n1787	1496	1	0	54	135.9869791666665
n1802	1503	1	0	37	136.65364583333314
n1801	1500	1	0	40	136.28906249999983
n1795	1508	1	0	49	136.95442708333312
n1793	1499	1	0	52	136.30859374999983
n1796	1502	1	0	52	136.6432291666665
n1794	1501	1	0	56	136.25781249999983
n1803	1504	1	0	42	136.77083333333312
n1804	1509	1	0	42	137.00781249999977
n1799	1507	1	0	46	137.01041666666643
n1797	1510	1	0	47	137.28515624999977
n1800	deletion
n1808	deletion
n1805	deletion
n1806	deletion
n1814	deletion
n1815	1518	1	0	66	139.33463541666657
n1817	1521	1	0	66	139.7057291666666
n1810	deletion
n1811	deletion
n1816	1524	1	0	61	140.55338541666663
n1812	1515	1	0	70	139.33463541666657
n1813	1519	1	0	82	139.31770833333323
n1822	1529	1	0	59	140.90104166666666
n1827	deletion
n1823	deletion
n1818	deletion
n1819	deletion
n1826	1531	1	0	46	141.32942708333331
n1825	1527	1	0	54	140.93489583333331
n1831	1538	1	0	54	141.95963541666663
insertion	1542	1	0	54	142.73177083333331
n1821	1535	1	0	61	141.64713541666663
n1833	1539	1	0	44	142.32161458333331
n1834	1540	1	0	46	142.43619791666666
n1828	1544	1	0	58	141.94140624999997
n1835	1543	1	0	47	142.72916666666666
n1836	1536	1	0	49	141.67838541666663
n1855	1553	1	0	49	143.67057291666666
n1873	1564	1	0	49	144.85286458333334
n1832	1534	1	0	53	141.66406249999997
n1850	1554	1	0	53	143.671875
n1829	1550	1	0	56	143.39843749999997
n1830	1555	1	0	61	143.6484375
n1848	1570	1	0	61	145.25651041666669
n1841	1537	1	0	42	141.94401041666663
n1842	1546	1	0	44	142.98046875
n1839	1545	1	0	54	142.98958333333331
n1837	1549	1	0	58	143.29427083333331
n1843	1548	1	0	46	143.31640624999997
n1844	1552	1	0	47	143.41536458333331
n1840	1551	1	0	54	143.45963541666666
n1849	1559	1	0	54	143.94270833333331
insertion	1562	1	0	54	144.61458333333331
n1838	1541	1	0	63	142.69010416666666
n1852	1558	1	0	44	144.24869791666666
n1862	deletion
n1853	1560	1	0	46	144.33984375
n1846	1557	1	0	58	143.92057291666666
n1845	1547	1	0	59	142.97526041666666
n1854	1563	1	0	47	144.60807291666666
n1864	deletion
n1847	deletion
n1851	deletion
n1861	1556	1	0	42	143.93489583333331
n1859	1565	1	0	54	144.84114583333334
n1860	1574	1	0	54	145.52473958333337
n1869	deletion
n1856	1566	1	0	58	144.88020833333334
n1863	deletion
n1857	1569	1	0	63	145.16536458333337
n1858	1575	1	0	66	145.50781250000003
n1874	1568	1	0	51	145.14973958333337
n1870	1576	1	0	58	145.80078125000006
n1871	1579	1	0	58	146.1041666666667
n1877	deletion
n1866	1584	1	0	63	146.70442708333343
n1894	deletion
n1865	1577	1	0	64	145.77473958333337
n1875	deletion
n1876	deletion
n1867	1573	1	0	61	145.56640625000003
n1872	1583	1	0	61	146.44921875000006
n1868	1590	1	0	66	147.12109375000014
n1883	1578	1	0	56	145.7760416666667
n1884	deletion
n1878	deletion
n1879	1585	1	0	64	146.9986979166668
n1895	deletion
n1885	deletion
n1886	deletion
n1881	1582	1	0	70	146.4231770833334
n1882	1588	1	0	76	147.02473958333348
n1880	1591	1	0	78	147.32031250000014
n1891	1592	1	0	71	147.35156250000014
n1892	1589	1	0	75	147.10937500000014
n1888	deletion
n1887	1594	1	0	78	147.91536458333348
n1890	deletion
n1896	1595	1	0	66	148.00000000000014
n1897	deletion
n1889	deletion
n1893	deletion
n1905	1606	1	0	65	148.5091145833335
n1913	deletion
n1906	1603	1	0	66	148.8255208333335
n1902	deletion
n1903	1601	1	0	73	148.2591145833335
n1899	1602	1	0	78	148.78385416666686
n1898	1600	1	0	80	148.50390625000017
n1901	deletion
n1907	1605	1	0	68	148.88802083333354
n1908	1610	1	0	73	149.13802083333357
n1900	1604	1	0	77	148.8789062500002
n1904	deletion
n1914	1607	1	0	66	149.39843750000026
n1910	1614	1	0	78	149.81250000000028
n1909	1611	1	0	80	149.72265625000028
n1915	1612	1	0	68	149.71744791666694
n1916	1619	1	0	73	150.04947916666694
n1911	1623	1	0	77	150.71093750000037
n1912	1615	1	0	85	150.04947916666694
n1921	1620	1	0	66	150.65104166666703
n1922	1622	1	0	68	150.70312500000037
n1918	1616	1	0	80	150.30338541666697
n1917	1608	1	0	82	149.37890625000026
n1923	deletion
n1924	1628	1	0	73	150.96614583333374
n1919	1618	1	0	78	150.64062500000037
n1920	1626	1	0	85	150.96223958333374
n1929	1630	1	0	65	151.53906250000045
n1930	1632	1	0	66	151.64062500000043
n1926	1627	1	0	78	151.2317708333338
n1925	deletion
n1931	deletion
n1932	1634	1	0	73	151.90364583333374
n1927	1629	1	0	77	151.5533854166671
n1928	1633	1	0	85	151.90104166666708
n1937	1637	1	0	63	152.5364583333337
n1948	deletion
n1938	1640	1	0	65	152.68229166666706
n1934	1636	1	0	77	152.1770833333337
n1933	1642	1	0	78	152.90494791666703
n1939	1652	1	0	66	153.7578125000004
n1960	1673	1	0	66	155.74348958333374
n1973	1687	1	0	66	158.9830729166672
n1940	1643	1	0	73	152.98307291666703
n1935	1638	1	0	75	152.53125000000037
n1936	1641	1	0	85	152.66276041666703
n1947	1635	1	0	61	152.18750000000037
n1942	deletion
n1941	deletion
n1949	1644	1	0	65	152.99218750000034
n1950	1648	1	0	65	153.35156250000034
n1951	1656	1	0	68	153.8763020833337
n1945	1658	1	0	71	154.27994791666706
n1963	1661	1	0	71	154.7031250000004
n1957	1669	1	0	71	155.2942708333337
n1969	deletion
n1943	1659	1	0	73	154.25651041666706
n1946	1649	1	0	83	153.33593750000034
n1944	deletion
n1958	deletion
n1962	1670	1	0	68	155.2669270833337
n1959	deletion
n1961	1665	1	0	70	155.13411458333374
n1970	1676	1	0	70	155.75000000000043
n1974	deletion
n1956	1664	1	0	73	154.71744791666708
n1953	1654	1	0	82	153.75520833333374
n1952	deletion
n1964	1657	1	0	53	154.2851562500004
n1975	1663	1	0	53	154.70052083333374
n1965	1662	1	0	56	154.71223958333374
n1976	1668	1	0	56	155.28906250000037
n1955	1671	1	0	73	155.27343750000037
n1966	1677	1	0	73	155.73958333333374
n1967	1680	1	0	73	156.34114583333377
n1954	deletion
n1977	1666	1	0	54	155.17317708333374
n1978	1667	1	0	58	155.14713541666708
n1981	1675	1	0	58	155.74869791666708
n1979	deletion
n1980	1682	1	0	59	156.40625000000043
n1982	1679	1	0	61	156.37760416666708
n1971	1678	1	0	68	156.35807291666708
n1972	deletion
n1968	deletion
n1986	deletion
n1987	deletion
n1983	deletion
n1984	deletion
n1985	deletion
n1991	deletion
n1992	deletion
n1988	deletion
n1989	deletion
n1990	deletion
n2012	1689	1	0	37	162.52343750000068
n2013	1688	1	0	41	162.86067708333405
n2014	1690	1	0	44	163.0299479166674
n2015	1731	1	0	47	166.82682291666754
n2051	deletion
n2018	1724	1	0	49	166.44531250000088
n2040	1737	1	0	49	167.21484375000085
n2016	deletion
n1994	deletion
n1995	deletion
n1996	deletion
n1997	deletion
n1998	deletion
n2041	deletion
n2039	deletion
n2019	deletion
n2020	deletion
n2031	1721	1	0	57	166.23828125000085
n2033	deletion
n2021	1727	1	0	59	166.62760416666754
n2042	deletion
n2022	deletion
n2024	deletion
n2000	deletion
n2025	deletion
n2032	1723	1	0	66	166.31640625000085
n2034	1726	1	0	66	166.51953125000085
n2036	1728	1	0	66	166.70572916666754
n2001	deletion
n2026	deletion
n2002	deletion
n2027	deletion
n2003	deletion
n2028	deletion
n2004	deletion
n2006	deletion
n2007	deletion
n2008	deletion
n2009	deletion
n2010	deletion
n2035	deletion
n2037	1725	1	0	58	166.43229166666754
n2038	deletion
n2050	1729	1	0	51	166.65104166666754
n2044	1752	1	0	63	168.22656250000094
insertion	1730	1	0	63	166.81250000000088
n2043	deletion
n2045	1735	1	0	71	167.10026041666754
n2053	deletion
n2052	deletion
n2048	1738	1	0	65	167.2044270833342
n2076	1758	1	0	65	168.60286458333422
n2046	deletion
n2047	1750	1	0	71	168.2096354166676
n2049	1739	1	0	73	167.29687500000088
n2065	1760	1	0	54	167.4296875000009
n2063	1745	1	0	60	167.43098958333425
n2055	1742	1	0	69	167.61458333333422
n2057	1744	1	0	69	167.8125000000009
n2056	1746	1	0	78	167.91276041666757
n2058	1749	1	0	78	168.0976562500009
n2060	1751	1	0	78	168.29817708333425
n2064	1762	1	0	61	168.79557291666757
n2059	deletion
n2061	1748	1	0	70	168.01822916666757
n2062	deletion
n2075	1755	1	0	59	168.40885416666757
n2074	deletion
n2066	deletion
n2068	1753	1	0	75	168.4023437500009
n2067	1765	1	0	78	169.0039062500009
n2079	1777	1	0	78	169.93750000000085
n2092	deletion
n2069	1759	1	0	83	168.68750000000088
n2077	1768	1	0	61	169.24348958333422
n2072	1761	1	0	77	168.8007812500009
n2070	1775	1	0	80	169.6575520833342
n2085	deletion
n2071	1774	1	0	83	169.6419270833342
n2073	1769	1	0	85	169.31640625000088
n2082	1772	1	0	85	169.53385416666754
n2089	deletion
n2088	1764	1	0	66	169.0000000000009
n2080	1766	1	0	82	169.0937500000009
n2083	1771	1	0	82	169.42317708333422
n2081	1767	1	0	82	169.20963541666757
n2093	1779	1	0	82	169.9348958333342
n2097	1780	1	0	42	169.94531250000085
n2091	1773	1	0	49	169.6536458333342
n2090	1770	1	0	54	169.43750000000088
n2086	deletion
n2084	deletion
n2087	deletion
n2094	1778	1	0	90	169.9348958333342
insertion	165	1	0	82	16.932291666666686
insertion	205	1	0	87	19.743489583333346
insertion	233	1	0	77	22.234375000000007
insertion	427	1	0	68	42.446614583333414
insertion	428	1	0	67	42.481770833333414
insertion	429	1	0	65	42.55859375000008
insertion	430	1	0	66	42.649739583333414
insertion	466	1	0	82	45.13932291666676
insertion	527	1	0	57	51.25260416666678
insertion	547	1	0	88	52.65364583333343
insertion	583	1	0	76	55.6679687500001
insertion	585	1	0	71	55.763020833333435
insertion	589	1	0	81	55.88541666666677
insertion	598	1	0	80	56.33854166666678
insertion	667	1	0	86	61.115885416666835
insertion	687	1	0	44	62.606770833333506
insertion	694	1	0	52	63.04427083333351
insertion	881	1	0	85	81.7890625
insertion	928	1	0	54	87.38151041666653
insertion	1014	1	0	74	93.69010416666649
insertion	1015	1	0	83	93.81510416666649
insertion	1019	1	0	83	94.00911458333314
insertion	1026	1	0	41	94.54036458333317
insertion	1033	1	0	77	94.70572916666649
insertion	1054	1	0	78	95.9700520833331
insertion	1058	1	0	79	96.1497395833331
insertion	1062	1	0	41	96.27213541666644
insertion	1076	1	0	69	97.17838541666647
insertion	1091	1	0	67	98.56380208333313
insertion	1173	1	0	80	106.81119791666642
insertion	1229	1	0	54	110.94010416666633
insertion	1243	1	0	82	111.84505208333294
insertion	1253	1	0	89	112.36067708333293
insertion	1248	1	0	82	112.15755208333293
insertion	1271	1	0	44	113.6940104166662
insertion	1296	1	0	41	115.34765624999952
insertion	1297	1	0	87	115.39973958333285
insertion	1324	1	0	84	117.1315104166661
insertion	1318	1	0	80	116.92968749999945
insertion	1319	1	0	85	116.91666666666612
insertion	1320	1	0	83	116.89062499999945
insertion	1346	1	0	76	119.4192708333327
insertion	1371	1	0	83	121.68749999999937
insertion	1372	1	0	84	121.77864583333272
insertion	1421	1	0	69	126.67578124999946
insertion	1431	1	0	68	127.69401041666613
insertion	1435	1	0	71	128.15104166666615
insertion	1437	1	0	83	128.3476562499995
insertion	1438	1	0	84	128.45182291666615
insertion	1447	1	0	62	129.6406249999995
insertion	1449	1	0	78	129.6263020833328
insertion	1451	1	0	66	129.6302083333328
insertion	1452	1	0	73	130.1757812499995
insertion	1453	1	0	65	130.19401041666617
insertion	1454	1	0	61	130.18359374999952
insertion	1455	1	0	77	130.18098958333283
insertion	1465	1	0	49	131.26562499999957
insertion	1466	1	0	58	131.25651041666623
insertion	1472	1	0	37	132.0468749999996
insertion	1473	1	0	47	132.16927083333292
insertion	1474	1	0	56	132.12239583333292
insertion	1475	1	0	39	132.17187499999957
insertion	1479	1	0	44	132.79817708333294
insertion	1481	1	0	53	132.7643229166663
insertion	1482	1	0	66	133.99999999999966
insertion	1483	1	0	73	133.98307291666632
insertion	1484	1	0	64	134.001302083333
insertion	1485	1	0	85	133.97656249999963
insertion	1494	1	0	88	135.0182291666664
insertion	1490	1	0	84	135.08854166666643
insertion	1495	1	0	76	135.0221354166664
insertion	1497	1	0	51	136.01302083333314
insertion	1505	1	0	47	136.73828124999977
insertion	1513	1	0	66	138.62760416666652
insertion	1514	1	0	63	138.61718749999983
insertion	1516	1	0	83	138.60937499999983
insertion	1517	1	0	61	139.38541666666657
insertion	1520	1	0	87	139.66796874999991
insertion	1522	1	0	59	139.7174479166666
insertion	1523	1	0	75	139.69661458333326
insertion	1525	1	0	54	140.60026041666663
insertion	1526	1	0	46	140.57291666666663
insertion	1528	1	0	44	140.96484374999997
insertion	1530	1	0	58	141.29036458333331
insertion	1532	1	0	56	141.38932291666663
insertion	1533	1	0	47	141.3997395833333
insertion	1561	1	0	66	144.59635416666666
insertion	1567	1	0	64	144.83984375
insertion	1571	1	0	52	145.26171875000003
insertion	1572	1	0	58	145.54427083333337
insertion	1580	1	0	59	146.20312500000006
insertion	1581	1	0	78	146.4231770833334
insertion	1586	1	0	78	146.69531250000009
insertion	1587	1	0	71	146.70572916666677
insertion	1593	1	0	80	147.60156250000014
insertion	1596	1	0	77	148.0104166666668
insertion	1597	1	0	65	147.61979166666683
insertion	1598	1	0	68	148.03515625000014
insertion	1599	1	0	85	148.23828125000017
insertion	1609	1	0	85	149.1276041666669
insertion	1613	1	0	70	149.80598958333363
insertion	1617	1	0	65	150.3085937500003
insertion	1621	1	0	79	150.7591145833337
insertion	1624	1	0	62	151.2591145833338
insertion	1625	1	0	63	151.2239583333338
insertion	1631	1	0	75	151.65755208333374
insertion	1639	1	0	73	152.6731770833337
insertion	1645	1	0	68	152.98958333333368
insertion	1646	1	0	83	152.97656250000037
insertion	1650	1	0	73	153.33984375000034
insertion	1647	1	0	68	153.346354166667
insertion	1651	1	0	70	153.7539062500004
insertion	1653	1	0	71	153.85807291666706
insertion	1655	1	0	80	153.85807291666706
insertion	1660	1	0	56	154.26822916666706
insertion	1672	1	0	59	155.3216145833337
insertion	1674	1	0	61	155.76432291666708
insertion	1681	1	0	65	156.34765625000043
insertion	1683	1	0	60	158.97005208333385
insertion	1684	1	0	75	158.9557291666672
insertion	1685	1	0	69	158.9752604166672
insertion	1686	1	0	57	158.9635416666672
insertion	1691	1	0	47	163.0846354166674
insertion	1692	1	0	56	163.2994791666674
insertion	1693	1	0	59	163.32812500000074
insertion	1694	1	0	61	163.38020833333408
insertion	1695	1	0	65	163.40625000000077
insertion	1696	1	0	53	163.25911458333405
insertion	1697	1	0	49	163.46354166666742
insertion	1698	1	0	53	163.49348958333408
insertion	1699	1	0	56	163.53645833333408
insertion	1700	1	0	59	163.5768229166674
insertion	1701	1	0	68	163.69010416666737
insertion	1702	1	0	65	163.65364583333405
insertion	1703	1	0	70	163.69010416666737
insertion	1704	1	0	73	163.76302083333405
insertion	1705	1	0	71	163.73307291666737
insertion	1706	1	0	77	163.7773437500007
insertion	1707	1	0	65	163.88020833333405
insertion	1708	1	0	61	163.82161458333405
insertion	1709	1	0	68	163.8932291666674
insertion	1710	1	0	71	163.97265625000074
insertion	1711	1	0	73	164.04296875000074
insertion	1712	1	0	77	164.0611979166674
insertion	1713	1	0	80	164.1197916666674
insertion	1714	1	0	83	164.16145833333408
insertion	1715	1	0	85	164.19401041666742
insertion	1716	1	0	89	164.21484375000077
insertion	1717	1	0	57	165.85677083333414
insertion	1718	1	0	66	165.96354166666748
insertion	1719	1	0	57	166.03906250000082
insertion	1720	1	0	66	166.16927083333417
insertion	1722	1	0	48	165.87760416666748
insertion	1732	1	0	71	166.91666666666754
insertion	1733	1	0	68	167.00781250000088
insertion	1734	1	0	53	167.01562500000088
insertion	1736	1	0	42	165.87760416666748
insertion	1740	1	0	69	167.40885416666757
insertion	1741	1	0	78	167.5039062500009
insertion	1743	1	0	78	167.72005208333422
insertion	1747	1	0	61	168.02604166666757
insertion	1754	1	0	83	168.50651041666757
insertion	1756	1	0	80	168.63020833333422
insertion	1757	1	0	81	168.63020833333422
insertion	1763	1	0	85	168.89973958333422
insertion	1776	1	0	90	169.76041666666754
