xml_id	midi_id	track	channel	pitch	onset
n12	3	0	0	58	0.5771875000000002
n16	12	0	0	58	2.2790625
n14	2	0	0	62	1.3990625000000003
n18	11	0	0	62	3.0906249999999993
n13	1	0	0	65	1.0071875000000003
n15	4	0	0	65	1.8040625000000003
n17	9	0	0	65	2.669687499999999
n19	14	0	0	65	3.4709374999999985
n1	0	0	0	70	0.5084375000000001
n5	8	0	0	72	2.945937499999999
n2	5	0	0	74	2.2384375000000003
n4	7	0	0	74	2.8656249999999988
n6	10	0	0	74	3.0593749999999993
n7	6	0	0	75	2.7553124999999987
n3	13	0	0	75	3.4312499999999986
n20	18	0	0	57	3.9156249999999986
n22	17	0	0	60	4.662499999999995
n21	15	0	0	65	4.285312499999996
n23	20	0	0	65	5.061562499999995
n8	16	0	0	76	3.8499999999999983
n9	19	0	0	77	5.045937499999995
n24	24	0	0	57	5.492812499999994
n26	23	0	0	60	6.237499999999993
n25	22	0	0	65	5.877187499999994
n27	25	0	0	65	6.6468749999999925
n10	21	0	0	72	5.449062499999994
n44	33	0	0	55	7.111562499999992
n46	32	0	0	58	7.849999999999989
n45	30	0	0	63	7.48343749999999
n47	34	0	0	63	8.212499999999988
n31	29	0	0	74	7.71656249999999
n28	26	0	0	75	7.057187499999992
n30	28	0	0	75	7.63968749999999
n32	31	0	0	75	7.833437499999989
n33	27	0	0	77	7.535312499999991
n29	35	0	0	77	8.207187499999987
n48	44	0	0	51	8.678124999999987
n50	43	0	0	55	9.45531249999999
n49	40	0	0	58	9.017812499999987
n51	45	0	0	58	9.841562499999993
n37	39	0	0	77	9.28124999999999
n34	36	0	0	79	8.615624999999987
n36	38	0	0	79	9.200937499999988
n38	41	0	0	79	9.41343749999999
n39	37	0	0	81	9.097812499999987
n35	42	0	0	81	9.799062499999993
n52	49	0	0	50	10.324062499999993
n54	48	0	0	53	11.108437499999997
n53	46	0	0	58	10.710312499999997
n55	51	0	0	58	11.536562499999999
n40	47	0	0	81	10.286562499999993
n41	50	0	0	82	11.497812499999998
n56	55	0	0	50	11.953125
n58	54	0	0	53	12.708437500000002
n57	53	0	0	58	12.313437500000001
n59	56	0	0	58	13.121875000000003
n42	52	0	0	77	11.9271875
n75	57	0	0	51	13.589687500000004
n77	60	0	0	51	14.414687500000005
n76	58	0	0	55	14.045937500000006
n78	63	0	0	59	14.865625000000009
n60	59	0	0	79	13.577187500000003
n62	62	0	0	79	14.98968750000001
n61	61	0	0	80	14.837500000000007
n79	65	0	0	51	15.206250000000008
n81	69	0	0	51	16.00093750000001
n80	67	0	0	60	15.60625000000001
n82	71	0	0	63	16.408437500000005
n66	70	0	0	72	16.399062500000007
n65	68	0	0	74	16.00093750000001
n64	66	0	0	75	15.59687500000001
n63	64	0	0	77	15.181250000000007
n83	73	0	0	50	16.872812500000006
n85	76	0	0	50	17.8146875
n84	75	0	0	53	17.4009375
n86	79	0	0	57	18.221874999999997
n67	72	0	0	76	16.825937500000006
n68	74	0	0	77	17.360312500000003
n70	78	0	0	77	18.370937499999997
n69	77	0	0	79	18.2009375
n87	81	0	0	50	18.553124999999994
n89	85	0	0	50	19.372812499999995
n88	83	0	0	58	18.990624999999994
n90	87	0	0	62	19.761562499999997
n74	86	0	0	70	19.727187499999996
n73	84	0	0	72	19.350937499999993
n72	82	0	0	74	18.955312499999994
n71	80	0	0	75	18.566562499999993
n104	92	0	0	57	20.204062500000006
n106	91	0	0	60	21.01468750000001
n105	89	0	0	65	20.66968750000001
n107	94	0	0	65	21.410312500000014
n93	93	0	0	72	21.372812500000013
n92	90	0	0	75	20.608437500000008
n91	88	0	0	77	20.160312500000003
n108	99	0	0	58	21.83125000000002
n110	98	0	0	62	22.61968750000002
n109	96	0	0	65	22.227187500000017
n111	100	0	0	65	23.010312500000015
n96	101	0	0	70	22.996875000000017
n95	97	0	0	74	22.200937500000016
n94	95	0	0	75	21.792812500000018
n112	104	0	0	53	23.480312500000014
n114	108	0	0	58	24.269687500000007
n113	102	0	0	62	23.854062500000012
n115	105	0	0	62	24.672812500000006
n97	103	0	0	74	23.440625000000015
n99	106	0	0	74	24.807187500000005
n98	107	0	0	75	24.65093750000001
n116	111	0	0	53	25.069687500000008
n117	110	0	0	57	25.069687500000008
n118	112	0	0	60	25.058437500000007
n100	109	0	0	72	25.058437500000007
n103	115	0	0	72	26.36781250000001
n102	114	0	0	75	25.929062500000008
n101	113	0	0	77	25.52906250000001
n136	122	0	0	58	26.889687500000008
n138	123	0	0	61	27.645937500000002
n137	120	0	0	65	27.280312500000008
n139	125	0	0	65	28.035312500000007
n123	119	0	0	69	27.534375000000004
n120	116	0	0	70	26.88531250000001
n122	118	0	0	70	27.440625000000004
n124	121	0	0	70	27.641562500000003
n125	117	0	0	72	27.350000000000005
n121	124	0	0	72	28.016562500000006
n140	134	0	0	58	28.450000000000014
n142	133	0	0	61	29.174062500000016
n141	130	0	0	65	28.819687500000015
n143	135	0	0	65	29.566562500000014
n129	129	0	0	72	29.057187500000015
n126	126	0	0	73	28.42093750000001
n128	128	0	0	73	28.961562500000017
n130	131	0	0	73	29.164687500000017
n131	127	0	0	75	28.871875000000014
n127	132	0	0	75	29.546875000000014
n144	139	0	0	56	30.114687500000013
n146	138	0	0	60	30.905312500000008
n145	136	0	0	65	30.51156250000001
n147	141	0	0	65	31.33031250000001
n132	137	0	0	76	30.085312500000015
n133	140	0	0	77	31.292812500000007
n148	145	0	0	56	31.73218750000001
n150	144	0	0	60	32.525937500000026
n149	143	0	0	65	32.139687500000015
n151	146	0	0	65	32.93125000000003
n134	142	0	0	72	31.72406250000001
n168	153	0	0	54	33.36031250000003
n170	154	0	0	58	34.11031250000005
n169	151	0	0	63	33.72187500000004
n171	155	0	0	63	34.492812500000056
n155	150	0	0	74	33.982187500000045
n152	147	0	0	75	33.32593750000003
n154	149	0	0	75	33.902187500000046
n156	152	0	0	75	34.10093750000004
n157	148	0	0	77	33.80718750000005
n153	156	0	0	77	34.445937500000056
n172	165	0	0	51	34.89906250000005
n174	164	0	0	54	35.636562500000075
n173	161	0	0	58	35.25531250000006
n175	166	0	0	58	36.03656250000007
n161	160	0	0	77	35.51968750000007
n158	157	0	0	78	34.86468750000005
n160	159	0	0	78	35.44281250000006
n162	162	0	0	78	35.636562500000075
n163	158	0	0	80	35.34375000000006
n159	163	0	0	80	36.01468750000007
n176	170	0	0	50	36.49281250000008
n178	169	0	0	53	37.29375000000008
n177	167	0	0	58	36.89281250000008
n179	172	0	0	58	37.715625000000074
n164	168	0	0	81	36.471875000000075
n165	171	0	0	82	37.67906250000008
n180	175	0	0	49	38.15000000000007
n182	176	0	0	53	38.931250000000084
n181	174	0	0	58	38.540625000000084
n183	177	0	0	58	39.34062500000009
n166	173	0	0	77	38.132187500000065
n200	180	0	0	48	39.78343750000009
n202	179	0	0	55	40.982187500000094
n201	178	0	0	58	40.56656250000009
n203	181	0	0	58	41.418750000000095
n184	183	0	0	76	39.94062500000008
n185	182	0	0	85	40.28437500000008
n186	deletion
n204	190	0	0	48	41.7687500000001
n206	189	0	0	55	42.58531250000009
n205	186	0	0	58	42.204062500000084
n207	193	0	0	58	42.9196875000001
n192	192	0	0	76	43.087500000000105
n191	191	0	0	77	42.908437500000105
n190	188	0	0	79	42.725000000000094
n189	187	0	0	80	42.55937500000009
n188	185	0	0	82	42.35937500000008
n187	184	0	0	84	42.16031250000008
n208	197	0	0	49	43.35000000000011
n210	196	0	0	53	44.17718750000012
n209	195	0	0	56	43.764687500000115
n211	198	0	0	56	44.565625000000125
n194	199	0	0	77	44.15937500000012
n193	194	0	0	79	43.35000000000011
n212	203	0	0	46	44.964687500000124
n214	201	0	0	49	45.78843750000012
n213	200	0	0	55	45.43750000000013
n215	205	0	0	55	46.19468750000012
n197	204	0	0	73	46.184375000000124
n196	202	0	0	75	45.40312500000013
n233	212	0	0	48	46.62812500000013
n235	213	0	0	53	47.379062500000146
n234	209	0	0	56	47.00625000000013
n236	215	0	0	56	47.78031250000016
n221	210	0	0	70	47.24687500000014
n218	206	0	0	72	46.61031250000013
n220	208	0	0	72	47.15218750000013
n222	211	0	0	72	47.36781250000014
n223	207	0	0	73	47.04906250000013
n219	214	0	0	73	47.752187500000154
n237	219	0	0	48	48.174062500000154
n239	220	0	0	55	48.96343750000016
n238	217	0	0	58	48.556250000000155
n240	222	0	0	58	49.350937500000164
n231	218	0	0	64	48.952187500000164
n224	216	0	0	65	48.15312500000016
n230	deletion
n226	223	0	0	67	49.33343750000016
n225	221	0	0	68	48.93218750000017
n250	227	0	0	53	49.78437500000018
n241	226	0	0	57	49.76781250000018
n242	224	0	0	60	50.132187500000185
n243	225	0	0	60	50.514687500000186
n244	228	0	0	60	50.890625000000185
n227	229	0	0	65	49.74906250000018
n252	231	0	0	53	51.29156250000019
n253	233	0	0	55	52.056250000000205
n245	230	0	0	57	51.27500000000019
n247	234	0	0	58	52.0500000000002
n246	232	0	0	60	51.66875000000019
n248	235	0	0	60	52.45531250000021
n278	239	0	0	52	52.85531250000022
n262	237	0	0	55	52.86875000000022
n263	238	0	0	60	53.23750000000023
n264	240	0	0	60	53.60937500000024
n265	241	0	0	60	53.96343750000024
n254	236	0	0	70	52.84593750000022
n280	243	0	0	48	54.35312500000023
n266	244	0	0	52	54.359375000000234
n281	247	0	0	55	55.10937500000026
n268	248	0	0	58	55.114687500000265
n267	245	0	0	60	54.729062500000246
n269	249	0	0	60	55.46031250000028
n257	246	0	0	64	55.078125000000256
n256	242	0	0	67	54.327187500000235
n282	255	0	0	53	55.87718750000028
n270	252	0	0	57	55.87718750000028
n271	250	0	0	60	56.24687500000029
n272	254	0	0	60	56.584375000000286
n273	256	0	0	60	56.94062500000029
n259	253	0	0	69	56.399062500000284
n258	251	0	0	72	55.83218750000028
n260	257	0	0	72	56.568750000000286
n284	258	0	0	53	57.310312500000286
n285	261	0	0	55	58.06031250000029
n274	260	0	0	57	57.31968750000029
n276	262	0	0	58	58.0696875000003
n275	259	0	0	60	57.714687500000295
n277	263	0	0	60	58.44687500000031
n312	266	0	0	52	58.85625000000032
n301	265	0	0	55	58.86562500000033
n302	267	0	0	60	59.194687500000335
n303	268	0	0	60	59.559375000000344
n304	269	0	0	60	59.94281250000035
n286	264	0	0	70	58.81875000000032
n314	271	0	0	48	60.310312500000364
n305	272	0	0	52	60.32718750000036
n315	276	0	0	55	61.092812500000356
n307	275	0	0	58	61.092812500000356
n306	273	0	0	60	60.71031250000036
n308	277	0	0	60	61.449062500000345
n289	274	0	0	64	61.062500000000355
n288	270	0	0	67	60.29375000000036
n316	280	0	0	53	61.88843750000035
n309	281	0	0	57	61.86968750000035
n291	279	0	0	69	62.45625000000036
n290	278	0	0	72	61.82718750000035
n292	282	0	0	72	62.646875000000364
n299	289	0	0	73	64.61781250000038
n297	288	0	0	74	64.25218750000037
n295	285	0	0	76	63.87406250000038
n300	290	0	0	76	64.60843750000038
n293	283	0	0	77	63.478125000000375
n298	287	0	0	77	64.24781250000038
n296	286	0	0	79	63.86468750000038
n294	284	0	0	81	63.47406250000037
n325	298	0	0	69	66.15718750000033
n323	296	0	0	70	65.78531250000033
n321	294	0	0	72	65.41156250000034
n326	297	0	0	73	66.15312500000033
n319	291	0	0	74	65.02093750000037
n324	295	0	0	74	65.77406250000033
n322	293	0	0	76	65.41156250000034
n320	292	0	0	77	65.00937500000038
n333	305	0	0	66	67.68750000000037
n331	304	0	0	67	67.30312500000036
n329	301	0	0	69	66.94781250000037
n334	306	0	0	69	67.67500000000037
n327	299	0	0	70	66.56875000000036
n332	303	0	0	70	67.31156250000036
n330	302	0	0	72	66.93531250000036
n328	300	0	0	74	66.55218750000036
n347	315	0	0	50	68.23125000000034
n348	309	0	0	54	68.21250000000035
n349	308	0	0	57	68.21250000000035
n350	312	0	0	60	68.20218750000035
n335	311	0	0	62	68.20625000000035
n336	307	0	0	66	68.21250000000035
n337	310	0	0	69	68.19781250000035
n355	322	0	0	55	69.78437500000032
n351	321	0	0	58	69.75625000000032
n352	324	0	0	64	70.47906250000031
n339	313	0	0	67	69.75218750000032
n340	314	0	0	70	69.70625000000031
n341	316	0	0	70	70.09156250000032
insertion	318	0	0	70	70.22718750000031
n342	323	0	0	72	70.46875000000031
n343	325	0	0	74	70.83125000000032
n384	329	0	0	57	71.29062500000032
n385	333	0	0	58	72.06156250000028
n373	332	0	0	62	72.04593750000028
n372	328	0	0	65	71.29062500000032
n359	331	0	0	67	71.99062500000028
n357	327	0	0	70	71.55843750000031
n360	334	0	0	70	72.22093750000026
n356	326	0	0	72	71.26156250000032
n361	335	0	0	74	72.43031250000028
n386	338	0	0	48	72.75937500000029
n374	336	0	0	57	72.72718750000028
n375	341	0	0	58	73.5125000000003
n363	340	0	0	64	73.5031250000003
n362	337	0	0	65	72.70843750000029
n364	339	0	0	67	73.4915625000003
n387	349	0	0	53	74.3281250000003
n380	352	0	0	57	75.8093750000003
n376	deletion
n377	344	0	0	60	74.72718750000028
n378	347	0	0	60	75.04593750000029
n379	348	0	0	60	75.4240625000003
n370	342	0	0	64	74.3000000000003
n371	350	0	0	65	75.0571875000003
n365	345	0	0	67	74.2759375000003
n366	346	0	0	68	74.8468750000003
n367	351	0	0	69	75.04593750000029
n389	353	0	0	53	75.8146875000003
n390	356	0	0	55	76.58437500000029
n382	355	0	0	58	76.5665625000003
n381	354	0	0	60	76.21156250000028
n383	357	0	0	60	76.96156250000027
n415	361	0	0	52	77.40218750000025
n399	358	0	0	55	77.39062500000026
n400	359	0	0	60	77.73968750000023
n401	362	0	0	60	78.10218750000027
n402	363	0	0	60	78.46875000000027
n391	360	0	0	70	77.35218750000026
n417	365	0	0	48	78.86156250000025
n403	366	0	0	52	78.87593750000025
n418	369	0	0	55	79.59781250000026
n405	370	0	0	58	79.59156250000026
n404	367	0	0	60	79.24156250000026
n406	371	0	0	60	79.93218750000027
n394	368	0	0	64	79.56968750000026
n393	364	0	0	67	78.82906250000025
n419	377	0	0	53	80.36656250000027
n407	374	0	0	57	80.35718750000026
n408	372	0	0	60	80.76343750000025
n409	376	0	0	60	81.12812500000024
n410	378	0	0	60	81.48031250000025
n396	375	0	0	69	80.93750000000024
n395	373	0	0	72	80.31343750000026
n397	379	0	0	72	81.10531250000024
n421	380	0	0	53	81.85218750000024
n422	384	0	0	55	82.60218750000024
n411	381	0	0	57	81.83656250000024
n413	383	0	0	58	82.60218750000024
n412	382	0	0	60	82.24062500000024
n414	385	0	0	60	82.97718750000026
n449	387	0	0	52	83.39906250000027
n438	386	0	0	55	83.38968750000026
n439	388	0	0	60	83.73750000000028
n440	390	0	0	60	84.10406250000031
n441	391	0	0	60	84.46875000000033
n423	389	0	0	70	83.36656250000027
n451	394	0	0	48	84.86656250000034
n442	393	0	0	52	84.87187500000034
n452	398	0	0	55	85.62500000000037
n444	397	0	0	58	85.61156250000036
n443	395	0	0	60	85.25718750000034
n445	399	0	0	60	85.97500000000038
n426	396	0	0	64	85.59281250000035
n425	392	0	0	67	84.84687500000034
n453	402	0	0	53	86.39687500000038
n446	403	0	0	57	86.37812500000038
n427	400	0	0	72	86.34781250000039
n429	404	0	0	72	87.17906250000038
n428	401	0	0	77	86.97187500000038
n436	411	0	0	73	89.12093750000037
n434	410	0	0	74	88.74468750000037
n432	408	0	0	76	88.38750000000037
n437	412	0	0	76	89.11343750000037
n430	405	0	0	77	87.98656250000036
n435	409	0	0	77	88.73125000000037
n433	407	0	0	79	88.36562500000036
n431	406	0	0	81	87.98656250000036
n462	420	0	0	69	90.63656250000037
n460	418	0	0	70	90.26656250000036
n458	416	0	0	72	89.88656250000035
n463	419	0	0	73	90.62281250000036
n456	413	0	0	74	89.50218750000036
n461	417	0	0	74	90.24781250000036
n459	415	0	0	76	89.87593750000035
n457	414	0	0	77	89.49281250000035
n468	426	0	0	67	91.81656250000037
n466	424	0	0	69	91.42593750000037
n471	428	0	0	69	92.14781250000037
n464	421	0	0	70	91.04468750000036
n469	425	0	0	70	91.78218750000038
n467	423	0	0	72	91.41156250000037
n465	422	0	0	74	91.03125000000037
n482	436	0	0	50	92.73750000000038
n483	431	0	0	54	92.73750000000038
n484	430	0	0	57	92.72718750000038
n485	434	0	0	60	92.72718750000038
n472	433	0	0	62	92.71343750000038
n473	429	0	0	66	92.70406250000038
n474	432	0	0	69	92.70000000000037
n490	442	0	0	55	94.37281250000039
n486	444	0	0	58	94.39062500000038
n487	446	0	0	64	95.13218750000038
n476	435	0	0	67	94.37281250000039
n477	437	0	0	70	94.35218750000038
n478	438	0	0	70	94.72281250000037
insertion	440	0	0	70	94.88218750000037
n479	445	0	0	72	95.12281250000038
n480	447	0	0	74	95.5062500000004
n525	451	0	0	57	95.96250000000042
n526	455	0	0	58	96.71343750000041
n514	454	0	0	62	96.7178125000004
n513	450	0	0	65	95.96250000000042
n494	453	0	0	67	96.6843750000004
n495	456	0	0	70	96.91468750000041
n491	448	0	0	72	95.92812500000042
n496	457	0	0	74	97.12406250000039
n492	449	0	0	77	96.22593750000043
n527	462	0	0	48	97.43437500000039
n516	461	0	0	55	98.23218750000036
n515	459	0	0	57	97.44156250000039
n498	460	0	0	64	98.21781250000036
n497	458	0	0	65	97.42500000000038
n518	469	0	0	53	99.59781250000033
n519	468	0	0	57	99.99593750000031
n520	471	0	0	62	100.32093750000033
n499	463	0	0	69	98.99593750000037
n504	472	0	0	76	100.54375000000033
n502	466	0	0	77	100.31031250000032
n503	470	0	0	77	100.44781250000032
n505	473	0	0	77	100.60937500000033
n500	464	0	0	81	99.20625000000035
n522	480	0	0	55	101.15937500000031
n523	478	0	0	58	101.55718750000031
n524	482	0	0	64	101.88656250000031
n506	474	0	0	70	100.7490625000003
n511	483	0	0	78	102.16250000000029
n509	477	0	0	79	101.90406250000031
n510	481	0	0	79	102.0853125000003
n512	484	0	0	79	102.24781250000031
n507	475	0	0	82	100.8375000000003
n552	487	0	0	57	102.74281250000031
n553	488	0	0	60	103.12500000000031
n554	499	0	0	65	103.5040625000003
n531	489	0	0	77	103.10312500000032
n530	486	0	0	81	102.90218750000031
n529	485	0	0	84	102.35406250000031
n562	492	0	0	57	103.9303125000003
n563	493	0	0	63	104.77281250000026
n535	494	0	0	73	105.14468750000023
n534	491	0	0	74	104.74593750000025
n533	490	0	0	75	104.34906250000027
n564	497	0	0	58	105.58125000000025
n556	498	0	0	62	105.57093750000026
n536	495	0	0	74	105.57500000000026
n537	496	0	0	76	105.95000000000026
n538	500	0	0	78	106.12718750000025
n539	501	0	0	79	106.29781250000025
n540	502	0	0	81	106.45718750000024
n541	503	0	0	82	106.63968750000025
n542	504	0	0	85	106.81156250000025
n566	511	0	0	58	107.07500000000027
n567	510	0	0	62	107.08531250000027
n568	508	0	0	67	107.07906250000028
n550	515	0	0	74	108.41562500000029
n549	514	0	0	76	108.22906250000028
n548	513	0	0	77	108.04281250000028
n547	512	0	0	79	107.87187500000027
n546	509	0	0	81	107.68843750000026
n545	507	0	0	82	107.51468750000026
n544	506	0	0	84	107.31656250000027
n543	505	0	0	86	107.06031250000026
n584	519	0	0	48	108.6468750000003
n586	518	0	0	53	109.52406250000028
n585	517	0	0	57	109.07812500000028
n587	520	0	0	57	109.89062500000028
n583	deletion
n570	516	0	0	72	108.6250000000003
n571	521	0	0	84	109.45312500000028
n588	529	0	0	48	110.27812500000029
n590	528	0	0	53	111.05312500000028
n589	524	0	0	57	110.65937500000027
n591	530	0	0	57	111.39687500000029
n579	531	0	0	65	111.6615625000003
n576	526	0	0	69	111.19468750000028
n575	525	0	0	72	111.03531250000027
n574	523	0	0	77	110.84281250000028
n577	527	0	0	77	111.37187500000029
n573	522	0	0	81	110.50625000000028
n592	546	0	0	48	111.80531250000028
n594	547	0	0	52	112.60312500000032
n593	541	0	0	58	112.2343750000003
n595	552	0	0	58	112.98218750000032
n580	533	0	0	67	112.0521875000003
n596	569	0	0	48	113.32906250000032
n598	570	0	0	52	114.06031250000032
n597	564	0	0	58	113.68531250000032
n599	572	0	0	58	114.43437500000034
n619	605	0	0	53	114.80625000000036
n631	deletion
n620	576	0	0	60	115.18531250000036
n622	584	0	0	63	115.88031250000037
n602	573	0	0	65	114.54906250000035
n581	575	0	0	65	114.76656250000036
n621	578	0	0	65	115.57281250000034
n582	574	0	0	67	114.65093750000035
n604	577	0	0	77	115.69781250000035
n605	579	0	0	77	115.93750000000037
insertion	581	0	0	77	116.06343750000038
n624	590	0	0	58	117.10406250000038
n623	587	0	0	62	116.33531250000037
n609	589	0	0	79	117.49281250000035
n608	588	0	0	81	117.10406250000038
n607	586	0	0	82	116.71031250000038
n606	585	0	0	84	116.31343750000036
n625	591	0	0	57	117.90937500000034
n626	594	0	0	60	118.30093750000034
n628	602	0	0	63	118.99156250000031
n627	596	0	0	65	118.69687500000032
n611	593	0	0	77	118.31875000000035
n613	595	0	0	77	118.81468750000032
n614	597	0	0	77	119.05718750000031
n610	592	0	0	79	117.90937500000034
n630	606	0	0	58	120.23750000000031
n629	608	0	0	62	119.4521875000003
n618	609	0	0	79	120.6678125000003
n617	607	0	0	81	120.21875000000031
n616	604	0	0	82	119.8571875000003
n615	603	0	0	84	119.4259375000003
n647	632	0	0	53	120.99906250000029
n666	deletion
n649	614	0	0	55	121.5178125000003
n648	612	0	0	57	121.01656250000029
n651	617	0	0	57	121.86468750000031
n650	613	0	0	58	121.4968750000003
n653	618	0	0	58	122.25093750000032
n652	615	0	0	60	121.87406250000032
n654	619	0	0	62	122.25937500000032
n634	611	0	0	77	121.17281250000029
n635	616	0	0	77	121.86468750000031
n633	610	0	0	79	121.0718750000003
n657	624	0	0	59	123.02500000000029
n661	629	0	0	59	123.9343750000003
n655	622	0	0	60	122.6406250000003
n659	625	0	0	60	123.4446875000003
n658	623	0	0	62	123.03218750000029
n662	628	0	0	62	123.92093750000029
n656	621	0	0	63	122.6353125000003
n660	626	0	0	63	123.4428125000003
n636	620	0	0	77	122.6353125000003
n637	627	0	0	77	123.4375000000003
n663	633	0	0	60	124.70625000000032
n664	631	0	0	63	124.69687500000032
n638	630	0	0	77	124.68125000000032
n646	641	0	0	72	127.97406250000031
n645	640	0	0	74	127.7834375000003
n644	639	0	0	75	127.60843750000029
n639	634	0	0	76	126.6740625000003
n640	635	0	0	77	126.85531250000031
n642	637	0	0	77	127.2178125000003
n643	638	0	0	77	127.4228125000003
n641	636	0	0	79	127.0459375000003
n685	649	0	0	58	128.27187500000028
n687	648	0	0	62	128.99687500000033
n686	646	0	0	65	128.64281250000028
n688	651	0	0	65	129.37718750000033
n672	645	0	0	69	128.8740625000003
n669	642	0	0	70	128.25093750000028
n671	644	0	0	70	128.7946875000003
n673	647	0	0	70	128.98750000000032
n674	643	0	0	72	128.6968750000003
n670	650	0	0	72	129.35406250000034
n689	658	0	0	58	129.82593750000035
n691	659	0	0	62	130.5571875000003
n690	656	0	0	65	130.15937500000035
n692	661	0	0	65	130.92593750000037
n678	655	0	0	72	130.4062500000003
n675	652	0	0	74	129.74687500000033
n677	654	0	0	74	130.32906250000033
n679	657	0	0	74	130.51968750000034
n680	653	0	0	75	130.21875000000034
n676	660	0	0	75	130.8875000000004
n693	664	0	0	57	131.32718750000038
n695	665	0	0	60	132.08843750000045
n694	662	0	0	65	131.70625000000044
n696	667	0	0	65	132.4843750000005
n681	663	0	0	76	131.30625000000038
n682	666	0	0	77	132.4459375000005
n697	671	0	0	57	132.8853125000005
n699	670	0	0	60	133.62093750000048
n698	669	0	0	65	133.2334375000005
n700	672	0	0	65	134.00093750000048
n683	668	0	0	72	132.85093750000053
n717	679	0	0	55	134.44156250000046
n719	680	0	0	58	135.16343750000055
n718	677	0	0	63	134.76468750000052
n720	682	0	0	63	135.52812500000053
n704	676	0	0	74	135.02812500000053
n701	673	0	0	75	134.39781250000047
n703	675	0	0	75	134.94593750000053
n705	678	0	0	75	135.14687500000056
n706	674	0	0	77	134.85093750000053
n702	681	0	0	77	135.50406250000054
n721	690	0	0	51	135.9562500000005
n723	689	0	0	55	136.70625000000052
n722	687	0	0	58	136.31250000000057
n724	692	0	0	58	137.09281250000055
n710	686	0	0	77	136.56250000000054
n707	683	0	0	79	135.9062500000005
n709	685	0	0	79	136.46562500000056
n711	688	0	0	79	136.67718750000054
n712	684	0	0	81	136.36781250000055
n708	691	0	0	81	137.05312500000056
n725	695	0	0	50	137.5271875000006
n727	696	0	0	53	138.3228125000007
n726	693	0	0	58	137.94156250000066
n728	698	0	0	58	138.7271875000007
n713	694	0	0	81	137.5062500000006
n714	697	0	0	82	138.70843750000068
n729	701	0	0	50	139.1406250000007
n731	702	0	0	53	139.9071875000007
n730	700	0	0	58	139.52812500000067
n732	703	0	0	58	140.2959375000007
n715	699	0	0	77	139.1250000000007
n753	705	0	0	51	140.7321875000007
n755	708	0	0	51	141.53218750000067
n754	707	0	0	55	141.1603125000007
n756	711	0	0	59	141.95718750000066
n733	704	0	0	78	140.6884375000007
n734	706	0	0	79	141.1509375000007
n736	710	0	0	79	142.10093750000064
n735	709	0	0	80	141.94156250000066
n757	713	0	0	51	142.32093750000064
n759	717	0	0	51	143.06468750000067
n758	715	0	0	60	142.7009375000007
n760	719	0	0	63	143.45218750000066
n740	718	0	0	72	143.44468750000067
n739	716	0	0	74	143.05093750000069
n738	714	0	0	75	142.6781250000007
n737	712	0	0	77	142.29281250000062
n761	721	0	0	50	143.90218750000065
n763	724	0	0	50	144.71468750000062
n762	723	0	0	53	144.3509375000006
n764	727	0	0	57	145.14281250000064
n742	722	0	0	77	144.32093750000064
n744	726	0	0	77	145.29687500000065
n741	720	0	0	79	143.87281250000063
n743	725	0	0	79	145.10718750000063
n765	730	0	0	50	145.4959375000007
n767	736	0	0	50	146.18843750000076
n766	732	0	0	58	145.82406250000076
n768	739	0	0	62	146.55000000000075
n752	738	0	0	70	146.68437500000076
n750	735	0	0	72	146.34281250000075
n751	737	0	0	72	146.51562500000077
n748	733	0	0	74	146.00000000000077
n749	734	0	0	74	146.17593750000077
n746	729	0	0	75	145.63656250000074
n747	731	0	0	75	145.82406250000076
n745	728	0	0	77	145.4656250000007
n787	745	0	0	57	146.92500000000078
n789	744	0	0	60	147.6218750000008
n788	742	0	0	65	147.2990625000008
n790	747	0	0	65	148.03031250000086
n772	746	0	0	72	148.01468750000086
n771	743	0	0	75	147.26875000000078
n770	741	0	0	76	147.06156250000078
n769	740	0	0	77	146.89906250000078
n791	753	0	0	58	148.4259375000009
n793	752	0	0	62	149.14281250000087
n792	750	0	0	65	148.8303125000009
n794	755	0	0	65	149.53125000000088
n776	754	0	0	70	149.51562500000088
n774	749	0	0	73	148.57093750000092
n775	751	0	0	74	148.7915625000009
n773	748	0	0	75	148.41562500000092
n795	758	0	0	53	149.9571875000009
n797	762	0	0	58	150.7406250000009
n796	756	0	0	62	150.37500000000088
n798	759	0	0	62	151.13343750000092
n777	757	0	0	74	149.9437500000009
n779	761	0	0	74	151.2553125000009
n778	760	0	0	75	151.0978125000009
n799	767	0	0	53	151.594687500001
n800	766	0	0	57	151.59062500000098
n801	765	0	0	60	151.594687500001
n780	763	0	0	72	151.56875000000096
n786	772	0	0	72	153.085312500001
n784	770	0	0	74	152.643750000001
n783	769	0	0	75	152.44687500000103
n785	771	0	0	75	152.867812500001
n782	768	0	0	76	152.19156250000103
n781	764	0	0	77	151.924062500001
n819	780	0	0	58	153.45937500000102
n821	779	0	0	61	154.245937500001
n820	777	0	0	65	153.85531250000102
n822	782	0	0	65	154.58843750000096
n806	776	0	0	69	154.097812500001
n803	773	0	0	70	153.436562500001
n805	775	0	0	70	154.029062500001
n807	778	0	0	70	154.187500000001
n808	774	0	0	72	153.925000000001
n804	781	0	0	72	154.54468750000098
n823	789	0	0	58	154.97406250000097
n825	790	0	0	61	155.72593750000095
n824	787	0	0	65	155.34062500000095
n826	792	0	0	65	156.091562500001
n812	786	0	0	72	155.58437500000096
n809	783	0	0	73	154.94781250000096
n811	785	0	0	73	155.49375000000094
n813	788	0	0	73	155.69468750000095
n814	784	0	0	75	155.40406250000095
n810	791	0	0	75	156.06468750000099
n827	796	0	0	56	156.535312500001
n829	795	0	0	60	157.28843750000098
n828	793	0	0	65	156.894687500001
n830	798	0	0	65	157.69062500000098
n815	794	0	0	76	156.488437500001
n816	797	0	0	77	157.66781250000096
n831	801	0	0	56	158.108437500001
n833	802	0	0	60	158.864687500001
n832	799	0	0	65	158.469687500001
n834	803	0	0	65	159.23968750000094
n817	800	0	0	72	158.061562500001
n869	804	0	0	54	159.66343750000095
n871	809	0	0	54	160.400000000001
n870	805	0	0	58	160.038437500001
n872	814	0	0	58	160.797812500001
n839	810	0	0	62	160.786562500001
n835	806	0	0	63	159.64375000000095
n838	808	0	0	63	160.709375000001
n840	811	0	0	63	160.879062500001
n841	812	0	0	64	160.956250000001
n837	807	0	0	65	160.604062500001
n842	813	0	0	65	161.043750000001
n873	831	0	0	51	161.12406250000103
n875	833	0	0	54	161.84781250000108
n874	824	0	0	58	161.46250000000106
n876	834	0	0	58	162.16468750000107
n844	816	0	0	67	161.21343750000105
n845	817	0	0	68	161.30000000000106
n846	818	0	0	69	161.38125000000107
n847	819	0	0	70	161.46656250000106
n848	820	0	0	71	161.54687500000105
n849	821	0	0	72	161.63218750000107
n850	822	0	0	73	161.71031250000107
n851	823	0	0	74	161.8000000000011
n852	825	0	0	75	161.87906250000108
n853	826	0	0	76	161.96562500000107
n854	827	0	0	77	162.05843750000108
n855	828	0	0	78	162.13531250000108
n856	829	0	0	79	162.21781250000106
n857	830	0	0	80	162.29906250000107
n858	832	0	0	81	162.36875000000109
n859	835	0	0	81	162.50218750000107
n877	842	0	0	50	162.54281250000105
n879	841	0	0	53	163.29156250000105
n878	839	0	0	58	162.91250000000105
n880	844	0	0	58	163.66250000000102
n862	838	0	0	79	163.16562500000106
n861	837	0	0	81	163.08968750000105
n863	840	0	0	81	163.25406250000106
n864	836	0	0	82	163.00093750000104
n860	843	0	0	82	163.633437500001
n881	848	0	0	49	164.064687500001
n883	847	0	0	53	164.83343750000105
n882	846	0	0	58	164.45312500000105
n884	849	0	0	58	165.21875000000105
n865	845	0	0	77	164.050937500001
n902	852	0	0	48	165.56968750000104
n904	851	0	0	55	166.44781250000102
n903	850	0	0	58	166.081250000001
n905	853	0	0	58	166.863437500001
n886	855	0	0	76	165.65218750000102
n887	854	0	0	85	165.86031250000102
n888	deletion
n906	863	0	0	48	167.22093750000099
n908	861	0	0	55	168.007187500001
n907	858	0	0	58	167.62812500000098
n909	865	0	0	58	168.36156250000099
n894	864	0	0	76	168.507187500001
n893	862	0	0	77	168.33750000000097
n892	860	0	0	79	168.15218750000102
n891	859	0	0	80	167.989687500001
n890	857	0	0	82	167.80625000000097
n889	856	0	0	84	167.600000000001
n910	869	0	0	49	168.72281250000103
n912	868	0	0	53	169.5125000000011
n911	867	0	0	56	169.11031250000107
n913	870	0	0	56	169.89375000000112
n896	871	0	0	77	169.4812500000011
n895	866	0	0	79	168.71875000000102
n914	877	0	0	46	170.2384375000011
n916	876	0	0	49	171.0615625000011
n915	873	0	0	55	170.61656250000115
n917	879	0	0	55	171.3937500000011
n901	878	0	0	73	171.49468750000108
n900	875	0	0	74	171.28437500000106
n899	874	0	0	75	171.04062500000109
n898	872	0	0	76	170.59468750000116
n931	886	0	0	48	171.76562500000108
n933	887	0	0	53	172.4781250000011
n932	884	0	0	56	172.1250000000011
n934	889	0	0	56	172.86156250000113
n923	883	0	0	70	172.3759375000011
n920	880	0	0	72	171.77718750000108
n922	882	0	0	72	172.28968750000115
n924	885	0	0	72	172.4843750000011
n925	881	0	0	73	172.19468750000112
n921	888	0	0	73	172.83218750000114
n935	893	0	0	48	173.2593750000011
n937	894	0	0	55	174.03125000000114
n936	891	0	0	58	173.62718750000113
n938	896	0	0	58	174.42093750000117
n926	890	0	0	65	173.24687500000113
n928	897	0	0	67	174.40093750000116
n927	895	0	0	68	174.00843750000112
n948	903	0	0	53	174.81343750000116
n939	899	0	0	57	174.82187500000114
n929	898	0	0	65	174.80000000000115
n940	900	0	0	65	175.2343750000012
n941	901	0	0	65	175.61031250000119
n942	902	0	0	65	175.99156250000115
n950	905	0	0	58	176.37718750000118
n951	907	0	0	60	177.12906250000128
n943	904	0	0	62	176.3593750000012
n945	908	0	0	63	177.11468750000128
n944	906	0	0	65	176.76031250000125
n946	909	0	0	65	177.50312500000132
n976	913	0	0	57	177.92718750000128
n960	911	0	0	60	177.89468750000128
n961	912	0	0	65	178.27718750000128
n962	914	0	0	65	178.64468750000125
n963	915	0	0	65	179.00718750000127
n952	910	0	0	75	177.88531250000128
n978	918	0	0	53	179.40218750000128
n964	917	0	0	57	179.39468750000125
n979	922	0	0	60	180.1365625000013
n966	921	0	0	63	180.1259375000013
n965	919	0	0	65	179.7571875000013
n967	923	0	0	65	180.49156250000135
n955	920	0	0	69	180.1071875000013
n954	916	0	0	72	179.37281250000126
n980	929	0	0	58	180.88437500000143
n968	928	0	0	62	180.88437500000143
n969	924	0	0	65	181.28031250000143
n970	927	0	0	65	181.59593750000144
n971	930	0	0	65	181.94687500000146
n957	926	0	0	74	181.43437500000144
n956	925	0	0	77	180.84468750000144
n958	931	0	0	77	181.58750000000143
n982	933	0	0	58	182.33968750000145
n983	935	0	0	60	183.07187500000146
n972	932	0	0	62	182.31250000000145
n974	936	0	0	63	183.07187500000146
n973	934	0	0	65	182.71968750000147
n975	937	0	0	65	183.46031250000152
n1022	942	0	0	57	183.84375000000156
n1004	939	0	0	60	183.83218750000157
n1005	940	0	0	65	184.22093750000158
n1006	943	0	0	65	184.55406250000158
n1007	944	0	0	65	184.92406250000158
n985	941	0	0	75	184.19468750000158
n984	938	0	0	77	183.82281250000156
n1024	947	0	0	53	185.3084375000016
n1008	945	0	0	57	185.32093750000158
n1025	954	0	0	60	186.04906250000158
n1010	951	0	0	63	186.04906250000158
n1009	949	0	0	65	185.6678125000016
n1011	953	0	0	65	186.4218750000016
n991	952	0	0	69	186.3865625000016
n990	950	0	0	70	186.0259375000016
n988	948	0	0	72	185.67500000000157
n987	946	0	0	74	185.29468750000157
n1026	958	0	0	58	186.8031250000016
n1012	957	0	0	62	186.8071875000016
n994	956	0	0	74	187.35937500000165
n993	955	0	0	77	186.76781250000158
n995	959	0	0	77	187.55937500000164
n1020	975	0	0	66	189.42281250000184
n1018	970	0	0	67	189.03437500000177
n1016	964	0	0	69	188.6509375000017
n1021	974	0	0	69	189.40531250000183
n1014	960	0	0	70	188.30843750000167
n1019	969	0	0	70	189.0468750000018
n1017	967	0	0	72	188.6678125000017
n1015	962	0	0	74	188.30312500000167
n1002	972	0	0	78	189.42906250000183
n1000	971	0	0	79	189.0521875000018
n998	965	0	0	81	188.6718750000017
n1003	973	0	0	81	189.39593750000182
n996	961	0	0	82	188.30312500000167
n1001	968	0	0	82	189.0428125000018
n999	966	0	0	84	188.6718750000017
n997	963	0	0	86	188.29156250000167
n1061	989	0	0	62	190.8834375000019
n1059	984	0	0	63	190.53968750000192
n1057	983	0	0	65	190.1521875000019
n1062	991	0	0	66	190.8812500000019
n1055	976	0	0	67	189.79593750000186
n1060	985	0	0	67	190.51656250000192
n1058	981	0	0	69	190.1603125000019
n1056	978	0	0	70	189.79156250000185
n1034	988	0	0	74	190.8740625000019
n1032	987	0	0	75	190.51250000000192
n1030	982	0	0	77	190.1562500000019
n1035	990	0	0	78	190.86250000000192
n1028	977	0	0	79	189.79906250000187
n1033	986	0	0	79	190.4990625000019
n1031	980	0	0	81	190.1334375000019
n1029	979	0	0	82	189.77187500000184
n1069	1006	0	0	59	192.36031250000187
n1067	1001	0	0	60	192.02093750000188
n1065	998	0	0	62	191.62593750000187
n1070	1007	0	0	62	192.36562500000187
n1063	994	0	0	63	191.26468750000186
n1068	1003	0	0	63	191.98843750000188
n1066	999	0	0	65	191.62093750000187
n1064	995	0	0	67	191.26468750000186
n1042	1004	0	0	71	192.35625000000186
n1040	1002	0	0	72	191.97500000000187
n1038	997	0	0	74	191.62593750000187
n1043	1005	0	0	74	192.33531250000186
n1036	993	0	0	75	191.24375000000185
n1041	1000	0	0	75	191.98437500000188
n1039	996	0	0	77	191.61656250000186
n1037	992	0	0	79	191.23843750000185
n1071	1016	0	0	55	192.82906250000192
n1072	1009	0	0	59	192.82500000000192
n1073	1010	0	0	62	192.81343750000192
n1074	1012	0	0	65	192.80406250000192
n1044	1013	0	0	67	192.80937500000192
n1045	1008	0	0	71	192.80937500000192
n1046	1011	0	0	74	192.78750000000193
n1075	1020	0	0	60	194.30625000000205
n1076	1023	0	0	63	194.32718750000205
n1047	deletion
n1077	1024	0	0	69	194.9865625000021
n1048	1014	0	0	72	194.26781250000204
n1049	1015	0	0	75	194.27187500000204
n1050	1017	0	0	75	194.6218750000021
n1051	1025	0	0	77	194.9812500000021
n1052	1026	0	0	79	195.3415625000021
n1099	1029	0	0	62	195.71656250000208
n1101	1035	0	0	63	196.46468750000204
n1102	1034	0	0	67	196.45937500000204
n1100	1031	0	0	70	195.7468750000021
n1084	1033	0	0	71	196.44906250000204
n1085	1036	0	0	72	196.62187500000203
n1083	1032	0	0	74	196.24375000000208
n1082	1030	0	0	75	196.0884375000021
n1086	1037	0	0	75	196.81031250000203
n1081	1028	0	0	77	195.9271875000021
n1080	1027	0	0	79	195.72281250000208
n1087	1038	0	0	79	196.96031250000203
n1114	1043	0	0	53	197.18843750000207
n1103	1039	0	0	62	197.18437500000206
n1104	1044	0	0	63	197.94781250000207
n1089	1041	0	0	69	197.90718750000207
n1088	1040	0	0	70	197.16031250000205
n1090	1042	0	0	72	197.91468750000206
n1115	1051	0	0	58	198.72500000000213
n1105	deletion
n1106	1047	0	0	65	199.14593750000216
n1107	1050	0	0	65	199.48968750000213
n1108	1052	0	0	65	199.8259375000021
n1096	1045	0	0	69	198.78218750000215
n1097	1053	0	0	70	199.45218750000214
n1091	1048	0	0	72	198.71781250000214
n1092	1049	0	0	73	199.25718750000215
n1093	1054	0	0	74	199.46156250000215
n1117	1056	0	0	58	200.20531250000212
n1118	1058	0	0	60	200.94468750000215
n1109	1055	0	0	62	200.20843750000213
n1111	1059	0	0	63	200.94906250000216
n1110	1057	0	0	65	200.59593750000215
n1112	1060	0	0	65	201.32500000000212
n1146	1064	0	0	57	201.73843750000216
n1130	1062	0	0	60	201.72906250000216
n1131	1063	0	0	65	202.0978125000022
n1132	1065	0	0	65	202.46468750000224
n1133	1067	0	0	65	202.82093750000223
n1120	1066	0	0	75	202.0834375000022
n1119	1061	0	0	77	201.71562500000215
n1148	1069	0	0	53	203.22187500000223
n1134	1071	0	0	57	203.21656250000223
n1149	1075	0	0	60	203.97187500000226
n1136	1074	0	0	63	203.95718750000225
n1135	1072	0	0	65	203.60406250000221
n1137	1077	0	0	65	204.30625000000225
n1125	1076	0	0	69	204.28968750000226
n1124	1073	0	0	70	203.94156250000225
n1123	1070	0	0	72	203.57281250000221
n1122	1068	0	0	74	203.18968750000224
n1150	1082	0	0	58	204.70312500000227
n1138	1080	0	0	62	204.70312500000227
n1139	1078	0	0	65	205.08531250000232
n1140	1083	0	0	65	205.42593750000233
n1141	1084	0	0	65	205.74687500000235
n1127	1081	0	0	74	205.2321875000023
n1126	1079	0	0	77	204.65937500000226
n1128	1085	0	0	77	205.39468750000233
n1152	1087	0	0	58	206.11875000000234
n1153	1089	0	0	60	206.86968750000239
n1142	1086	0	0	62	206.11875000000234
n1144	1090	0	0	63	206.8750000000024
n1143	1088	0	0	65	206.52593750000239
n1145	1091	0	0	65	207.2509375000024
n1197	1096	0	0	57	207.63656250000238
n1178	1095	0	0	60	207.62093750000238
n1179	1094	0	0	65	208.00000000000236
n1180	1097	0	0	65	208.33031250000238
n1181	1098	0	0	65	208.68531250000237
n1156	1099	0	0	75	207.97187500000237
n1155	1093	0	0	76	207.76781250000238
n1154	1092	0	0	77	207.6093750000024
n1199	1104	0	0	53	209.04375000000238
n1182	1103	0	0	57	209.04781250000238
n1200	1112	0	0	60	209.72593750000252
n1184	1109	0	0	63	209.7165625000025
n1183	1106	0	0	65	209.39781250000246
n1185	1111	0	0	65	210.07500000000258
n1165	1113	0	0	69	210.16656250000258
n1162	1107	0	0	70	209.7031250000025
n1163	1108	0	0	70	209.8540625000025
n1161	1105	0	0	72	209.5218750000025
n1164	1110	0	0	72	210.02406250000254
n1158	1100	0	0	74	209.03437500000237
n1159	1101	0	0	74	209.17906250000243
n1160	1102	0	0	75	209.36343750000245
n1186	1121	0	0	58	210.3915625000026
n1187	1120	0	0	62	210.4009375000026
n1166	1114	0	0	77	210.3821875000026
n1168	1122	0	0	77	211.08031250000255
n1167	1119	0	0	82	210.86968750000256
n1195	1135	0	0	66	212.88656250000258
n1193	1131	0	0	67	212.51343750000257
n1191	1127	0	0	69	212.15718750000255
n1196	1136	0	0	69	212.87718750000258
n1189	1124	0	0	70	211.76968750000256
n1194	1132	0	0	70	212.51562500000256
n1192	1128	0	0	72	212.15718750000255
n1190	1123	0	0	74	211.76031250000256
n1176	1138	0	0	78	213.06468750000258
n1174	1134	0	0	79	212.71562500000255
n1172	1129	0	0	81	212.34468750000255
n1177	1137	0	0	81	213.05531250000257
n1170	1125	0	0	82	211.96968750000255
n1175	1133	0	0	82	212.70312500000256
n1173	1130	0	0	84	212.32281250000256
n1171	1126	0	0	86	211.95531250000255
n1236	1150	0	0	62	214.40406250000257
n1234	1147	0	0	63	214.03031250000262
n1232	1145	0	0	65	213.6259375000026
n1237	1151	0	0	66	214.3946875000026
n1230	1139	0	0	67	213.2478125000026
n1235	1148	0	0	67	214.00218750000263
n1233	1144	0	0	69	213.63031250000262
n1231	1140	0	0	70	213.2384375000026
n1211	1154	0	0	74	214.59281250000254
n1209	1152	0	0	75	214.2040625000026
n1207	1146	0	0	77	213.83218750000262
n1212	1153	0	0	78	214.57093750000254
n1205	1141	0	0	79	213.4490625000026
n1210	1149	0	0	79	214.2115625000026
n1208	1143	0	0	81	213.82812500000261
n1206	1142	0	0	82	213.43125000000262
n1244	1166	0	0	59	215.94375000000255
n1242	1164	0	0	60	215.56781250000256
n1240	1159	0	0	62	215.17187500000256
n1245	1169	0	0	62	215.94781250000256
n1238	1156	0	0	63	214.78437500000254
n1243	1163	0	0	63	215.54062500000256
n1241	1160	0	0	65	215.17187500000256
n1239	1155	0	0	67	214.77281250000254
n1219	1168	0	0	71	216.1615625000026
n1217	1167	0	0	72	215.75531250000256
n1215	1161	0	0	74	215.35312500000256
n1220	1170	0	0	74	216.15218750000258
n1213	1157	0	0	75	214.96875000000256
n1218	1165	0	0	75	215.73437500000256
n1226	1179	0	0	75	218.10406250000267
n1227	1180	0	0	75	218.49281250000269
insertion	1182	0	0	75	218.6103125000027
n1216	1162	0	0	77	215.33437500000255
n1214	1158	0	0	79	214.96468750000255
n1246	1177	0	0	55	216.53843750000263
n1247	1172	0	0	59	216.52593750000264
n1248	1173	0	0	62	216.52093750000265
n1249	1176	0	0	65	216.51156250000264
n1221	1175	0	0	67	216.52093750000265
n1222	1171	0	0	71	216.51468750000265
n1223	1174	0	0	74	216.50218750000263
n1254	1185	0	0	60	218.1584375000027
n1250	1186	0	0	63	218.1625000000027
n1251	1188	0	0	69	218.85000000000267
n1225	1178	0	0	72	218.11468750000267
n1228	1187	0	0	77	218.85000000000267
n1229	1189	0	0	79	219.20937500000272
n1277	1192	0	0	62	219.62906250000276
n1279	1197	0	0	63	220.38656250000278
n1280	1196	0	0	67	220.37718750000278
n1278	1193	0	0	70	219.63968750000276
n1258	1195	0	0	72	220.36562500000278
n1259	1198	0	0	75	220.58343750000282
n1255	1190	0	0	77	219.63968750000276
n1260	1199	0	0	79	220.7821875000028
n1256	1191	0	0	82	219.91250000000275
n1292	1204	0	0	53	221.08125000000283
n1282	1203	0	0	60	221.78031250000285
n1281	1200	0	0	62	221.06156250000282
n1262	1202	0	0	69	221.75937500000285
n1261	1201	0	0	70	221.04375000000283
n1284	1212	0	0	46	223.00718750000289
n1285	1210	0	0	50	223.40093750000287
n1286	1215	0	0	55	223.78031250000285
n1263	1205	0	0	62	222.5437500000029
n1268	1213	0	0	69	223.95531250000283
n1266	1207	0	0	70	223.50843750000286
n1267	1208	0	0	70	223.73343750000285
n1269	1214	0	0	70	224.02406250000286
insertion	1211	0	0	70	223.86250000000283
n1264	1206	0	0	74	222.6509375000029
n1288	1223	0	0	48	224.5290625000028
n1289	1221	0	0	51	224.9115625000028
n1290	1225	0	0	57	225.23750000000277
n1270	1216	0	0	63	224.14906250000286
n1273	1219	0	0	72	225.2553125000028
n1274	1222	0	0	72	225.39375000000277
insertion	1218	0	0	72	225.01781250000278
n1276	1226	0	0	72	225.55312500000272
n1271	1217	0	0	75	224.20218750000282
n1318	1228	0	0	50	225.99281250000274
n1319	1229	0	0	53	226.44281250000276
n1320	1241	0	0	58	226.78343750000275
n1295	1230	0	0	74	226.16656250000275
n1294	1227	0	0	77	225.64062500000273
n1296	1232	0	0	82	226.40000000000276
n1333	1235	0	0	50	227.1843750000028
n1334	1234	0	0	56	227.97812500000282
n1300	1236	0	0	78	228.3593750000028
n1299	1233	0	0	79	227.9490625000028
n1298	1231	0	0	80	227.5771875000028
n1322	1240	0	0	51	228.7687500000029
n1323	1242	0	0	55	228.7553125000029
n1305	1243	0	0	74	229.46781250000288
n1306	1244	0	0	75	229.6375000000029
n1308	1246	0	0	75	229.9946875000029
n1302	1237	0	0	79	228.9093750000029
n1304	1239	0	0	79	229.28031250000288
n1307	1245	0	0	79	229.8093750000029
n1303	1238	0	0	82	229.1000000000029
n1326	1252	0	0	51	230.2375000000029
n1327	1251	0	0	55	230.2259375000029
n1328	1253	0	0	60	230.2259375000029
n1309	1247	0	0	71	230.2009375000029
n1310	1248	0	0	72	230.3875000000029
n1316	1257	0	0	72	231.53968750000294
n1312	1250	0	0	74	230.76968750000293
n1315	1256	0	0	74	231.36875000000296
n1311	1249	0	0	75	230.58531250000294
n1314	1255	0	0	75	231.18531250000296
n1313	1254	0	0	77	230.98656250000295
n1353	1262	0	0	53	231.73218750000296
n1355	1263	0	0	58	232.57593750000296
n1354	1260	0	0	62	232.21875000000296
n1356	1264	0	0	62	232.95718750000296
n1339	1259	0	0	65	231.73750000000297
n1352	1277	0	0	70	234.81968750000289
n1340	1258	0	0	77	231.80218750000296
n1341	1261	0	0	77	232.17093750000296
n1342	1265	0	0	77	232.93437500000297
n1357	1274	0	0	53	233.35093750000294
n1359	1272	0	0	58	234.08031250000298
n1358	1269	0	0	62	233.72187500000297
n1360	1275	0	0	62	234.43656250000296
n1345	1267	0	0	74	233.70406250000298
n1344	1266	0	0	75	233.51562500000298
n1346	1268	0	0	75	233.88343750000297
n1347	1270	0	0	77	234.05843750000298
n1348	1271	0	0	79	234.23656250000298
n1349	1273	0	0	81	234.40312500000297
n1350	1276	0	0	82	234.58343750000293
n1361	1291	0	0	53	234.80000000000288
n1363	1292	0	0	57	235.51968750000293
n1362	1286	0	0	63	235.15000000000293
n1364	1297	0	0	63	235.87593750000295
n1351	1278	0	0	72	234.9271875000029
n1365	1315	0	0	53	236.21968750000292
n1367	1316	0	0	57	236.94781250000293
n1366	1308	0	0	63	236.5812500000029
n1368	1318	0	0	63	237.35843750000302
n1388	1350	0	0	58	237.71656250000302
n1400	deletion
n1389	1321	0	0	62	238.07718750000305
n1390	1323	0	0	65	238.45312500000307
n1391	1329	0	0	68	238.77812500000312
n1371	1320	0	0	70	237.68843750000303
n1373	1322	0	0	70	238.5915625000031
n1374	1324	0	0	70	238.82906250000312
n1393	1335	0	0	63	239.9937500000031
n1392	1332	0	0	67	239.2365625000031
n1378	1334	0	0	72	240.3678125000031
n1377	1333	0	0	74	239.9696875000031
n1376	1331	0	0	75	239.6134375000031
n1375	1330	0	0	77	239.2228125000031
n1394	1336	0	0	62	240.7584375000031
n1395	1339	0	0	65	241.17718750000316
n1397	1347	0	0	66	241.87093750000318
n1396	1342	0	0	68	241.53437500000317
n1380	1338	0	0	70	241.18218750000315
n1382	1340	0	0	70	241.6603125000032
n1383	1341	0	0	70	241.89375000000317
n1379	1337	0	0	72	240.7321875000031
n1399	1352	0	0	63	243.08031250000317
n1398	1353	0	0	67	242.3071875000032
n1387	1354	0	0	72	243.45625000000322
n1386	1351	0	0	74	243.07281250000318
n1385	1349	0	0	75	242.71468750000318
n1384	1348	0	0	77	242.2928125000032
n1439	1360	0	0	58	243.85531250000324
n1423	1361	0	0	60	245.05843750000332
n1419	1357	0	0	62	244.23031250000324
n1421	1358	0	0	63	244.6406250000033
n1424	1363	0	0	63	245.04281250000332
n1420	1356	0	0	65	244.23531250000323
n1422	1359	0	0	67	244.6625000000033
n1405	1362	0	0	69	245.19281250000333
n1402	1355	0	0	70	243.85093750000323
n1404	1364	0	0	75	244.60937500000327
n1440	1373	0	0	58	245.44281250000333
n1430	1371	0	0	60	246.96875000000338
n1426	1366	0	0	62	245.85937500000333
n1425	deletion
n1428	1368	0	0	63	246.32406250000332
n1431	1370	0	0	63	246.9437500000034
n1427	1367	0	0	65	245.83750000000333
n1429	1369	0	0	67	246.32406250000332
n1409	1374	0	0	69	247.2603125000034
n1406	1365	0	0	70	245.41875000000334
n1408	1372	0	0	79	246.2896875000033
n1432	1380	0	0	46	247.9103125000034
n1433	1381	0	0	58	247.9103125000034
n1410	1375	0	0	60	247.91468750000342
n1411	1377	0	0	63	247.91468750000342
n1412	1376	0	0	65	247.90531250000342
n1413	1378	0	0	69	247.88968750000342
n1435	1384	0	0	50	250.3146875000034
n1436	1383	0	0	53	250.2665625000034
n1414	1379	0	0	62	250.2896875000034
n1415	deletion
n1416	1382	0	0	70	250.2718750000034
insertion	319	0	0	69	70.30531250000031
insertion	320	0	0	70	70.37187500000032
insertion	317	0	0	72	70.15406250000032
insertion	330	0	0	69	71.76156250000031
insertion	343	0	0	58	74.3000000000003
insertion	427	0	0	66	92.15937500000037
insertion	441	0	0	69	94.96562500000037
insertion	443	0	0	70	95.02187500000038
insertion	439	0	0	72	94.79687500000037
insertion	452	0	0	69	96.45718750000042
insertion	465	0	0	77	100.11250000000031
insertion	467	0	0	79	100.39062500000033
insertion	476	0	0	79	101.65218750000031
insertion	479	0	0	81	102.00000000000031
insertion	535	0	0	67	112.2459375000003
insertion	537	0	0	67	112.39906250000031
insertion	539	0	0	67	112.55312500000032
insertion	542	0	0	67	112.71468750000032
insertion	544	0	0	67	112.85218750000031
insertion	548	0	0	67	113.01156250000031
insertion	550	0	0	67	113.14375000000032
insertion	532	0	0	69	111.9021875000003
insertion	534	0	0	69	112.1468750000003
insertion	536	0	0	69	112.2990625000003
insertion	538	0	0	69	112.46156250000031
insertion	540	0	0	69	112.60406250000032
insertion	543	0	0	69	112.76656250000032
insertion	545	0	0	69	112.90000000000032
insertion	549	0	0	69	113.06656250000032
insertion	551	0	0	69	113.19687500000032
insertion	553	0	0	67	113.30218750000031
insertion	555	0	0	67	113.43656250000032
insertion	557	0	0	67	113.60000000000032
insertion	559	0	0	67	113.73750000000032
insertion	561	0	0	67	113.88531250000032
insertion	563	0	0	67	114.03218750000032
insertion	567	0	0	67	114.17281250000033
insertion	554	0	0	69	113.36156250000032
insertion	556	0	0	69	113.49781250000032
insertion	558	0	0	69	113.66875000000032
insertion	560	0	0	69	113.79156250000032
insertion	562	0	0	69	113.93125000000032
insertion	565	0	0	69	114.08968750000032
insertion	566	0	0	69	114.20843750000033
insertion	571	0	0	67	114.42593750000034
insertion	583	0	0	77	116.22093750000036
insertion	568	0	0	69	114.33031250000035
insertion	580	0	0	79	116.00625000000038
insertion	582	0	0	76	116.15718750000038
insertion	599	0	0	77	119.1875000000003
insertion	601	0	0	77	119.3509375000003
insertion	598	0	0	79	119.13218750000031
insertion	600	0	0	76	119.2687500000003
insertion	815	0	0	66	161.12406250000103
insertion	892	0	0	64	174.01781250000113
insertion	1021	0	0	74	194.83437500000213
insertion	1019	0	0	75	194.7490625000021
insertion	1022	0	0	75	194.9021875000021
insertion	1018	0	0	77	194.6821875000021
insertion	1046	0	0	63	198.71343750000213
insertion	1117	0	0	76	210.58843750000258
insertion	1116	0	0	77	210.49468750000258
insertion	1118	0	0	77	210.68437500000258
insertion	1115	0	0	79	210.4312500000026
insertion	1183	0	0	74	218.68031250000269
insertion	1184	0	0	75	218.76250000000266
insertion	1181	0	0	77	218.5490625000027
insertion	1194	0	0	74	220.12812500000277
insertion	1209	0	0	72	223.80218750000284
insertion	1220	0	0	74	225.32906250000278
insertion	1224	0	0	71	225.47718750000274
insertion	1280	0	0	72	235.0853125000029
insertion	1282	0	0	72	235.28531250000293
insertion	1284	0	0	72	235.4115625000029
insertion	1287	0	0	72	235.58218750000296
insertion	1289	0	0	72	235.71656250000296
insertion	1293	0	0	72	235.88750000000294
insertion	1295	0	0	72	236.04062500000293
insertion	1298	0	0	72	236.19687500000293
insertion	1279	0	0	74	235.0312500000029
insertion	1281	0	0	74	235.16250000000292
insertion	1283	0	0	74	235.34906250000293
insertion	1285	0	0	74	235.47906250000293
insertion	1288	0	0	74	235.64375000000297
insertion	1290	0	0	74	235.78968750000297
insertion	1294	0	0	74	235.96562500000294
insertion	1296	0	0	74	236.10218750000294
insertion	1299	0	0	74	236.2687500000029
insertion	1300	0	0	72	236.3490625000029
insertion	1302	0	0	72	236.5134375000029
insertion	1304	0	0	72	236.6646875000029
insertion	1306	0	0	72	236.8303125000029
insertion	1309	0	0	72	236.98437500000296
insertion	1311	0	0	72	237.12187500000297
insertion	1313	0	0	72	237.262500000003
insertion	1301	0	0	74	236.4040625000029
insertion	1303	0	0	74	236.5853125000029
insertion	1305	0	0	74	236.7290625000029
insertion	1307	0	0	74	236.8884375000029
insertion	1310	0	0	74	237.02593750000298
insertion	1312	0	0	74	237.174062500003
insertion	1314	0	0	74	237.300000000003
insertion	1317	0	0	70	237.48750000000302
insertion	1326	0	0	70	238.96468750000312
insertion	1328	0	0	70	239.11562500000312
insertion	1319	0	0	72	237.58343750000301
insertion	1325	0	0	72	238.89687500000312
insertion	1327	0	0	69	239.0303125000031
insertion	1344	0	0	70	242.0093750000032
insertion	1346	0	0	70	242.1665625000032
insertion	1343	0	0	72	241.95843750000319
insertion	1345	0	0	69	242.0959375000032
