xml_id	midi_id	track	channel	pitch	onset
n11	3	1	0	62	2.5894739062499994
n13	5	1	0	62	2.7644203124999995
n12	4	1	0	63	2.668266562499999
n10	2	1	0	65	2.5146876562499996
n9	1	1	0	67	2.4265467187499996
n8	0	1	0	68	2.3170382812499994
n1	22	1	0	71	2.0112159375
n2	25	1	0	74	2.0125514062499996
n3	24	1	0	77	2.0125514062499996
n4	21	1	0	79	2.0138868749999994
n5	19	1	0	83	2.00720953125
n15	7	1	0	55	2.9366957812499996
n17	9	1	0	55	3.1143131249999993
n16	8	1	0	56	2.9981273437499993
n14	6	1	0	59	2.8525612499999995
n19	11	1	0	50	3.2652210937499992
n21	13	1	0	50	3.4147935937499994
n20	12	1	0	51	3.331994531249999
n18	10	1	0	53	3.1890993749999996
n31	15	1	0	43	3.583062656249999
n33	17	1	0	43	3.728628749999999
n32	16	1	0	44	3.644494218749999
n30	14	1	0	47	3.5015990624999995
n35	20	1	0	38	3.8955623437499987
n37	26	1	0	38	4.0531476562499975
n36	23	1	0	39	3.962335781249999
n34	18	1	0	41	3.8154342187499988
n39	28	1	0	31	4.241448749999996
n41	30	1	0	31	4.405711406249997
n38	27	1	0	36	4.151972343749997
n40	29	1	0	36	4.3255832812499975
n43	36	1	0	31	4.639418437499997
n45	40	1	0	31	4.926544218749998
n42	35	1	0	36	4.5005296874999985
n44	37	1	0	36	4.767623437499998
n28	38	1	0	67	4.941234374999999
n24	31	1	0	68	4.512548906249998
n25	34	1	0	75	4.516555312499998
n26	33	1	0	77	4.524568124999997
n29	39	1	0	79	4.935892499999999
n27	32	1	0	80	4.512548906249998
n51	41	1	0	35	5.086800468749998
n53	43	1	0	67	5.510144062499999
n52	42	1	0	68	5.412654843749999
n46	49	1	0	74	5.085464999999998
n47	52	1	0	77	5.089471406249998
n48	51	1	0	79	5.089471406249998
n49	48	1	0	86	5.086800468749998
n55	45	1	0	62	5.651703749999999
n57	47	1	0	62	5.811959999999998
n56	46	1	0	63	5.7304964062499995
n54	44	1	0	65	5.586265781249999
n59	53	1	0	55	5.973551718749999
n61	55	1	0	55	6.124459687499999
n60	54	1	0	56	6.033647812499999
n58	50	1	0	59	5.897429999999998
n63	57	1	0	50	6.2913932812499995
n65	59	1	0	50	6.43562390625
n64	58	1	0	51	6.351489375
n62	56	1	0	53	6.212600624999999
n75	61	1	0	43	6.603892968750001
n77	63	1	0	43	6.7320979687500015
n76	62	1	0	44	6.6586471875000015
n74	60	1	0	47	6.518422968750001
n79	65	1	0	38	6.901702500000003
n81	67	1	0	38	7.036584843750004
n80	66	1	0	39	6.956456718750004
n78	64	1	0	41	6.825580781250003
n83	69	1	0	31	7.222215000000005
n85	71	1	0	31	7.395825937500006
n82	68	1	0	36	7.134074062500003
n84	70	1	0	36	7.303678593750005
n87	77	1	0	31	7.613507343750005
n89	81	1	0	31	7.888613906250005
n86	76	1	0	36	7.490644218750006
n88	78	1	0	36	7.737705937500005
n72	79	1	0	67	7.880601093750005
n68	72	1	0	68	7.497321562500006
n69	74	1	0	75	7.498657031250006
n70	75	1	0	77	7.501327968750005
n73	80	1	0	79	7.884607500000005
n71	73	1	0	80	7.490644218750006
n108	82	1	0	35	8.015483437500006
n90	83	1	0	77	8.023496250000006
n91	84	1	0	79	8.031509062500005
n110	88	1	0	79	8.424136875000004
n109	87	1	0	80	8.354692500000004
n92	85	1	0	86	8.035515468750004
n93	86	1	0	89	8.023496250000006
n95	90	1	0	91	8.433485156250004
n94	89	1	0	92	8.354692500000004
n112	94	1	0	74	8.576380312500007
n114	97	1	0	74	8.724617343750005
n113	95	1	0	75	8.648495625000006
n111	92	1	0	77	8.508271406250005
n97	93	1	0	86	8.567032031250006
n99	98	1	0	86	8.719275468750006
n98	96	1	0	87	8.647160156250006
n96	91	1	0	89	8.500258593750004
n116	101	1	0	67	8.890215468750007
n118	105	1	0	67	9.003730312500005
n117	103	1	0	68	8.939627812500007
n115	100	1	0	71	8.807416406250006
n101	102	1	0	79	8.870183437500007
n103	106	1	0	79	9.014414062500006
n102	104	1	0	80	8.934285937500007
n100	99	1	0	83	8.792726250000005
n120	109	1	0	62	9.178676718750005
n122	113	1	0	62	9.308217187500004
n121	111	1	0	63	9.233430937500003
n119	108	1	0	65	9.101219531250006
n105	110	1	0	74	9.180012187500004
n107	114	1	0	74	9.322907343750003
n106	112	1	0	75	9.248121093750003
n104	107	1	0	77	9.098548593750007
n140	117	1	0	55	9.472479843750005
n142	121	1	0	55	9.594007500000004
n141	119	1	0	56	9.524563125000004
n139	116	1	0	59	9.397693593750004
n124	118	1	0	67	9.473815312500005
n126	122	1	0	67	9.615375000000004
n125	120	1	0	68	9.539253281250003
n123	115	1	0	71	9.397693593750004
n144	125	1	0	50	9.764947500000002
n146	129	1	0	50	9.893152500000001
n145	127	1	0	51	9.809017968750002
n143	124	1	0	53	9.682148437500002
n128	126	1	0	62	9.758270156250001
n130	130	1	0	62	9.894487968750001
n129	128	1	0	63	9.825043593750001
n127	123	1	0	65	9.675471093750003
n148	133	1	0	43	10.05207328125
n150	137	1	0	43	10.197639375
n149	135	1	0	44	10.1094984375
n147	132	1	0	47	9.9786225
n132	134	1	0	55	10.04138953125
n134	138	1	0	55	10.18829109375
n133	136	1	0	56	10.11751125
n131	131	1	0	59	9.96793875
n152	141	1	0	38	10.348547343749999
n154	144	1	0	38	10.475416874999999
n153	143	1	0	39	10.408643437499999
n151	140	1	0	41	10.275096562499998
n136	142	1	0	50	10.349882812499999
n138	146	1	0	50	10.479423281249998
n137	145	1	0	51	10.424669062499998
n135	139	1	0	53	10.259070937499999
n172	150	1	0	35	10.647692343749998
n171	148	1	0	36	10.564893281249999
n174	153	1	0	41	10.79459390625
n173	151	1	0	43	10.734497812499999
n156	149	1	0	47	10.647692343749998
n155	147	1	0	48	10.55955140625
n158	154	1	0	53	10.7986003125
n157	152	1	0	55	10.725149531249999
n176	157	1	0	38	10.913450624999998
n178	162	1	0	38	11.076377812499997
n175	155	1	0	39	10.85469
n177	159	1	0	39	10.997585156249997
n160	158	1	0	50	10.936153593749998
n162	161	1	0	50	11.091067968749996
n159	156	1	0	51	10.86938015625
n161	160	1	0	51	11.010939843749997
n180	165	1	0	35	11.229956718749998
n179	164	1	0	36	11.167189687499999
n182	169	1	0	44	11.398225781249996
n181	167	1	0	46	11.343471562499996
n164	166	1	0	47	11.252659687499998
n163	163	1	0	48	11.156505937499999
n166	170	1	0	56	11.411580468749996
n165	168	1	0	58	11.338129687499997
n184	173	1	0	41	11.530437187499993
n186	177	1	0	41	11.678674218749995
n183	171	1	0	43	11.482360312499994
n185	175	1	0	43	11.613236249999993
n168	174	1	0	53	11.565159374999993
n170	178	1	0	53	11.721409218749995
n167	172	1	0	55	11.490373124999994
n169	176	1	0	55	11.646622968749993
n204	181	1	0	38	11.818898437499996
n203	179	1	0	39	11.758802343749997
n188	182	1	0	50	11.874988124999994
n206	187	1	0	50	12.035244374999998
n187	180	1	0	51	11.788182656249997
n205	183	1	0	51	11.957787187499996
n190	188	1	0	62	12.049934531249997
n189	186	1	0	63	11.976483749999996
n208	190	1	0	47	12.163449374999995
n210	194	1	0	47	12.315692812499993
n207	189	1	0	48	12.119378906249997
n209	193	1	0	48	12.227551874999994
n192	192	1	0	59	12.211526249999995
n194	196	1	0	59	12.353085937499994
n191	191	1	0	60	12.131398124999995
n193	195	1	0	60	12.290318906249993
n212	199	1	0	43	12.474613593749991
n214	203	1	0	43	12.644218124999986
n211	197	1	0	44	12.381130781249993
n213	201	1	0	44	12.556077187499987
n196	200	1	0	55	12.49865203124999
n198	204	1	0	55	12.652230937499985
n195	198	1	0	56	12.421194843749992
n197	202	1	0	56	12.565425468749988
n216	207	1	0	39	12.791119687499984
n218	210	1	0	39	12.928672968749988
n215	205	1	0	41	12.717668906249985
n217	209	1	0	41	12.863234999999985
n200	208	1	0	51	12.812487187499984
n202	212	1	0	51	12.978085312499985
n199	206	1	0	53	12.737700937499984
n201	211	1	0	53	12.900628124999987
n223	214	1	0	36	13.094271093749986
n224	215	1	0	43	13.27856578124999
n219	213	1	0	48	13.091600156249987
n225	216	1	0	48	13.37739046874999
n226	217	1	0	50	13.45351218749999
n227	218	1	0	51	13.529633906249991
n228	219	1	0	55	13.589729999999992
n229	220	1	0	60	13.65650343749999
n230	221	1	0	62	13.73930249999999
n232	223	1	0	62	13.898223281249994
n234	225	1	0	55	14.078511562499994
n233	224	1	0	60	13.982357812499995
n231	222	1	0	63	13.799398593749991
n238	229	1	0	43	14.389675781249995
n237	228	1	0	48	14.309547656249995
n236	227	1	0	50	14.213393906249994
n235	226	1	0	51	14.150626874999993
n248	230	1	0	36	14.465797499999995
n249	231	1	0	43	14.552602968749996
n250	232	1	0	48	14.659440468749997
n251	233	1	0	50	14.747581406249997
n255	237	1	0	43	15.093467812499997
n257	239	1	0	43	15.272420624999999
n254	236	1	0	48	15.010668749999997
n253	235	1	0	50	14.895818437499997
n252	234	1	0	51	14.811683906249998
n256	238	1	0	36	15.178937812499997
n258	242	1	0	48	15.384599999999999
n259	243	1	0	50	15.507463125
n242	240	1	0	72	15.440689687499999
n243	241	1	0	84	15.440689687499999
n263	251	1	0	43	15.989567343749998
n262	250	1	0	48	15.869375156249998
n261	247	1	0	50	15.758531249999997
n260	246	1	0	51	15.619642499999998
n244	244	1	0	74	15.548862656249998
n246	248	1	0	75	16.025624999999998
n245	245	1	0	86	15.546191718749999
n247	249	1	0	87	16.026960468749998
n280	252	1	0	36	16.143146249999994
n281	253	1	0	43	16.291383281249995
n282	254	1	0	48	16.407569062499995
n283	255	1	0	50	16.541115937499995
n264	260	1	0	75	16.143146249999994
n265	258	1	0	87	16.140475312499994
n284	256	1	0	51	16.615902187499994
n285	257	1	0	55	16.70270765624999
n286	259	1	0	60	16.79351953124999
n287	261	1	0	62	16.88967328124999
n291	269	1	0	55	17.33171343749999
n290	264	1	0	60	17.195495624999992
n289	263	1	0	62	17.083316249999992
n288	262	1	0	63	16.968465937499992
n268	266	1	0	67	17.31435234374999
n269	268	1	0	72	17.32904249999999
n270	267	1	0	75	17.311681406249992
n271	265	1	0	79	17.307674999999993
n295	281	1	0	43	17.824501406249983
n294	276	1	0	48	17.66157421874998
n293	275	1	0	50	17.52669187499998
n292	274	1	0	51	17.411841562499983
n272	270	1	0	67	17.42653171874998
n276	279	1	0	67	17.84052703124998
n273	273	1	0	72	17.45190562499998
n277	280	1	0	72	17.84853984374998
n274	272	1	0	75	17.43053812499998
n278	278	1	0	75	17.83518515624998
n275	271	1	0	79	17.421189843749982
n279	277	1	0	79	17.80847578124998
n311	282	1	0	36	17.948699999999977
n312	283	1	0	43	18.114298124999976
n313	284	1	0	48	18.23048390624998
n314	285	1	0	50	18.323966718749976
n296	286	1	0	68	17.96472562499998
n297	294	1	0	72	17.983422187499976
n298	295	1	0	75	17.972738437499977
n299	288	1	0	80	17.936680781249976
n318	291	1	0	43	18.725942812499973
n320	297	1	0	43	18.887534531249976
n317	290	1	0	48	18.64848562499997
n316	289	1	0	50	18.505590468749972
n315	287	1	0	51	18.414778593749975
n319	296	1	0	36	18.811412812499974
n321	298	1	0	48	18.98635921874997
n322	301	1	0	50	19.08651937499997
n300	292	1	0	67	18.744639374999974
n305	300	1	0	72	19.04645531249997
n303	293	1	0	79	18.732620156249972
n306	299	1	0	84	19.04244890624997
n326	309	1	0	43	19.57129453124997
n325	306	1	0	48	19.45777968749997
n324	305	1	0	50	19.32957468749997
n323	304	1	0	51	19.19869874999997
n307	302	1	0	74	19.15596374999997
n309	307	1	0	75	19.636732499999965
n308	303	1	0	86	19.15462828124997
n310	308	1	0	87	19.634061562499966
n343	310	1	0	36	19.734221718749964
n344	311	1	0	43	19.858420312499963
n345	312	1	0	48	19.969264218749966
n346	313	1	0	50	20.089456406249965
n327	317	1	0	75	19.738228124999964
n328	316	1	0	87	19.732886249999964
n347	314	1	0	51	20.161571718749965
n348	315	1	0	55	20.220332343749966
n349	318	1	0	60	20.316486093749965
n350	319	1	0	62	20.391272343749964
n352	321	1	0	62	20.551528593749964
n354	326	1	0	55	20.75051343749996
n353	325	1	0	60	20.649017812499963
n351	320	1	0	63	20.455374843749965
n331	322	1	0	67	20.710449374999964
n332	324	1	0	72	20.717126718749963
n333	323	1	0	75	20.710449374999964
n334	327	1	0	79	20.710449374999964
n358	338	1	0	43	21.12310921874996
n357	337	1	0	48	21.01360078124996
n356	332	1	0	50	20.91210515624996
n355	329	1	0	51	20.81728687499996
n335	328	1	0	67	20.79458390624996
n339	333	1	0	67	21.12177374999996
n336	331	1	0	72	20.80259671874996
n340	336	1	0	72	21.11910281249996
n337	330	1	0	75	20.791912968749962
n341	335	1	0	75	21.13112203124996
n342	334	1	0	79	21.12310921874996
n338	deletion
n363	340	1	0	36	21.231282187499954
n364	341	1	0	42	21.344797031249954
n365	342	1	0	48	21.451634531249955
n366	343	1	0	50	21.538439999999955
n359	353	1	0	69	21.228611249999954
n360	355	1	0	72	21.232617656249953
n361	356	1	0	75	21.231282187499954
n362	354	1	0	81	21.225940312499954
n370	347	1	0	42	21.858952499999955
n369	346	1	0	48	21.784166249999956
n368	345	1	0	50	21.684006093749954
n367	344	1	0	51	21.605213437499955
n371	348	1	0	36	21.924390468749955
n372	349	1	0	42	22.016537812499955
n373	351	1	0	48	22.099336874999953
n374	352	1	0	50	22.192819687499952
n378	360	1	0	42	22.52401593749995
n377	359	1	0	48	22.43320406249995
n376	358	1	0	50	22.326366562499953
n375	357	1	0	51	22.254251249999953
n397	364	1	0	35	22.65088546874995
n398	366	1	0	47	22.752381093749953
n399	367	1	0	50	22.867231406249953
n400	368	1	0	55	22.939346718749952
n379	361	1	0	74	22.65088546874995
n380	365	1	0	81	22.65355640624995
n381	362	1	0	86	22.64954999999995
n404	372	1	0	47	23.34666468749995
n403	371	1	0	50	23.22914343749995
n402	370	1	0	55	23.14367343749995
n401	369	1	0	62	23.054197031249952
n383	376	1	0	67	23.09159015624995
n384	373	1	0	74	23.09426109374995
n385	375	1	0	79	23.08357734374995
n405	374	1	0	34	23.44014749999995
n406	377	1	0	46	23.559004218749948
n407	381	1	0	49	23.70056390624995
n408	383	1	0	55	23.77668562499995
n388	378	1	0	67	23.72059593749995
n389	380	1	0	73	23.72059593749995
n390	379	1	0	79	23.72860874999995
n412	390	1	0	46	24.026418281249946
n411	386	1	0	49	23.895542343749945
n410	deletion
n409	382	1	0	61	23.807401406249948
n394	387	1	0	67	24.069153281249946
n391	384	1	0	68	23.80339499999995
n392	deletion
n395	deletion
n396	389	1	0	79	24.078501562499945
n393	385	1	0	80	23.806065937499948
n433	395	1	0	33	24.154623281249943
n434	396	1	0	45	24.27080906249994
n435	399	1	0	48	24.374975624999937
n436	400	1	0	53	24.448426406249936
n413	392	1	0	67	24.16664249999994
n414	393	1	0	72	24.17064890624994
n416	398	1	0	72	24.354943593749937
n415	394	1	0	79	24.16664249999994
n417	397	1	0	84	24.348266249999938
n440	deletion
n439	403	1	0	48	24.655424062499932
n438	402	1	0	53	24.593992499999935
n437	401	1	0	60	24.532560937499937
n419	408	1	0	65	24.544580156249935
n424	411	1	0	65	25.15756031249993
n430	425	1	0	65	25.63031624999992
n420	410	1	0	72	24.552592968749934
n425	412	1	0	72	25.165573124999927
n428	419	1	0	72	25.267068749999922
n431	422	1	0	72	25.63565812499992
n421	407	1	0	77	24.540573749999936
n426	414	1	0	77	25.15488937499993
n432	424	1	0	77	25.63565812499992
n441	406	1	0	32	24.878447343749933
n442	409	1	0	44	24.986620312499934
n443	413	1	0	48	25.12550906249993
n444	415	1	0	53	25.184269687499928
n448	423	1	0	44	25.56888468749992
n447	421	1	0	48	25.400615624999922
n446	420	1	0	53	25.33918406249992
n445	416	1	0	60	25.259055937499923
n427	417	1	0	67	25.257720468749923
n429	418	1	0	79	25.256384999999923
n457	426	1	0	31	25.75718578124992
n458	427	1	0	43	25.920112968749915
n460	429	1	0	47	26.133787968749914
n459	428	1	0	48	26.041640624999914
n449	439	1	0	64	25.777217812499917
n450	441	1	0	72	25.782559687499916
n451	438	1	0	76	25.766534062499918
n462	431	1	0	48	26.304727968749912
n461	430	1	0	49	26.19388406249991
n464	433	1	0	49	26.45430046874991
n463	432	1	0	50	26.367494999999913
n466	435	1	0	50	26.59185374999991
n465	434	1	0	51	26.52240937499991
n468	437	1	0	51	26.777483906249913
n467	436	1	0	52	26.686672031249913
n470	442	1	0	52	26.971126874999914
n469	440	1	0	53	26.861618437499917
n472	446	1	0	53	27.18880828124991
n471	443	1	0	54	27.07529343749991
n455	445	1	0	63	27.16343437499991
n456	444	1	0	75	27.15942796874991
n480	448	1	0	54	27.41049609374991
n479	447	1	0	55	27.27027187499991
n482	452	1	0	55	27.673583437499907
n481	450	1	0	56	27.55072031249991
n475	449	1	0	63	27.27828468749991
n473	462	1	0	71	27.283626562499908
n476	451	1	0	75	27.26760093749991
n486	456	1	0	53	28.023476249999902
n485	455	1	0	55	27.9406771874999
n484	454	1	0	56	27.820484999999906
n483	453	1	0	58	27.73501499999991
n477	460	1	0	62	27.796446562499906
n478	464	1	0	74	27.764395312499907
n490	461	1	0	47	28.3506660937499
n489	459	1	0	48	28.2611896874999
n488	458	1	0	50	28.1970871874999
n487	457	1	0	51	28.0995979687499
n494	467	1	0	38	28.6685076562499
n493	466	1	0	41	28.5776957812499
n492	465	1	0	43	28.4922257812499
n491	463	1	0	44	28.4134331249999
n496	468	1	0	36	28.772674218749902
n497	469	1	0	43	28.951627031249906
n498	470	1	0	48	29.047780781249905
n499	471	1	0	50	29.151947343749907
n500	472	1	0	51	29.237417343749904
n501	473	1	0	55	29.292171562499906
n502	474	1	0	60	29.372299687499908
n503	475	1	0	62	29.461776093749908
n505	477	1	0	62	29.627374218749907
n507	479	1	0	55	29.808997968749907
n506	478	1	0	60	29.715515156249907
n504	476	1	0	63	29.52454312499991
n511	483	1	0	43	30.146871562499907
n510	482	1	0	48	30.094788281249908
n509	481	1	0	50	29.94788671874991
n508	480	1	0	51	29.88244874999991
n521	484	1	0	36	30.235012499999907
n522	485	1	0	43	30.32849531249991
n523	486	1	0	48	30.428655468749913
n524	487	1	0	50	30.531486562499914
n528	491	1	0	43	30.88939218749992
n530	493	1	0	43	31.11508640624992
n527	490	1	0	48	30.797244843749915
n526	489	1	0	50	30.682394531249916
n525	488	1	0	51	30.579563437499914
n529	492	1	0	36	30.97753312499992
n531	496	1	0	48	31.21658203124992
n532	497	1	0	50	31.34478703124992
n515	495	1	0	72	31.26065249999992
n516	494	1	0	84	31.23794953124992
n536	505	1	0	43	31.83356859374992
n535	502	1	0	48	31.69735078124992
n534	501	1	0	50	31.57715859374992
n533	500	1	0	51	31.45563093749992
n517	498	1	0	74	31.379509218749916
n519	504	1	0	75	31.849594218749917
n518	499	1	0	86	31.351464374999917
n520	503	1	0	87	31.84158140624992
n553	506	1	0	36	31.960438124999918
n554	507	1	0	43	32.11268156249991
n555	508	1	0	48	32.21284171874989
n556	509	1	0	50	32.32502109374989
n537	513	1	0	75	31.965779999999917
n538	512	1	0	87	31.941741562499917
n557	510	1	0	51	32.42785218749989
n558	511	1	0	55	32.49863203124989
n559	514	1	0	60	32.58810843749988
n560	515	1	0	62	32.68559765624988
n564	523	1	0	55	33.15568265624983
n563	522	1	0	60	33.022135781249844
n562	517	1	0	62	32.883247031249866
n561	516	1	0	63	32.772403124999876
n541	518	1	0	67	33.09024468749984
n542	520	1	0	72	33.115618593749836
n543	519	1	0	75	33.10226390624984
n544	521	1	0	79	33.10226390624984
n568	534	1	0	43	33.64312874999978
n567	532	1	0	48	33.496227187499805
n566	528	1	0	50	33.366686718749804
n565	527	1	0	51	33.24649453124982
n545	524	1	0	67	33.183727499999826
n549	529	1	0	67	33.58837453124979
n546	525	1	0	72	33.21310781249982
n550	533	1	0	72	33.59238093749979
n547	526	1	0	75	33.19841765624982
n551	531	1	0	75	33.59104546874979
n552	530	1	0	79	33.59638734374979
n548	deletion
n584	535	1	0	36	33.75530812499977
n585	536	1	0	43	33.90220968749975
n586	537	1	0	48	34.01973093749973
n587	538	1	0	50	34.11454921874973
n569	540	1	0	68	33.69387656249978
n570	deletion
n571	deletion
n572	541	1	0	80	33.71257312499978
n591	544	1	0	43	34.50717703124972
n593	547	1	0	43	34.68345890624971
n590	543	1	0	48	34.41369421874972
n589	542	1	0	50	34.28548921874973
n588	539	1	0	51	34.18666453124973
n592	548	1	0	36	34.60333078124972
n594	551	1	0	48	34.78762546874971
n595	552	1	0	50	34.903811249999706
n573	545	1	0	67	34.53522187499972
n578	550	1	0	72	34.867753593749704
n576	546	1	0	79	34.54857656249972
n579	549	1	0	84	34.854398906249706
n599	560	1	0	43	35.393928281249686
n598	557	1	0	48	35.268394218749684
n597	556	1	0	50	35.14953749999969
n596	555	1	0	51	35.01866156249969
n580	553	1	0	74	34.9505526562497
n582	559	1	0	75	35.44734703124968
n581	554	1	0	86	34.9478817187497
n583	558	1	0	87	35.42998593749968
n616	561	1	0	36	35.54350078124967
n617	563	1	0	43	35.72645999999965
n618	564	1	0	48	35.78254968749964
n619	565	1	0	50	35.88003890624964
n600	569	1	0	75	35.54884265624967
n601	567	1	0	87	35.53415249999967
n620	566	1	0	51	35.980199062499636
n621	568	1	0	55	36.04563703124963
n622	570	1	0	60	36.14446171874963
n623	571	1	0	62	36.228596249999626
n627	579	1	0	55	36.60252749999962
n626	577	1	0	60	36.514386562499624
n625	573	1	0	62	36.40621359374963
n624	572	1	0	63	36.30738890624963
n604	574	1	0	67	36.57982453124962
n605	576	1	0	72	36.58917281249962
n606	575	1	0	75	36.58783734374962
n607	578	1	0	79	36.58383093749962
n631	589	1	0	43	36.988477968749606
n630	585	1	0	48	36.88030499999961
n629	583	1	0	50	36.76679015624961
n628	582	1	0	51	36.67864921874961
n608	580	1	0	67	36.661288124999615
n612	586	1	0	67	37.004503593749604
n609	584	1	0	72	36.67864921874961
n613	deletion
n610	581	1	0	75	36.669300937499614
n614	590	1	0	75	37.0178582812496
n611	deletion
n615	587	1	0	79	37.0365548437496
n636	592	1	0	36	37.14739874999959
n637	593	1	0	41	37.275603749999576
n638	594	1	0	48	37.38110578124956
n639	595	1	0	50	37.479930468749544
n632	605	1	0	69	37.14739874999959
n633	607	1	0	75	37.14739874999959
n634	604	1	0	77	37.15808249999959
n635	606	1	0	81	37.15407609374959
n643	599	1	0	41	37.793765624999494
n642	598	1	0	48	37.7390114062495
n641	597	1	0	50	37.661554218749515
n640	596	1	0	51	37.55471671874953
n644	600	1	0	36	37.86721640624948
n645	601	1	0	41	37.96871203124947
n646	602	1	0	48	38.05818843749945
n647	603	1	0	50	38.159684062499444
n651	611	1	0	41	38.49355124999944
n650	610	1	0	48	38.41075218749944
n649	609	1	0	50	38.31459843749944
n648	608	1	0	51	38.23714124999944
n664	612	1	0	38	38.621756249999436
n665	613	1	0	46	38.72458734374943
n667	615	1	0	46	38.916894843749404
n666	614	1	0	47	38.81406374999941
n652	616	1	0	70	38.63911734374943
n653	617	1	0	77	38.65247203124943
n654	618	1	0	82	38.629769062499435
n669	620	1	0	46	39.13324078124941
n671	622	1	0	46	39.29750343749941
n670	621	1	0	47	39.23740734374941
n668	619	1	0	58	39.0130485937494
n655	623	1	0	70	39.20134968749941
n656	628	1	0	77	39.21336890624941
n657	624	1	0	82	39.19467234374941
n672	625	1	0	39	39.3856443749994
n673	626	1	0	46	39.481798124999386
n675	631	1	0	46	39.67410562499937
n674	627	1	0	47	39.56726812499937
n658	629	1	0	70	39.57127453124937
n659	630	1	0	79	39.57661640624937
n660	632	1	0	82	39.56726812499937
n677	634	1	0	46	39.82367812499937
n679	636	1	0	46	39.99061171874936
n678	635	1	0	47	39.927844687499366
n676	633	1	0	58	39.74488546874937
n661	638	1	0	71	39.90914812499937
n662	637	1	0	79	39.91315453124937
n663	639	1	0	83	39.90647718749937
n699	641	1	0	40	40.077417187499364
n700	642	1	0	46	40.17891281249935
n702	646	1	0	46	40.37255578124936
n701	643	1	0	48	40.25770546874936
n683	645	1	0	72	40.26037640624936
n684	648	1	0	79	40.263047343749356
n685	647	1	0	82	40.271060156249355
n686	644	1	0	84	40.25770546874936
n704	650	1	0	46	40.51144453124936
n706	653	1	0	46	40.65968156249936
n705	652	1	0	48	40.61561109374936
n703	649	1	0	58	40.43265187499936
n687	654	1	0	73	40.57688249999936
n688	655	1	0	82	40.57955343749936
n689	656	1	0	85	40.57955343749936
n707	657	1	0	41	40.774531874999354
n708	659	1	0	46	40.89338859374934
n710	664	1	0	46	41.11240546874933
n709	662	1	0	58	41.01090984374933
n690	660	1	0	74	40.996219687499334
n691	663	1	0	82	41.00289703124933
n692	661	1	0	86	40.994884218749334
n711	668	1	0	42	41.21657203124933
n712	670	1	0	46	41.32340953124932
n714	678	1	0	46	41.51972343749931
n713	671	1	0	58	41.42356968749932
n693	665	1	0	75	41.21657203124933
n696	673	1	0	76	41.41021499999932
n694	666	1	0	82	41.22324937499933
n697	677	1	0	82	41.41956328124932
n695	667	1	0	87	41.21657203124933
n698	672	1	0	88	41.41422140624932
n728	679	1	0	41	41.753430468749315
n729	680	1	0	46	41.9083448437493
n730	681	1	0	50	41.99381484374929
n731	682	1	0	53	42.09531046874929
n715	686	1	0	77	41.76544968749931
n716	685	1	0	82	41.77346249999931
n717	684	1	0	86	41.77613343749931
n718	683	1	0	89	41.76544968749931
n732	687	1	0	58	42.20081249999929
n733	688	1	0	62	42.27960515624929
n735	690	1	0	65	42.45855796874929
n736	691	1	0	65	42.572072812499286
n734	689	1	0	67	42.36106874999929
n739	699	1	0	55	42.88590796874927
n738	697	1	0	58	42.76972218749927
n737	693	1	0	62	42.67356843749928
n719	695	1	0	74	42.56005359374929
n720	698	1	0	77	42.56539546874929
n721	694	1	0	82	42.56673093749929
n722	692	1	0	86	42.55738265624929
n743	707	1	0	41	43.35065109374926
n742	706	1	0	48	43.23580078124927
n741	703	1	0	51	43.107595781249266
n740	700	1	0	53	42.98473265624927
n725	702	1	0	75	43.00209374999927
n726	704	1	0	77	42.99541640624927
n727	705	1	0	81	42.99808734374927
n724	710	1	0	84	43.41208265624926
insertion	696	1	0	84	42.626827031249285
n723	701	1	0	86	42.99675187499927
n750	708	1	0	34	43.48686890624926
n753	712	1	0	47	43.780672031249225
n752	711	1	0	48	43.69787296874924
n751	709	1	0	49	43.58836453124925
n744	714	1	0	74	43.50289453124926
n745	716	1	0	77	43.50422999999926
n746	715	1	0	82	43.50823640624926
n754	713	1	0	46	43.891515937499214
n757	719	1	0	46	44.1252229687492
n760	722	1	0	46	44.341568906249165
n756	718	1	0	47	44.05043671874921
n759	721	1	0	47	44.285479218749174
n755	717	1	0	48	43.978321406249215
n758	720	1	0	45	44.19066093749919
n761	723	1	0	45	44.425703437499166
n762	724	1	0	44	44.49247687499917
n765	727	1	0	44	44.78895093749913
n764	726	1	0	45	44.67810703124915
n763	725	1	0	46	44.573940468749164
n776	728	1	0	32	44.955884531249104
n777	729	1	0	43	45.36854437499906
n778	730	1	0	44	45.42864046874906
n766	736	1	0	71	45.04001906249909
n767	738	1	0	75	45.070734843749094
n768	734	1	0	80	45.04268999999909
n769	733	1	0	83	45.0039614062491
n781	735	1	0	46	45.65567015624905
n779	731	1	0	47	45.48740109374906
n782	737	1	0	47	45.79455890624905
n780	732	1	0	51	45.56352281249906
n785	741	1	0	50	46.012240312499046
n783	739	1	0	51	45.80390718749905
n786	742	1	0	51	46.12709062499904
n784	740	1	0	56	45.89738999999905
n789	749	1	0	55	46.427571093749
n787	743	1	0	56	46.20454781249904
n790	750	1	0	56	46.586491874999
n788	745	1	0	59	46.30604343749902
n770	744	1	0	63	46.224579843749034
n774	751	1	0	65	46.681310156249
n771	747	1	0	68	46.22992171874903
n772	746	1	0	71	46.23526359374903
n773	748	1	0	75	46.23259265624903
n775	752	1	0	77	46.689322968748996
n799	754	1	0	39	46.79482499999898
n801	756	1	0	53	47.115337499998944
n802	757	1	0	54	47.18611734374893
n800	755	1	0	63	47.03253843749895
n791	765	1	0	66	46.79616046874898
n792	763	1	0	70	46.80817968749898
n793	764	1	0	75	46.81085062499898
n794	766	1	0	78	46.80150234374898
n805	760	1	0	50	47.4104760937489
n806	761	1	0	51	47.4986170312489
n803	758	1	0	58	47.24888437499892
n804	759	1	0	63	47.32767703124891
n809	768	1	0	45	47.753691562498865
n810	769	1	0	46	47.843167968748865
n807	762	1	0	54	47.561384062498895
n808	767	1	0	58	47.64151218749888
n813	775	1	0	41	48.15833859374886
n814	778	1	0	42	48.30657562499886
n811	770	1	0	51	47.945999062498856
n812	772	1	0	54	48.03146906249886
n795	771	1	0	66	47.999417812498855
n797	776	1	0	68	48.410742187498855
n796	774	1	0	78	47.96870203124885
n798	777	1	0	80	48.402729374998856
n825	779	1	0	30	48.50556046874886
n826	780	1	0	41	48.827408437498825
n827	781	1	0	42	48.86480156249882
n815	788	1	0	69	48.53093437499886
n816	789	1	0	73	48.55764374999885
n817	786	1	0	78	48.546959999998855
n818	785	1	0	81	48.50956687499886
n830	787	1	0	44	49.1292243749988
n828	782	1	0	45	48.94359421874881
n831	790	1	0	45	49.2013396874988
n829	783	1	0	49	49.018380468748795
n834	793	1	0	48	49.46976890624879
n832	791	1	0	49	49.2507520312488
n835	794	1	0	49	49.539213281248784
n833	792	1	0	54	49.348241249998786
n838	800	1	0	53	49.81966171874875
n836	795	1	0	54	49.61667046874878
n839	802	1	0	54	49.96389234374873
n837	796	1	0	57	49.706146874998765
n819	797	1	0	61	49.703475937498766
n823	804	1	0	63	50.097439218748725
n820	801	1	0	66	49.712824218748764
n821	798	1	0	69	49.73552718749876
n822	799	1	0	73	49.707482343748765
n824	803	1	0	75	50.10945843749872
n848	805	1	0	37	50.20160578124872
n850	807	1	0	51	50.500750781248676
n851	808	1	0	52	50.55016312499867
n849	806	1	0	61	50.40860343749869
n840	816	1	0	64	50.20828312499872
n841	818	1	0	68	50.23365703124872
n842	817	1	0	73	50.23098609374872
n843	815	1	0	76	50.21362499999872
n854	811	1	0	48	50.78787656249863
n855	812	1	0	49	50.86666921874862
n852	809	1	0	56	50.61560109374866
n853	810	1	0	61	50.701071093748645
n858	819	1	0	43	51.120408281248594
n859	820	1	0	44	51.19252359374858
n856	813	1	0	52	50.937449062498615
n857	814	1	0	56	51.008228906248604
n862	826	1	0	39	51.47964937499857
n863	829	1	0	40	51.56912578124857
n860	822	1	0	49	51.28600640624858
n861	825	1	0	52	51.35545078124858
n844	821	1	0	64	51.27799359374858
n846	828	1	0	66	51.59449968749857
n845	824	1	0	76	51.27532265624858
n847	827	1	0	78	51.59449968749857
n874	830	1	0	36	51.71602734374855
n876	832	1	0	55	52.00715953124852
n877	833	1	0	56	52.05390093749852
n875	831	1	0	63	51.90967031249853
n864	840	1	0	68	51.71602734374855
n865	842	1	0	75	51.73071749999855
n866	841	1	0	78	51.73739484374855
n867	843	1	0	80	51.71602734374855
n881	837	1	0	52	52.394445468748486
n880	836	1	0	54	52.2996271874985
n879	835	1	0	56	52.24620843749851
n878	834	1	0	57	52.158067499998516
n885	846	1	0	45	52.713622499998486
n884	844	1	0	48	52.62147515624848
n883	839	1	0	49	52.541347031248485
n882	838	1	0	51	52.46923171874848
n888	853	1	0	39	53.04748968749849
n886	847	1	0	43	52.803098906248486
n887	852	1	0	44	52.92329109374849
n889	856	1	0	44	53.16901734374849
n868	848	1	0	68	52.84049203124849
n872	855	1	0	70	53.17970109374849
n869	850	1	0	75	52.848504843748486
n870	851	1	0	78	52.855182187498485
n871	849	1	0	80	52.84449843749849
n873	854	1	0	82	53.19172031249849
n904	857	1	0	38	53.274519374998484
n906	862	1	0	57	53.55229687499846
n907	863	1	0	58	53.63643140624846
n905	859	1	0	65	53.474839687498466
n890	861	1	0	71	53.274519374998484
n891	871	1	0	77	53.27585484374848
n892	870	1	0	80	53.27585484374848
n893	858	1	0	83	53.271848437498484
n911	868	1	0	54	53.96362124999843
n910	866	1	0	56	53.89551234374843
n909	865	1	0	58	53.82873890624843
n908	864	1	0	59	53.752617187498444
n894	867	1	0	70	53.71255312499845
n895	deletion
n896	deletion
n897	869	1	0	82	53.70854671874845
n915	875	1	0	47	54.33621703124842
n914	874	1	0	50	54.23205046874842
n913	873	1	0	51	54.15859968749842
n912	872	1	0	53	54.07179421874842
n918	884	1	0	41	54.667413281248415
n916	879	1	0	45	54.441719062498414
n917	881	1	0	46	54.54054374999841
n919	886	1	0	46	54.77692171874841
n898	876	1	0	70	54.42435796874842
n902	882	1	0	72	54.716825624998414
n899	877	1	0	77	54.432370781248416
n900	878	1	0	80	54.435041718748415
n901	880	1	0	82	54.42702890624842
n903	883	1	0	84	54.716825624998414
n928	887	1	0	40	54.8663981249984
n930	894	1	0	59	55.21094906249838
n931	895	1	0	60	55.26570328124838
n929	893	1	0	67	55.09075687499838
n920	889	1	0	73	54.823663124998404
n921	891	1	0	79	54.8477015624984
n922	892	1	0	82	54.8410242187484
n923	890	1	0	85	54.822327656248405
n935	899	1	0	56	55.62360890624834
n934	898	1	0	58	55.54748718749835
n933	897	1	0	60	55.45266890624836
n932	896	1	0	61	55.35651515624837
n924	905	1	0	72	55.333812187498374
n925	904	1	0	82	55.34583140624837
n926	902	1	0	84	55.332476718748374
n938	906	1	0	52	55.88135437499831
n937	903	1	0	53	55.79454890624832
n936	900	1	0	55	55.714420781248336
n939	907	1	0	55	55.962817968748304
n943	911	1	0	48	56.26463390624831
n942	910	1	0	49	56.1671446874983
n941	909	1	0	52	56.1244096874983
n940	908	1	0	53	56.0376042187483
n945	912	1	0	47	56.3634585937483
n946	913	1	0	48	56.43156749999829
n948	915	1	0	48	56.60250749999826
n947	914	1	0	49	56.511695624998275
n952	919	1	0	41	56.92702640624823
n951	918	1	0	43	56.84556281249824
n950	917	1	0	44	56.76409921874825
n949	916	1	0	46	56.685306562498255
n956	925	1	0	35	57.251545312498195
n955	924	1	0	36	57.148714218748204
n954	922	1	0	37	57.09930187499821
n953	920	1	0	40	56.99246437499822
n960	929	1	0	31	57.59075437499819
n959	928	1	0	32	57.50528437499819
n958	927	1	0	34	57.41046609374819
n957	926	1	0	36	57.343692656248194
n971	930	1	0	29	57.78573281249819
n972	931	1	0	36	58.03947187499816
n973	932	1	0	41	58.163670468748165
n974	935	1	0	43	58.28119171874816
n961	937	1	0	80	57.78973921874819
n962	933	1	0	84	57.78840374999819
n963	936	1	0	89	57.79241015624819
n964	934	1	0	92	57.78840374999819
n975	938	1	0	44	58.36666171874816
n976	939	1	0	48	58.45747359374816
n977	941	1	0	53	58.536266249998164
n978	945	1	0	55	58.63642640624816
n979	946	1	0	56	58.70052890624816
n980	947	1	0	60	58.768637812498156
n981	948	1	0	65	58.84342406249816
n982	949	1	0	67	58.93156499999816
n965	944	1	0	77	58.58968499999816
n966	942	1	0	84	58.60036874999816
n967	943	1	0	89	58.58968499999816
n986	956	1	0	60	59.27077406249815
n985	955	1	0	65	59.17595578124815
n984	953	1	0	67	59.11452421874815
n983	951	1	0	68	59.01035765624815
n968	952	1	0	72	58.956938906248155
n969	954	1	0	77	58.958274374998155
n970	950	1	0	84	58.952932499998155
n997	960	1	0	56	59.692782187498125
n994	957	1	0	61	59.39363718749815
n996	959	1	0	61	59.600634843748125
n995	958	1	0	65	59.51783578124814
n987	962	1	0	70	59.40565640624815
n988	964	1	0	77	59.41634015624815
n989	969	1	0	82	59.40565640624815
n1001	966	1	0	41	60.109448437498116
n1000	965	1	0	44	59.978572499998116
n999	963	1	0	49	59.90912812499812
n998	961	1	0	53	59.80496156249812
n1003	973	1	0	32	60.3124396874981
n1002	967	1	0	37	60.21895687499811
n1004	972	1	0	37	60.41660624999809
n1005	975	1	0	41	60.495398906248084
n990	968	1	0	68	60.201595781248116
n992	971	1	0	80	60.200260312498116
n1007	deletion
n1006	976	1	0	37	60.57552703124808
n1008	978	1	0	37	60.72109312499807
n1009	979	1	0	41	60.81591140624807
n1020	980	1	0	29	60.96281296874807
n1021	981	1	0	36	61.12440468749806
n1022	982	1	0	41	61.227235781248055
n1023	986	1	0	43	61.33140234374805
n1010	987	1	0	80	60.96548390624807
n1011	983	1	0	84	60.96147749999807
n1012	985	1	0	89	60.973496718748066
n1013	984	1	0	92	60.96681937499807
n1024	988	1	0	44	61.42354968749805
n1025	989	1	0	48	61.48765218749805
n1026	990	1	0	53	61.57846406249805
n1027	992	1	0	55	61.66526953124805
n1028	995	1	0	56	61.75474593749805
n1029	997	1	0	60	61.83353859374806
n1030	998	1	0	65	61.90698937499806
n1031	999	1	0	67	61.99379484374806
n1014	994	1	0	77	61.69197890624805
n1015	991	1	0	84	61.69732078124805
n1016	993	1	0	89	61.689307968748054
n1035	1006	1	0	60	62.34769406249806
n1034	1005	1	0	65	62.24619843749806
n1033	1002	1	0	67	62.20746984374806
n1032	1000	1	0	68	62.08460671874806
n1017	1003	1	0	72	62.04988453124806
n1018	1004	1	0	77	62.05389093749806
n1019	1001	1	0	84	62.04454265624806
n1047	1010	1	0	60	62.75901843749804
n1044	1007	1	0	62	62.47189265624805
n1046	1009	1	0	62	62.66954203124804
n1045	1008	1	0	65	62.58540749999805
n1036	1014	1	0	72	62.46254437499805
n1037	1016	1	0	77	62.46521531249805
n1038	1018	1	0	84	62.459873437498054
n1051	1015	1	0	48	63.118259531248036
n1050	1013	1	0	50	63.00741562499804
n1049	1012	1	0	53	62.94598406249804
n1048	1011	1	0	56	62.828462812498046
n1055	1022	1	0	36	63.42141093749803
n1054	1021	1	0	38	63.38268234374804
n1053	1019	1	0	41	63.29320593749804
n1052	1017	1	0	44	63.165000937498036
n1056	1025	1	0	32	63.55896421874803
n1057	1027	1	0	36	63.69651749999801
n1058	1028	1	0	38	63.771303749998005
n1059	1029	1	0	44	63.902179687498005
n1039	1023	1	0	71	63.54961593749803
n1042	deletion
n1040	1026	1	0	77	63.55762874999803
n1041	1024	1	0	83	63.55362234374803
n1043	1030	1	0	84	64.02370734374801
n1065	1032	1	0	31	64.165267031248
n1066	1033	1	0	43	64.167937968748
n1068	1036	1	0	67	64.61264906249795
n1067	1035	1	0	68	64.52050171874797
n1060	1044	1	0	74	64.15992515624801
n1061	1046	1	0	77	64.174615312498
n1062	1042	1	0	83	64.169273437498
n1063	1041	1	0	86	64.16126062499801
n1070	1038	1	0	62	64.74619593749793
n1072	1040	1	0	62	64.92247781249792
n1071	1039	1	0	63	64.82765953124792
n1069	1037	1	0	65	64.68877078124794
n1074	1045	1	0	55	65.09341781249789
n1076	1048	1	0	55	65.24566124999787
n1075	1047	1	0	56	65.15351390624788
n1073	1043	1	0	59	64.9985995312479
n1078	1050	1	0	50	65.42060765624785
n1080	1052	1	0	50	65.55816093749785
n1079	1051	1	0	51	65.46467812499785
n1077	1049	1	0	53	65.32712484374787
n1090	1054	1	0	43	65.72242359374782
n1092	1056	1	0	43	65.87066062499781
n1091	1055	1	0	44	65.77851328124783
n1089	1053	1	0	47	65.63294718749783
n1094	1058	1	0	38	66.02691046874779
n1096	1060	1	0	38	66.18850218749776
n1095	1059	1	0	39	66.10036124999777
n1093	1057	1	0	41	65.9427759374978
n1098	1062	1	0	31	66.36344859374773
n1100	1064	1	0	31	66.5383949999977
n1097	1061	1	0	36	66.27397218749775
n1099	1063	1	0	36	66.43689937499772
n1102	1070	1	0	31	66.77744390624768
n1104	1074	1	0	31	67.07925984374766
n1101	1069	1	0	36	66.64256156249769
n1103	1071	1	0	36	66.92568093749767
n1087	1072	1	0	67	67.04854406249767
n1083	1065	1	0	68	66.63989062499769
n1084	1068	1	0	75	66.64389703124769
n1085	1067	1	0	77	66.65057437499769
n1088	1073	1	0	79	67.04854406249767
n1086	1066	1	0	80	66.64389703124769
n1110	1075	1	0	35	67.21948406249766
n1112	1077	1	0	67	67.61077640624762
n1111	1076	1	0	68	67.53732562499764
n1105	1084	1	0	77	67.21147124999766
n1106	1086	1	0	79	67.21681312499766
n1107	1083	1	0	86	67.22081953124766
n1108	1081	1	0	89	67.21414218749766
n1114	1079	1	0	62	67.7536715624976
n1116	1082	1	0	62	67.91259234374758
n1115	1080	1	0	63	67.83379968749759
n1113	1078	1	0	65	67.69758187499761
n1118	1087	1	0	55	68.08887421874755
n1120	1089	1	0	55	68.23444031249753
n1119	1088	1	0	56	68.15030578124754
n1117	1085	1	0	59	68.00340421874756
n1122	1091	1	0	50	68.39469656249753
n1124	1093	1	0	50	68.52957890624752
n1123	1092	1	0	51	68.44677984374754
n1121	1090	1	0	53	68.30922656249753
n1134	1095	1	0	43	68.68849968749751
n1136	1097	1	0	43	68.85676874999749
n1135	1096	1	0	44	68.7552731249975
n1133	1094	1	0	47	68.62039078124752
n1138	1099	1	0	38	69.01568953124749
n1140	1101	1	0	38	69.16793296874748
n1139	1100	1	0	39	69.08513390624749
n1137	1098	1	0	41	68.92888406249749
n1142	1103	1	0	31	69.33486656249747
n1144	1106	1	0	31	69.52316765624745
n1141	1102	1	0	36	69.25340296874748
n1143	1104	1	0	36	69.42567843749745
n1146	1112	1	0	31	69.72749437499745
n1148	1116	1	0	31	70.01595562499743
n1145	1111	1	0	36	69.61665046874745
n1147	1113	1	0	36	69.87038953124744
n1131	1114	1	0	67	70.03331671874743
n1127	1107	1	0	68	69.61130859374745
n1128	1110	1	0	75	69.61531499999745
n1129	1109	1	0	77	69.61798593749745
n1132	1115	1	0	79	70.03465218749743
n1130	1108	1	0	80	69.61264406249745
n1167	1117	1	0	47	70.19757937499743
n1149	1118	1	0	77	70.20158578124743
n1150	1119	1	0	79	70.21226953124743
n1169	1124	1	0	79	70.58352984374741
n1168	1123	1	0	80	70.52476921874741
n1151	1121	1	0	86	70.20692765624743
n1152	1120	1	0	91	70.20559218749743
n1154	1126	1	0	91	70.60489734374741
n1153	1125	1	0	92	70.52476921874741
n1171	1129	1	0	74	70.73043140624739
n1173	1133	1	0	74	70.87733296874738
n1172	1131	1	0	75	70.7972048437474
n1170	1127	1	0	77	70.6623224999974
n1156	1130	1	0	86	70.74245062499739
n1158	1134	1	0	86	70.87866843749738
n1157	1132	1	0	87	70.80922406249739
n1155	1128	1	0	89	70.6649934374974
n1175	1137	1	0	67	71.06696953124737
n1177	1142	1	0	67	71.18983265624735
n1176	deletion
n1174	1136	1	0	71	70.96413843749737
n1160	1138	1	0	79	71.03091187499737
n1162	1141	1	0	79	71.18181984374735
n1161	1140	1	0	80	71.11103999999736
n1159	1135	1	0	83	70.95746109374737
n1179	1145	1	0	62	71.35543078124734
n1181	1149	1	0	62	71.48363578124733
n1180	1147	1	0	63	71.40350765624734
n1178	1144	1	0	65	71.26461890624735
n1164	1146	1	0	74	71.33272781249734
n1166	1150	1	0	74	71.48497124999733
n1165	1148	1	0	75	71.41152046874734
n1163	1143	1	0	77	71.26194796874735
n1199	1154	1	0	55	71.6572467187473
n1201	1157	1	0	55	71.76942609374728
n1200	1155	1	0	56	71.6973107812473
n1198	1152	1	0	59	71.57177671874732
n1183	1153	1	0	67	71.62653093749731
n1185	1158	1	0	67	71.77343249999728
n1184	1156	1	0	68	71.6986462499973
n1182	1151	1	0	71	71.55975749999732
n1203	1161	1	0	50	71.94971437499726
n1205	1166	1	0	50	72.07658390624724
n1204	1163	1	0	51	71.98443656249725
n1202	1160	1	0	53	71.86023796874727
n1187	1162	1	0	62	71.91899859374726
n1189	1167	1	0	62	72.08593218749724
n1188	1165	1	0	63	72.00446859374725
n1186	1159	1	0	65	71.84554781249727
n1207	1171	1	0	43	72.24218203124721
n1209	1175	1	0	43	72.38774812499719
n1208	1173	1	0	44	72.2996071874972
n1206	1169	1	0	47	72.18876328124722
n1191	1172	1	0	55	72.26087859374721
n1193	1176	1	0	55	72.40243828124719
n1192	1174	1	0	56	72.3196392187472
n1190	1168	1	0	59	72.16739578124722
n1211	deletion
n1213	deletion
n1212	deletion
n1210	1178	1	0	41	72.47722453124717
n1195	1179	1	0	50	72.56002359374716
n1197	1181	1	0	50	72.72027984374714
n1196	1180	1	0	51	72.63881624999715
n1194	1177	1	0	53	72.48123093749717
n1231	1185	1	0	35	72.85783312499711
n1230	1183	1	0	36	72.77503406249713
n1233	1188	1	0	41	73.00740562499709
n1232	1186	1	0	43	72.9326193749971
n1215	1184	1	0	47	72.87519421874711
n1214	1182	1	0	48	72.77770499999713
n1217	1190	1	0	53	73.02610218749709
n1216	1187	1	0	55	72.9526514062471
n1235	1192	1	0	38	73.10890124999707
n1237	1197	1	0	38	73.29453140624705
n1234	1189	1	0	39	73.07551453124708
n1236	1194	1	0	39	73.21840968749706
n1219	1193	1	0	50	73.17834562499706
n1221	1196	1	0	50	73.31589890624704
n1218	1191	1	0	51	73.09421109374708
n1220	1195	1	0	51	73.25713828124705
n1239	1200	1	0	35	73.45745859374702
n1238	1199	1	0	36	73.42140093749703
n1241	1204	1	0	44	73.66579171874699
n1240	1202	1	0	46	73.569637968747
n1223	1201	1	0	47	73.50152906249701
n1222	1198	1	0	48	73.40671078124703
n1225	1205	1	0	56	73.66178531249699
n1224	1203	1	0	58	73.591005468747
n1243	1208	1	0	41	73.78197749999698
n1245	1213	1	0	41	73.95959484374696
n1242	1206	1	0	43	73.73657156249698
n1244	1210	1	0	43	73.87412484374697
n1227	1209	1	0	53	73.81269328124698
n1229	1212	1	0	53	73.96894312499695
n1226	1207	1	0	55	73.72989421874698
n1228	1211	1	0	55	73.91151796874696
n1263	1216	1	0	38	74.10516093749693
n1262	1214	1	0	39	74.02236187499695
n1247	1217	1	0	50	74.12919937499693
n1265	1220	1	0	50	74.34955171874692
n1246	1215	1	0	51	74.02770374999695
n1264	1218	1	0	51	74.24404968749693
n1249	1221	1	0	62	74.32951968749693
n1248	1219	1	0	63	74.24538515624693
n1267	1223	1	0	47	74.44169906249691
n1269	1227	1	0	47	74.61130359374688
n1266	1222	1	0	48	74.41231874999691
n1268	1226	1	0	48	74.5285045312469
n1251	1225	1	0	59	74.4911114062469
n1253	1229	1	0	59	74.63400656249688
n1250	1224	1	0	60	74.40163499999692
n1252	1228	1	0	60	74.56856859374689
n1271	1232	1	0	43	74.75152781249686
n1273	1236	1	0	43	74.93448703124683
n1270	1230	1	0	44	74.66739328124687
n1272	1234	1	0	44	74.85302343749684
n1255	1233	1	0	55	74.76621796874686
n1257	1237	1	0	55	74.92647421874683
n1254	1231	1	0	56	74.69543812499687
n1256	1235	1	0	56	74.83966874999685
n1275	1240	1	0	39	75.10542703124682
n1277	1243	1	0	39	75.23229656249681
n1274	1238	1	0	41	75.00660234374682
n1276	1241	1	0	41	75.15617484374681
n1259	1242	1	0	51	75.11477531249682
n1261	1245	1	0	51	75.29372812499682
n1258	1239	1	0	53	75.01194421874682
n1260	1244	1	0	53	75.21092906249682
n1282	1247	1	0	36	75.42593953124681
n1283	1248	1	0	43	75.6836849999968
n1278	1246	1	0	48	75.42727499999681
n1284	1249	1	0	48	75.77316140624679
n1285	1250	1	0	50	75.87198609374678
n1286	1251	1	0	51	75.93341765624679
n1287	1253	1	0	55	76.00019109374679
n1288	1254	1	0	60	76.07364187499678
n1289	1255	1	0	62	76.15777640624678
n1291	1257	1	0	62	76.31269078124677
n1293	1259	1	0	55	76.51034015624677
n1292	1258	1	0	60	76.41685734374677
n1290	1256	1	0	63	76.20985968749679
n1297	1263	1	0	43	76.83752999999679
n1296	1262	1	0	48	76.75339546874679
n1295	1261	1	0	50	76.64121609374678
n1294	1260	1	0	51	76.58111999999677
n1309	1264	1	0	36	76.91765812499679
n1310	1265	1	0	43	77.02048921874677
n1311	1266	1	0	48	77.12332031249676
n1312	1267	1	0	50	77.23549968749676
n1316	1271	1	0	43	77.56402499999676
n1318	1275	1	0	43	77.74831968749676
n1315	1270	1	0	48	77.48923874999676
n1319	1277	1	0	48	77.87251828124677
n1314	1269	1	0	50	77.39709140624676
n1320	deletion
n1313	1268	1	0	51	77.31028593749676
n1317	1274	1	0	36	77.64148218749676
n1301	1272	1	0	72	77.80040296874677
n1302	1273	1	0	84	77.79506109374677
n1324	1287	1	0	43	78.55227187499676
n1323	1284	1	0	48	78.42940874999677
n1322	1280	1	0	50	78.02609718749676
insertion	1283	1	0	50	78.32924859374675
n1321	1282	1	0	51	78.20104359374676
n1303	1276	1	0	73	77.91658874999676
n1305	1279	1	0	74	78.03277453124676
n1307	1285	1	0	75	78.57898124999676
n1304	1278	1	0	85	77.92193062499676
n1306	1281	1	0	86	78.03010359374676
n1308	1286	1	0	87	78.58031671874676
n1341	1288	1	0	36	78.69249609374674
n1342	1289	1	0	43	78.83672671874673
n1343	1290	1	0	48	78.96092531249671
n1344	1291	1	0	50	79.0971431249967
n1325	1295	1	0	75	78.68581874999674
n1326	1294	1	0	87	78.68181234374674
n1345	1292	1	0	51	79.17192937499671
n1346	1293	1	0	55	79.25606390624671
n1347	1296	1	0	60	79.34687578124671
n1348	1297	1	0	62	79.44570046874671
n1350	1299	1	0	62	79.6139695312467
n1352	1302	1	0	55	79.86103124999666
n1351	1300	1	0	60	79.73416171874668
n1349	1298	1	0	63	79.52449312499671
n1329	1301	1	0	67	79.85435390624666
n1330	1303	1	0	72	79.88239874999665
n1331	1306	1	0	75	79.86236671874666
n1332	1304	1	0	79	79.85702484374666
n1356	1314	1	0	43	80.34447093749664
n1355	1312	1	0	48	80.18555015624663
n1354	1308	1	0	50	80.03464218749663
n1353	1307	1	0	51	79.93448203124665
n1333	deletion
n1337	1313	1	0	67	80.38052859374663
n1334	1305	1	0	72	79.95852046874664
n1338	1311	1	0	72	80.37118031249663
n1335	deletion
n1339	1310	1	0	75	80.35381921874664
n1340	1309	1	0	79	80.34046453124664
n1336	deletion
n1379	1316	1	0	36	80.47801781249662
n1380	1315	1	0	43	80.6315967187466
n1381	1317	1	0	48	80.75846624999657
n1382	1318	1	0	50	80.87331656249657
n1384	1322	1	0	50	81.06829499999657
n1357	1319	1	0	68	80.49671437499661
n1358	1326	1	0	72	80.51541093749661
n1359	1325	1	0	75	80.47267593749662
n1360	1321	1	0	80	80.47267593749662
n1386	1328	1	0	43	81.31001484374654
n1388	1330	1	0	43	81.50632874999653
n1385	1323	1	0	48	81.21386109374656
n1383	1320	1	0	51	80.95745109374657
n1387	1332	1	0	36	81.40349765624653
n1389	1335	1	0	48	81.64788843749652
n1390	1338	1	0	50	81.81348656249652
n1361	1324	1	0	67	81.31669218749654
n1365	1329	1	0	71	81.53170265624652
n1367	1333	1	0	72	81.72935203124652
n1364	1327	1	0	79	81.31268578124654
n1366	1331	1	0	83	81.52903171874652
n1368	1334	1	0	84	81.72267468749652
n1394	1344	1	0	43	82.39842187499649
n1393	1343	1	0	48	82.28624249999649
n1392	1342	1	0	50	82.1473537499965
n1391	1341	1	0	51	81.98309109374651
n1372	1337	1	0	73	81.88293093749651
n1374	1339	1	0	74	81.99377484374651
n1377	1346	1	0	75	82.50392390624648
n1373	1336	1	0	85	81.88960828124651
n1375	1340	1	0	86	81.99511031249651
n1378	1345	1	0	87	82.50926578124648
n1411	1347	1	0	36	82.57737468749647
n1412	1348	1	0	43	82.71759890624645
n1413	1349	1	0	48	82.83779109374643
n1414	1350	1	0	50	82.94997046874643
n1395	1354	1	0	75	82.59607124999647
n1396	1353	1	0	87	82.59473578124647
n1415	1351	1	0	51	83.01807937499643
n1416	1352	1	0	55	83.10221390624643
n1417	1355	1	0	60	83.18234203124642
n1418	1356	1	0	62	83.27315390624642
n1420	1358	1	0	62	83.42005546874641
n1422	1366	1	0	55	83.6110274999964
n1421	1363	1	0	60	83.5175446874964
n1419	1357	1	0	63	83.32123078124641
n1399	1359	1	0	67	83.5856535937464
n1400	1360	1	0	72	83.5869890624964
n1401	1361	1	0	75	83.5869890624964
n1402	1362	1	0	79	83.5936664062464
n1426	1376	1	0	43	83.99564249999635
n1425	1374	1	0	48	83.87945671874635
n1424	1370	1	0	50	83.77929656249637
n1423	1369	1	0	51	83.68848468749638
n1403	1365	1	0	67	83.67112359374639
n1407	1371	1	0	67	84.02235187499635
n1404	1367	1	0	72	83.67512999999639
n1408	1373	1	0	72	84.03437109374634
n1405	1368	1	0	75	83.67646546874639
n1409	1375	1	0	75	84.03170015624634
n1406	1364	1	0	79	83.66845265624639
n1410	1372	1	0	79	84.03170015624634
n1431	1377	1	0	36	84.13453124999634
n1432	1378	1	0	42	84.26140078124634
n1433	1379	1	0	48	84.34954171874632
n1434	1380	1	0	50	84.44168906249632
n1427	1390	1	0	69	84.13720218749634
n1428	1391	1	0	72	84.15055687499634
n1429	1393	1	0	75	84.14120859374634
n1430	1389	1	0	81	84.13586671874634
n1438	1383	1	0	42	84.76620796874633
n1437	1384	1	0	48	84.70076999999633
n1436	1382	1	0	50	84.59660343749633
n1435	1381	1	0	51	84.51781078124633
n1439	1385	1	0	36	84.83832328124633
n1440	1386	1	0	42	84.94115437499633
n1441	1387	1	0	48	84.99457312499632
n1442	1388	1	0	50	85.10274609374633
n1444	1394	1	0	50	85.23762843749633
n1446	1396	1	0	42	85.43527781249632
n1445	1395	1	0	48	85.34847234374632
n1443	1392	1	0	51	85.16150671874634
n1476	1402	1	0	35	85.5447862499963
n1477	1404	1	0	47	85.64895281249629
n1478	1406	1	0	50	85.80920906249628
n1479	1407	1	0	55	85.86129234374627
n1447	1397	1	0	69	85.44462609374632
n1448	1398	1	0	74	85.48602562499632
n1449	1399	1	0	81	85.53677343749631
n1450	1401	1	0	86	85.5514635937463
n1483	1412	1	0	47	86.24190093749628
n1482	1411	1	0	50	86.10701859374628
n1481	1410	1	0	55	86.02956140624627
n1480	1409	1	0	62	85.96946531249628
n1452	1413	1	0	67	85.98014906249628
n1453	1414	1	0	74	85.98816187499628
n1454	1415	1	0	79	85.97747812499628
n1484	1416	1	0	34	86.35007390624628
n1485	1417	1	0	46	86.48629171874627
n1486	1424	1	0	49	86.66123812499626
n1487	deletion
n1456	1418	1	0	67	86.51033015624627
n1459	1421	1	0	67	86.67058640624626
n1457	1420	1	0	73	86.51567203124627
n1460	1423	1	0	73	86.67058640624626
n1458	1419	1	0	79	86.51567203124627
n1461	1422	1	0	79	86.67058640624626
n1491	1434	1	0	46	87.00178265624622
n1490	1430	1	0	49	86.86422937499623
n1489	1429	1	0	55	86.81748796874624
n1488	1426	1	0	61	86.78944312499624
n1466	1427	1	0	67	86.80012687499624
n1473	1436	1	0	67	87.1273167187462
n1469	1432	1	0	68	86.90696437499622
n1467	deletion
n1470	deletion
n1474	deletion
n1468	1428	1	0	79	86.80146234374624
n1475	1437	1	0	79	87.1299876562462
n1471	1433	1	0	80	86.90696437499622
n1523	1441	1	0	33	87.1593679687462
n1524	1442	1	0	45	87.29024390624618
n1525	1447	1	0	48	87.40242328124616
n1526	1448	1	0	53	87.48789328124616
n1528	1450	1	0	53	87.67619437499616
n1492	1439	1	0	67	87.22747687499619
n1493	1438	1	0	72	87.22347046874619
n1495	1446	1	0	72	87.33030796874617
n1494	1440	1	0	79	87.22347046874619
n1496	1445	1	0	84	87.34232718749617
n1530	1452	1	0	45	87.87918562499617
n1529	1451	1	0	48	87.74163234374616
n1527	1449	1	0	60	87.60140812499615
n1498	1454	1	0	65	87.67218796874616
n1499	1455	1	0	72	87.67619437499616
n1503	1460	1	0	72	88.20370453124613
n1506	1466	1	0	72	88.39734749999613
n1512	1470	1	0	72	88.58698406249613
n1515	1474	1	0	72	88.69515703124613
n1518	1480	1	0	72	88.79531718749611
n1521	1485	1	0	72	89.1532228124961
n1500	1453	1	0	77	87.67085249999616
n1531	1457	1	0	32	87.99937781249616
n1532	1458	1	0	44	88.14895031249614
n1533	1463	1	0	48	88.35461249999614
n1534	1467	1	0	53	88.40936671874613
n1502	1459	1	0	65	88.19435624999613
n1505	1464	1	0	65	88.38399281249613
n1504	1461	1	0	77	88.19435624999613
n1507	1465	1	0	77	88.38799921874613
n1538	1482	1	0	44	88.9261931249961
n1537	1476	1	0	48	88.68847968749613
n1536	1472	1	0	53	88.59766781249613
n1535	1468	1	0	60	88.52822343749612
n1511	1469	1	0	64	88.58564859374613
n1514	1477	1	0	65	88.78596890624611
insertion	1473	1	0	65	88.68981515624613
n1520	1484	1	0	65	89.1064814062461
n1517	1478	1	0	67	88.78730437499611
n1513	1471	1	0	76	88.58431312499613
n1516	1475	1	0	77	88.68580874999613
n1522	1483	1	0	77	89.1158296874961
n1519	1479	1	0	79	88.77929156249611
n1549	1486	1	0	31	89.22133171874609
n1550	1487	1	0	43	89.38559437499607
n1552	1492	1	0	47	89.63532703124604
n1551	1491	1	0	48	89.52581859374605
n1539	1489	1	0	64	89.21064796874609
n1540	1490	1	0	72	89.20664156249609
n1541	1488	1	0	76	89.20263515624609
n1554	1494	1	0	48	89.816950781246
n1553	1493	1	0	49	89.72346796874602
n1556	1496	1	0	49	90.02394843749597
n1555	1495	1	0	50	89.91978187499599
n1542	1503	1	0	63	89.71144874999602
n1548	1502	1	0	72	89.69942953124603
n1543	1504	1	0	75	89.70076499999603
n1558	1498	1	0	50	90.19088203124596
n1557	1497	1	0	51	90.09072187499598
n1560	1500	1	0	51	90.34846734374595
n1559	1499	1	0	52	90.24964265624595
n1562	1505	1	0	52	90.52074281249593
n1561	1501	1	0	53	90.41123437499594
n1564	1507	1	0	53	90.73708874999592
n1563	1506	1	0	54	90.61556109374592
n1546	1508	1	0	63	90.78650109374591
n1547	1509	1	0	75	90.77848828124591
n1572	1511	1	0	54	91.04558203124587
n1571	1510	1	0	55	90.8813193749959
n1574	1515	1	0	55	91.28863734374585
n1573	1513	1	0	56	91.18580624999585
n1567	1512	1	0	63	90.91737703124589
n1565	1527	1	0	71	90.92538984374589
n1568	1514	1	0	75	90.91604156249589
n1578	1519	1	0	53	91.69328437499578
n1577	1518	1	0	55	91.5944596874958
n1576	1517	1	0	56	91.47960937499582
n1575	1516	1	0	58	91.41016499999583
n1569	1525	1	0	62	91.47560296874582
n1570	1529	1	0	74	91.45557093749582
n1582	1523	1	0	47	92.01246140624576
n1581	1522	1	0	48	91.93767515624577
n1580	1521	1	0	50	91.86689531249577
n1579	1520	1	0	51	91.76807062499577
n1586	1530	1	0	38	92.31961921874571
n1585	1528	1	0	41	92.24883937499573
n1584	1526	1	0	43	92.17004671874574
n1583	1524	1	0	44	92.08057031249575
n1588	1531	1	0	36	92.4197793749957
n1589	1532	1	0	43	92.59739671874567
n1590	1533	1	0	48	92.69087953124566
n1591	1534	1	0	50	92.78836874999564
n1592	1535	1	0	51	92.86449046874563
n1593	1536	1	0	55	92.92725749999562
n1594	1537	1	0	60	93.0073856249956
n1595	1538	1	0	62	93.0995329687456
n1597	1540	1	0	62	93.2464345312456
n1599	1542	1	0	55	93.43340015624558
n1598	1541	1	0	60	93.35060109374558
n1596	1539	1	0	63	93.15562265624561
n1603	1546	1	0	43	93.75391265624559
n1602	1545	1	0	48	93.66844265624559
n1601	1544	1	0	50	93.56160515624558
n1600	1543	1	0	51	93.50150906249559
n1620	1547	1	0	36	93.83804718749558
n1621	1548	1	0	43	93.92485265624556
n1622	1549	1	0	48	94.03569656249554
n1623	1550	1	0	50	94.13719218749553
n1627	1554	1	0	43	94.48040765624555
n1629	1556	1	0	43	94.70343093749554
n1626	1553	1	0	48	94.42431796874554
n1625	1552	1	0	50	94.29744843749553
n1624	1551	1	0	51	94.21197843749553
n1628	1558	1	0	36	94.59258703124554
n1630	1561	1	0	48	94.81026843749554
n1631	1564	1	0	50	94.94782171874554
n1606	1555	1	0	71	94.69942453124554
n1608	1559	1	0	72	94.84365515624553
n1607	1557	1	0	83	94.69808906249554
n1609	1560	1	0	84	94.83964874999553
n1635	1571	1	0	43	95.45262890624555
n1634	1570	1	0	48	95.35647515624555
n1633	1569	1	0	50	95.22960562499554
n1632	1566	1	0	51	95.09739421874555
n1613	1563	1	0	73	94.97052468749554
n1615	1567	1	0	74	95.08537499999555
n1618	1573	1	0	75	95.58751124999556
n1614	1562	1	0	85	94.97853749999554
n1616	1568	1	0	86	95.08804593749555
n1619	1572	1	0	87	95.59819499999556
n1652	1575	1	0	36	95.64760734374555
n1653	1576	1	0	43	95.81320546874552
n1654	1577	1	0	48	95.9694553124955
n1655	1578	1	0	50	96.12570515624547
n1636	1584	1	0	75	95.69034234374554
n1637	1582	1	0	87	95.69301328124554
n1656	1579	1	0	51	96.19648499999548
n1657	1580	1	0	55	96.29263874999548
n1658	1581	1	0	60	96.37143140624546
n1659	1583	1	0	62	96.46624968749546
n1661	1586	1	0	62	96.63986062499546
n1663	1591	1	0	55	96.86555484374543
n1662	1587	1	0	60	96.75337546874545
n1660	1585	1	0	63	96.53970046874547
n1640	1588	1	0	67	96.85754203124543
n1641	1590	1	0	72	96.87356765624543
n1642	1589	1	0	75	96.86421937499543
n1643	1593	1	0	79	96.85353562499543
n1667	1602	1	0	43	97.30358859374539
n1666	1597	1	0	48	97.19140921874539
n1665	1596	1	0	50	97.0511849999954
n1664	1595	1	0	51	96.94434749999542
n1644	1592	1	0	67	96.96037312499541
n1648	1600	1	0	67	97.35166546874538
n1645	1594	1	0	72	96.95903765624541
n1649	1598	1	0	72	97.34231718749538
n1650	1599	1	0	75	97.34765906249538
n1646	deletion
n1647	deletion
n1651	1601	1	0	79	97.35834281249538
n1690	1603	1	0	36	97.43847093749537
n1691	1604	1	0	43	97.56667593749535
n1692	1606	1	0	48	97.68152624999533
n1693	1608	1	0	50	97.79103468749533
n1695	1609	1	0	50	98.0153934374953
n1668	1607	1	0	68	97.44247734374537
n1669	1612	1	0	72	97.44247734374537
n1670	1611	1	0	75	97.44648374999537
n1671	1605	1	0	80	97.43579999999537
n1697	1616	1	0	43	98.2571132812453
n1699	1620	1	0	43	98.51886515624531
n1696	1615	1	0	48	98.1395920312453
n1700	1623	1	0	48	98.61902531249531
n1694	1610	1	0	51	97.89520124999532
n1698	1619	1	0	36	98.3746345312453
n1701	1627	1	0	50	98.7565785937453
n1672	1613	1	0	67	98.1916753124953
n1676	1617	1	0	71	98.3759699999953
n1678	1621	1	0	72	98.57094843749532
n1675	1614	1	0	79	98.1916753124953
n1677	1618	1	0	83	98.3786409374953
n1679	1622	1	0	84	98.56827749999532
n1705	1639	1	0	43	99.30011437499527
n1704	1635	1	0	48	99.17591578124528
n1703	1634	1	0	50	98.98761468749528
n1702	1633	1	0	51	98.8714289062453
n1682	1625	1	0	73	98.71517906249531
n1684	1626	1	0	74	98.81667468749531
n1688	1637	1	0	75	99.34952671874527
n1686	deletion
n1683	1624	1	0	85	98.71918546874531
n1685	1628	1	0	86	98.81934562499531
n1689	1636	1	0	87	99.34952671874527
n1687	1630	1	0	89	98.92217671874529
n1722	1640	1	0	36	99.44167406249525
n1723	1641	1	0	43	99.58056281249523
n1724	1642	1	0	48	99.66469734374522
n1725	1643	1	0	50	99.7782121874952
n1706	1647	1	0	75	99.44167406249525
n1707	1646	1	0	87	99.44167406249525
n1726	1644	1	0	51	99.84498562499519
n1727	1645	1	0	55	99.92110734374519
n1728	1648	1	0	60	100.01859656249519
n1729	1649	1	0	62	100.11742124999519
n1731	1652	1	0	62	100.28034843749519
n1733	1658	1	0	55	100.49001703124519
n1732	1657	1	0	60	100.39252781249519
n1730	1650	1	0	63	100.18820109374519
n1710	1653	1	0	67	100.45796578124519
n1711	1655	1	0	72	100.46464312499519
n1712	1654	1	0	75	100.46464312499519
n1713	1656	1	0	79	100.46197218749519
n1737	1670	1	0	43	100.85994187499514
n1736	1667	1	0	48	100.75176890624515
n1735	1664	1	0	50	100.64092499999516
n1734	1663	1	0	51	100.55278406249518
n1714	1660	1	0	67	100.54343578124518
n1718	1668	1	0	67	100.92003796874515
n1715	1661	1	0	72	100.54877765624518
n1719	1665	1	0	72	100.92537984374515
n1716	1662	1	0	75	100.54877765624518
n1720	1669	1	0	75	100.92671531249515
n1717	1659	1	0	79	100.53275203124518
n1721	1666	1	0	79	100.93072171874515
n1741	1671	1	0	36	101.00150156249514
n1742	1672	1	0	42	101.14573218749513
n1743	1673	1	0	48	101.24322140624511
n1744	1674	1	0	50	101.3433815624951
n1738	1683	1	0	69	101.02019812499513
n1739	1686	1	0	75	101.02153359374513
n1740	1682	1	0	81	101.01752718749513
n1748	1678	1	0	42	101.65988765624509
n1750	1680	1	0	42	101.8174729687451
n1747	1677	1	0	48	101.58243046874509
n1746	1676	1	0	50	101.46758015624509
n1745	1675	1	0	51	101.40347765624509
n1749	1679	1	0	36	101.73200296874509
n1751	1681	1	0	48	101.9016074999951
n1752	1685	1	0	50	101.9950903124951
n1756	1690	1	0	42	102.33162843749508
n1755	1689	1	0	48	102.23547468749508
n1754	1688	1	0	50	102.1566820312451
n1753	1687	1	0	51	102.0672056249951
n1772	1692	1	0	37	102.59872218749507
n1773	1693	1	0	49	102.78168140624504
n1774	1695	1	0	54	102.91789921874505
n1775	1696	1	0	56	102.99535640624505
n1757	1698	1	0	70	102.59338031249507
n1758	1697	1	0	73	102.59738671874507
n1759	1694	1	0	82	102.59338031249507
n1779	1702	1	0	49	103.31853984374503
n1781	1704	1	0	49	103.51886015624501
n1778	1701	1	0	54	103.21837968749503
n1777	1700	1	0	56	103.16763187499504
n1776	1699	1	0	58	103.08216187499504
n1780	1703	1	0	37	103.40935171874503
n1782	1709	1	0	54	103.65641343749499
n1783	1710	1	0	56	103.74054796874498
n1760	1706	1	0	68	103.40801624999503
n1761	1707	1	0	70	103.41602906249503
n1762	1708	1	0	73	103.41602906249503
n1763	1705	1	0	80	103.40668078124503
n1787	1719	1	0	49	104.170568906245
n1786	1718	1	0	54	104.02099640624499
n1785	1716	1	0	56	103.93953281249499
n1784	1712	1	0	58	103.82735343749498
n1768	1721	1	0	65	104.30010937499499
n1764	1714	1	0	66	103.80865687499498
n1765	1715	1	0	70	103.82868890624498
n1769	1720	1	0	70	104.30545124999499
n1766	1717	1	0	73	103.82468249999498
n1770	1723	1	0	73	104.30812218749499
n1771	1722	1	0	77	104.30545124999499
n1767	1713	1	0	78	103.80865687499498
n1796	1724	1	0	37	104.41228874999497
n1797	1725	1	0	49	104.57655140624495
n1798	1726	1	0	55	104.77954265624494
n1799	1728	1	0	58	104.85699984374494
n1802	deletion
n1788	1730	1	0	65	104.40961781249497
n1789	1731	1	0	70	104.42163703124497
n1790	1740	1	0	73	104.40160499999497
n1791	1727	1	0	77	104.39759859374497
n1803	deletion
n1801	1732	1	0	60	105.05865562499493
n1800	1729	1	0	61	104.95849546874494
n1807	1742	1	0	49	105.5247342187449
n1806	1741	1	0	52	105.4713154687449
n1805	1738	1	0	53	105.3885164062449
n1804	1735	1	0	55	105.3230784374949
n1792	1737	1	0	64	105.21757640624492
n1794	1736	1	0	76	105.21891187499492
n1811	1746	1	0	43	105.83856937499488
n1810	1745	1	0	44	105.75577031249487
n1809	1744	1	0	46	105.71169984374488
n1808	1743	1	0	48	105.62355890624488
n1828	1748	1	0	35	106.03888968749487
n1829	1749	1	0	47	106.19380406249485
n1830	1752	1	0	52	106.30865437499484
n1831	1754	1	0	54	106.39412437499485
n1812	1755	1	0	68	106.02954140624487
n1813	1753	1	0	71	106.03087687499487
n1814	1751	1	0	76	106.04156062499487
n1815	1750	1	0	80	106.03354781249487
n1835	1759	1	0	47	106.73066249999482
n1837	1762	1	0	47	106.9443374999948
n1834	1758	1	0	52	106.61314124999483
n1833	1757	1	0	54	106.57441265624483
n1832	1756	1	0	56	106.47024609374483
n1836	1760	1	0	35	106.82681624999482
n1838	1766	1	0	52	107.0591878124948
n1839	1767	1	0	54	107.1513351562448
n1816	1763	1	0	66	106.80678421874482
n1817	1765	1	0	68	106.80544874999482
n1818	1764	1	0	71	106.80945515624482
n1822	1772	1	0	71	107.22211499999479
n1826	1779	1	0	71	107.72291578124477
n1846	deletion
n1819	1761	1	0	78	106.80945515624482
n1843	1775	1	0	47	107.56666593749476
n1842	1773	1	0	52	107.43445453124477
n1841	1771	1	0	54	107.35699734374478
n1840	1768	1	0	56	107.24748890624478
n1824	1776	1	0	63	107.70822562499477
n1820	1770	1	0	64	107.21143124999479
n1821	1774	1	0	68	107.22345046874479
n1825	1778	1	0	68	107.71623843749477
n1827	1777	1	0	75	107.72291578124477
n1823	1769	1	0	76	107.21143124999479
n1852	1780	1	0	35	107.79770203124475
n1853	1781	1	0	47	107.97665484374473
n1854	1782	1	0	53	108.15293671874471
n1855	1783	1	0	56	108.25176140624471
n1844	1785	1	0	63	107.81372765624475
n1845	1786	1	0	68	107.82708234374475
n1847	1784	1	0	75	107.81639859374475
n1859	1790	1	0	54	108.5696029687447
n1858	1789	1	0	56	108.4894748437447
n1857	1788	1	0	58	108.4347206249947
n1856	1787	1	0	59	108.3345604687447
n1863	1795	1	0	47	108.98760468749467
n1862	1793	1	0	50	108.85138687499467
n1861	1792	1	0	51	108.77259421874469
n1860	1791	1	0	53	108.6831178124947
n1848	1794	1	0	62	108.63504093749471
n1850	1796	1	0	74	108.62035078124471
n1867	1801	1	0	41	109.31212359374464
n1866	1800	1	0	42	109.25603390624465
n1865	1799	1	0	44	109.14652546874466
n1864	1798	1	0	46	109.07841656249467
n1871	1802	1	0	34	109.6780420312446
n1872	1803	1	0	46	109.96783874999456
n1873	1804	1	0	51	110.12542406249456
n1874	1805	1	0	53	110.23760343749454
n1868	1815	1	0	67	109.73813812499459
n1869	1818	1	0	75	109.7274543749946
n1870	1816	1	0	79	109.6767065624946
n1878	1809	1	0	46	110.5728060937445
n1880	1811	1	0	46	110.7277204687445
n1877	1808	1	0	51	110.44727203124451
n1876	1807	1	0	53	110.38584046874452
n1875	1806	1	0	55	110.32040249999453
n1879	1810	1	0	34	110.6288957812445
n1881	1812	1	0	51	110.85859640624449
n1882	1813	1	0	53	110.92937624999449
n1886	1820	1	0	46	111.30731390624447
n1885	1819	1	0	51	111.17109609374448
n1884	1817	1	0	53	111.13370296874449
n1883	1814	1	0	55	111.01751718749449
n1893	1821	1	0	35	111.47825390624448
n1894	1822	1	0	47	111.69059343749444
n1895	1824	1	0	50	111.82948218749442
n1896	1825	1	0	55	111.88557187499443
n1890	1823	1	0	67	111.59844609374446
n1892	1834	1	0	74	111.57707859374446
n1887	1838	1	0	79	111.52499531249447
n1900	1829	1	0	47	112.29556078124442
n1902	1831	1	0	47	112.51457765624441
n1899	1828	1	0	50	112.12328531249442
n1898	1827	1	0	55	112.04716359374441
n1897	1826	1	0	62	112.00042218749442
n1901	1830	1	0	35	112.37168249999442
n1903	1832	1	0	50	112.64678906249442
n1904	1833	1	0	55	112.68952406249441
n1891	1839	1	0	67	112.37435343749442
n1908	1841	1	0	47	113.13289968749439
n1907	1837	1	0	50	112.9405921874944
n1906	1836	1	0	55	112.8524512499944
n1905	1835	1	0	62	112.80971624999441
n1889	1840	1	0	77	112.9579532812444
n1913	1842	1	0	36	113.33856187499438
n1914	1843	1	0	43	113.52152109374435
n1915	1844	1	0	48	113.64304874999434
n1916	1845	1	0	50	113.78594390624433
n1911	1855	1	0	67	113.39064515624437
n1912	1853	1	0	72	113.38663874999438
n1909	1861	1	0	77	113.33856187499438
n1917	1846	1	0	51	113.83936265624432
n1918	1847	1	0	55	113.91681984374432
n1919	1848	1	0	60	114.02632828124432
n1920	1849	1	0	62	114.17055890624432
n1924	1854	1	0	55	114.56051578124429
n1923	1852	1	0	60	114.45100734374431
n1922	1851	1	0	62	114.36954374999432
n1921	1850	1	0	63	114.25869984374432
n1910	1856	1	0	75	114.17723624999432
n1928	1860	1	0	43	114.83562234374426
n1927	1859	1	0	48	114.77552624999427
n1926	1858	1	0	50	114.66868874999427
n1925	1857	1	0	51	114.60992812499428
n1938	1864	1	0	29	115.01457515624426
n1939	1863	1	0	37	115.16281218749424
n1940	1865	1	0	41	115.26697874999422
n1941	1866	1	0	43	115.41788671874421
n1936	1882	1	0	65	115.05463921874426
n1937	1875	1	0	68	115.06131656249426
n1929	1862	1	0	75	115.04662640624426
n1931	1868	1	0	75	115.38049359374422
n1930	1867	1	0	77	115.29101718749422
n1942	1869	1	0	44	115.49667937499422
n1943	1870	1	0	49	115.5527690624942
n1944	1871	1	0	53	115.6636129687442
n1945	1872	1	0	55	115.7757923437442
n1947	1876	1	0	55	115.98813187499418
n1932	1873	1	0	73	115.46863453124422
n1933	1877	1	0	75	115.7784632812442
n1949	1879	1	0	49	116.20047140624416
n1948	1878	1	0	53	116.09496937499418
n1946	1874	1	0	56	115.8612623437442
n1934	1880	1	0	77	115.8839653124942
n1953	1887	1	0	32	116.71462687499411
n1952	1886	1	0	37	116.56638984374413
n1951	1885	1	0	41	116.46756515624415
n1950	1881	1	0	44	116.30730890624415
n1935	1884	1	0	68	116.30330249999415
n1956	1888	1	0	31	116.99507531249407
n1958	1890	1	0	39	117.43444453124401
n1957	1889	1	0	40	117.33161343749401
n1954	1915	1	0	63	117.03781031249406
n1955	1917	1	0	72	116.98038515624407
n1960	1892	1	0	40	117.621410156244
n1959	1891	1	0	41	117.522585468744
n1962	1894	1	0	41	117.785672812494
n1961	1893	1	0	42	117.67616437499399
n1964	1896	1	0	42	117.928567968744
n1963	1895	1	0	43	117.833749687494
n1966	1898	1	0	43	118.110191718744
n1965	1897	1	0	44	118.012702499994
n1968	1900	1	0	44	118.305170156244
n1967	1899	1	0	45	118.205009999994
n1970	1902	1	0	45	118.46676187499399
n1969	1901	1	0	46	118.362595312494
n1974	1904	1	0	46	118.62968906249398
n1973	1903	1	0	47	118.54154812499398
n1976	1906	1	0	47	118.82466749999399
n1975	1905	1	0	48	118.72050093749398
n1978	1908	1	0	48	118.96756265624398
n1977	1907	1	0	49	118.87942171874398
n1980	1910	1	0	49	119.16521203124397
n1979	1909	1	0	50	119.05837453124397
n1982	deletion
n1981	1911	1	0	51	119.25068203124395
n1984	1913	1	0	51	119.41761562499393
n1983	1912	1	0	52	119.32146187499394
n1986	deletion
n1985	1914	1	0	53	119.53246593749392
n1988	1916	1	0	53	119.68604484374393
n1987	1919	1	0	54	119.77017937499392
n1996	1921	1	0	54	120.07466624999388
n1995	1920	1	0	55	119.9611514062439
n1998	1923	1	0	55	120.24827718749385
n1997	1922	1	0	56	120.15212343749387
n1993	1937	1	0	62	119.9865253124939
n1994	1939	1	0	65	120.01323468749389
n1989	1926	1	0	72	119.9704996874939
n2002	1928	1	0	53	120.65158874999382
n2001	1927	1	0	55	120.51804187499383
n2000	1925	1	0	56	120.37648218749385
n1999	1924	1	0	58	120.30837328124385
n1990	1930	1	0	71	120.55944140624382
n2004	1931	1	0	50	120.84923812499379
n2003	1929	1	0	51	120.72503953124381
n2006	1933	1	0	51	121.02952640624376
n2005	1932	1	0	53	120.93470812499378
n1991	1935	1	0	74	120.8011612499938
n2010	1940	1	0	50	121.36339359374372
n2009	1938	1	0	51	121.25121421874374
n2008	1936	1	0	53	121.20313734374375
n2007	1934	1	0	55	121.12568015624376
n2013	1942	1	0	47	121.54768828124371
n2012	1941	1	0	48	121.45153453124372
n2015	1944	1	0	48	121.68924796874369
n2014	1943	1	0	50	121.6077843749937
n2019	1948	1	0	42	122.05650187499366
n2018	1947	1	0	43	121.95099984374366
n2017	1946	1	0	44	121.83614953124368
n2016	1945	1	0	47	121.75468593749368
n2022	1951	1	0	41	122.33561484374366
n2020	1949	1	0	43	122.16200390624365
n2023	1952	1	0	43	122.46916171874366
n2021	1950	1	0	44	122.26750593749365
n2026	1955	1	0	38	122.84042203124366
n2024	1953	1	0	39	122.55463171874366
n2027	1956	1	0	39	122.93390484374366
n2025	1954	1	0	41	122.66814656249366
n2033	1957	1	0	36	123.19966312499366
n2029	deletion
n2035	1959	1	0	60	123.86739749999361
n2034	1958	1	0	61	123.79261124999363
n2028	2003	1	0	72	123.21168234374366
n2037	1961	1	0	55	124.05970499999361
n2039	1963	1	0	55	124.2546834374936
n2038	1962	1	0	56	124.13182031249362
n2036	1960	1	0	58	123.98091234374361
n2041	1965	1	0	48	124.42562343749357
n2043	1967	1	0	48	124.58988609374356
n2042	1966	1	0	49	124.52044171874357
n2040	1964	1	0	52	124.34549531249358
n2045	1969	1	0	43	124.79287734374356
n2047	1971	1	0	43	125.01055874999356
n2046	1970	1	0	44	124.87968281249356
n2044	1968	1	0	46	124.70206546874356
n2053	1973	1	0	36	125.22556921874354
n2055	1975	1	0	36	125.41654124999351
n2052	1972	1	0	41	125.10804796874356
n2054	1974	1	0	41	125.31103921874353
n2050	1986	1	0	65	125.11739624999356
n2051	1987	1	0	68	125.10537703124356
n2057	1977	1	0	36	125.6155260937435
n2059	1979	1	0	36	125.83187203124349
n2056	1976	1	0	41	125.51937234374351
n2058	1978	1	0	41	125.70767343749348
n2061	1981	1	0	36	126.03886968749349
n2063	1983	1	0	36	126.23651906249347
n2060	1980	1	0	41	125.92936124999349
n2062	1982	1	0	41	126.14570718749347
n2049	1985	1	0	74	125.9146710937435
n2065	1988	1	0	36	126.46488421874348
n2067	1990	1	0	36	126.63715968749345
n2064	1984	1	0	41	126.34202109374347
n2066	1989	1	0	41	126.55168968749346
n2071	1991	1	0	48	126.80943515624342
n2073	1993	1	0	60	127.25281078124335
n2072	1992	1	0	61	127.13261859374337
n2068	2002	1	0	64	126.84549281249342
n2069	2005	1	0	67	126.84949921874342
n2070	2000	1	0	76	126.81344156249342
n2075	1995	1	0	55	127.43844093749333
n2077	1997	1	0	55	127.5786651562433
n2076	1996	1	0	56	127.46782124999332
n2074	1994	1	0	58	127.32492609374334
n2079	1999	1	0	48	127.74693421874328
n2081	2004	1	0	48	127.92321609374325
n2080	2001	1	0	49	127.82038499999327
n2078	1998	1	0	52	127.66947703124329
n2083	2007	1	0	43	128.12086546874323
n2085	2009	1	0	43	128.3091665624932
n2084	2008	1	0	44	128.19965812499322
n2082	2006	1	0	46	128.01269249999325
n2094	2011	1	0	36	128.58560859374316
n2096	2014	1	0	36	128.79394171874313
n2093	2010	1	0	41	128.43737156249318
n2095	2012	1	0	41	128.70446531249314
n2091	2022	1	0	60	128.50948687499317
n2089	2013	1	0	67	128.49212578124317
n2092	2024	1	0	68	128.47743562499318
n2086	2020	1	0	72	128.47075828124318
n2098	2016	1	0	36	128.9942620312431
n2100	2018	1	0	36	129.22529812499306
n2097	2015	1	0	41	128.8954373437431
n2099	2017	1	0	41	129.09842859374308
n2102	2021	1	0	36	129.41493468749303
n2104	2025	1	0	36	129.62727421874303
n2101	2019	1	0	41	129.30141984374305
n2103	2023	1	0	41	129.51776578124304
n2090	2027	1	0	65	129.34949671874304
n2106	2030	1	0	36	129.835607343743
n2108	2032	1	0	36	130.10670749999298
n2105	2026	1	0	41	129.734111718743
n2107	2031	1	0	41	129.95980593749297
n2087	2029	1	0	71	129.780853124993
n2088	2028	1	0	74	129.782188593743
n2127	2035	1	0	48	130.33507265624297
n2109	2033	1	0	64	130.33240171874297
n2110	2034	1	0	67	130.33640812499297
n2111	2036	1	0	72	130.33640812499297
n2112	2037	1	0	76	130.33240171874297
n2129	2040	1	0	79	130.81851234374295
n2128	2038	1	0	80	130.73704874999297
n2114	2041	1	0	91	130.82251874999295
n2113	2039	1	0	92	130.73170687499297
n2131	2044	1	0	72	130.96541390624293
n2133	2048	1	0	72	131.1336829687429
n2132	2046	1	0	73	131.04287109374292
n2130	2043	1	0	76	130.90131140624294
n2116	2045	1	0	84	130.97342671874293
n2118	2049	1	0	84	131.1390248437429
n2117	2047	1	0	85	131.04821296874292
n2115	2042	1	0	88	130.89730499999294
n2135	2052	1	0	67	131.28726187499288
n2137	2056	1	0	67	131.44217624999285
n2136	2054	1	0	68	131.33800968749287
n2134	2051	1	0	70	131.2164820312429
n2120	2053	1	0	79	131.29928109374288
n2122	2057	1	0	79	131.44351171874285
n2121	2055	1	0	80	131.37139640624287
n2119	2050	1	0	82	131.2151465624929
n2139	2061	1	0	60	131.59041328124283
n2141	2064	1	0	60	131.7306374999928
n2140	2062	1	0	61	131.66119312499282
n2138	2059	1	0	64	131.51696249999284
n2124	2060	1	0	72	131.58373593749283
n2126	2065	1	0	72	131.7266310937428
n2125	2063	1	0	73	131.65318031249282
n2123	2058	1	0	76	131.51162062499284
n2159	2069	1	0	55	131.8815454687428
n2161	2072	1	0	55	132.01642781249276
n2160	2070	1	0	56	131.93763515624278
n2158	2067	1	0	58	131.8121010937428
n2143	2068	1	0	67	131.8735326562428
n2145	2073	1	0	67	132.02844703124276
n2144	2071	1	0	68	131.95499624999277
n2142	2066	1	0	70	131.7934045312428
n2163	2076	1	0	48	132.17000671874274
n2165	2080	1	0	48	132.31557281249272
n2164	2078	1	0	49	132.23277374999273
n2162	2075	1	0	52	132.10723968749275
n2147	2077	1	0	60	132.17668406249274
n2149	2081	1	0	60	132.3396112499927
n2148	2079	1	0	61	132.25147031249273
n2146	2074	1	0	64	132.10056234374275
n2167	2084	1	0	43	132.4557970312427
n2169	2088	1	0	43	132.58800843749268
n2168	2086	1	0	44	132.5185640624927
n2166	2083	1	0	46	132.3916945312427
n2151	2085	1	0	55	132.4691517187427
n2153	2089	1	0	55	132.61605328124267
n2152	2087	1	0	56	132.54927984374268
n2150	2082	1	0	58	132.3903590624927
n2171	2094	1	0	36	132.72956812499265
n2173	deletion
n2172	2096	1	0	37	132.77898046874265
n2170	2092	1	0	40	132.68683312499266
n2155	2093	1	0	48	132.72155531249265
n2157	2097	1	0	48	132.88181156249263
n2156	2095	1	0	49	132.79233515624264
n2154	2090	1	0	52	132.66680109374266
n2182	2104	1	0	29	133.0393968749926
n2183	2105	1	0	41	133.0353904687426
n2174	2103	1	0	48	133.0327195312426
n2175	2101	1	0	53	133.0393968749926
n2176	2102	1	0	57	133.0393968749926
n2177	2100	1	0	60	133.0393968749926
n2184	2112	1	0	29	133.73784703124252
n2185	2110	1	0	41	133.73250515624252
n2178	2111	1	0	48	133.72449234374253
n2179	2107	1	0	53	133.73250515624252
n2180	2108	1	0	56	133.73384062499252
n2181	2106	1	0	60	133.72449234374253
n2194	2113	1	0	24	134.4189360937425
n2195	2114	1	0	36	134.4149296874925
n2186	2115	1	0	48	134.4095878124925
n2187	2117	1	0	53	134.4135942187425
n2188	2118	1	0	55	134.4176006249925
n2189	2116	1	0	60	134.4135942187425
n2196	2121	1	0	24	134.79420281249247
n2197	2119	1	0	36	134.79153187499247
n2190	2120	1	0	48	134.78485453124247
n2191	2123	1	0	52	134.78752546874247
n2192	2124	1	0	55	134.79420281249247
n2193	2122	1	0	60	134.78886093749247
insertion	184	1	0	64	12.007199531249997
insertion	185	1	0	52	12.057947343749998
insertion	339	1	0	78	21.298055624999954
insertion	350	1	0	39	22.024550624999954
insertion	363	1	0	36	22.68160124999995
insertion	388	1	0	72	24.081172499999944
insertion	391	1	0	44	24.094527187499946
insertion	404	1	0	47	24.776951718749935
insertion	405	1	0	34	24.91584046874993
insertion	562	1	0	41	35.69975062499965
insertion	588	1	0	81	37.0512449999996
insertion	591	1	0	76	37.08062531249959
insertion	640	1	0	42	40.12549406249936
insertion	651	1	0	79	40.57154062499936
insertion	658	1	0	45	40.91876249999934
insertion	669	1	0	85	41.275332656249326
insertion	674	1	0	85	41.46764015624932
insertion	675	1	0	50	41.486336718749314
insertion	676	1	0	51	41.486336718749314
insertion	753	1	0	54	46.629226874999
insertion	773	1	0	79	48.07821046874886
insertion	784	1	0	46	49.1759657812488
insertion	823	1	0	68	51.30069656249858
insertion	845	1	0	47	52.720299843748485
insertion	860	1	0	64	53.46682687499847
insertion	885	1	0	80	54.8303404687484
insertion	888	1	0	86	54.8717399999984
insertion	901	1	0	79	55.34048953124837
insertion	921	1	0	38	57.09395999999821
insertion	923	1	0	38	57.1660753124982
insertion	940	1	0	49	58.46548640624816
insertion	970	1	0	77	60.18957656249812
insertion	974	1	0	36	60.47136046874809
insertion	977	1	0	33	60.65832609374807
insertion	996	1	0	59	61.84155140624806
insertion	1020	1	0	40	63.33059906249804
insertion	1034	1	0	84	64.173279843748
insertion	1031	1	0	76	64.182628124998
insertion	1105	1	0	33	69.55121249999745
insertion	1122	1	0	89	70.20559218749743
insertion	1139	1	0	69	71.13774937499736
insertion	1164	1	0	52	72.02583609374724
insertion	1170	1	0	48	72.19944703124722
insertion	1252	1	0	53	76.00953937499679
insertion	1400	1	0	33	85.5514635937463
insertion	1403	1	0	84	85.5995404687463
insertion	1405	1	0	52	85.81054453124628
insertion	1408	1	0	57	85.90936921874628
insertion	1425	1	0	56	86.71465687499625
insertion	1431	1	0	51	86.88292593749622
insertion	1435	1	0	72	87.1313231249962
insertion	1443	1	0	86	87.33164343749617
insertion	1444	1	0	74	87.33564984374617
insertion	1456	1	0	39	88.07950593749615
insertion	1462	1	0	50	88.36930265624613
insertion	1481	1	0	46	88.9101674999961
insertion	1565	1	0	85	95.10807796874555
insertion	1574	1	0	85	95.66363296874555
insertion	1629	1	0	85	98.8433840624953
insertion	1631	1	0	76	98.92751859374529
insertion	1632	1	0	88	98.93419593749529
insertion	1638	1	0	41	99.34151390624527
insertion	1651	1	0	64	100.28301937499519
insertion	1684	1	0	72	101.03088187499513
insertion	1691	1	0	80	102.63611531249506
insertion	1711	1	0	75	103.87810124999498
insertion	1739	1	0	70	105.22158281249492
insertion	1733	1	0	59	105.22291828124492
insertion	1734	1	0	57	105.25897593749491
insertion	1747	1	0	78	106.05758624999487
insertion	1797	1	0	68	108.6443892187447
insertion	1883	1	0	74	116.24988374999415
insertion	1918	1	0	55	119.76216656249392
insertion	2091	1	0	53	132.68950406249266
insertion	2099	1	0	56	133.0994929687426
insertion	2098	1	0	30	133.0861382812426
insertion	2109	1	0	57	133.79660765624251
