xml_id	midi_id	track	channel	pitch	onset
n9	6	0	0	38	0.5568904687500001
n10	9	0	0	41	0.5608968750000002
n11	5	0	0	45	0.5328520312500001
n12	8	0	0	50	0.5381939062500002
n7	7	0	0	53	0.5328520312500001
n8	10	0	0	57	0.5288456250000001
n2	1	0	0	61	1.96180359375
n1	0	0	0	62	0.51282
n3	2	0	0	62	3.0929456250000005
n4	3	0	0	65	4.15197234375
n21	17	0	0	38	8.038186406250007
n22	23	0	0	43	8.048870156250008
n23	19	0	0	46	8.060889375000007
n24	18	0	0	50	8.056882968750008
n19	20	0	0	55	8.039521875000007
n20	22	0	0	58	8.015483437500007
n5	4	0	0	61	5.263082343750004
n6	11	0	0	62	6.485036250000005
n13	12	0	0	62	8.019489843750007
n14	13	0	0	61	9.332255625000007
n15	14	0	0	62	10.397959687500006
n16	15	0	0	67	11.430277031250005
n38	25	0	0	37	15.503456718750027
n39	26	0	0	49	15.491437500000027
n30	28	0	0	55	15.494108437500026
n31	27	0	0	58	15.470070000000026
n17	16	0	0	61	12.719004375000013
n18	21	0	0	62	13.819430625000019
n25	24	0	0	65	15.450037968750026
n40	32	0	0	38	17.752386093750044
n42	39	0	0	40	19.083848437500055
n41	30	0	0	50	17.768411718750045
n43	35	0	0	52	19.091861250000054
n32	33	0	0	55	17.739031406250046
n34	36	0	0	55	19.075835625000057
n33	31	0	0	58	17.735025000000046
n35	37	0	0	58	19.055803593750056
n28	38	0	0	61	19.031765156250056
n27	34	0	0	62	17.705644687500047
n26	29	0	0	64	16.693359375000032
n58	46	0	0	37	22.499977500000064
n44	44	0	0	38	21.376848281250062
n59	49	0	0	49	22.491964687500065
n45	40	0	0	50	21.394209375000063
n36	43	0	0	55	21.392873906250063
n51	48	0	0	55	22.483951875000066
n37	42	0	0	58	21.351474375000063
n52	47	0	0	58	22.475939062500068
n29	41	0	0	62	21.326100468750063
n46	45	0	0	65	22.439881406250066
n62	59	0	0	46	25.757185781250065
n60	55	0	0	48	24.549922031250066
n61	52	0	0	50	24.553928437500065
n63	56	0	0	50	25.745166562500064
n65	deletion
n53	51	0	0	57	24.567283125000067
n54	54	0	0	62	24.551257500000066
n55	57	0	0	62	25.718457187500064
n47	50	0	0	64	23.561675156250068
n48	53	0	0	66	24.529890000000066
n49	58	0	0	67	25.699760625000064
n64	60	0	0	42	27.992760468750067
n75	70	0	0	43	29.67144468750008
n76	71	0	0	50	27.967386562500067
n66	61	0	0	54	27.999437812500066
n77	68	0	0	55	29.67678656250008
n73	67	0	0	58	29.642064375000082
n56	62	0	0	60	27.992760468750067
n57	63	0	0	62	27.986083125000068
n74	66	0	0	62	29.62203234375008
n50	64	0	0	69	27.962044687500068
n67	65	0	0	70	29.62203234375008
n68	69	0	0	70	31.06700953125009
n69	72	0	0	70	32.0739529687501
n70	73	0	0	70	33.05151609375007
n106	78	0	0	55	36.37015593749986
n107	83	0	0	58	36.41021999999986
n108	81	0	0	61	36.37549781249986
n100	77	0	0	64	36.342111093749864
n88	79	0	0	67	36.37282687499986
n71	74	0	0	70	34.03976296875007
n72	75	0	0	70	35.08810593750003
n89	82	0	0	70	36.35279484374986
n90	80	0	0	73	36.36614953124986
n82	76	0	0	76	36.336769218749865
n109	87	0	0	55	38.406745781249796
n112	96	0	0	55	39.370954218749745
n110	92	0	0	58	38.3960620312498
n113	100	0	0	58	39.39098624999974
n111	91	0	0	61	38.3880492187498
n114	98	0	0	61	39.366947812499745
n101	85	0	0	63	37.43185359374982
n102	88	0	0	64	38.3666817187498
n103	95	0	0	64	39.34825124999975
n91	89	0	0	67	38.3626753124998
n94	97	0	0	67	39.34157390624975
n92	90	0	0	70	38.3640107812498
n95	101	0	0	70	39.33756749999975
n93	86	0	0	73	38.3920556249998
n96	99	0	0	73	39.33489656249975
n83	84	0	0	75	37.39846687499982
n84	93	0	0	76	38.3319595312498
n85	94	0	0	79	39.32154187499975
n115	104	0	0	55	41.374157343749694
n140	114	0	0	56	42.435854999999655
n116	109	0	0	58	41.414221406249695
n141	119	0	0	59	42.431848593749656
n117	105	0	0	61	41.38617656249969
n142	118	0	0	62	42.431848593749656
n104	103	0	0	63	40.323143437499716
n105	107	0	0	64	41.37682828124969
n134	112	0	0	64	42.434519531249656
n97	106	0	0	67	41.37949921874969
n124	115	0	0	68	42.41448749999966
n98	108	0	0	70	41.38751203124969
n125	117	0	0	71	42.439861406249655
n99	110	0	0	73	41.39018296874969
n126	120	0	0	74	42.442532343749654
n86	102	0	0	75	40.295098593749714
n87	111	0	0	76	41.34077062499969
n118	113	0	0	76	42.39979734374966
n143	122	0	0	56	44.52986999999962
n146	137	0	0	56	45.12682453124959
n144	125	0	0	59	44.52319265624962
n147	134	0	0	59	45.34183499999959
n145	126	0	0	62	44.52719906249962
n148	133	0	0	62	45.46736906249959
n135	116	0	0	65	43.47885609374964
n136	123	0	0	65	44.52586359374962
n137	136	0	0	65	45.536813437499596
n149	deletion
n127	124	0	0	68	44.52719906249962
n130	130	0	0	68	45.598244999999594
n128	127	0	0	71	44.52586359374962
n131	131	0	0	71	45.6997406249996
n129	128	0	0	74	44.52185718749962
n132	132	0	0	74	45.7958943749996
n119	121	0	0	77	43.458824062499644
n120	129	0	0	77	44.50182515624962
n121	135	0	0	77	45.9695053124996
n133	deletion
n156	146	0	0	57	49.46709796874954
n139	140	0	0	62	49.11987609374953
n157	145	0	0	62	49.44038859374954
n138	139	0	0	64	48.26250515624956
n158	144	0	0	65	49.47377531249954
n123	141	0	0	74	49.11586968749953
n150	142	0	0	74	49.44172406249954
n122	138	0	0	76	48.22911843749956
n160	150	0	0	45	52.73498999999936
n161	151	0	0	52	52.747009218749355
n162	152	0	0	55	52.740331874999356
n151	143	0	0	69	50.504757187499514
n152	147	0	0	69	51.53840999999945
n153	148	0	0	69	52.73632546874936
n171	156	0	0	50	56.224569843749194
n172	155	0	0	57	56.87494312499914
n154	149	0	0	61	53.822061562499286
n155	153	0	0	61	54.94519078124923
n164	154	0	0	62	56.19919593749919
n177	163	0	0	49	59.43370124999905
n175	160	0	0	50	58.23177937499914
n173	158	0	0	53	57.33968624999914
n174	157	0	0	57	57.78306187499914
n176	159	0	0	57	58.72990921874911
n178	162	0	0	57	60.149512499998984
n166	161	0	0	69	59.41366921874905
n167	164	0	0	81	59.787600468749034
n181	170	0	0	49	61.712010937498974
n195	175	0	0	50	62.56804640624897
n179	167	0	0	52	60.61692656249897
n180	166	0	0	57	61.18316531249897
n182	171	0	0	57	62.13802546874897
n196	174	0	0	57	63.07819546874896
n170	169	0	0	76	62.09662593749897
n169	168	0	0	77	61.68129515624897
n184	173	0	0	77	63.25714828124893
n185	177	0	0	77	63.50821640624891
n168	165	0	0	79	61.15111406249897
n183	172	0	0	79	62.63749078124897
n201	186	0	0	45	65.20292624999878
n199	181	0	0	50	64.35089718749883
n197	178	0	0	53	63.51756468749891
n198	176	0	0	57	63.94892109374887
n200	184	0	0	57	64.79694374999883
n202	188	0	0	57	65.62894078124874
n192	187	0	0	73	65.59822499999875
n190	183	0	0	74	64.95452906249882
n191	185	0	0	74	65.19891984374878
n189	182	0	0	76	64.76088609374884
n188	180	0	0	77	64.65404859374883
n187	179	0	0	79	64.53519187499883
n221	199	0	0	53	67.79774203124862
n205	193	0	0	55	66.94838390624864
n203	190	0	0	56	66.0562907812487
n204	191	0	0	57	66.49298906249867
n206	194	0	0	57	67.39576593749862
n222	202	0	0	57	68.2224210937486
n193	189	0	0	73	66.02691046874871
n194	192	0	0	73	66.93636468749864
n219	198	0	0	73	68.15831859374859
n207	195	0	0	74	67.82178046874861
n218	197	0	0	74	68.0728485937486
n220	200	0	0	74	68.24512406249859
n217	196	0	0	76	68.0074106249986
n208	201	0	0	76	68.46814734374857
n227	211	0	0	49	70.80788859374833
n226	208	0	0	50	70.09474828124841
n225	206	0	0	53	69.59928937499848
n224	205	0	0	57	69.15591374999853
n228	210	0	0	57	71.43555890624826
n223	204	0	0	62	68.71387359374854
n211	207	0	0	69	70.08673546874842
n212	209	0	0	69	70.77183093749834
n209	203	0	0	77	68.70185437499855
n213	212	0	0	81	71.12840109374831
n242	224	0	0	50	73.8166996874982
n229	215	0	0	52	71.90965031249824
n231	218	0	0	55	72.91659374999824
n230	213	0	0	57	72.49191468749824
n232	217	0	0	57	73.37599499999823
n243	222	0	0	57	74.43902812499815
n216	219	0	0	76	73.33192453124823
n215	216	0	0	77	72.90457453124824
n234	221	0	0	77	74.59928437499812
n214	214	0	0	79	72.45986343749824
n233	220	0	0	79	73.90083421874819
n248	236	0	0	47	76.645222499998
n246	229	0	0	48	75.67967859374805
n249	231	0	0	55	77.36904656249796
n244	223	0	0	56	74.8450106249981
n245	225	0	0	57	75.23496749999806
n247	228	0	0	57	76.152434531248
n237	230	0	0	67	76.758737343748
n235	226	0	0	77	74.8263140624981
n236	227	0	0	78	76.13507343749801
n238	232	0	0	79	77.05387593749798
n262	241	0	0	48	79.69276218749779
n250	235	0	0	50	77.79906749999793
n252	238	0	0	53	78.82203656249787
n251	233	0	0	55	78.29586187499793
n253	240	0	0	55	79.23870281249782
n263	242	0	0	55	80.10542203124776
n241	239	0	0	74	79.22401265624782
n240	237	0	0	76	78.79265624999788
n239	234	0	0	77	78.27983624999793
n254	243	0	0	77	79.6700592187478
n268	255	0	0	54	82.42780218749758
n274	deletion
n267	248	0	0	55	81.88693734374759
n266	247	0	0	57	81.4061685937476
n265	246	0	0	59	80.95611562499766
n264	244	0	0	60	80.54612671874771
n269	249	0	0	62	83.00205374999751
n255	245	0	0	76	80.54479124999771
n286	261	0	0	55	85.28971171874736
n298	deletion
n270	258	0	0	57	83.44676484374745
n272	257	0	0	60	84.3522126562474
n271	252	0	0	62	83.90750156249742
n273	256	0	0	62	84.74884687499737
n287	259	0	0	64	85.77982874999732
n258	250	0	0	72	83.48015156249744
n260	253	0	0	72	84.3495417187474
n284	267	0	0	72	85.28570531249736
n259	251	0	0	74	83.45744859374744
n261	254	0	0	74	84.31481953124741
n275	260	0	0	76	85.24297031249736
n290	266	0	0	55	87.0471885937473
n292	272	0	0	55	87.93527531249727
n299	deletion
n300	deletion
n288	268	0	0	60	86.15776640624732
n289	263	0	0	64	86.63052234374732
n291	270	0	0	64	87.43981640624726
n293	271	0	0	65	88.36396078124723
n285	279	0	0	71	87.92192062499727
n278	265	0	0	74	87.0191437499973
n277	264	0	0	76	86.7881076562473
n279	269	0	0	76	87.64681406249727
n276	262	0	0	77	86.59446468749732
n280	273	0	0	79	87.89254031249727
n314	284	0	0	48	90.5981999999972
n296	280	0	0	55	89.74750640624724
n301	deletion
n315	283	0	0	60	91.04691749999718
n294	276	0	0	62	88.77929156249722
n295	274	0	0	65	89.24804109374723
n297	278	0	0	65	90.16684359374722
n313	285	0	0	72	90.6035418749972
n283	281	0	0	74	90.15215343749722
n302	282	0	0	75	90.57683249999721
n282	277	0	0	76	89.72213249999724
n303	286	0	0	76	91.03356281249718
n281	275	0	0	77	89.24403468749723
n320	293	0	0	42	93.26646656249713
n326	deletion
n318	289	0	0	43	92.38105078124715
n344	315	0	0	43	96.19648499999704
n356	deletion
n316	288	0	0	45	91.47693843749715
n321	291	0	0	54	93.73254515624711
n319	290	0	0	55	92.82175546874713
n317	287	0	0	57	91.91764312499714
n324	301	0	0	42	95.10273609374707
n327	deletion
n322	297	0	0	45	94.1799271874971
n323	296	0	0	54	94.64066390624707
n325	302	0	0	54	95.59151765624705
n345	304	0	0	55	96.83216812499704
n307	294	0	0	74	94.2012946874971
n310	298	0	0	74	95.10941343749707
n328	303	0	0	76	96.18580124999704
n308	292	0	0	84	94.1825981249971
n311	300	0	0	84	95.09605874999707
n309	295	0	0	86	94.1692434374971
n312	299	0	0	86	95.08804593749707
n329	305	0	0	88	96.53702953124704
n350	319	0	0	43	99.13184531249695
n357	deletion
n346	308	0	0	48	97.26085359374702
n348	314	0	0	52	98.17164328124694
n347	311	0	0	55	97.75364156249695
n349	317	0	0	55	98.59098046874693
n351	318	0	0	55	99.74883187499692
n342	322	0	0	59	99.23200546874695
n337	316	0	0	60	98.83002937499695
n336	313	0	0	64	98.59498687499693
n335	312	0	0	67	98.34926062499694
n338	321	0	0	67	99.20930249999695
n334	310	0	0	72	98.15027578124695
n333	309	0	0	76	97.94861999999695
n332	307	0	0	79	97.73895140624695
n331	306	0	0	84	97.51192171874698
n358	325	0	0	43	101.06961046874679
n372	331	0	0	48	102.34765406249667
n352	320	0	0	50	100.16416265624689
n367	333	0	0	52	102.35032499999667
n354	327	0	0	53	101.11501640624678
n353	323	0	0	55	100.64359593749685
n355	329	0	0	55	101.62783640624671
n343	328	0	0	59	101.08296515624679
n359	332	0	0	60	102.30224812499667
n340	326	0	0	62	101.05091390624679
n339	324	0	0	65	100.60219640624686
n341	330	0	0	67	101.57708859374672
n373	338	0	0	53	106.11100499999633
n369	340	0	0	57	106.10566312499633
n360	334	0	0	60	104.9558245312464
n365	336	0	0	63	106.11501140624632
n361	335	0	0	72	105.75577031249634
n362	337	0	0	72	106.08296015624633
n404	348	0	0	52	109.04903624999619
n370	341	0	0	59	107.96463562499626
n371	343	0	0	60	108.54289359374621
n394	346	0	0	60	109.07708109374619
n366	339	0	0	63	107.96196468749626
n387	350	0	0	64	109.07574562499619
n364	344	0	0	69	108.53087437499622
n374	345	0	0	69	109.0143140624962
n363	342	0	0	71	107.94593906249627
n405	372	0	0	53	112.39839187499592
n397	360	0	0	57	112.40774015624592
n395	349	0	0	59	110.19219749999608
n392	361	0	0	63	112.39705640624592
n375	347	0	0	68	110.16682359374609
n390	354	0	0	68	111.72531562499593
n376	351	0	0	69	111.37008093749596
n389	353	0	0	69	111.64785843749593
n391	355	0	0	69	111.84150140624592
n388	352	0	0	71	111.56105296874593
n377	356	0	0	71	112.05517640624592
n378	357	0	0	72	112.39037906249592
n441	380	0	0	52	115.23225656249572
n398	362	0	0	56	113.85405281249582
n400	366	0	0	56	114.26804812499581
n399	364	0	0	57	114.03033468749582
n401	368	0	0	57	114.4830585937458
n402	370	0	0	59	114.67937249999578
n403	375	0	0	60	114.88904109374576
n426	376	0	0	60	115.23759843749572
n393	373	0	0	63	114.27205453124581
n421	378	0	0	64	115.26030140624572
n386	374	0	0	69	114.88503468749576
n406	377	0	0	69	115.20020531249573
n379	358	0	0	71	113.44005749999583
n381	363	0	0	71	113.83936265624583
n385	371	0	0	71	114.67670156249578
n380	359	0	0	72	113.66575171874582
n382	365	0	0	72	114.04636031249582
n384	369	0	0	72	114.4830585937458
n383	367	0	0	74	114.27739640624581
n429	384	0	0	50	118.57359937499548
n430	387	0	0	56	118.57493484374548
n427	381	0	0	59	116.36874046874567
n431	388	0	0	59	118.57493484374548
n422	389	0	0	65	118.57092843749548
n407	379	0	0	68	116.35004390624567
n409	382	0	0	68	118.0861532812455
n410	385	0	0	68	118.57493484374548
n411	386	0	0	71	118.57493484374548
n412	383	0	0	77	118.56692203124548
n438	406	0	0	47	120.72503953124543
n457	411	0	0	48	121.23251765624542
n439	404	0	0	50	120.71702671874543
n432	396	0	0	52	119.91173906249546
n458	415	0	0	52	121.21916296874542
n435	398	0	0	53	120.30169593749544
n433	392	0	0	56	119.90906812499546
n436	400	0	0	56	120.30703781249544
n434	390	0	0	59	119.90773265624546
n437	399	0	0	59	120.30303140624544
n440	409	0	0	59	120.71702671874543
n459	410	0	0	60	121.21782749999542
n424	397	0	0	62	120.30036046874544
n423	394	0	0	64	119.90506171874546
n442	413	0	0	64	121.21649203124542
n425	407	0	0	65	120.72503953124543
n413	391	0	0	68	119.90906812499546
n416	402	0	0	68	120.30703781249544
n419	408	0	0	68	120.71836218749543
n443	412	0	0	69	121.21782749999542
n414	395	0	0	71	119.90906812499546
n417	403	0	0	71	120.29768953124544
n418	401	0	0	74	120.29501859374544
n415	393	0	0	76	119.90105531249546
n444	414	0	0	76	121.21515656249542
n420	405	0	0	77	120.71302031249543
n461	418	0	0	50	123.14891531249525
n464	424	0	0	52	124.12514296874512
n462	419	0	0	57	123.18096656249524
n465	422	0	0	57	124.13315578124512
n463	416	0	0	59	123.17696015624524
n466	427	0	0	60	124.12380749999512
n449	425	0	0	64	124.12914937499512
n446	420	0	0	65	123.14891531249525
n447	417	0	0	69	123.14090249999525
n450	423	0	0	69	124.11178828124513
n448	421	0	0	71	123.12220593749525
n451	426	0	0	72	124.09709812499513
n468	430	0	0	40	126.08828203124484
n477	437	0	0	45	127.22877234374472
n469	428	0	0	52	126.08828203124484
n453	429	0	0	59	126.07359187499485
n470	435	0	0	60	127.26082359374472
n454	432	0	0	62	126.08427562499485
n455	431	0	0	64	126.04821796874485
n471	434	0	0	64	127.25681718749472
n456	433	0	0	68	126.02818593749485
n472	436	0	0	69	127.21007578124473
n482	441	0	0	41	130.75574531249444
n478	438	0	0	45	129.62994515624445
n479	439	0	0	48	130.74639703124444
n510	450	0	0	40	133.44671484374433
n481	444	0	0	45	132.98998453124435
n498	447	0	0	45	133.44938578124433
n480	440	0	0	47	132.50120296874437
n475	443	0	0	51	132.53191874999436
n483	445	0	0	52	133.46140499999433
n476	442	0	0	63	132.49185468749437
n484	446	0	0	64	133.43469562499433
n485	449	0	0	64	134.05301765624426
n486	448	0	0	76	134.03832749999427
n511	472	0	0	41	136.3513593749942
n499	451	0	0	44	134.46167109374426
n500	458	0	0	45	136.01749218749418
n501	459	0	0	48	136.3526948437442
n493	463	0	0	57	136.3553657812442
n491	457	0	0	59	135.8211782812442
n489	455	0	0	60	135.43122140624422
n487	453	0	0	62	134.97582656249423
n494	462	0	0	69	136.3380046874942
n492	456	0	0	71	135.8038171874942
n490	454	0	0	72	135.40584749999422
n488	452	0	0	74	134.96247187499424
n537	478	0	0	40	138.89676281249402
n509	470	0	0	45	138.63901734374403
n532	475	0	0	45	138.89275640624402
n502	460	0	0	47	137.27149734374416
n504	464	0	0	47	137.7148729687441
n508	469	0	0	47	138.46807734374406
n503	461	0	0	48	137.53191374999412
n505	465	0	0	48	137.89649671874406
n507	467	0	0	48	138.25974421874406
n506	466	0	0	50	138.08212687499406
n496	468	0	0	51	138.46540640624406
n512	473	0	0	52	138.89008546874402
n497	471	0	0	63	138.44804531249406
n513	474	0	0	64	138.87806624999402
n514	476	0	0	64	139.289390624994
n515	477	0	0	76	139.27470046874402
n533	479	0	0	44	139.72608890624397
n538	487	0	0	50	141.4448371874939
n535	493	0	0	56	141.4461726562439
n536	501	0	0	59	141.4435017187439
n526	488	0	0	65	141.4354889062439
n530	499	0	0	68	141.4408307812439
n531	496	0	0	71	141.4328179687439
n516	480	0	0	75	140.18014828124396
n518	482	0	0	75	140.58613078124392
n520	484	0	0	75	140.94270093749392
n517	481	0	0	76	140.39515874999395
n519	483	0	0	76	140.75439984374393
n521	485	0	0	76	141.13100203124392
n522	486	0	0	77	141.4301470312439
n541	498	0	0	47	143.53083937499383
n539	489	0	0	52	142.7455837499939
n540	495	0	0	53	143.14755984374386
n563	504	0	0	55	143.99691796874382
n559	510	0	0	61	143.99825343749382
n528	492	0	0	62	143.13687609374387
n527	491	0	0	64	142.7549320312439
n560	516	0	0	64	143.99691796874382
n529	497	0	0	65	143.53484578124383
n550	503	0	0	70	143.99157609374382
n555	512	0	0	73	143.99291156249382
n524	494	0	0	74	143.12752781249387
n523	490	0	0	76	142.7429128124939
n556	513	0	0	76	143.98756968749382
n525	500	0	0	77	143.52549749999383
n542	502	0	0	82	143.98489874999382
n566	515	0	0	52	146.07891374999377
n564	505	0	0	57	145.2602714062438
n565	511	0	0	58	145.68628593749375
n567	521	0	0	63	146.59574015624372
n561	520	0	0	66	146.59974656249372
n552	508	0	0	67	145.68628593749375
n551	507	0	0	69	145.2656132812438
n562	529	0	0	69	146.59306921874372
n553	514	0	0	70	146.07891374999377
n554	530	0	0	72	146.59707562499372
n557	526	0	0	75	146.60241749999372
n558	519	0	0	78	146.59707562499372
n544	509	0	0	79	145.67293124999375
n543	506	0	0	81	145.2589359374938
n545	517	0	0	82	146.07223640624377
n546	518	0	0	84	146.59173374999372
n570	528	0	0	63	148.81261828124363
n568	522	0	0	64	147.9098414062437
n569	525	0	0	66	148.36924265624364
n588	533	0	0	68	149.40289546874362
n578	531	0	0	71	149.39488265624362
n579	536	0	0	74	149.40823734374362
n580	532	0	0	77	149.39755359374362
n571	535	0	0	80	149.36550234374363
n548	524	0	0	81	148.33986234374365
n547	523	0	0	83	147.9058349999937
n549	527	0	0	84	148.80193453124363
n592	545	0	0	50	152.49049921874317
n590	542	0	0	60	151.40209218749334
n593	544	0	0	62	152.49183468749317
n591	540	0	0	64	151.40342765624334
n584	547	0	0	65	152.47981546874317
n581	539	0	0	69	151.40342765624334
n585	546	0	0	69	152.48515734374317
n574	548	0	0	71	152.47981546874317
n582	543	0	0	72	151.39007296874334
n583	538	0	0	76	151.38606656249334
n575	549	0	0	77	152.45444156249317
n573	541	0	0	81	151.35535078124335
n602	556	0	0	45	155.85588046874273
n603	557	0	0	48	156.4688606249927
n595	554	0	0	52	154.6379329687429
n596	550	0	0	59	154.6499521874929
n586	551	0	0	64	154.6352620312429
n587	552	0	0	68	154.6219073437429
n597	555	0	0	69	155.83584843749273
n577	553	0	0	76	154.6018753124929
n608	563	0	0	44	158.59492687499244
n607	561	0	0	45	158.17291874999245
n606	560	0	0	47	157.7629298437425
n609	562	0	0	47	159.04631531249242
n605	559	0	0	48	157.32890249999258
n604	558	0	0	52	156.90021703124265
n625	570	0	0	45	161.39273390624214
n613	569	0	0	47	160.9253198437422
n612	567	0	0	48	160.54471124999222
n611	566	0	0	50	160.0933228124923
n610	565	0	0	52	159.60454124999234
n626	571	0	0	56	161.8868573437421
n600	564	0	0	76	159.59118656249234
n601	568	0	0	76	160.50598265624222
n614	572	0	0	76	161.35801171874215
n631	587	0	0	50	164.007581718742
n630	580	0	0	52	163.53883218749203
n629	576	0	0	53	163.16890734374206
n628	575	0	0	55	162.71217703124205
n627	579	0	0	57	162.31420734374205
n634	583	0	0	57	164.62189734374192
n632	deletion
n618	577	0	0	74	163.12083046874207
n620	581	0	0	74	164.08904531249198
n617	574	0	0	76	162.99663187499206
n619	578	0	0	76	163.719120468742
n621	582	0	0	76	164.20656656249196
n616	573	0	0	77	162.90314906249205
n622	586	0	0	77	164.34278437499194
n655	607	0	0	52	166.78802765624178
n667	deletion
n656	598	0	0	57	167.27948015624176
n638	591	0	0	59	166.2898978124918
n637	589	0	0	60	165.88124437499184
n636	585	0	0	61	165.43119140624185
n635	584	0	0	62	165.00784781249186
n639	593	0	0	72	166.82274984374178
n624	590	0	0	74	166.2872268749918
n623	588	0	0	76	165.84785765624184
n662	605	0	0	57	169.9383984374916
n661	604	0	0	59	169.38284343749166
n660	601	0	0	60	168.9261131249917
n659	597	0	0	62	168.52280156249174
n658	595	0	0	63	168.08610328124172
n657	592	0	0	64	167.70816562499172
n643	599	0	0	71	168.53081437499173
n645	602	0	0	71	169.44828140624165
n642	596	0	0	72	168.40394484374173
n644	600	0	0	72	169.10773687499167
n646	603	0	0	72	169.56446718749166
n641	594	0	0	74	168.27573984374172
n647	608	0	0	74	169.70068499999164
n669	614	0	0	40	171.39405937499143
n682	623	0	0	45	172.42504124999127
n678	622	0	0	48	172.44106687499126
n666	617	0	0	50	171.89619562499135
n665	611	0	0	52	171.37402734374143
n664	609	0	0	53	170.8558654687415
n663	606	0	0	56	170.35773562499156
n677	619	0	0	57	172.41702843749127
n654	616	0	0	59	171.89753109374135
n653	613	0	0	60	171.38738203124143
n652	610	0	0	62	170.77573734374153
n671	620	0	0	64	172.9779253124912
n670	618	0	0	69	172.39298999999127
n649	615	0	0	71	171.86414437499135
n648	612	0	0	72	171.35399531249143
n680	626	0	0	33	174.28401374999112
n681	630	0	0	33	175.4058074999911
n676	629	0	0	45	175.4018010937411
n675	628	0	0	48	174.78748546874112
n674	625	0	0	52	174.28802015624112
n673	624	0	0	57	173.83128984374113
n672	621	0	0	60	173.41061718749114
n694	631	0	0	41	178.71509906249085
n695	632	0	0	41	179.56579265624086
n696	633	0	0	41	180.42449906249087
n697	634	0	0	41	181.51824796874084
n691	638	0	0	48	181.52225437499084
n688	635	0	0	57	181.53026718749084
n685	639	0	0	60	181.48886765624084
n698	637	0	0	41	182.43571499999075
n699	640	0	0	41	183.3238017187406
n726	648	0	0	41	184.2679781249905
n692	641	0	0	50	183.3144534374906
n693	642	0	0	52	183.76717734374054
n719	650	0	0	53	184.2546234374905
n689	636	0	0	57	182.40767015624075
n690	644	0	0	57	183.3678721874906
n707	646	0	0	57	184.2813328124905
n708	647	0	0	60	184.2546234374905
n686	643	0	0	62	183.29442140624062
n687	645	0	0	64	183.74981624999054
n700	653	0	0	65	184.2158948437405
n727	649	0	0	41	185.11466531249042
n728	654	0	0	41	186.04281609374038
n729	659	0	0	41	186.9723023437403
n720	655	0	0	53	186.06685453124038
n721	663	0	0	53	186.9669604687403
n709	651	0	0	57	185.12267812499041
n711	656	0	0	57	186.04682249999038
n713	660	0	0	57	186.9829860937403
n710	652	0	0	60	185.09863968749042
n712	658	0	0	60	186.0254549999904
n714	661	0	0	60	186.9589476562403
n701	657	0	0	65	186.0014165624904
n702	664	0	0	65	186.9309028124903
n752	680	0	0	40	189.70734234374012
n730	662	0	0	41	187.76557078124026
n731	677	0	0	41	188.6509865624902
n753	678	0	0	48	189.68998124999013
n724	671	0	0	52	188.6750249999902
n723	667	0	0	53	188.39190562499022
n725	673	0	0	53	189.11305874999016
n732	682	0	0	54	189.66994921874013
n722	665	0	0	55	188.23699124999024
n715	668	0	0	57	187.80697031249025
n717	676	0	0	57	188.6576639062402
n740	679	0	0	58	189.67529109374013
n716	666	0	0	60	187.78693828124025
n718	674	0	0	60	188.6630057812402
n741	683	0	0	60	189.62587874999014
n705	672	0	0	64	188.6282835937402
n704	670	0	0	65	188.4119376562402
n706	675	0	0	65	189.07299468749017
n733	681	0	0	66	189.64724624999013
n703	669	0	0	67	188.20360453124025
n754	684	0	0	40	190.69425374999008
n756	688	0	0	40	191.56097296874003
n758	692	0	0	40	192.45974343749
n755	685	0	0	48	190.70093109374008
n757	689	0	0	48	191.58634687499003
n759	693	0	0	48	192.45306609374
n734	698	0	0	55	190.68223453124008
n742	686	0	0	58	190.6702153124901
n744	690	0	0	58	191.57566312499003
n746	694	0	0	58	192.45840796874
n743	687	0	0	60	190.67822812499008
n745	691	0	0	60	191.56364390624003
n747	695	0	0	60	192.42235031249
n735	696	0	0	67	190.6248093749901
n760	697	0	0	40	193.31577890623998
n762	704	0	0	40	194.3253932812399
n790	710	0	0	43	195.45920624998988
n761	699	0	0	48	193.32379171873998
n763	702	0	0	48	194.30536124998991
n791	713	0	0	48	195.44985796873988
n738	708	0	0	53	195.13869374998987
n782	715	0	0	53	195.45119343748988
n736	705	0	0	55	194.29868390623992
n748	701	0	0	58	193.31043703123999
n750	707	0	0	58	194.30402578123991
n774	711	0	0	58	195.44184515623988
n749	700	0	0	60	193.29040499999
n751	706	0	0	60	194.29467749998992
n764	712	0	0	60	195.41780671873988
n739	709	0	0	65	195.12533906248987
n765	714	0	0	65	195.42047765623988
n737	703	0	0	67	194.28532921873992
n792	717	0	0	43	196.43676937498984
n794	724	0	0	43	197.5118217187398
n795	728	0	0	43	198.57619031248967
n793	721	0	0	48	196.41406640623984
n785	725	0	0	48	198.21027187498973
n786	734	0	0	48	198.54413906248968
n784	722	0	0	50	197.5198345312398
n783	716	0	0	52	196.42875656248984
n777	729	0	0	52	198.57886124998967
n775	718	0	0	58	196.41540187498984
n776	726	0	0	58	197.5051443749898
n778	730	0	0	58	198.54680999998968
n766	719	0	0	60	196.40605359373984
n769	727	0	0	60	198.19691718748973
n770	735	0	0	60	198.52544249998968
n768	723	0	0	62	197.47442859373982
n767	720	0	0	64	196.38067968748985
n820	744	0	0	41	201.35262984373958
n796	732	0	0	43	199.47763171873962
n797	740	0	0	43	200.4084534374896
n789	741	0	0	48	200.8491581249896
n815	758	0	0	48	201.33793968748958
n788	738	0	0	50	200.6261348437396
n779	731	0	0	52	199.5176957812396
n787	737	0	0	52	200.3991051562396
n803	745	0	0	57	201.35396531248958
n780	733	0	0	58	199.4909864062396
n781	742	0	0	58	200.4311564062396
n773	743	0	0	60	200.8171068749896
n798	746	0	0	60	201.33126234373958
n804	deletion
n772	739	0	0	62	200.6047673437396
n771	736	0	0	64	200.38441499998962
n821	747	0	0	41	202.29012890623946
n822	750	0	0	41	203.1768801562394
n823	753	0	0	41	204.03291562498939
n816	756	0	0	53	202.29146437498946
n805	748	0	0	57	202.30615453123946
n807	751	0	0	57	203.1635254687394
n809	754	0	0	57	204.04894124998938
n806	749	0	0	60	202.28478703123946
n808	752	0	0	60	203.1541771874894
n810	755	0	0	60	204.04627031248938
n799	757	0	0	65	202.26475499998946
n824	759	0	0	41	204.95973093748935
n825	768	0	0	41	206.0027320312393
n852	769	0	0	42	207.06843609373925
n819	765	0	0	51	206.0174221874893
n844	772	0	0	51	207.08045531248925
n818	763	0	0	52	204.96373734373935
n811	760	0	0	57	204.97308562498935
n813	764	0	0	57	205.9973901562393
n834	770	0	0	57	207.06710062498925
n812	761	0	0	60	204.97575656248935
n814	766	0	0	60	206.0067384374893
n835	771	0	0	60	207.05641687498925
n802	767	0	0	63	205.9760226562393
n826	773	0	0	63	207.05374593748925
n801	762	0	0	64	204.94637624998936
n853	774	0	0	42	208.09006968748923
n854	780	0	0	42	208.9848337499892
n855	787	0	0	42	209.95304859373917
n846	781	0	0	49	208.9941820312392
n845	778	0	0	50	208.08072140623923
n847	783	0	0	50	209.71132874998918
n848	788	0	0	51	209.95037765623917
n836	776	0	0	57	208.09941796873923
n838	782	0	0	57	208.9861692187392
n839	786	0	0	57	209.92366828123917
n837	775	0	0	60	208.08072140623923
n840	785	0	0	60	209.94637124998917
n828	779	0	0	61	208.9728145312392
n827	777	0	0	62	208.05401203123924
n829	784	0	0	62	209.70465140623918
n830	789	0	0	63	209.94102937498917
n856	790	0	0	42	210.9172570312391
n857	795	0	0	42	211.83205312498907
n893	804	0	0	43	212.56388999998904
n894	805	0	0	46	212.65069546873903
n850	796	0	0	49	211.83205312498907
n849	794	0	0	50	210.9065732812391
n851	798	0	0	50	212.46640078123906
n895	803	0	0	50	212.74284281248904
n896	830	0	0	55	212.82831281248903
n841	792	0	0	57	210.9159215624891
n843	800	0	0	57	211.83205312498907
n858	801	0	0	58	212.82029999998903
n842	791	0	0	60	210.9065732812391
n832	797	0	0	61	211.81736296873908
n831	793	0	0	62	210.8825348437391
n833	799	0	0	62	212.44102687498906
n859	802	0	0	62	212.80560984373903
n860	806	0	0	82	213.285043124989
n861	807	0	0	84	213.50405999998895
n862	808	0	0	86	213.69503203123892
n883	810	0	0	58	213.90202968748892
n885	814	0	0	58	214.69129171873882
n887	820	0	0	58	215.52328874998878
n884	809	0	0	62	213.89535234373892
n886	815	0	0	62	214.67793703123883
n888	819	0	0	62	215.52195328123878
n874	823	0	0	74	216.16832015623874
n872	821	0	0	78	215.73162187498878
n870	818	0	0	79	215.3136201562388
n873	822	0	0	79	215.93995499998877
n869	817	0	0	81	215.09460328123882
n866	813	0	0	82	214.49497781248886
n868	816	0	0	82	214.87558640623882
n865	812	0	0	84	214.2999993749889
n864	811	0	0	86	214.08765984373892
n923	835	0	0	44	218.10474984373855
n915	838	0	0	53	218.11810453123854
n889	826	0	0	58	216.3686404687387
n891	831	0	0	58	217.20330843748863
n905	836	0	0	59	218.10875624998855
n890	825	0	0	62	216.3713114062387
n892	829	0	0	62	217.19796656248863
n906	837	0	0	62	218.10474984373855
n897	839	0	0	65	218.09673703123855
n882	834	0	0	67	217.80961124998856
n881	833	0	0	69	217.6293229687386
n878	828	0	0	70	216.99230437498863
n880	832	0	0	70	217.39561593748863
n877	827	0	0	72	216.79198406248867
n876	824	0	0	74	216.58231546873867
n924	841	0	0	44	219.0409134374885
n925	847	0	0	44	219.90629718748846
n926	851	0	0	44	220.85180906248843
n917	845	0	0	51	219.90896812498846
n916	844	0	0	52	219.0475907812385
n918	849	0	0	52	220.61676656248844
n919	854	0	0	53	220.85715093748843
n907	842	0	0	59	219.0489262499885
n909	848	0	0	59	219.90095531248846
n910	853	0	0	59	220.85180906248843
n908	840	0	0	62	219.0342360937385
n911	852	0	0	62	220.85447999998843
n899	846	0	0	63	219.89027156248846
n898	843	0	0	64	219.02221687498852
n900	850	0	0	64	220.60608281248844
n901	855	0	0	65	220.84780265623843
n927	857	0	0	44	221.74657312498843
n928	861	0	0	44	222.66671109373843
n964	869	0	0	45	223.37317406248837
n965	871	0	0	49	223.46799234373836
n921	862	0	0	51	222.66804656248843
n920	860	0	0	52	221.75057953123843
n922	864	0	0	52	223.2877040624884
n966	870	0	0	52	223.54411406248835
n967	896	0	0	57	223.65095156248833
n912	858	0	0	59	221.74924406248843
n914	866	0	0	59	222.67071749998843
n929	867	0	0	61	223.63091953123833
n913	856	0	0	62	221.73989578123843
n903	863	0	0	63	222.66003374998843
n902	859	0	0	64	221.72387015623843
n904	865	0	0	64	223.2650010937384
n930	868	0	0	64	223.62557765623833
n931	872	0	0	85	224.0702887499883
n932	873	0	0	86	224.29598296873826
n933	874	0	0	88	224.49096140623823
n954	875	0	0	61	224.69795906248822
n956	881	0	0	61	225.49656937498818
n958	887	0	0	61	226.30986984373808
n955	876	0	0	64	224.68861078123822
n957	882	0	0	64	225.49256296873818
n959	886	0	0	64	226.32455999998808
n945	889	0	0	76	226.93887562498801
n943	885	0	0	80	226.54224140623805
n941	884	0	0	81	226.08551109373812
n944	888	0	0	81	226.73989078123805
n940	883	0	0	83	225.88385531248815
n937	879	0	0	85	225.2775524999882
n939	880	0	0	85	225.66483843748816
n936	878	0	0	86	225.0959287499882
n935	877	0	0	88	224.88225374998822
n1002	901	0	0	45	228.60286968748784
n1003	902	0	0	50	228.67231406248783
n1004	903	0	0	53	228.74175843748782
n1005	929	0	0	57	228.87396984373783
n960	891	0	0	61	227.145873281238
n962	897	0	0	61	227.9565028124879
n961	892	0	0	64	227.152550624988
n963	895	0	0	64	227.9591737499879
n953	900	0	0	69	228.56681203123784
n952	899	0	0	71	228.38385281248787
n949	894	0	0	73	227.74149234373795
n951	898	0	0	73	228.1621649999879
n948	893	0	0	74	227.55185578123798
n947	890	0	0	76	227.33818078123798
n969	904	0	0	86	229.1624310937378
n970	905	0	0	88	229.37343515623778
n971	906	0	0	89	229.56574265623775
n992	908	0	0	62	229.7754112499877
n994	914	0	0	62	230.56600874998765
n996	919	0	0	62	231.36996093748758
n993	907	0	0	65	229.76205656248771
n995	912	0	0	65	230.56066687498765
n997	918	0	0	65	231.35527078123758
n981	917	0	0	80	231.59164874998754
n979	916	0	0	81	231.15094406248758
n983	921	0	0	81	231.9829410937375
n982	920	0	0	82	231.78529171873754
n977	913	0	0	85	230.74763249998762
n975	911	0	0	86	230.35233374998765
n978	915	0	0	86	230.9706557812376
n974	910	0	0	88	230.16269718748768
n973	909	0	0	89	229.95302859373768
n1040	933	0	0	45	233.6335804687373
n1041	934	0	0	52	233.7016893749873
n1042	935	0	0	55	233.7684628124873
n1043	962	0	0	57	233.88064218748727
n998	923	0	0	62	232.17658406248748
n1000	928	0	0	62	232.99789734373738
n999	922	0	0	65	232.18593234373748
n1001	927	0	0	65	233.01125203123738
n991	932	0	0	74	233.6108774999873
n990	931	0	0	76	233.4145635937373
n987	926	0	0	77	232.7935706249874
n989	930	0	0	77	233.19421124998735
n986	925	0	0	79	232.59592124998744
n1007	936	0	0	79	234.16376156248725
n985	924	0	0	81	232.39025906248744
n1008	937	0	0	81	234.38010749998725
n1009	938	0	0	82	234.57909234373722
n1030	940	0	0	64	234.79276734373718
n1032	946	0	0	64	235.57001015623715
n1034	951	0	0	64	236.39933624998713
n1031	939	0	0	67	234.78876093748718
n1033	944	0	0	67	235.56733921873715
n1035	950	0	0	67	236.38464609373713
n1037	deletion
n1021	953	0	0	73	237.0043035937371
n1020	952	0	0	74	236.8013123437371
n1017	948	0	0	76	236.16963562498714
n1019	949	0	0	76	236.5943146874871
n1016	947	0	0	77	235.97332171873714
n1013	943	0	0	79	235.37369624998718
n1015	945	0	0	79	235.76098218748714
n1012	942	0	0	81	235.17471140623718
n1011	941	0	0	82	234.96771374998718
n1047	966	0	0	61	239.51498484373687
n1046	965	0	0	62	239.28528421873688
n1036	956	0	0	64	237.2086303124871
n1038	959	0	0	64	238.03795640623702
n1029	963	0	0	64	238.67363953123697
n1045	964	0	0	64	239.0836284374869
n1028	961	0	0	65	238.45996453123698
n1025	954	0	0	67	237.2059593749871
n1039	958	0	0	67	237.83763609373702
n1027	960	0	0	67	238.251631406237
n1024	957	0	0	69	237.62663203123705
n1023	955	0	0	70	237.42364078123705
n1057	975	0	0	49	242.23399921873676
n1056	974	0	0	50	241.91348671873678
n1054	972	0	0	52	241.2350685937368
n1055	973	0	0	52	241.6584121874868
n1053	971	0	0	53	241.0053679687368
n1051	969	0	0	55	240.39105234373685
n1052	970	0	0	55	240.7903574999868
n1050	968	0	0	57	240.14666156248686
n1049	967	0	0	58	239.92497374998686
n1063	978	0	0	55	245.09457328123676
n1062	977	0	0	57	244.74200953123676
n1061	976	0	0	58	244.42283249998675
n1069	981	0	0	61	248.40787124998678
n1068	980	0	0	62	247.96182468748677
n1067	982	0	0	64	251.41000499998668
insertion	979	0	0	64	247.62662203123676
n1076	984	0	0	61	252.2740532812367
n1075	983	0	0	62	251.9241604687367
n1074	deletion
n1085	992	0	0	62	256.89477515623673
n1084	991	0	0	63	256.6223395312367
n1083	990	0	0	64	256.36993593748673
n1082	989	0	0	65	256.0828101562367
n1081	988	0	0	66	255.7970198437367
n1080	987	0	0	67	255.4618171874867
n1079	986	0	0	69	254.9863903124867
n1077	985	0	0	70	252.9177492187367
n1110	1003	0	0	38	261.7719070312384
n1111	1005	0	0	41	261.75588140623836
n1112	1004	0	0	45	261.7598878124884
n1101	1006	0	0	50	261.75855234373836
n1093	1000	0	0	52	260.31758156248776
n1092	999	0	0	53	259.68189843748735
n1102	1007	0	0	53	261.74386218748833
n1091	998	0	0	55	259.1169951562368
n1106	1016	0	0	55	266.15224453123983
n1090	997	0	0	57	258.70433531248676
n1103	1008	0	0	57	261.7371848437383
n1089	996	0	0	58	258.29301093748677
n1088	995	0	0	59	257.8990476562368
n1087	994	0	0	60	257.5398065624868
n1086	993	0	0	61	257.20326843748677
n1095	1001	0	0	62	261.7158173437383
n1113	1022	0	0	38	265.1519784374896
n1115	1013	0	0	41	265.1279399999895
n1116	1010	0	0	45	265.1319464062396
n1114	1024	0	0	50	265.1332818749896
n1104	1012	0	0	53	265.1225981249895
n1105	1011	0	0	57	265.12927546873954
n1096	1002	0	0	61	263.0419378124885
n1097	1009	0	0	62	264.10497093748904
n1098	1014	0	0	65	265.1065724999895
n1134	1031	0	0	38	268.7029898437412
n1135	deletion
n1119	1021	0	0	41	267.2259614062401
n1117	1018	0	0	43	266.18830218748985
n1136	1029	0	0	43	268.7230218749912
n1120	1020	0	0	45	267.2166131249901
n1118	1015	0	0	46	266.18296031248985
n1137	1032	0	0	46	268.7390474999913
n1138	1030	0	0	50	268.73504109374124
n1143	1038	0	0	52	273.1634554687423
n1127	deletion
n1108	1023	0	0	53	267.2086003124901
n1128	1033	0	0	55	268.7203509374912
n1109	1025	0	0	57	267.23798062499014
n1107	1017	0	0	58	266.1402253124898
n1129	1034	0	0	58	268.7203509374912
n1099	1019	0	0	61	266.1228642187398
n1100	1026	0	0	62	267.19391015624007
n1121	1027	0	0	62	268.7003189062412
n1139	1042	0	0	38	272.1525056249922
n1140	1048	0	0	43	272.1578474999922
n1141	1045	0	0	46	272.14315734374213
n1142	1036	0	0	50	272.1458282812422
n1130	1039	0	0	55	272.13514453124213
n1131	1040	0	0	58	272.14449281249216
n1122	1028	0	0	61	270.07585171874155
n1123	1035	0	0	62	271.0787887499919
n1124	1037	0	0	67	272.1017578124921
n1158	1051	0	0	37	275.7943289062431
n1159	1050	0	0	49	275.77162593749307
n1144	1044	0	0	50	274.2892556249926
n1132	1043	0	0	55	274.30928765624265
n1150	1053	0	0	55	275.78498062499307
n1133	1047	0	0	58	274.30661671874265
n1151	1052	0	0	58	275.76895499999307
n1125	1041	0	0	61	273.1287332812423
n1126	1046	0	0	62	274.2585398437426
n1145	1049	0	0	65	275.7422456249931
n1160	1055	0	0	38	277.86831187499354
n1162	1061	0	0	41	278.89395187499395
n1161	1056	0	0	50	277.88033109374356
n1163	1060	0	0	53	278.89128093749395
n1152	1057	0	0	55	277.87098281249354
n1154	1064	0	0	55	278.95404796874396
n1153	1058	0	0	58	277.8562926562435
n1155	1063	0	0	58	278.92867406249394
n1148	1065	0	0	61	278.89662281249394
n1147	1059	0	0	62	277.8349251562435
n1146	1054	0	0	64	276.8760585937432
n1181	1073	0	0	37	282.2633395312449
n1166	1071	0	0	38	281.0133407812445
n1164	1066	0	0	40	279.9649978124941
n1182	1076	0	0	49	282.2620040624949
n1167	1067	0	0	50	281.00399249999447
n1165	1062	0	0	52	279.9289401562441
n1156	1068	0	0	55	281.0226890624945
n1174	1075	0	0	55	282.24998484374487
n1157	1069	0	0	58	281.0173471874945
n1175	1074	0	0	58	282.24731390624487
n1149	1070	0	0	62	280.98396046874444
n1168	1072	0	0	65	282.21125624999485
n1185	1087	0	0	46	285.1986998437457
n1183	1082	0	0	48	284.17706624999545
n1184	1079	0	0	50	284.1837435937455
n1186	1085	0	0	50	285.20804812499574
n1188	deletion
n1176	1078	0	0	57	284.1810726562455
n1177	1080	0	0	62	284.1730598437454
n1178	1084	0	0	62	285.1960289062457
n1169	1077	0	0	64	283.2235415624952
n1170	1081	0	0	66	284.1556987499954
n1171	1083	0	0	69	285.1679840624957
n1187	1088	0	0	42	287.2847020312461
n1198	1096	0	0	43	288.67225406249673
n1199	1099	0	0	50	287.2820310937461
n1189	1089	0	0	54	287.2820310937461
n1200	1097	0	0	55	288.67492499999673
n1196	1095	0	0	58	288.6709185937467
n1179	1090	0	0	60	287.2900439062461
n1180	1091	0	0	62	287.2820310937461
n1197	1094	0	0	62	288.6522220312467
n1172	1086	0	0	67	286.17893390624585
n1173	1092	0	0	69	287.2619990624961
n1190	1093	0	0	70	288.6402028124967
n1191	1098	0	0	70	289.9502976562472
n1192	1100	0	0	70	290.9051578124974
n1193	1101	0	0	70	291.8680307812476
n1216	1104	0	0	55	295.35761062499773
n1217	1105	0	0	58	295.37363624999773
n1210	1107	0	0	63	295.3135401562477
n1194	1102	0	0	70	292.81888453124765
n1195	1103	0	0	70	293.96872312499767
n1204	1106	0	0	70	295.3015209374977
n1218	1109	0	0	55	296.27240671874796
n1220	1112	0	0	55	297.2125767187482
n1222	1117	0	0	55	298.10199890624847
n1219	1110	0	0	58	296.279084062498
n1221	1113	0	0	58	297.2205895312482
n1223	1118	0	0	58	298.1193599999985
n1211	1111	0	0	62	296.24035546874796
n1212	1115	0	0	63	297.17785453124816
n1213	1119	0	0	67	298.09799249999844
n1205	1108	0	0	70	296.23901999999794
n1206	1114	0	0	70	297.1791899999982
n1207	1116	0	0	70	298.0939860937484
n1244	1129	0	0	54	301.38858749999935
n1224	1121	0	0	55	299.08089749999874
n1226	1127	0	0	55	300.055789687499
n1225	1122	0	0	58	299.09291671874877
n1227	1124	0	0	58	300.065137968749
n1245	1130	0	0	58	301.42998703124937
n1214	1123	0	0	62	299.0261432812487
n1215	1126	0	0	63	300.034422187499
n1246	1128	0	0	63	301.4059485937494
n1208	1120	0	0	70	299.0341560937487
n1209	1125	0	0	70	300.02240296874896
n1234	1131	0	0	70	301.40861953124937
n1228	1132	0	0	75	301.3418460937493
n1247	1133	0	0	54	302.33276390625
n1250	1141	0	0	54	303.2475600000005
n1253	1150	0	0	54	304.20375562500084
n1248	1135	0	0	58	302.3728279687501
n1251	1142	0	0	58	303.2502309375005
n1254	1148	0	0	58	304.20375562500084
n1249	1134	0	0	63	302.34478312500005
n1252	1139	0	0	63	303.24088265625045
n1255	1147	0	0	63	304.21844578125086
n1235	1136	0	0	70	302.3487895312501
n1236	1143	0	0	70	303.2635856250005
n1237	1149	0	0	70	304.2384778125009
n1229	1137	0	0	74	302.3047190625
n1242	1145	0	0	74	303.8311598437508
n1230	1138	0	0	75	303.2261925000004
n1241	1144	0	0	75	303.6628907812507
n1243	1146	0	0	75	304.0020998437508
n1240	1140	0	0	77	303.4932862500006
n1231	1151	0	0	78	304.2197812500009
n1278	1163	0	0	53	307.1377804687529
n1256	1153	0	0	54	305.1425901562515
n1259	1161	0	0	54	306.06406359375245
n1279	1165	0	0	57	307.1404514062529
n1257	1155	0	0	58	305.1385837500015
n1260	1157	0	0	58	306.0707409375025
n1280	1166	0	0	60	307.173838125003
n1258	1152	0	0	63	305.1252290625015
n1261	1159	0	0	63	306.0600571875024
n1281	1164	0	0	63	307.160483437503
n1271	1168	0	0	69	307.15380609375296
n1238	1154	0	0	70	305.1479320312515
n1239	1160	0	0	70	306.0934439062525
n1232	1156	0	0	74	305.11320984375146
n1233	1158	0	0	75	306.0520443750024
n1272	1162	0	0	75	307.14178687500294
n1262	1167	0	0	81	307.1337740625029
n1282	1170	0	0	53	308.0939760937531
n1286	1175	0	0	53	308.9940820312534
n1290	1182	0	0	54	309.9155554687538
n1283	1172	0	0	57	308.1006534375031
n1287	1179	0	0	57	309.00075937500344
n1291	1185	0	0	57	309.9128845312538
n1284	1173	0	0	60	308.0979825000031
n1288	1180	0	0	60	309.00877218750344
n1292	1183	0	0	60	309.9329165625038
n1285	1171	0	0	63	308.0739440625031
n1289	1178	0	0	63	308.9900756250034
n1293	1181	0	0	63	309.9155554687538
n1273	1169	0	0	75	308.0712731250031
n1274	1177	0	0	75	308.9820628125034
n1275	1186	0	0	75	309.90887812500375
n1263	1174	0	0	80	308.0632603125031
n1264	1176	0	0	81	308.97271453125336
n1265	1187	0	0	84	309.8888460937537
n1266	1184	0	0	87	309.8888460937537
n1294	1188	0	0	54	310.8503835937541
n1298	1198	0	0	54	311.77185703125434
n1311	1204	0	0	55	312.9590887500045
n1295	1191	0	0	57	310.85305453125414
n1299	1199	0	0	57	311.78120531250437
n1312	1203	0	0	58	313.5426885937547
n1296	1190	0	0	60	310.84637718750406
n1300	1200	0	0	60	311.77185703125434
n1297	1189	0	0	63	310.85305453125414
n1301	1201	0	0	63	311.77719890625434
n1302	1202	0	0	74	312.9510759375045
n1276	1192	0	0	75	310.8517190625041
n1277	1197	0	0	75	311.76384421875434
n1267	1193	0	0	80	310.83569343750406
n1269	1196	0	0	81	311.75850234375434
n1303	1206	0	0	82	312.9443985937545
n1304	1205	0	0	86	312.9310439062545
n1268	1194	0	0	87	310.82901609375403
n1270	1195	0	0	87	311.7518250000043
n1317	1215	0	0	52	315.5619173437551
n1315	1209	0	0	55	314.7646425000049
n1318	1211	0	0	55	315.9839254687552
n1314	1208	0	0	58	314.35064718750493
n1316	1210	0	0	58	315.1572703125051
n1319	1212	0	0	58	315.9785835937552
n1313	1207	0	0	62	313.9419937500049
n1323	1221	0	0	52	317.37014203125597
n1336	1225	0	0	53	318.3503760937563
n1321	1217	0	0	55	316.98018515625597
n1324	1223	0	0	55	317.7814664062563
n1322	1218	0	0	58	316.942792031256
n1325	1222	0	0	58	317.7667762500063
n1337	1224	0	0	58	318.89925375000655
n1320	1216	0	0	60	316.5020873437556
n1307	1213	0	0	82	316.4967454687556
n1309	1219	0	0	82	317.34877453125597
n1335	1230	0	0	82	318.45721359375636
n1308	1214	0	0	84	316.46870062500557
n1310	1220	0	0	84	317.32072968750595
n1326	1226	0	0	86	318.43183968750634
n1340	1233	0	0	53	320.1893165625068
n1342	1237	0	0	53	321.05737125000707
n1343	1236	0	0	57	321.54615281250716
n1339	1229	0	0	58	319.7539537500068
n1341	1235	0	0	58	320.59663453125705
n1338	1232	0	0	62	319.2905460937568
n1329	1231	0	0	85	320.1679490625068
n1328	1228	0	0	86	319.9489321875068
n1330	1234	0	0	86	320.79294843750705
n1327	1227	0	0	87	319.7806631250068
n1331	1238	0	0	89	321.14818312500705
n1346	1243	0	0	53	322.9296984375074
n1360	1248	0	0	53	324.1796971875079
n1345	1241	0	0	57	322.42489125000736
n1347	1244	0	0	57	323.33701640625765
n1359	1246	0	0	58	323.79374671875775
n1344	1239	0	0	63	321.94278703125735
n1334	1245	0	0	84	323.32366171875765
n1348	1247	0	0	85	323.7603600000077
n1333	1242	0	0	86	322.9083309375074
n1349	1249	0	0	86	324.1903809375079
n1332	1240	0	0	87	322.40753015625734
n1365	1255	0	0	40	326.47803890625863
n1371	deletion
n1364	1253	0	0	41	325.93450312500863
n1363	1252	0	0	43	325.49112750000864
n1362	1251	0	0	46	325.0504228125085
n1366	1254	0	0	48	326.965485000009
n1361	1250	0	0	50	324.621737343758
n1372	1264	0	0	40	328.2809217187597
n1389	1279	0	0	41	329.27718140626
n1400	deletion
n1367	1260	0	0	43	327.4061896875093
n1369	1265	0	0	46	328.2969473437597
n1368	1259	0	0	48	327.8308687500097
n1370	1266	0	0	48	328.75100671876
n1390	1268	0	0	53	329.8888260937601
n1353	1257	0	0	72	327.40752515625934
n1356	1262	0	0	72	328.30095375000974
n1373	1267	0	0	74	329.28786515626
n1354	1256	0	0	82	327.41019609375934
n1357	1261	0	0	82	328.2889345312597
n1355	1258	0	0	84	327.3968414062593
n1358	1263	0	0	84	328.2648960937597
n1374	1269	0	0	86	329.6057067187601
n1401	1284	0	0	41	332.1070396875109
n1391	1272	0	0	46	330.31484062501045
n1395	1282	0	0	48	332.5797956250109
n1393	1278	0	0	50	331.1708760937609
n1392	1275	0	0	53	330.78091921876086
n1394	1281	0	0	53	331.5968906250109
n1387	1283	0	0	57	332.1471037500109
n1382	1280	0	0	58	331.8199139062609
n1381	1277	0	0	62	331.5968906250109
n1380	1276	0	0	65	331.3778737500109
n1383	1285	0	0	65	332.1390909375109
n1379	1274	0	0	70	331.1628632812609
n1378	1273	0	0	74	330.9585365625109
n1377	1271	0	0	77	330.76489359376086
n1376	1270	0	0	82	330.5565604687607
n1402	1290	0	0	41	333.93796734376195
n1415	1297	0	0	46	335.11184437501294
n1398	1292	0	0	48	333.949986562512
n1410	1296	0	0	50	335.0851350000129
n1397	1288	0	0	51	333.4678823437616
n1396	1286	0	0	53	333.0178293750112
n1399	1293	0	0	53	334.4614710937625
n1388	1291	0	0	57	333.952657500012
n1403	1295	0	0	58	335.05174828126286
n1385	1289	0	0	60	333.90992250001193
n1384	1287	0	0	63	333.4358310937616
n1386	1294	0	0	65	334.41873609376245
n1416	1302	0	0	46	338.72428734376547
n1412	1305	0	0	50	338.70692625001544
n1408	1299	0	0	56	338.71894546876547
n1404	1298	0	0	62	337.5517457812646
n1405	1300	0	0	65	338.68288781251545
n1447	1312	0	0	45	341.6703314062667
n1413	1304	0	0	52	340.6086337500162
n1414	1306	0	0	53	341.13347296876657
n1437	1309	0	0	53	341.6623185937667
n1409	1301	0	0	56	340.6046273437662
n1430	1310	0	0	57	341.6649895312667
n1407	1307	0	0	62	341.12813109376657
n1417	1308	0	0	62	341.6289318750167
n1406	1303	0	0	64	340.5832598437662
n1448	1335	0	0	46	345.01835156251866
n1440	1322	0	0	50	345.00633234376863
n1438	1313	0	0	52	342.7988025000175
n1435	1324	0	0	56	345.01701609376863
n1418	1311	0	0	61	342.8068153125175
n1433	1317	0	0	61	344.32123687501837
n1419	1314	0	0	62	343.96199578126823
n1432	1316	0	0	62	344.23977328126836
n1434	1318	0	0	62	344.44677093751847
n1431	1315	0	0	64	344.16098062501834
n1420	1319	0	0	64	344.6604459375186
n1421	1320	0	0	65	344.9996550000186
n1480	1343	0	0	45	347.8709128125204
n1441	1325	0	0	49	346.49404453126937
n1443	1329	0	0	49	346.90002703126953
n1442	1327	0	0	50	346.6770037500194
n1444	1331	0	0	50	347.0896635937696
n1445	1333	0	0	52	347.30600953126975
n1446	1338	0	0	53	347.5410520312699
n1469	1339	0	0	53	347.86690640627035
n1436	1336	0	0	56	346.90803984376953
n1468	1341	0	0	57	347.9109768750204
n1429	1337	0	0	62	347.5223554687699
n1449	1340	0	0	62	347.8629000000203
n1422	1321	0	0	64	346.05734625001924
n1424	1326	0	0	64	346.49003812501934
n1428	1334	0	0	64	347.3046740625197
n1423	1323	0	0	65	346.2950596875193
n1425	1328	0	0	65	346.68368109376945
n1427	1332	0	0	65	347.0950054687696
n1426	1330	0	0	67	346.8960206250195
n1481	1346	0	0	43	351.4686656250217
n1472	1348	0	0	49	351.47400750002174
n1470	1342	0	0	52	349.0247578125206
n1473	1352	0	0	52	351.47400750002174
n1453	1351	0	0	58	351.4659946875217
n1450	1344	0	0	61	349.00205484377057
n1452	1345	0	0	61	350.89174312502155
n1454	1347	0	0	61	351.47400750002174
n1455	1349	0	0	64	351.4700010937717
n1456	1350	0	0	70	351.45931734377166
n1484	1368	0	0	40	353.6241121875223
n1512	1377	0	0	41	354.0821779687724
n1478	1367	0	0	43	353.6120929687723
n1482	1358	0	0	45	352.7947860937719
n1500	1376	0	0	45	354.0755006250223
n1483	1364	0	0	46	353.2007685937721
n1474	1359	0	0	49	352.7934506250219
n1476	1362	0	0	49	353.1994331250221
n1475	1357	0	0	52	352.7907796875218
n1477	1366	0	0	52	353.20477500002215
n1479	1371	0	0	52	353.6187703125223
n1501	1373	0	0	53	354.0728296875223
n1461	1360	0	0	55	353.2007685937721
n1457	1355	0	0	57	352.7907796875218
n1485	1375	0	0	57	354.08084250002236
n1465	1370	0	0	58	353.6214412500223
n1458	1353	0	0	61	352.79211515627185
n1462	1363	0	0	61	353.20477500002215
n1466	1369	0	0	61	353.6187703125223
n1486	1374	0	0	62	354.07683609377233
n1459	1354	0	0	64	352.79612156252193
n1463	1365	0	0	64	353.2007685937721
n1464	1361	0	0	67	353.19008484377207
n1460	1356	0	0	69	352.7787604687718
n1487	1378	0	0	69	354.07683609377233
n1467	1372	0	0	70	353.6160993750223
n1503	1381	0	0	43	355.93046671877306
n1506	1390	0	0	45	356.9320682812732
n1504	1383	0	0	50	355.9571760937731
n1507	1385	0	0	50	356.9334037500232
n1522	deletion
n1505	1379	0	0	52	355.9518342187731
n1508	1388	0	0	53	356.9267264062732
n1492	1386	0	0	57	356.9213845312732
n1489	1382	0	0	58	355.94382140627306
n1490	1380	0	0	62	355.9504987500231
n1493	1389	0	0	62	356.9107007812732
n1491	1384	0	0	64	355.91711203127306
n1494	1387	0	0	65	356.89868156252317
n1510	1395	0	0	33	358.9072265625246
n1521	1400	0	0	38	360.0490523437753
n1511	1393	0	0	45	358.8965428125246
n1497	1391	0	0	52	358.91657484377464
n1519	1398	0	0	53	360.0624070312753
n1498	1394	0	0	55	358.91657484377464
n1499	1392	0	0	57	358.8938718750246
n1520	1399	0	0	57	360.07709718752534
n1496	1396	0	0	61	358.8778462500246
n1513	1397	0	0	62	360.02234296877526
n1527	1403	0	0	46	363.41844000002703
n1523	1401	0	0	50	362.2792851562769
n1524	1402	0	0	53	363.41844000002703
n1555	1414	0	0	45	366.01592671877773
n1526	1407	0	0	50	365.55786093752766
n1543	1410	0	0	50	366.02126859377773
n1525	1404	0	0	52	365.0891114062774
n1517	1406	0	0	56	365.09311781252745
n1528	1408	0	0	57	366.01592671877773
n1518	1405	0	0	68	365.0744212500274
n1529	1409	0	0	69	365.99990109377774
n1530	1412	0	0	69	366.6275714062778
n1531	1411	0	0	81	366.6142167187778
n1557	1435	0	0	46	368.92057125002833
n1544	1413	0	0	49	367.03088296877786
n1545	1421	0	0	50	368.5800267187783
n1546	1422	0	0	53	368.9138939062783
n1538	1427	0	0	62	368.9085520312783
n1536	1420	0	0	64	368.36501625002825
n1534	1418	0	0	65	367.9510209375281
n1532	1416	0	0	67	367.54904484377795
n1539	1426	0	0	74	368.9032101562783
n1537	1419	0	0	76	368.33830687502825
n1535	1417	0	0	77	367.9323243750281
n1533	1415	0	0	79	367.5290128125279
n1583	1440	0	0	45	371.47398750002924
n1554	1433	0	0	50	371.2336031250291
n1578	1438	0	0	50	371.47398750002924
n1547	1423	0	0	52	369.86207671877844
n1549	1425	0	0	52	370.3134651562784
n1553	1431	0	0	52	371.06800500002896
n1548	1424	0	0	53	370.1198221875284
n1550	1428	0	0	53	370.50977906252854
n1552	1430	0	0	53	370.8650137500288
n1551	1429	0	0	55	370.70075109377865
n1541	1432	0	0	56	371.069340468779
n1558	1436	0	0	57	371.48734218752924
n1542	1434	0	0	68	371.05598578127893
n1559	1437	0	0	69	371.47665843752924
n1560	1439	0	0	69	371.90267296877937
n1561	1442	0	0	81	371.89599562502934
n1579	1441	0	0	49	372.3059845312794
n1584	1451	0	0	55	373.9766559375301
n1581	1456	0	0	61	373.9766559375301
n1582	1463	0	0	64	373.97532046878007
n1572	1450	0	0	70	373.97398500003004
n1576	1461	0	0	73	373.97131406253004
n1577	1459	0	0	76	373.97398500003004
n1562	1443	0	0	80	372.7867532812796
n1564	1445	0	0	80	373.1580135937798
n1566	1447	0	0	80	373.50790640628
n1563	1444	0	0	81	372.9777253125296
n1565	1446	0	0	81	373.32494718752986
n1567	1448	0	0	81	373.68685921878
n1568	1449	0	0	82	373.96730765628
n1587	1462	0	0	52	376.0987157812805
n1585	1452	0	0	57	375.3041118750302
n1586	1458	0	0	58	375.70742343753034
n1612	1467	0	0	60	376.5794845312806
n1608	1473	0	0	66	376.57681359378057
n1574	1455	0	0	67	375.71410078128037
n1573	1454	0	0	69	375.3054473437802
n1609	1479	0	0	69	376.5781490625306
n1575	1460	0	0	70	376.09738031253045
n1596	1466	0	0	75	376.57547812503054
n1604	1476	0	0	78	376.5794845312806
n1570	1457	0	0	79	375.69673968753034
n1569	1453	0	0	81	375.2907571875302
n1605	1475	0	0	81	376.57681359378057
n1571	1464	0	0	82	376.0880320312804
n1588	1465	0	0	87	376.57280718753054
n1615	1478	0	0	57	378.71489906253123
n1613	1468	0	0	62	377.882902031281
n1616	1483	0	0	62	379.21970625003155
n1614	1474	0	0	63	378.28621359378116
n1610	1491	0	0	68	379.22237718753155
n1611	1495	0	0	71	379.2237126562816
n1598	1471	0	0	72	378.2902200000312
n1597	1470	0	0	74	377.877560156281
n1599	1477	0	0	75	378.70688625003123
n1600	1482	0	0	77	379.2156998437815
n1606	1492	0	0	80	379.21970625003155
n1607	1490	0	0	83	379.21970625003155
n1590	1472	0	0	84	378.27686531253113
n1589	1469	0	0	86	377.86821187503097
n1591	1480	0	0	87	378.70955718753123
n1592	1481	0	0	89	379.2130289062815
n1619	1494	0	0	62	381.4486035937819
n1617	1484	0	0	64	380.54182031253174
n1638	1499	0	0	64	382.06692562503207
n1618	1488	0	0	65	380.9811895312819
n1639	1504	0	0	67	382.034874375032
n1640	1501	0	0	70	382.05490640628204
n1641	1503	0	0	73	382.040216250032
n1602	1487	0	0	74	380.9785185937819
n1601	1486	0	0	76	380.55383953128177
n1620	1497	0	0	76	382.029532500032
n1603	1496	0	0	77	381.4299070312819
n1621	1498	0	0	79	382.029532500032
n1622	1500	0	0	82	382.018848750032
n1623	1502	0	0	85	382.012171406282
n1594	1489	0	0	86	380.96783484378193
n1593	1485	0	0	88	380.5404848437817
n1595	1493	0	0	89	381.4299070312819
n1645	1518	0	0	55	385.44966796878384
n1646	1514	0	0	62	385.4429906250338
n1647	1512	0	0	64	385.44432609378384
n1643	1509	0	0	65	384.3839639062833
n1648	1511	0	0	67	385.44432609378384
n1644	1507	0	0	69	384.3372225000333
n1629	1516	0	0	70	385.45500984378384
n1625	1506	0	0	74	384.3479062500333
n1630	1515	0	0	74	385.4416551562838
n1631	1513	0	0	76	385.4336423437838
n1626	1510	0	0	77	384.3292096875333
n1627	1505	0	0	81	384.3318806250333
n1632	1517	0	0	82	385.4122748437838
n1628	1508	0	0	86	384.3145195312833
n1690	1530	0	0	38	389.33454656253645
n1689	1556	0	0	50	389.3171854687864
n1654	1525	0	0	53	389.5882856250365
n1658	1529	0	0	53	390.077067187537
n1660	1531	0	0	53	390.37888312503713
n1650	1524	0	0	57	387.8935757812854
n1655	1526	0	0	57	389.71782609378664
n1657	1528	0	0	57	389.95286859378695
n1651	1523	0	0	61	387.8882339062854
n1656	1527	0	0	62	389.8286700000368
n1652	1520	0	0	64	387.8802210937854
n1634	1519	0	0	69	387.8949112500354
n1635	deletion
n1636	1522	0	0	76	387.85484718753537
n1637	1521	0	0	81	387.84683437503537
n1691	1536	0	0	37	390.23198156253704
n1692	1542	0	0	38	391.0012115625376
n1693	1548	0	0	41	391.815847500038
n1664	1535	0	0	53	390.8462971875375
n1666	1537	0	0	53	391.1587968750377
n1670	1541	0	0	53	391.68497156253795
n1672	1543	0	0	53	391.9894584375381
n1676	1547	0	0	53	392.47423359378837
n1661	1532	0	0	57	390.49373343753723
n1663	1534	0	0	57	390.71809218753737
n1667	1538	0	0	57	391.26696984378776
n1669	1540	0	0	57	391.5500892187879
n1673	1544	0	0	57	392.1109860937881
n1675	1546	0	0	57	392.33801578128833
n1662	1533	0	0	62	390.60190640628724
n1668	1539	0	0	62	391.4058585937878
n1674	1545	0	0	62	392.20446890628824
n1733	1567	0	0	34	394.36392187503986
n1694	1554	0	0	37	392.6278125000384
n1695	1558	0	0	38	393.4277582812889
n1732	1594	0	0	46	394.3705992187899
n1678	1549	0	0	53	392.79875250003846
n1682	1553	0	0	53	393.2768503125389
n1684	1555	0	0	53	393.5933564062891
n1688	1561	0	0	53	394.1449050000396
n1697	1562	0	0	53	394.55890031254006
n1701	1566	0	0	53	395.0329917187906
n1679	1550	0	0	57	392.90826093753856
n1681	1552	0	0	57	393.16066453128883
n1685	1557	0	0	57	393.71755500003917
n1687	1560	0	0	57	394.0180354687895
n1698	1563	0	0	58	394.6737506250402
n1700	1565	0	0	58	394.91680593754046
n1680	1551	0	0	62	393.0257821875387
n1686	1559	0	0	62	393.84976640628935
n1699	1564	0	0	62	394.80996843754036
n1734	1574	0	0	33	395.14917750004065
n1735	1580	0	0	34	395.92775578129107
n1736	1586	0	0	38	396.70900500004166
n1703	1568	0	0	53	395.29207265629077
n1707	1572	0	0	53	395.78886703129103
n1709	1573	0	0	53	396.0920184375411
n1713	1578	0	0	53	396.57145171879154
n1715	1579	0	0	53	396.8625839062917
n1719	1584	0	0	53	397.3433526562921
n1704	1569	0	0	58	395.42294859379086
n1706	1571	0	0	58	395.67134578129105
n1710	1575	0	0	58	396.19484953129125
n1712	1577	0	0	58	396.45660140629144
n1716	1581	0	0	58	396.9854470312918
n1718	1583	0	0	58	397.225831406292
n1705	1570	0	0	62	395.54447625004093
n1711	1576	0	0	62	396.32305453129135
n1717	1582	0	0	62	397.10964562504194
n1775	1615	0	0	30	399.2877951562934
n1781	deletion
n1737	1591	0	0	33	397.5009379687921
n1738	1598	0	0	34	398.3035546875427
n1721	1585	0	0	53	397.63314937504214
n1725	1590	0	0	53	398.1459693750426
n1727	1592	0	0	53	398.46514640629283
n1731	1597	0	0	53	399.0647718750434
n1740	1599	0	0	54	399.50414109379346
n1744	1603	0	0	54	400.0062773437938
n1722	1587	0	0	58	397.7560125000423
n1724	1589	0	0	58	398.03379000004253
n1728	1593	0	0	58	398.59869328129287
n1730	1596	0	0	58	398.8978382812932
n1741	1600	0	0	58	399.6470362500435
n1743	1602	0	0	58	399.8887560937938
n1723	1588	0	0	62	397.8895593750424
n1729	1595	0	0	62	398.74693031254304
n1742	1601	0	0	63	399.76589296879365
n1776	1609	0	0	34	400.1358178125438
n1777	1616	0	0	39	400.92775078129426
n1778	1628	0	0	42	401.7009871875443
n1782	deletion
n1746	1604	0	0	54	400.27070015629386
n1750	1608	0	0	54	400.7755073437943
n1752	1610	0	0	54	401.07999421879424
n1756	1614	0	0	54	401.5714467187943
n1758	1617	0	0	54	401.8372050000443
n1762	1621	0	0	54	402.3246510937945
n1747	1605	0	0	58	400.410924375044
n1749	1607	0	0	58	400.6486378125442
n1753	1611	0	0	58	401.2001864062943
n1755	1613	0	0	58	401.46327375004427
n1759	1618	0	0	58	401.96407453129444
n1761	1620	0	0	58	402.2138071875445
n1748	1606	0	0	63	400.5217682812941
n1754	1612	0	0	63	401.31503671879426
n1760	1619	0	0	63	402.0749184375445
n1819	1651	0	0	45	404.0620959375447
n1827	deletion
n1779	1627	0	0	46	402.4755590625445
n1780	1634	0	0	51	403.2073959375446
n1764	1622	0	0	54	402.6104414062945
n1768	1626	0	0	54	403.0938810937946
n1770	1629	0	0	54	403.3369364062946
n1774	1633	0	0	54	403.8631110937947
n1784	1635	0	0	57	404.25573890629477
n1765	1623	0	0	58	402.7373109375445
n1767	1625	0	0	58	402.9990628125446
n1771	1630	0	0	58	403.45312218754464
n1773	1632	0	0	58	403.7389125000447
n1785	1636	0	0	60	404.3972985937948
n1788	1639	0	0	60	404.752533281295
n1766	1624	0	0	63	402.85216125004456
n1772	1631	0	0	63	403.5813271875447
n1787	1638	0	0	63	404.65237312504496
n1786	1637	0	0	66	404.53084546879495
n1823	1664	0	0	46	406.460597812545
n1828	deletion
n1821	1652	0	0	51	405.702051562545
n1820	1645	0	0	54	404.89142203129495
n1790	1640	0	0	57	405.022297968795
n1796	1646	0	0	57	405.846282187545
n1802	1653	0	0	58	406.61551218754505
n1806	1657	0	0	58	407.09093906254526
n1791	1641	0	0	60	405.13180640629497
n1794	1644	0	0	60	405.529776093795
n1797	1647	0	0	60	405.954455156295
n1800	1650	0	0	60	406.30034156254504
n1793	1643	0	0	63	405.401571093795
n1799	1649	0	0	63	406.19617500004506
n1803	1654	0	0	63	406.73436890629506
n1805	1656	0	0	63	406.9841015625452
n1792	1642	0	0	66	405.264017812545
n1798	1648	0	0	66	406.069305468795
n1804	1655	0	0	67	406.8558965625451
n1867	1682	0	0	47	408.8003390625455
n1876	deletion
n1825	1670	0	0	51	408.0578184375454
n1824	1669	0	0	55	407.2779046875453
n1808	1658	0	0	58	407.4648703125453
n1812	1662	0	0	58	407.9349553125454
n1814	1663	0	0	58	408.1806815625454
n1818	1668	0	0	58	408.66278578129544
n1830	1671	0	0	59	408.9512470312955
n1831	1672	0	0	62	409.07945203129555
n1834	1675	0	0	62	409.4320157812957
n1809	1659	0	0	63	407.5837270312953
n1811	1661	0	0	63	407.8347951562954
n1815	1665	0	0	63	408.29286093754536
n1817	1667	0	0	63	408.5452645312954
n1833	1674	0	0	65	409.3185009375457
n1810	1660	0	0	67	407.7052546875454
n1816	1666	0	0	67	408.4210659375454
n1832	1673	0	0	68	409.1889604687957
n1877	1701	0	0	48	411.12004828129596
n1869	1688	0	0	53	410.34681187504583
n1868	1683	0	0	56	409.5936075000457
n1836	1676	0	0	59	409.7525282812958
n1842	1681	0	0	59	410.50706812504586
n1848	1689	0	0	60	411.26962078129606
n1852	1693	0	0	60	411.77175703129615
n1837	1677	0	0	62	409.86470765629576
n1840	1680	0	0	62	410.2092585937958
n1843	1684	0	0	62	410.61123468754596
n1846	1687	0	0	62	410.959792031296
n1839	1679	0	0	65	410.1131048437958
n1845	1686	0	0	65	410.858296406296
n1849	1690	0	0	65	411.4191932812961
n1851	1692	0	0	65	411.64488750004614
n1838	1678	0	0	68	409.97688703129575
n1844	1685	0	0	68	410.728755937546
n1850	1691	0	0	69	411.52603078129613
n1878	1706	0	0	49	412.73863640629634
n1928	1726	0	0	50	413.5092018750467
n1873	1705	0	0	52	412.7373009375463
n1874	1712	0	0	55	412.7359654687963
n1872	1696	0	0	57	411.9280068750462
n1875	1707	0	0	58	412.73195906254625
n1854	1694	0	0	60	412.0802503125462
n1858	1700	0	0	60	412.5530062500462
n1860	1702	0	0	61	412.8588285937963
n1866	1711	0	0	61	413.37298406254666
n1880	1713	0	0	62	413.67480000004673
n1861	1703	0	0	64	412.9603242187964
n1865	1710	0	0	64	413.2608046875467
n1855	1695	0	0	65	412.21112625004616
n1857	1699	0	0	65	412.4207948437962
n1881	1714	0	0	65	413.80701140629674
n1884	1717	0	0	65	414.1235175000469
n1862	1704	0	0	67	413.0551425000465
n1864	1709	0	0	67	413.20204406254663
n1883	1716	0	0	68	414.0260282812969
n1856	1698	0	0	69	412.29793171879624
n1863	1708	0	0	70	413.09787750004654
n1882	1715	0	0	71	413.9071715625468
n1929	1731	0	0	51	415.03030078129706
n1930	1749	0	0	52	415.8155564062974
n1917	1720	0	0	53	414.2730900000469
n1920	1730	0	0	54	415.02629437504703
n1918	1719	0	0	56	414.2757609375469
n1921	1737	0	0	57	415.024958906297
n1919	1722	0	0	59	414.2717545312969
n1922	1736	0	0	60	415.014275156297
n1886	1718	0	0	62	414.4253334375469
n1892	1727	0	0	63	415.1464865625471
n1898	1735	0	0	63	415.6593065625474
n1900	1738	0	0	64	415.99851562504745
n1887	1721	0	0	65	414.5401837500469
n1890	1725	0	0	65	414.860696250047
n1893	1728	0	0	66	415.2319565625471
n1897	1734	0	0	66	415.57517203129737
n1901	1739	0	0	67	416.1240496875474
n1904	1742	0	0	67	416.4739425000475
n1889	1724	0	0	68	414.75920062504696
n1894	1729	0	0	69	415.3468068750472
n1896	1733	0	0	69	415.4923729687973
n1903	1741	0	0	70	416.3711114062975
n1888	1723	0	0	71	414.6430148437969
n1895	1732	0	0	72	415.39755468754726
n1902	1740	0	0	73	416.24424187504746
n1931	1755	0	0	53	417.4328090625477
n1923	1751	0	0	55	416.62084406254746
n1992	1779	0	0	55	418.4036948437979
n1926	1753	0	0	57	417.43147359379765
n1924	1746	0	0	58	416.62351500004746
n1925	1744	0	0	61	416.62084406254746
n1927	1759	0	0	62	417.42346078129765
n1906	1743	0	0	64	416.7610682812975
n1912	1752	0	0	65	417.5970717187978
n1916	1758	0	0	65	418.1325946875479
n1907	1745	0	0	67	416.87191218754754
n1910	1750	0	0	67	417.23783062504765
n1933	1760	0	0	67	418.5799767187979
n1939	1766	0	0	67	419.0941321875481
n1913	1754	0	0	69	417.73729593754786
n1915	1757	0	0	69	417.9950414062979
n1909	1748	0	0	70	417.12698671879764
n1934	1761	0	0	70	418.69082062504793
n1938	1765	0	0	70	419.0233523437981
n1908	1747	0	0	73	417.0094654687976
n1914	1756	0	0	74	417.8548171875479
n1935	1762	0	0	74	418.782967968798
n1937	1764	0	0	74	418.93654687504807
n1936	1763	0	0	76	418.8671025000481
n1993	1809	0	0	56	420.7728164062986
n1980	1771	0	0	58	419.1969632812981
n1983	1780	0	0	58	419.9394839062984
n1981	1772	0	0	62	419.20096968754814
n1984	1778	0	0	62	419.9394839062984
n1982	1769	0	0	64	419.20096968754814
n1985	1777	0	0	64	419.9408193750484
n1941	1767	0	0	67	419.3078071875482
n1947	1775	0	0	67	419.8500075000484
n1949	1781	0	0	67	420.0449859375484
n1955	1787	0	0	67	420.5818443750486
n1957	1788	0	0	68	420.96512390629863
n1963	1794	0	0	68	421.5033178125487
n1942	1768	0	0	70	419.39995453129825
n1946	1776	0	0	70	419.74984734379836
n1950	1782	0	0	70	420.12778500004845
n1954	1786	0	0	70	420.49904531254856
n1958	1789	0	0	71	421.06528406254864
n1962	1793	0	0	71	421.40182218754865
n1943	1770	0	0	74	419.4934373437983
n1945	1774	0	0	74	419.6750610937983
n1951	1783	0	0	74	420.2212678125485
n1953	1785	0	0	74	420.4109043750485
n1959	1790	0	0	74	421.16811515629865
n1961	1792	0	0	74	421.31101031254866
n1944	1773	0	0	76	419.58692015629833
n1952	1784	0	0	76	420.3160860937985
n1960	1791	0	0	76	421.2335531250487
n2036	1848	0	0	57	423.3849932812993
n1986	1800	0	0	59	421.59279421879876
n1989	1810	0	0	59	422.352675937549
n1987	1799	0	0	62	421.59145875004873
n1990	1816	0	0	62	422.344663125049
n1988	1798	0	0	64	421.5874523437987
n1991	1813	0	0	64	422.341992187549
n1965	1795	0	0	68	421.7036381250488
n1971	1804	0	0	68	422.225806406299
n1973	1806	0	0	68	422.460848906299
n1979	1815	0	0	68	423.0244167187992
n1994	1817	0	0	69	423.37297406254925
n1966	1796	0	0	71	421.7864371875488
n1970	1803	0	0	71	422.13499453129896
n1974	1807	0	0	71	422.55967359379906
n1978	1814	0	0	71	422.9336048437992
n1967	1797	0	0	74	421.87457812504886
n1969	1802	0	0	74	422.0548664062989
n1975	1808	0	0	74	422.6478145312991
n1977	1812	0	0	74	422.84012203129913
n1995	1818	0	0	74	423.37030312504925
n1968	1801	0	0	76	421.96806093754884
n1976	1811	0	0	76	422.7479746875491
n1996	1819	0	0	77	423.3529420312992
n1997	1820	0	0	86	424.17024890629943
n1998	1821	0	0	88	424.4199815625495
n1999	1822	0	0	89	424.6336565625495
n2021	1824	0	0	62	424.8179512500496
n2024	1830	0	0	62	425.65261921879994
n2027	1837	0	0	62	426.4966354688005
n2022	1825	0	0	65	424.8179512500496
n2025	1832	0	0	65	425.65261921879994
n2028	1838	0	0	65	426.4912935938005
n2023	1823	0	0	69	424.8152803125496
n2026	1829	0	0	69	425.66330296879994
n2029	1836	0	0	69	426.48728718755046
n2009	1835	0	0	80	426.7169878125506
n2007	1834	0	0	81	426.2842959375503
n2011	1840	0	0	81	427.12430578130085
n2010	1839	0	0	82	426.9199790625507
n2005	1831	0	0	85	425.85694593755005
n2003	1828	0	0	86	425.44962796879986
n2006	1833	0	0	86	426.07596281255013
n2002	1827	0	0	88	425.24530125004986
n2001	1826	0	0	89	425.01960703129976
n2074	1863	0	0	57	429.1235025000518
n2030	1844	0	0	62	427.328632500051
n2033	1852	0	0	62	428.1819970313014
n2031	1843	0	0	65	427.339316250051
n2034	1853	0	0	65	428.17131328130137
n2032	1842	0	0	69	427.333974375051
n2035	1851	0	0	69	428.1779906250514
n2019	1850	0	0	74	428.8483959375518
n2018	1849	0	0	76	428.6026696875516
n2015	1846	0	0	77	427.9616446875513
n2017	1847	0	0	77	428.3729690625516
n2014	1845	0	0	79	427.7426278125512
n2038	1854	0	0	79	429.334506562552
n2013	1841	0	0	81	427.5356301563011
n2039	1855	0	0	81	429.57088453130206
n2040	1856	0	0	82	429.7765467188022
n2075	1881	0	0	57	431.64620296880355
n2062	1859	0	0	62	429.95015765630234
n2065	1865	0	0	62	430.7928384375528
n2063	1860	0	0	64	429.9688542188024
n2066	1869	0	0	64	430.8061931250528
n2064	1857	0	0	67	429.95950593755236
n2067	1868	0	0	67	430.8008512500528
n2052	1872	0	0	73	432.265860468804
n2051	1871	0	0	74	432.06019828130377
n2048	1867	0	0	76	431.4245151563033
n2050	1870	0	0	76	431.83717500005366
n2047	1866	0	0	77	431.21751750005313
n2044	1862	0	0	79	430.56981515630275
n2046	1864	0	0	79	430.99048781255294
n2043	1861	0	0	81	430.3908623438026
n2042	1858	0	0	82	430.1745164063025
n2115	1912	0	0	45	434.4239779688055
n2069	1876	0	0	61	432.4928901563042
n2072	1880	0	0	61	433.34892562505485
n2070	1875	0	0	64	432.4875482813042
n2073	1879	0	0	64	433.3409128125548
n2060	1884	0	0	64	434.0273437500554
n2059	1883	0	0	65	433.8003140625551
n2071	1873	0	0	67	432.49956750005424
n2056	1878	0	0	67	433.1138831250547
n2058	1882	0	0	67	433.5706134375549
n2055	1877	0	0	69	432.9055500000545
n2054	1874	0	0	70	432.70656515630435
n2077	1885	0	0	74	434.79256734380573
n2078	1886	0	0	76	435.02093250005584
n2079	1887	0	0	77	435.2239237500561
n2100	1891	0	0	50	435.44828250005617
n2103	1897	0	0	50	436.28695687505666
n2106	1903	0	0	50	437.1630243750572
n2101	1889	0	0	53	435.45095343755617
n2104	1896	0	0	53	436.28695687505666
n2107	1902	0	0	53	437.1763790625572
n2102	1888	0	0	57	435.44561156255617
n2105	1895	0	0	57	436.28027953130663
n2108	1901	0	0	57	437.1710371875572
n2089	1900	0	0	68	437.39005406255734
n2087	1899	0	0	69	436.94267203130704
n2091	1905	0	0	69	437.83743609380764
n2090	1904	0	0	70	437.6224256250574
n2085	1894	0	0	73	436.5019673438068
n2083	1893	0	0	74	436.07194640630655
n2086	1898	0	0	74	436.74101625005693
n2082	1892	0	0	76	435.87429703130636
n2081	1890	0	0	77	435.6552801563063
n2151	1932	0	0	45	439.7204470313083
n2109	1909	0	0	50	438.0404273438076
n2112	1917	0	0	50	438.86841796880793
n2110	1908	0	0	53	438.0350854688076
n2113	1918	0	0	53	438.86975343755796
n2111	1906	0	0	57	438.0430982813076
n2114	1914	0	0	57	438.86040515630793
n2099	1916	0	0	62	439.49341734380835
n2098	1915	0	0	64	439.2850842188082
n2095	1911	0	0	65	438.6547429688079
n2097	1913	0	0	65	439.07140921880807
n2094	1910	0	0	67	438.45842906255774
n2117	1919	0	0	67	439.9394639063084
n2093	1907	0	0	69	438.23807671880775
n2118	1920	0	0	69	440.1544743750584
n2119	1921	0	0	70	440.35479468755864
n2152	1945	0	0	45	442.2498248438098
n2140	deletion
n2143	deletion
n2141	1924	0	0	52	440.5898371875588
n2144	1931	0	0	52	441.39378937505927
n2142	1923	0	0	55	440.57648250005883
n2145	1928	0	0	55	441.39245390630924
n2131	1937	0	0	61	442.9001981250599
n2130	1936	0	0	62	442.6798457813099
n2127	1934	0	0	64	442.0227951563096
n2129	1935	0	0	64	442.46884171880987
n2126	1933	0	0	65	441.8304876563096
n2123	1927	0	0	67	441.16542421880916
n2125	1929	0	0	67	441.6021225000594
n2122	1926	0	0	69	440.9784585938092
n2121	1925	0	0	70	440.775467343809
n2158	1950	0	0	38	445.5884967188101
n2149	1944	0	0	49	444.07407515631
n2146	deletion
n2159	1949	0	0	50	445.5711356250601
n2147	1940	0	0	52	443.1192150000599
n2150	1943	0	0	52	444.07273968756
n2139	1948	0	0	52	444.9781875000601
n2138	1947	0	0	53	444.6082626563101
n2148	1938	0	0	55	443.1245568750599
n2135	1942	0	0	55	443.82300703131
n2137	1946	0	0	55	444.31713046881003
n2134	1941	0	0	57	443.59197093755995
n2133	1939	0	0	58	443.35158656255993
n2155	1951	0	0	77	448.95788437506167
n2169	1957	0	0	55	452.23245375006275
n2170	1958	0	0	62	452.22177000006275
n2171	1959	0	0	67	452.21909906256275
n2167	1956	0	0	70	452.23512468756275
n2156	1952	0	0	73	449.99955000006184
n2157	1953	0	0	74	450.88763671881236
n2168	1955	0	0	74	452.21375718756275
n2163	1954	0	0	82	452.19238968756275
n2164	1960	0	0	82	455.7033370313139
n2180	1967	0	0	53	459.3892307813147
n2181	1965	0	0	62	459.3812179688147
n2182	1966	0	0	65	459.39056625006475
n2178	1963	0	0	69	459.3705342188147
n2165	1961	0	0	73	456.94532296881425
n2166	1962	0	0	74	457.8908348438143
n2179	1964	0	0	74	459.3758760938147
n2174	1968	0	0	81	459.32512828131473
n2175	1969	0	0	89	463.04574421881586
n2191	1972	0	0	74	466.03852968756644
n2176	1970	0	0	85	464.2129439063162
n2177	1971	0	0	86	465.1357528125662
n2185	1973	0	0	86	466.03051687506644
n2192	1975	0	0	69	466.94397750006647
n2193	1976	0	0	70	467.8147031250666
n2194	1978	0	0	70	468.7308346875669
n2186	1974	0	0	81	466.92127453131644
n2187	1977	0	0	82	467.8173740625666
n2188	1979	0	0	82	468.7188154688169
n2195	1981	0	0	66	469.6536435938175
n2196	1982	0	0	67	470.5270401563176
n2204	1984	0	0	67	471.5673703125678
n2189	1980	0	0	78	469.6242632813175
n2190	1983	0	0	79	470.5030017188176
n2197	1985	0	0	79	471.5540156250678
n2207	1992	0	0	51	474.6816834375682
n2205	1987	0	0	62	472.4728181250678
n2206	1989	0	0	63	473.446374843818
n2200	1990	0	0	63	474.6750060938182
n2198	1986	0	0	74	472.4607989063178
n2199	1988	0	0	75	473.42634281256795
n2201	1991	0	0	75	474.65497406256816
n2214	1998	0	0	49	478.25005593756896
n2208	1994	0	0	50	476.9132517188185
n2209	1997	0	0	61	478.25272687506896
n2202	1993	0	0	62	476.8892132813185
n2210	1996	0	0	73	478.23403031256896
n2203	1995	0	0	74	476.8678457813185
n2212	1999	0	0	80	481.4378198438201
n2223	2005	0	0	38	484.7764917188208
n2224	2002	0	0	50	484.7658079688208
n2218	2001	0	0	57	484.7337567188208
n2219	2004	0	0	62	484.7190665625708
n2220	2003	0	0	65	484.7297503125708
n2213	2000	0	0	81	483.5198156250706
n2221	2006	0	0	80	487.8213604688216
n2232	2009	0	0	33	491.45116453132226
n2233	2008	0	0	45	491.44582265632226
n2227	2010	0	0	55	491.4191132813222
n2228	2011	0	0	61	491.42579062507224
n2229	2012	0	0	64	491.3937393750722
n2222	2007	0	0	81	490.0502578125719
n2230	2013	0	0	80	494.82990046882315
n2252	2024	0	0	38	498.47706562507375
n2245	2015	0	0	50	498.4543626563237
n2231	2014	0	0	81	497.1883382813234
n2253	deletion
n2248	2021	0	0	45	501.5205989063247
n2246	2017	0	0	46	500.58710625007427
n2247	2016	0	0	50	500.60046093757427
n2249	2020	0	0	50	501.5392954688247
n2239	2023	0	0	53	501.5286117188247
n2237	2018	0	0	55	500.5630678125743
n2238	2019	0	0	62	500.5497131250743
n2240	2022	0	0	62	501.5125860938247
n2273	2045	0	0	38	504.67764703132605
n2265	2035	0	0	41	504.70302093757607
n2250	2027	0	0	43	503.5571887500755
n2251	2025	0	0	50	503.56787250007557
n2266	2031	0	0	50	504.70035000007607
n2241	2026	0	0	52	503.5798917188256
n2254	2032	0	0	53	504.6789825000761
n2255	2033	0	0	57	504.662956875076
n2242	2029	0	0	58	503.56119515632554
n2243	2030	0	0	61	503.53047937507546
n2244	2028	0	0	62	503.5451695313255
n2256	2034	0	0	62	504.646931250076
n2274	deletion
n2269	2043	0	0	45	508.0710731250774
n2267	2039	0	0	46	506.8744931250771
n2268	2037	0	0	50	506.8865123438271
n2270	2040	0	0	50	508.09377609382744
n2259	2041	0	0	53	508.08843421882744
n2257	2036	0	0	55	506.86514484382707
n2258	2038	0	0	62	506.83977093757704
n2260	2042	0	0	62	508.0510410938274
n2288	2057	0	0	38	511.55931750007835
n2282	2053	0	0	41	511.58736234382843
n2271	2048	0	0	43	510.2478871875778
n2283	2052	0	0	45	511.5726721875784
n2272	2044	0	0	50	510.27059015632784
n2284	2051	0	0	50	511.5780140625784
n2261	2046	0	0	52	510.27593203132784
n2275	2054	0	0	53	511.5619884375784
n2276	2056	0	0	57	511.5606529688284
n2262	2047	0	0	58	510.2465517188278
n2263	2050	0	0	61	510.21850687507776
n2264	2049	0	0	62	510.2438807813278
n2277	2055	0	0	62	511.5179179688283
n2278	2058	0	0	73	513.62662312508
n2279	2059	0	0	74	514.5948379688303
n2281	2060	0	0	85	516.6781692188304
n2289	2061	0	0	86	517.7265121875804
n2295	2062	0	0	38	519.9420548438304
n2296	2063	0	0	38	521.2935492188304
insertion	534	0	0	62	149.42025656249362
insertion	537	0	0	65	149.41090828124362
insertion	627	0	0	45	174.30003937499112
insertion	1697	0	0	53	411.9240004687962
insertion	1805	0	0	76	422.374043437549
insertion	1922	0	0	57	440.5551150000588
insertion	1930	0	0	57	441.3977957813093
