xml_id	midi_id	track	channel	pitch	onset
n11	3	1	0	62	2.661316935416667
n13	5	1	0	62	2.8525556875
n12	4	1	0	63	2.741444904166667
n10	2	1	0	65	2.558753135416667
n9	1	1	0	67	2.45832608125
n8	0	1	0	68	2.3632408916666665
n1	24	1	0	71	2.050207627083333
n2	21	1	0	74	2.050207627083333
n3	18	1	0	77	2.050207627083333
n4	22	1	0	79	2.050207627083333
n5	20	1	0	83	2.050207627083333
n15	7	1	0	55	3.0363158291666665
n17	9	1	0	55	3.22755458125
n16	8	1	0	56	3.113238679166667
n14	6	1	0	59	2.9743502
n19	11	1	0	50	3.3984942479166667
n21	13	1	0	50	3.5726390333333335
n20	12	1	0	51	3.4711436062499996
n18	10	1	0	53	3.31088766875
n31	15	1	0	43	3.738236835416667
n33	17	1	0	43	3.9476379270833335
n32	16	1	0	44	3.8279801604166668
n30	14	1	0	47	3.6602456125000002
n35	23	1	0	38	4.117509220833333
n37	26	1	0	38	4.294859124999998
n36	25	1	0	39	4.1890902062499995
n34	19	1	0	41	4.039517997916667
n39	28	1	0	31	4.461525299999998
n41	30	1	0	31	4.632464966666664
n38	27	1	0	36	4.374987093749998
n40	29	1	0	36	4.55661048958333
n43	32	1	0	31	4.808746497916663
n45	39	1	0	31	5.077976472916662
n42	31	1	0	36	4.719003172916663
n44	37	1	0	36	4.917720535416662
n28	38	1	0	67	5.163446306249995
n24	33	1	0	68	4.77455856458333
n25	35	1	0	75	4.775626937499997
n26	36	1	0	77	4.782037174999997
n29	40	1	0	79	5.161309560416662
n27	34	1	0	80	4.77455856458333
n51	41	1	0	35	5.289514310416662
n53	43	1	0	67	5.758530020833328
n52	42	1	0	68	5.655966220833328
n46	64	1	0	74	5.3044715312499955
n47	63	1	0	77	5.308745022916662
n48	61	1	0	79	5.314086887499996
n49	60	1	0	86	5.299129666666662
n55	45	1	0	62	5.935879924999993
n57	47	1	0	62	6.0961358624999935
n56	46	1	0	63	6.016007893749992
n54	44	1	0	65	5.85682032916666
n59	49	1	0	55	6.258528545833327
n61	51	1	0	55	6.447630552083327
n60	50	1	0	56	6.349340243749993
n58	48	1	0	59	6.205109899999994
n63	53	1	0	50	6.607886489583326
n65	55	1	0	50	6.783099647916658
n64	54	1	0	51	6.682672593749992
n62	52	1	0	53	6.536305504166659
n75	57	1	0	43	6.957244433333325
n77	59	1	0	43	7.136731083333325
n76	58	1	0	44	7.033098910416658
n74	56	1	0	47	6.879253210416659
n79	65	1	0	38	7.298055393749991
n81	67	1	0	38	7.466858314583324
n80	66	1	0	39	7.367499633333325
n78	62	1	0	41	7.212585560416658
n83	69	1	0	31	7.647413337499991
n85	71	1	0	31	7.818353004166657
n82	68	1	0	36	7.560875131249991
n84	70	1	0	36	7.736088289583324
n87	73	1	0	31	8.005318264583323
n89	80	1	0	31	8.23395006874999
n86	72	1	0	36	7.916643312499991
n88	78	1	0	36	8.099335081249992
n72	79	1	0	67	8.340787360416657
n68	74	1	0	68	7.947626127083324
n69	77	1	0	75	7.945489381249991
n70	76	1	0	77	7.949762872916657
n73	81	1	0	79	8.340787360416657
n71	75	1	0	80	7.944421008333324
n108	82	1	0	35	8.461513499999992
n90	83	1	0	77	8.49035956874999
n91	85	1	0	79	8.485017704166658
n110	89	1	0	79	8.98501622916666
n109	88	1	0	80	8.881384056249994
n92	84	1	0	86	8.485017704166658
n93	86	1	0	89	8.481812585416659
n95	90	1	0	91	8.989289720833327
n94	87	1	0	92	8.890999412499994
n112	93	1	0	74	9.16450287916666
n114	96	1	0	74	9.33544254583333
n113	95	1	0	75	9.248904339583328
n111	91	1	0	77	9.080101418749992
n97	94	1	0	86	9.173049862499994
n99	98	1	0	86	9.352536512499997
n98	97	1	0	87	9.262793187499994
n96	92	1	0	89	9.084374910416658
n116	102	1	0	67	9.49249336458333
n118	104	1	0	67	9.679458625
n117	103	1	0	68	9.5833050625
n115	100	1	0	71	9.445484956249997
n101	101	1	0	79	9.515997568749997
n103	106	1	0	79	9.696552591666666
n102	105	1	0	80	9.616424622916666
n100	99	1	0	83	9.440143091666664
n120	109	1	0	62	9.853603410416667
n122	112	1	0	62	10.018132839583332
n121	111	1	0	63	9.93266300625
n119	107	1	0	65	9.77240706875
n105	110	1	0	74	9.864287139583334
n107	114	1	0	74	10.024543077083333
n106	113	1	0	75	9.951893718749998
n104	108	1	0	77	9.720056795833333
n140	118	1	0	55	10.1858673875
n142	120	1	0	55	10.363217291666665
n141	119	1	0	56	10.274542339583332
n139	116	1	0	59	10.130311995833335
n124	117	1	0	67	10.20189298125
n126	122	1	0	67	10.363217291666665
n125	121	1	0	68	10.296978170833333
n123	115	1	0	71	10.129243622916668
n144	126	1	0	50	10.525609974999997
n146	128	1	0	50	10.693344522916663
n145	127	1	0	51	10.600396079166662
n143	124	1	0	53	10.459370854166664
n128	125	1	0	62	10.522404856249997
n130	130	1	0	62	10.685865912499995
n129	129	1	0	63	10.613216554166662
n127	123	1	0	65	10.447618752083331
n148	134	1	0	43	10.861079070833327
n150	136	1	0	43	11.030950364583326
n149	135	1	0	44	10.93372842916666
n147	132	1	0	47	10.780951102083327
n132	133	1	0	55	10.852532087499993
n134	138	1	0	55	11.03949734791666
n133	137	1	0	56	10.961506124999993
n131	131	1	0	59	10.764925508333327
n152	142	1	0	38	11.202958404166658
n154	145	1	0	38	11.369624579166658
n153	143	1	0	39	11.268129152083326
n151	140	1	0	41	11.118556943749992
n136	141	1	0	50	11.186932810416659
n138	146	1	0	50	11.365351087499992
n137	144	1	0	51	11.290564983333326
n135	139	1	0	53	11.103599722916659
n172	150	1	0	35	11.517060041666658
n171	148	1	0	36	11.451889293749993
n174	153	1	0	41	11.685862962499993
n173	151	1	0	43	11.620692214583327
n156	149	1	0	47	11.492487464583325
n155	147	1	0	48	11.423043224999992
n158	154	1	0	53	11.68052109791666
n157	152	1	0	55	11.57795729791666
n176	159	1	0	38	11.868554731249993
n178	163	1	0	38	11.990349243749996
n175	155	1	0	39	11.749965337499992
n177	158	1	0	39	11.914494766666662
n160	157	1	0	50	11.817272831249992
n162	161	1	0	50	11.99889622708333
n159	156	1	0	51	11.747828591666659
n161	160	1	0	51	11.924110122916662
n180	165	1	0	35	12.139921452083332
n179	164	1	0	36	12.073682331249998
n182	169	1	0	44	12.351459289583332
n181	167	1	0	46	12.274536439583331
n164	166	1	0	47	12.143126570833331
n163	162	1	0	48	12.073682331249998
n166	170	1	0	56	12.350390916666665
n165	168	1	0	58	12.275604812499997
n184	174	1	0	41	12.507441735416664
n186	178	1	0	41	12.669834418749998
n183	172	1	0	43	12.439065868749998
n185	175	1	0	43	12.57902272083333
n168	173	1	0	53	12.508510108333331
n170	177	1	0	53	12.674107910416664
n167	171	1	0	55	12.433724004166665
n169	176	1	0	55	12.605732043749997
n204	181	1	0	38	12.819406627083328
n203	180	1	0	39	12.741415404166663
n188	182	1	0	50	12.816201508333329
n206	186	1	0	50	13.071542635416662
n187	179	1	0	51	12.743552149999996
n205	183	1	0	51	12.990346293749996
n190	185	1	0	62	13.075816127083328
n189	184	1	0	63	12.992483039583329
n208	190	1	0	47	13.215772979166662
n210	193	1	0	47	13.404874985416663
n207	188	1	0	48	13.176243181249996
n209	191	1	0	48	13.330088881249997
n192	189	1	0	59	13.231798572916663
n194	194	1	0	59	13.39953312083333
n191	187	1	0	60	13.153807349999996
n193	192	1	0	60	13.327952135416664
n212	198	1	0	43	13.597182110416664
n214	202	1	0	43	13.74568594583333
n211	196	1	0	44	13.477524343749996
n213	199	1	0	44	13.645258891666664
n196	197	1	0	55	13.567267668749997
n198	201	1	0	55	13.730728724999997
n195	195	1	0	56	13.48607132708333
n197	200	1	0	56	13.639917027083332
n216	206	1	0	39	13.931582833333332
n218	deletion
n215	205	1	0	41	13.834360897916664
n217	208	1	0	41	14.00850568333333
n200	204	1	0	51	13.924104222916664
n202	209	1	0	51	14.086496906249996
n199	203	1	0	53	13.821540422916664
n201	207	1	0	53	14.009574056249997
n223	211	1	0	36	14.217906774999996
n224	212	1	0	43	14.506367462499997
n219	210	1	0	48	14.310855218749996
n225	213	1	0	48	14.615341499999998
n226	214	1	0	50	14.720042045833331
n227	215	1	0	51	14.823674218749998
n228	216	1	0	55	14.92196452708333
n229	217	1	0	60	14.999955749999998
n230	218	1	0	62	15.091835820833332
n232	220	1	0	62	15.253160131249999
n234	222	1	0	55	15.447604002083331
n233	221	1	0	60	15.343971829166666
n231	219	1	0	63	15.160211687499999
n238	226	1	0	43	15.755295402083332
n237	225	1	0	48	15.673030687499999
n236	224	1	0	50	15.580082243749999
n235	223	1	0	51	15.505296139583331
n248	227	1	0	36	15.862132693749997
n249	228	1	0	43	15.945465781249997
n250	229	1	0	48	16.036277479166664
n251	230	1	0	50	16.124952431249998
n255	234	1	0	43	16.4614899
n257	236	1	0	43	16.639908177083335
n254	233	1	0	48	16.37495169375
n253	232	1	0	50	16.27452463958333
n252	231	1	0	51	16.195465043749998
n256	235	1	0	36	16.53841275
n258	237	1	0	48	16.741403604166667
n259	240	1	0	50	16.883497202083333
n242	238	1	0	72	16.856787879166667
n243	239	1	0	84	16.857856252083334
n263	248	1	0	43	17.41020505
n262	245	1	0	48	17.253154231249997
n261	243	1	0	50	17.11426575208333
n260	241	1	0	51	17.001018222916663
n244	242	1	0	74	16.971103781249997
n246	246	1	0	75	17.4550767125
n245	244	1	0	86	16.97003540833333
n247	247	1	0	87	17.45721345833333
n280	249	1	0	36	17.599307056249998
n281	252	1	0	43	17.88349425208333
n282	253	1	0	48	18.00315201875
n283	254	1	0	50	18.11319442916667
n264	250	1	0	75	17.58221308958333
n265	251	1	0	87	17.57900797083333
n284	255	1	0	51	18.2114847375
n285	256	1	0	55	18.305501554166668
n286	257	1	0	60	18.396313252083335
n287	258	1	0	62	18.492466814583334
n289	260	1	0	62	18.662338108333337
n291	266	1	0	55	18.87067082708334
n290	261	1	0	60	18.75849167083334
n288	259	1	0	63	18.576868275000002
n268	262	1	0	67	18.861055470833342
n269	264	1	0	72	18.861055470833342
n270	263	1	0	75	18.859987097916676
n271	265	1	0	79	18.856781979166676
n295	279	1	0	43	19.348233520833332
n294	274	1	0	48	19.23498599166667
n293	269	1	0	50	19.06831981666667
n292	267	1	0	51	18.96575601666667
n272	270	1	0	67	18.993533712500003
n276	276	1	0	67	19.34289165625
n273	268	1	0	72	18.993533712500003
n277	278	1	0	72	19.36425911458333
n274	271	1	0	75	18.982849983333338
n278	277	1	0	75	19.35464375833333
n275	272	1	0	79	18.956140660416672
n279	275	1	0	79	19.33648141875
n311	281	1	0	36	19.477506643749994
n312	282	1	0	43	19.605711393749992
n313	283	1	0	48	19.708275193749994
n314	285	1	0	50	19.80549712916666
n296	288	1	0	68	19.508489458333326
n297	286	1	0	72	19.486053627083326
n298	280	1	0	75	19.477506643749994
n299	284	1	0	80	19.45613918541666
n318	292	1	0	43	20.15699181874999
n317	291	1	0	48	20.07472710416666
n316	290	1	0	50	19.978573541666655
n315	289	1	0	51	19.901650691666656
n319	293	1	0	36	20.25314538124999
n320	295	1	0	43	20.38989711458332
n321	299	1	0	48	20.479640439583317
n322	302	1	0	50	20.60036657916665
n300	294	1	0	67	20.28092307708332
n305	300	1	0	72	20.61318705416665
n303	298	1	0	79	20.272376093749987
n306	301	1	0	84	20.612118681249985
n326	310	1	0	43	21.098228358333316
n325	307	1	0	48	20.934767302083316
n324	306	1	0	50	20.805494179166647
n323	305	1	0	51	20.710408989583318
n307	303	1	0	74	20.717887599999983
n309	308	1	0	75	21.11318557916665
n308	304	1	0	86	20.714682481249984
n310	309	1	0	87	21.117459070833316
n343	311	1	0	36	21.245663820833315
n344	314	1	0	43	21.46895376041665
n345	315	1	0	48	21.569380814583315
n346	316	1	0	50	21.678354852083313
n327	312	1	0	75	21.21895449791665
n328	313	1	0	87	21.21895449791665
n347	317	1	0	51	21.774508414583313
n348	318	1	0	55	21.882414079166647
n349	319	1	0	60	21.960405302083313
n350	320	1	0	62	22.055490491666646
n352	322	1	0	62	22.227498531249978
n354	329	1	0	55	22.45933545416664
n353	323	1	0	60	22.33647256874998
n351	321	1	0	63	22.137755206249977
n331	324	1	0	67	22.41553216458331
n332	326	1	0	72	22.420874029166644
n333	325	1	0	75	22.41873728333331
n334	327	1	0	79	22.41553216458331
n358	341	1	0	43	22.898436722916642
n357	336	1	0	48	22.779847329166646
n356	331	1	0	50	22.64416396874998
n355	330	1	0	51	22.544805287499976
n335	333	1	0	67	22.53412155833331
n339	337	1	0	67	22.96360747083331
n336	334	1	0	72	22.53412155833331
n340	339	1	0	72	22.96681258958331
n337	332	1	0	75	22.53091643958331
n341	340	1	0	75	22.967880962499976
n338	335	1	0	79	22.512754099999977
n342	338	1	0	79	22.961470724999977
n363	342	1	0	36	23.098222458333304
n364	343	1	0	42	23.29587144791664
n365	344	1	0	48	23.403777112499974
n366	345	1	0	50	23.49779392916664
n359	350	1	0	69	23.090743847916638
n360	351	1	0	72	23.086470356249972
n361	352	1	0	75	23.083265237499972
n362	354	1	0	81	23.073649881249974
n370	349	1	0	42	23.877066314583313
n372	355	1	0	42	24.030912014583308
n369	348	1	0	48	23.76595553124998
n368	347	1	0	50	23.670870341666642
n367	346	1	0	51	23.588605627083307
n371	353	1	0	36	23.94223706249998
n373	356	1	0	48	24.116381847916642
n374	357	1	0	50	24.21894564791664
n378	361	1	0	42	24.58753430416664
n377	360	1	0	48	24.483902131249973
n376	359	1	0	50	24.39843229791664
n375	358	1	0	51	24.30548385416664
n397	364	1	0	35	24.697576714583306
n398	366	1	0	47	24.95505458749997
n399	367	1	0	50	25.06723374374997
n400	368	1	0	55	25.14201984791664
n379	365	1	0	74	24.786251666666637
n380	363	1	0	81	24.783046547916637
n381	362	1	0	86	24.78197817499997
n404	373	1	0	47	25.49458291041664
n403	371	1	0	50	25.367446533333304
n402	370	1	0	55	25.328985108333306
n401	369	1	0	62	25.23817341041664
n383	374	1	0	67	25.252062258333307
n384	372	1	0	74	25.25099388541664
n385	375	1	0	79	25.249925512499974
n405	376	1	0	34	25.593941591666642
n406	377	1	0	46	25.73710356249998
n407	deletion
n408	383	1	0	55	25.98923957083331
n388	378	1	0	67	25.90590648333331
n389	380	1	0	73	25.90911160208331
n390	379	1	0	79	25.90270136458331
n412	390	1	0	46	26.253127681249968
n411	385	1	0	49	26.099281981249973
n410	deletion
n409	382	1	0	61	25.999923299999974
n394	388	1	0	67	26.2744951395833
n391	384	1	0	68	26.002060045833307
n392	386	1	0	73	26.002060045833307
n395	deletion
n396	389	1	0	79	26.2744951395833
n393	387	1	0	80	25.99778655416664
n433	393	1	0	33	26.352486362499963
n434	396	1	0	45	26.45184504374996
n435	400	1	0	48	26.564024199999956
n436	401	1	0	53	26.625989829166624
n413	392	1	0	67	26.361033345833295
n414	394	1	0	72	26.311888191666633
n416	397	1	0	72	26.550135352083288
n415	395	1	0	79	26.354623108333296
n417	398	1	0	84	26.54051999583329
n440	405	1	0	45	26.961458924999956
n439	404	1	0	48	26.81936532708329
n438	403	1	0	53	26.758468070833292
n437	402	1	0	60	26.706117797916626
n419	407	1	0	65	26.72748525624996
n424	413	1	0	65	27.383466227083293
n430	424	1	0	65	27.97427644999995
n420	409	1	0	72	26.729622002083293
n425	411	1	0	72	27.383466227083293
n428	422	1	0	72	27.49244026458329
n431	425	1	0	72	27.978549941666618
n421	408	1	0	77	26.725348510416627
n426	412	1	0	77	27.380261108333293
n432	426	1	0	77	27.970002958333286
n441	406	1	0	32	27.05974923333329
n442	410	1	0	44	27.241372629166623
n443	414	1	0	48	27.367440633333292
n444	415	1	0	53	27.402696939583294
n448	423	1	0	44	27.849276818749953
n447	419	1	0	48	27.62598687916662
n446	418	1	0	53	27.58111521666662
n445	417	1	0	60	27.503123993749956
n427	420	1	0	67	27.490303518749958
n429	421	1	0	79	27.48068816249996
n457	428	1	0	31	28.15055798124995
n458	429	1	0	43	28.482821958333282
n460	431	1	0	47	28.739231458333286
n459	430	1	0	48	28.63453091249995
n449	441	1	0	64	28.170857066666617
n450	439	1	0	72	28.196498016666617
n451	442	1	0	76	28.151626354166616
n462	433	1	0	48	28.942222312499954
n461	432	1	0	49	28.833248274999953
n464	435	1	0	49	29.112093606249953
n463	434	1	0	50	29.024487027083286
n466	437	1	0	50	29.30012723958329
n465	436	1	0	51	29.192221574999955
n468	440	1	0	51	29.459314804166624
n467	438	1	0	52	29.37384497083329
n470	444	1	0	52	29.65696379374996
n469	443	1	0	53	29.565083722916626
n472	449	1	0	53	29.825766714583292
n471	445	1	0	54	29.734955016666625
n455	447	1	0	63	29.825766714583292
n456	448	1	0	75	29.82683508749996
n480	451	1	0	54	30.030894314583286
n479	450	1	0	55	29.932604006249957
n482	455	1	0	55	30.222133066666622
n481	453	1	0	56	30.10995391041662
n475	452	1	0	63	29.947561227083288
n473	466	1	0	71	29.948629599999954
n476	454	1	0	75	29.936877497916623
n486	459	1	0	53	30.616362672916626
n485	458	1	0	55	30.526619347916625
n484	457	1	0	56	30.41123507291662
n483	456	1	0	58	30.320423374999955
n477	463	1	0	62	30.33751734166662
n478	467	1	0	74	30.322560120833288
n490	464	1	0	47	30.986019702083297
n489	462	1	0	48	30.899481495833296
n488	461	1	0	50	30.806533052083296
n487	460	1	0	51	30.699695760416628
n494	470	1	0	38	31.344993002083296
n493	469	1	0	41	31.239224083333298
n492	468	1	0	43	31.1462756395833
n491	465	1	0	44	31.050122077083298
n496	471	1	0	36	31.437941445833296
n497	472	1	0	43	31.55546246666663
n498	473	1	0	48	31.64520579166663
n499	474	1	0	50	31.75417982916663
n500	475	1	0	51	31.865290612499965
n501	476	1	0	55	31.95289719166663
n502	477	1	0	60	32.024478177083296
n503	478	1	0	62	32.114221502083296
n507	482	1	0	55	32.45930595416663
n506	481	1	0	60	32.37597286666663
n505	480	1	0	62	32.27234069374996
n504	479	1	0	63	32.19648621666663
n511	486	1	0	43	32.7872964395833
n510	485	1	0	48	32.759518743749965
n509	484	1	0	50	32.6078097895833
n508	483	1	0	51	32.538365549999966
n521	487	1	0	36	32.88131325624997
n522	488	1	0	43	32.98708217499997
n523	489	1	0	48	33.0661417708333
n524	490	1	0	50	33.153748349999965
n528	494	1	0	43	33.49883280208331
n530	496	1	0	43	33.73387484374997
n527	493	1	0	48	33.408021104166636
n526	492	1	0	50	33.31186754166663
n525	491	1	0	51	33.233876318749964
n529	495	1	0	36	33.60139660208331
n531	497	1	0	48	33.88451542499997
n532	501	1	0	50	34.01272017499997
n515	498	1	0	72	33.96250664791663
n516	499	1	0	84	33.949686172916635
n536	509	1	0	43	34.641991822916644
n535	505	1	0	48	34.45823168124998
n534	504	1	0	50	34.29370225208331
n533	503	1	0	51	34.137719806249976
n517	502	1	0	74	34.09071139791664
n519	507	1	0	75	34.794769149999986
n518	506	1	0	86	34.08002766874997
n520	508	1	0	87	34.77340169166665
n553	510	1	0	36	34.947546477083314
n554	511	1	0	43	35.219981570833305
n555	512	1	0	48	35.33002398124997
n556	515	1	0	50	35.46036547708331
n537	514	1	0	75	34.94968322291665
n538	513	1	0	87	34.95075159583332
n557	516	1	0	51	35.55758741249998
n558	517	1	0	55	35.65908283958331
n559	518	1	0	60	35.748826164583306
n560	519	1	0	62	35.852458337499975
n562	521	1	0	62	36.038355224999975
n564	527	1	0	55	36.244551197916664
n563	522	1	0	60	36.13237204166665
n561	520	1	0	63	35.94433840833331
n541	524	1	0	67	36.19540604374999
n542	525	1	0	72	36.19754278958332
n543	523	1	0	75	36.19433767083332
n544	526	1	0	79	36.19113255208332
n568	539	1	0	43	36.66655850000001
n567	534	1	0	48	36.55331097083334
n566	529	1	0	50	36.422969475
n565	528	1	0	51	36.3139954375
n545	530	1	0	67	36.30972194583333
n549	536	1	0	67	36.63557568541667
n546	531	1	0	72	36.31720055625
n550	537	1	0	72	36.63878080416667
n547	532	1	0	75	36.304380081249995
n551	538	1	0	75	36.64412266875001
n548	533	1	0	79	36.28514936875
n552	535	1	0	79	36.63557568541667
n584	540	1	0	36	36.77873765625004
n585	541	1	0	43	36.911215897916705
n586	542	1	0	48	36.98172851041671
n587	545	1	0	50	37.07895044583338
n569	546	1	0	68	36.76591718125003
n570	543	1	0	72	36.74775484166669
n571	544	1	0	75	36.750959960416694
n572	547	1	0	80	36.74775484166669
n591	551	1	0	43	37.447539102083375
n590	550	1	0	48	37.34924879375004
n589	549	1	0	50	37.240274756250045
n588	548	1	0	51	37.15907841458338
n592	553	1	0	36	37.54262429166671
n593	556	1	0	43	37.691128127083374
n594	558	1	0	48	37.79796541875004
n595	561	1	0	50	37.91334969375004
n573	552	1	0	67	37.55010290208338
n578	559	1	0	72	37.90373433750004
n576	557	1	0	79	37.537282427083376
n579	560	1	0	84	37.90693945625004
n599	569	1	0	43	38.40266448958337
n598	566	1	0	48	38.26591275625004
n597	565	1	0	50	38.13663963333337
n596	564	1	0	51	38.033007460416705
n580	562	1	0	74	38.011640002083375
n582	567	1	0	75	38.40373286250004
n581	563	1	0	86	38.00843488333337
n583	568	1	0	87	38.405869608333376
n616	570	1	0	36	38.540484595833384
n617	573	1	0	43	38.739201958333375
n618	574	1	0	48	38.867406708333384
n619	575	1	0	50	38.97744911875005
n600	572	1	0	75	38.50736503541672
n601	571	1	0	87	38.50629666250005
n620	576	1	0	51	39.08001291875005
n621	577	1	0	55	39.19005532916672
n622	578	1	0	60	39.27873028125005
n623	579	1	0	62	39.366336860416716
n625	581	1	0	62	39.54902862916672
n627	587	1	0	55	39.74240412708339
n626	582	1	0	60	39.639840327083384
n624	580	1	0	63	39.45714855833339
n604	583	1	0	67	39.71462643125005
n605	584	1	0	72	39.71142131250005
n606	585	1	0	75	39.716763177083386
n607	586	1	0	79	39.70928456666672
n631	599	1	0	43	40.22103519375006
n630	594	1	0	48	40.098172308333396
n629	589	1	0	50	39.93898474375006
n628	588	1	0	51	39.82039535000006
n608	591	1	0	67	39.83321582500006
n612	595	1	0	67	40.3417613333334
n609	592	1	0	72	39.83321582500006
n613	597	1	0	72	40.3417613333334
n610	590	1	0	75	39.82466884166673
n614	598	1	0	75	40.3481715708334
n611	593	1	0	79	39.81077999375006
n615	596	1	0	79	40.336419468750066
n636	601	1	0	36	40.44753025208341
n637	602	1	0	41	40.74667466875008
n638	603	1	0	48	40.86312731666674
n639	604	1	0	50	40.962485997916744
n632	615	1	0	69	40.48492330416675
n633	617	1	0	75	40.47103445625008
n634	618	1	0	77	40.535136831250085
n635	616	1	0	81	40.47103445625008
n643	608	1	0	41	41.328937908333415
n645	610	1	0	41	41.49774082916675
n642	607	1	0	48	41.23492109166675
n646	611	1	0	48	41.56611669583343
n641	606	1	0	50	41.141972647916745
n640	605	1	0	51	41.052229322916745
n644	609	1	0	36	41.38983516458342
n647	612	1	0	50	41.67829585208343
n651	620	1	0	41	42.11419200208343
n650	619	1	0	48	41.9774402687501
n649	614	1	0	50	41.8941071812501
n648	613	1	0	51	41.76910755000011
n664	621	1	0	38	42.42722526666677
n665	622	1	0	46	42.957138233333424
n667	624	1	0	46	43.23812031041676
n666	623	1	0	47	43.12166766250009
n652	625	1	0	70	42.63769473125009
n653	627	1	0	77	42.62701100208343
n654	626	1	0	82	42.603506797916765
n669	629	1	0	46	43.403718112500094
n671	631	1	0	46	43.59388849166677
n670	630	1	0	47	43.511623777083436
n668	628	1	0	58	43.3107696687501
n655	632	1	0	70	43.47316235208343
n656	634	1	0	77	43.487051200000096
n657	633	1	0	82	43.46247862291676
n672	635	1	0	39	43.69111042708344
n673	deletion
n675	deletion
n674	636	1	0	47	43.89303290833346
n658	637	1	0	70	43.90157989166679
n659	640	1	0	79	43.911195247916794
n660	639	1	0	82	43.89303290833346
n677	642	1	0	46	44.16012613750012
n679	644	1	0	46	44.35136488958346
n678	643	1	0	47	44.23811736041679
n676	638	1	0	58	44.09709213541679
n661	646	1	0	71	44.29901461666679
n662	645	1	0	79	44.29367275208345
n663	647	1	0	83	44.28405739583345
n699	648	1	0	40	44.44324496041679
n700	649	1	0	46	44.575723202083466
n702	653	1	0	46	44.7509363604168
n704	656	1	0	46	44.985978402083475
n706	deletion
n701	651	1	0	48	44.6579879166668
n683	650	1	0	72	44.65371442500013
n684	deletion
n685	654	1	0	82	44.655851170833465
n686	652	1	0	84	44.64730418750013
n705	657	1	0	48	44.98811514791681
n703	655	1	0	58	44.858842025000136
n687	658	1	0	73	45.038328675000145
n688	661	1	0	82	45.04260216666681
n689	660	1	0	85	45.03512355625014
n707	659	1	0	41	45.18042227291681
n708	662	1	0	46	45.30969539583348
n710	667	1	0	46	45.52657509791682
n709	663	1	0	58	45.43042153541682
n690	664	1	0	74	45.442173637500154
n691	666	1	0	82	45.44751550208349
n692	665	1	0	86	45.43896851875015
n711	668	1	0	42	45.64195937291682
n712	672	1	0	46	45.72208734166682
n714	678	1	0	46	45.948582400000156
n729	680	1	0	46	46.14943650833349
n713	674	1	0	58	45.82678788750015
n693	669	1	0	75	45.68469428958349
n696	676	1	0	76	45.866317685416824
n694	670	1	0	82	45.68683103541682
n697	675	1	0	82	45.86311256666682
n695	671	1	0	87	45.68683103541682
n698	677	1	0	88	45.87059117708349
n728	679	1	0	41	46.04046247083349
n730	681	1	0	50	46.23276959583349
n731	683	1	0	53	46.32785478541682
n715	686	1	0	77	46.02657362291682
n716	685	1	0	82	46.03084711458349
n717	684	1	0	86	46.02657362291682
n718	682	1	0	89	46.028710368750154
n732	687	1	0	58	46.445375806250155
n733	688	1	0	62	46.547939606250154
n735	690	1	0	65	46.85349426041682
n734	689	1	0	67	46.63340943958349
n739	695	1	0	55	47.18682661041684
n738	694	1	0	58	47.13447633750017
n737	692	1	0	62	47.04580138541683
n736	691	1	0	65	46.94857945000016
n719	693	1	0	74	46.929348737500156
n720	696	1	0	77	46.93255385625016
n721	698	1	0	82	46.93896409375016
n722	697	1	0	86	46.92614361875015
n743	deletion
n742	702	1	0	48	47.4090481770835
n741	701	1	0	51	47.35883465000017
n740	699	1	0	53	47.297937393750175
n725	700	1	0	75	47.32785183541684
n726	705	1	0	77	47.319304852083505
n727	703	1	0	81	47.32357834375017
n724	707	1	0	84	47.60669716666684
n723	deletion
n750	706	1	0	34	47.64409021875017
n753	710	1	0	47	48.26481488333351
n752	709	1	0	48	48.099217081250174
n751	708	1	0	49	47.99879002708351
n744	deletion
n745	720	1	0	77	47.722081441666845
n746	718	1	0	82	47.71032933958351
n754	711	1	0	46	48.18468691458351
n757	714	1	0	46	48.55968580833352
n760	717	1	0	46	48.81823205416686
n756	713	1	0	47	48.47848946666685
n759	716	1	0	47	48.75199293333353
n755	712	1	0	48	48.40049824375018
n758	715	1	0	45	48.6504975062502
n761	719	1	0	45	48.9293428375002
n762	721	1	0	44	49.01908616250021
n765	725	1	0	44	49.46139255000023
insertion	724	1	0	44	49.34280315625022
n764	723	1	0	45	49.24664959375022
n763	722	1	0	46	49.121649962500214
n776	726	1	0	32	49.63019547083356
n777	727	1	0	43	50.10562141875021
n778	728	1	0	44	50.17399728541688
n766	736	1	0	71	49.80968212083356
n767	735	1	0	75	49.807545375000224
n768	734	1	0	80	49.79793001875022
n769	732	1	0	83	49.77656256041689
n781	731	1	0	46	50.442158887500206
n779	729	1	0	47	50.26694572916688
n782	733	1	0	47	50.522286856250204
n780	730	1	0	51	50.34173183333354
n785	739	1	0	50	50.78938008541687
n783	737	1	0	51	50.602414825000196
n786	740	1	0	51	50.87057642708354
n784	738	1	0	56	50.68467953958354
n789	747	1	0	55	51.14728501250021
n787	742	1	0	56	50.95070439583353
n790	748	1	0	56	51.254122304166884
n788	744	1	0	59	51.02762724583354
n770	743	1	0	63	51.004123041666865
n774	750	1	0	65	51.262669287500216
n771	745	1	0	68	51.0094649062502
n772	741	1	0	71	51.01053327916687
n773	746	1	0	75	50.99130256666687
n775	749	1	0	77	51.25625905000022
n799	751	1	0	39	51.37057495208355
n801	753	1	0	53	51.70283892916687
n802	754	1	0	54	51.7818985250002
n800	752	1	0	63	51.572497433333545
n791	760	1	0	66	51.36095959583355
n792	763	1	0	70	51.37057495208355
n793	764	1	0	75	51.36416471458355
n794	759	1	0	78	51.35668610416688
n805	757	1	0	50	52.045786635416874
n806	758	1	0	51	52.13980345208354
n803	755	1	0	58	51.8748469687502
n804	756	1	0	63	51.94963307291687
n809	765	1	0	45	52.3876659687502
n810	767	1	0	46	52.4870246500002
n807	761	1	0	54	52.22847840416687
n808	762	1	0	58	52.30005938958353
n813	771	1	0	41	52.76373323541686
n814	776	1	0	42	52.90903195208352
n811	769	1	0	51	52.55967400833354
n812	770	1	0	54	52.64193872291686
n795	766	1	0	66	52.5447167875002
n797	772	1	0	68	52.88339100208352
n796	768	1	0	78	52.54578516041687
n798	773	1	0	80	52.88980123958352
n825	775	1	0	30	53.016937616666866
n826	777	1	0	41	53.29685132083353
n827	778	1	0	42	53.3812527812502
n815	785	1	0	69	52.994501785416865
n816	786	1	0	73	52.993433412500195
n817	783	1	0	78	53.000912022916864
n818	782	1	0	81	52.9966385312502
n830	781	1	0	44	53.61736319583355
n828	779	1	0	45	53.469927733333535
n831	784	1	0	45	53.67078184166688
n829	780	1	0	49	53.509457531250206
n834	789	1	0	48	53.98381510625021
n832	787	1	0	49	53.761593539583544
n835	790	1	0	49	54.053259345833546
n833	788	1	0	54	53.85881547500021
n838	794	1	0	53	54.40368566250024
n836	791	1	0	54	54.12163521250021
n839	798	1	0	54	54.57355695625023
n837	792	1	0	57	54.224199012500215
n819	793	1	0	61	54.21885714791688
n823	799	1	0	63	54.68466773958357
n820	796	1	0	66	54.224199012500215
n821	795	1	0	69	54.216720402083546
n822	797	1	0	73	54.20603667291687
n824	800	1	0	75	54.6835993666669
n848	801	1	0	37	54.8278297104169
n850	803	1	0	51	55.276546335416896
n851	804	1	0	52	55.36308454166689
n849	802	1	0	61	55.160093687500236
n840	812	1	0	64	54.879111610416906
n841	816	1	0	68	54.88979533958357
n842	817	1	0	73	54.87270137291691
n843	811	1	0	76	54.86522276250024
n854	807	1	0	48	55.64086150000023
n855	808	1	0	49	55.72312621458356
n852	805	1	0	56	55.45603298541689
n853	806	1	0	61	55.53402420833356
n858	813	1	0	43	55.979535714583555
n859	814	1	0	44	56.076757650000225
n856	809	1	0	52	55.79043370833356
n857	810	1	0	56	55.88765564375022
n862	821	1	0	39	56.34812437083356
n863	824	1	0	40	56.46457701875023
n860	815	1	0	49	56.12269768541689
n861	820	1	0	52	56.199620535416884
n844	819	1	0	64	56.186800060416886
n846	823	1	0	66	56.448551425000225
n845	818	1	0	76	56.164364229166885
n847	822	1	0	78	56.43786769583356
n874	825	1	0	36	56.554320343750234
n876	829	1	0	55	56.89619967708357
n877	830	1	0	56	57.00410534166691
n875	828	1	0	63	56.808593097916905
n864	826	1	0	68	56.575687802083564
n865	836	1	0	75	56.711371162500235
n866	827	1	0	78	56.57355105625023
n867	835	1	0	80	56.546841733333565
n881	834	1	0	52	57.35880515000023
n880	833	1	0	54	57.26906182500023
n879	832	1	0	56	57.18252361875024
n878	831	1	0	57	57.084233310416906
n885	842	1	0	45	57.69427424583356
n884	841	1	0	48	57.61735139583356
n883	840	1	0	49	57.50837735833356
n882	838	1	0	51	57.43465962708356
n888	848	1	0	39	57.90260696458357
n886	844	1	0	43	57.77119709583357
n887	849	1	0	44	57.91222232083357
n889	852	1	0	44	58.09598246250024
n868	843	1	0	68	57.75517150208356
n872	850	1	0	70	58.0842303604169
n869	846	1	0	75	57.76158173958357
n870	845	1	0	78	57.76799197708357
n871	847	1	0	80	57.74876126458356
n873	851	1	0	82	58.08209361458357
n904	854	1	0	38	58.11414480208357
n906	860	1	0	57	58.463502745833566
n907	861	1	0	58	58.54897257916691
n905	857	1	0	65	58.39299013333357
n890	855	1	0	71	58.18358904166691
n891	858	1	0	77	58.17290531250024
n892	859	1	0	80	58.17717880416691
n893	856	1	0	83	58.17824717708358
n911	865	1	0	54	58.91542448958358
n910	864	1	0	56	58.817134181250246
n909	863	1	0	58	58.74234807708358
n908	862	1	0	59	58.66863034583358
n894	867	1	0	70	58.66328848125024
n895	873	1	0	77	58.66328848125024
n896	872	1	0	80	58.665425227083574
n897	869	1	0	82	58.65474149791691
n915	874	1	0	47	59.28721826458357
n914	870	1	0	50	59.223115889583575
n913	868	1	0	51	59.10132137708357
n912	866	1	0	53	59.000894322916906
n918	881	1	0	41	59.57461057916692
n916	878	1	0	45	59.36093599583357
n917	880	1	0	46	59.47525189791692
n919	885	1	0	46	59.65367017500026
n898	876	1	0	70	59.36627786041691
n902	883	1	0	72	59.644054818750256
n899	875	1	0	77	59.36734623333358
n900	877	1	0	80	59.36841460625025
n901	879	1	0	82	59.363072741666905
n903	882	1	0	84	59.63764458125026
n928	887	1	0	40	59.742345127083595
n930	893	1	0	59	60.083156087500264
n931	894	1	0	60	60.17717290416693
n929	889	1	0	67	59.996617881250266
n920	888	1	0	73	59.74768699166694
n921	892	1	0	79	59.74661861875027
n922	891	1	0	82	59.74448187291693
n923	890	1	0	85	59.734866516666926
n935	898	1	0	56	60.52973596666694
n934	897	1	0	58	60.43251403125027
n933	896	1	0	60	60.33422372291694
n932	895	1	0	61	60.2583692458336
n924	918	1	0	72	60.27546321250027
n925	923	1	0	82	60.28507856875027
n926	921	1	0	84	60.27225809375027
n938	901	1	0	52	60.792555704166936
n937	900	1	0	53	60.71883797291694
n936	899	1	0	55	60.62268441041694
n939	902	1	0	55	60.8833674020836
n943	906	1	0	48	61.20815276875026
n942	905	1	0	49	61.10024710416693
n941	904	1	0	52	61.05217032291693
n940	903	1	0	53	60.959221879166925
n945	907	1	0	47	61.29789609375025
n946	908	1	0	48	61.38122918125025
n948	910	1	0	48	61.56392095000025
n947	909	1	0	49	61.46456226875025
n952	914	1	0	41	61.91221052083359
n951	913	1	0	43	61.820330450000256
n950	912	1	0	44	61.73272387083359
n949	911	1	0	46	61.640843800000255
n956	922	1	0	35	62.27866243125027
n955	919	1	0	36	62.1910558520836
n954	917	1	0	37	62.071398085416924
n953	915	1	0	40	61.99233848958359
n960	927	1	0	31	62.6397724770836
n959	926	1	0	32	62.5660547458336
n958	925	1	0	34	62.475243047916926
n957	924	1	0	36	62.38443135000026
n971	930	1	0	29	62.8609256708336
n972	931	1	0	36	63.2295143270836
n973	932	1	0	41	63.360924195833604
n974	938	1	0	43	63.479513589583604
n961	935	1	0	80	62.94532713125027
n962	934	1	0	84	62.9410536395836
n963	936	1	0	89	62.94853225000027
n964	933	1	0	92	62.94319038541693
n975	939	1	0	44	63.585282508333606
n976	940	1	0	48	63.67929932500027
n977	941	1	0	53	63.771179395833606
n978	942	1	0	55	63.90152089166694
n979	946	1	0	56	63.97737536875027
n980	947	1	0	60	64.0724605583336
n981	948	1	0	65	64.16434062916694
n982	949	1	0	67	64.26263093750028
n965	945	1	0	77	63.969896758333604
n966	944	1	0	84	63.963486520833605
n967	943	1	0	89	63.96562326666694
n986	956	1	0	60	64.6205358645836
n985	955	1	0	65	64.54254464166694
n984	954	1	0	67	64.44318596041693
n983	951	1	0	68	64.34062216041694
n968	952	1	0	72	64.3513058895836
n969	953	1	0	77	64.34703239791693
n970	950	1	0	84	64.34703239791693
n997	961	1	0	56	64.98485102916693
n994	958	1	0	61	64.71775780000027
n996	960	1	0	61	64.89831282291694
n995	959	1	0	65	64.77544993750027
n987	964	1	0	70	64.71775780000027
n988	963	1	0	77	64.71668942708361
n989	962	1	0	82	64.71455268125027
n1001	969	1	0	41	65.41433694166693
n1000	968	1	0	44	65.27331171666692
n999	967	1	0	49	65.1910470020836
n998	965	1	0	53	65.11626089791694
n1003	973	1	0	32	65.57245613333362
n1002	970	1	0	37	65.47096070625028
n1004	975	1	0	37	65.66006271250028
n1005	976	1	0	41	65.74232742708361
n990	971	1	0	68	65.4538667395836
n992	974	1	0	80	65.45600348541694
n1007	978	1	0	32	65.95066014583361
n1006	977	1	0	37	65.86519031250027
n1008	979	1	0	37	66.04040347083361
n1009	980	1	0	41	66.12907842291695
n1020	982	1	0	29	66.38121443125027
n1021	983	1	0	36	66.6974528145836
n1022	986	1	0	41	66.81070034375027
n1023	989	1	0	43	66.95599906041694
n1010	985	1	0	80	66.4250177208336
n1011	987	1	0	84	66.42394934791693
n1012	988	1	0	89	66.4314279583336
n1013	984	1	0	92	66.4250177208336
n1024	990	1	0	44	67.06817821666694
n1025	991	1	0	48	67.18142574583361
n1026	992	1	0	53	67.26262208750028
n1027	994	1	0	55	67.39189521041695
n1028	997	1	0	56	67.47736504375028
n1029	998	1	0	60	67.58633908125029
n1030	999	1	0	65	67.67501403333362
n1031	1000	1	0	67	67.77330434166696
n1014	996	1	0	77	67.43249338125028
n1015	995	1	0	84	67.42821988958362
n1016	993	1	0	89	67.42501477083361
n1035	1007	1	0	60	68.14723486250028
n1034	1006	1	0	65	68.06603852083363
n1033	1002	1	0	67	67.96774821250031
n1032	1001	1	0	68	67.85129556458364
n1017	1003	1	0	72	67.8074922750003
n1018	1005	1	0	77	67.80215041041696
n1019	1004	1	0	84	67.8042871562503
n1047	1011	1	0	60	68.4570630083336
n1044	1008	1	0	62	68.15257672708361
n1046	1010	1	0	62	68.36304619166694
n1045	1009	1	0	65	68.27971310416694
n1036	1019	1	0	72	68.21026886458361
n1037	1020	1	0	77	68.21026886458361
n1038	1017	1	0	84	68.21026886458361
n1051	1015	1	0	48	68.85022424166692
n1050	1014	1	0	50	68.73163484791692
n1049	1013	1	0	53	68.66112223541693
n1048	1012	1	0	56	68.5211653833336
n1055	1024	1	0	36	69.20812916875025
n1054	1022	1	0	38	69.10342862291692
n1053	1021	1	0	41	69.03398438333359
n1052	1018	1	0	44	68.89082241250026
n1056	1025	1	0	32	69.37372697083359
n1057	1034	1	0	36	69.64723043750024
n1058	1037	1	0	38	69.80962312083358
n1059	1033	1	0	44	70.00406699166692
n1039	1026	1	0	71	69.46347029583359
n1042	1031	1	0	72	70.05534889166692
n1040	1027	1	0	77	69.46347029583359
n1041	1028	1	0	83	69.46347029583359
n1043	1032	1	0	84	70.05534889166692
n1065	1040	1	0	31	70.18996387916692
n1066	1041	1	0	43	70.18248526875027
n1068	1047	1	0	67	70.93034631041694
n1067	1046	1	0	68	70.82030390000027
n1060	1043	1	0	74	70.18355364166693
n1061	1042	1	0	77	70.18675876041694
n1062	1044	1	0	83	70.18889550625026
n1063	1045	1	0	86	70.1878271333336
n1070	1049	1	0	62	71.09167062083361
n1072	1051	1	0	62	71.26261028750027
n1071	1050	1	0	63	71.1750037083336
n1069	1048	1	0	65	71.01902126250027
n1074	1053	1	0	55	71.43354995416692
n1076	1055	1	0	55	71.61196823125024
n1075	1054	1	0	56	71.51581466875025
n1073	1052	1	0	59	71.3705159520836
n1078	1057	1	0	50	71.78077115208357
n1080	1059	1	0	50	71.96453129375023
n1079	1058	1	0	51	71.84807864583357
n1077	1056	1	0	53	71.70384830208359
n1090	1061	1	0	43	72.13012909583357
n1092	1063	1	0	43	72.32029947500024
n1091	1062	1	0	44	72.21453055625024
n1089	1060	1	0	47	72.05747973750023
n1094	1065	1	0	38	72.48589727708358
n1096	1067	1	0	38	72.66004206250024
n1095	1066	1	0	39	72.54038429583358
n1093	1064	1	0	41	72.40149581666691
n1098	1069	1	0	31	72.83098172916691
n1100	1071	1	0	31	73.04465631250025
n1097	1068	1	0	36	72.74551189583357
n1099	1070	1	0	36	72.93995576666691
n1102	1076	1	0	31	73.24230530208358
n1104	1081	1	0	31	73.46132175000025
n1101	1072	1	0	36	73.12157916250025
n1103	1078	1	0	36	73.33204862708358
n1087	1079	1	0	67	73.50191992083359
n1083	1074	1	0	68	73.12585265416692
n1084	1077	1	0	75	73.12692102708358
n1085	1075	1	0	77	73.13333126458359
n1088	1080	1	0	79	73.50085154791692
n1086	1073	1	0	80	73.12692102708358
n1110	1082	1	0	35	73.63439816250026
n1112	1086	1	0	67	74.0820464145836
n1111	1083	1	0	68	74.00298681875027
n1105	1088	1	0	77	73.65790236666693
n1106	1087	1	0	79	73.65683399375027
n1107	1085	1	0	86	73.65469724791693
n1108	1084	1	0	89	73.64828701041692
n1114	1090	1	0	62	74.24337072500025
n1116	1092	1	0	62	74.40362666250026
n1115	1091	1	0	63	74.32029357500025
n1113	1089	1	0	65	74.18033672291692
n1118	1094	1	0	55	74.57777144791694
n1120	1096	1	0	55	74.75191623333362
n1119	1095	1	0	56	74.66324128125028
n1117	1093	1	0	59	74.51366907291694
n1122	1098	1	0	50	74.9185824083336
n1124	1100	1	0	50	75.10234255000027
n1123	1099	1	0	51	74.99977875000026
n1121	1097	1	0	53	74.84806979583361
n1134	1102	1	0	43	75.26900872500028
n1136	1104	1	0	43	75.43994839166695
n1135	1103	1	0	44	75.34806832083362
n1133	1101	1	0	47	75.19101750208361
n1138	1106	1	0	38	75.60340944791695
n1140	1108	1	0	38	75.78823796250028
n1139	1107	1	0	39	75.68033229791695
n1137	1105	1	0	41	75.52862334375028
n1142	1110	1	0	31	75.95917762916694
n1144	1112	1	0	31	76.13332241458362
n1141	1109	1	0	36	75.88225477916694
n1143	1111	1	0	36	76.04785258125028
n1146	1117	1	0	31	76.32349279375029
n1148	1122	1	0	31	76.5350306312503
n1145	1113	1	0	36	76.21879224791695
n1147	1119	1	0	36	76.4068258812503
n1131	1120	1	0	67	76.64934653333361
n1127	1114	1	0	68	76.25191180833362
n1128	1116	1	0	75	76.25725367291695
n1129	1118	1	0	77	76.25725367291695
n1132	1121	1	0	79	76.64827816041695
n1130	1115	1	0	80	76.25084343541695
n1167	deletion
n1149	1124	1	0	77	76.81280758958361
n1150	1125	1	0	79	76.80426060625028
n1169	1130	1	0	79	77.29357540208362
n1168	1129	1	0	80	77.1878064833336
n1151	1126	1	0	86	76.80426060625028
n1152	1127	1	0	91	76.80426060625028
n1154	1131	1	0	91	77.29143865625028
n1153	1128	1	0	92	77.1910116020836
n1171	1134	1	0	74	77.44635272916695
n1173	1137	1	0	74	77.61301890416695
n1172	1136	1	0	75	77.53182256250028
n1170	1133	1	0	77	77.37904523541694
n1156	1135	1	0	86	77.45489971250028
n1158	1139	1	0	86	77.62477100625028
n1157	1138	1	0	87	77.54571141041694
n1155	1132	1	0	89	77.37370337083361
n1175	1143	1	0	67	77.77220646875027
n1177	1145	1	0	67	77.94741962708362
n1176	1144	1	0	68	77.87797538750027
n1174	1140	1	0	71	77.72733480625027
n1160	1142	1	0	79	77.79571067291694
n1162	1147	1	0	79	77.95382986458362
n1161	1146	1	0	80	77.89506935416695
n1159	1141	1	0	83	77.71344595833361
n1179	1150	1	0	62	78.10019695416698
n1181	1154	1	0	62	78.2786152312503
n1180	1152	1	0	63	78.18887190625031
n1178	1149	1	0	65	78.04357318958363
n1164	1151	1	0	74	78.10767556458364
n1166	1156	1	0	74	78.28395709583364
n1165	1155	1	0	75	78.19955563541697
n1163	1148	1	0	77	78.0350262062503
n1199	1161	1	0	55	78.43993954166699
n1201	1164	1	0	55	78.622631310417
n1200	1162	1	0	56	78.52220425625033
n1198	1158	1	0	59	78.39079438750032
n1183	1160	1	0	67	78.44848652500032
n1185	1165	1	0	67	78.62476805625035
n1184	1163	1	0	68	78.54998195208367
n1182	1157	1	0	71	78.36301669166699
n1203	1169	1	0	50	78.77113514583367
n1205	1172	1	0	50	78.95275854166698
n1204	1170	1	0	51	78.87049382708366
n1202	1167	1	0	53	78.71557975416701
n1187	1168	1	0	62	78.75938304375033
n1189	1173	1	0	62	78.94421155833365
n1188	1171	1	0	63	78.87156220000033
n1186	1166	1	0	65	78.68993880416701
n1207	1177	1	0	43	79.09698888541699
n1209	1180	1	0	43	79.26899692500034
n1208	1178	1	0	44	79.18139034583366
n1206	1175	1	0	47	79.04784373125032
n1191	1176	1	0	55	79.09592051250033
n1193	1181	1	0	55	79.25831319583367
n1192	1179	1	0	56	79.20489455000033
n1190	1174	1	0	59	79.00938230625032
n1211	1185	1	0	38	79.41856913333366
n1213	1190	1	0	38	79.619423241667
n1212	1186	1	0	39	79.49228686458368
n1210	1183	1	0	41	79.36087699583366
n1195	1184	1	0	50	79.40574865833366
n1197	1188	1	0	50	79.568141341667
n1196	1187	1	0	51	79.51472269583367
n1194	1182	1	0	53	79.330962554167
n1231	1192	1	0	35	79.72626053333366
n1238	1205	1	0	36	80.23160092291701
n1230	deletion
n1233	1195	1	0	41	79.93031976041699
n1232	1193	1	0	43	79.86194389375032
n1215	1191	1	0	47	79.72198704166699
n1214	1189	1	0	48	79.64399581875033
n1217	1196	1	0	53	79.90788392916699
n1216	1194	1	0	55	79.81386711250032
n1235	1199	1	0	38	80.04890915416699
n1237	1204	1	0	38	80.20168648125033
n1234	1197	1	0	39	79.98267003333366
n1236	1201	1	0	39	80.125832004167
n1219	1200	1	0	50	80.05318264583366
n1221	1203	1	0	50	80.22732743125034
n1218	1198	1	0	51	79.97198630416699
n1220	1202	1	0	51	80.15360970000033
n1239	1207	1	0	35	80.34271170625033
n1241	1211	1	0	44	80.54783930625034
n1240	1209	1	0	46	80.48694205000034
n1223	1208	1	0	47	80.37903638541701
n1222	1206	1	0	48	80.30104516250034
n1225	1214	1	0	56	80.57668537500034
n1224	1210	1	0	58	80.50617276250033
n1243	1216	1	0	41	80.69741151458368
n1245	1220	1	0	41	80.88330840208366
n1242	1213	1	0	43	80.64292449583367
n1244	1218	1	0	43	80.78822321250034
n1227	1217	1	0	53	80.73480456666701
n1229	1221	1	0	53	80.89719725000032
n1226	1215	1	0	55	80.657881716667
n1228	1219	1	0	55	80.824547891667
n1263	1224	1	0	38	81.04463271250033
n1262	1222	1	0	39	80.94634240416698
n1247	1225	1	0	50	81.05104295000034
n1265	1228	1	0	50	81.28287987291698
n1246	1223	1	0	51	80.97946196458365
n1264	1226	1	0	51	81.20595702291699
n1249	1229	1	0	62	81.29249522916697
n1248	1227	1	0	63	81.21023051458366
n1267	1232	1	0	47	81.41108462291696
n1269	1235	1	0	47	81.5991182562503
n1266	1230	1	0	48	81.3779650625003
n1268	1234	1	0	48	81.50830655833363
n1251	1233	1	0	59	81.44740930208363
n1253	1237	1	0	59	81.59698151041697
n1250	1231	1	0	60	81.37689668958363
n1252	1236	1	0	60	81.53074238958364
n1271	1240	1	0	43	81.77753653333365
n1273	1245	1	0	43	81.92069850416698
n1270	1239	1	0	44	81.65253690208364
n1272	1242	1	0	44	81.83843378958365
n1255	1241	1	0	55	81.75189558333365
n1257	1244	1	0	55	81.91749338541698
n1254	1238	1	0	56	81.68351971666698
n1256	1243	1	0	56	81.82775006041697
n1275	1248	1	0	39	82.09911678125033
n1277	deletion
n1274	1249	1	0	41	82.01257857500032
n1276	deletion
n1259	1247	1	0	51	82.08950142500032
n1261	1251	1	0	51	82.24762061666699
n1258	1246	1	0	53	82.01151020208366
n1260	1250	1	0	53	82.17176613958367
n1282	1253	1	0	36	82.37155187500032
n1283	1254	1	0	43	82.68458513958366
n1278	1252	1	0	48	82.48907289583366
n1284	1255	1	0	48	82.79783266875033
n1285	1256	1	0	50	82.91214857083366
n1286	1258	1	0	51	83.00296026875034
n1287	1259	1	0	55	83.08095149166701
n1288	1260	1	0	60	83.15787434166702
n1289	1261	1	0	62	83.24975441250035
n1291	1263	1	0	62	83.40680523125036
n1293	1265	1	0	55	83.61193283125036
n1292	1264	1	0	60	83.50189042083369
n1290	1262	1	0	63	83.31492516041702
n1297	1269	1	0	43	83.91855585833368
n1296	1268	1	0	48	83.85765860208367
n1295	1267	1	0	50	83.72411198750035
n1294	1266	1	0	51	83.66962496875036
n1309	1270	1	0	36	83.97838474166701
n1310	1271	1	0	43	84.09056389791701
n1311	1272	1	0	48	84.16962349375034
n1312	1273	1	0	50	84.28393939583367
n1314	1275	1	0	50	84.44740045208367
n1316	1277	1	0	43	84.64932293333366
n1315	1276	1	0	48	84.54996425208367
n1313	1274	1	0	51	84.353383635417
n1317	1278	1	0	36	84.718767172917
n1318	1279	1	0	43	84.87047612708368
n1319	1280	1	0	48	84.97945016458368
n1320	1283	1	0	50	85.13329586458369
n1301	1281	1	0	72	85.00188599583369
n1302	1282	1	0	84	84.99974925000035
n1324	1294	1	0	43	85.718764222917
n1323	1291	1	0	48	85.55316642083368
n1322	1288	1	0	50	85.41748306041701
n1321	1286	1	0	51	85.28393644583367
n1303	1284	1	0	73	85.31278251458369
n1305	1287	1	0	74	85.46769658750034
n1307	1292	1	0	75	85.821328022917
n1304	1285	1	0	85	85.31278251458369
n1306	1289	1	0	86	85.47197007916701
n1308	1293	1	0	87	85.82239639583366
n1341	1295	1	0	36	85.91641321250033
n1342	1298	1	0	43	86.237993460417
n1343	1299	1	0	48	86.346967497917
n1344	1300	1	0	50	86.47089875625034
n1325	1296	1	0	75	85.936712297917
n1326	1297	1	0	87	85.936712297917
n1345	1301	1	0	51	86.58948815000034
n1346	1302	1	0	55	86.702735679167
n1347	1303	1	0	60	86.79782086875034
n1348	1305	1	0	62	86.920683754167
n1350	deletion
n1352	1311	1	0	55	87.32987058125035
n1351	1310	1	0	60	87.19525559375033
n1349	1304	1	0	63	87.04461501250033
n1329	1306	1	0	67	87.247605866667
n1333	1314	1	0	67	87.34589617500035
n1330	1308	1	0	72	87.250810985417
n1334	1317	1	0	72	87.34482780208369
n1331	1307	1	0	75	87.247605866667
n1335	1316	1	0	75	87.34696454791701
n1332	1309	1	0	79	87.24653749375034
n1336	1315	1	0	79	87.33628081875035
n1356	1323	1	0	43	87.7166215770837
n1355	1320	1	0	48	87.61833126875037
n1354	1313	1	0	50	87.48585302708368
n1353	1312	1	0	51	87.42068227916701
n1337	1319	1	0	67	87.6845703895837
n1338	1321	1	0	72	87.7005959833337
n1339	1322	1	0	75	87.7005959833337
n1340	1318	1	0	79	87.6749550333337
n1379	1324	1	0	36	87.83200585208373
n1380	1325	1	0	43	87.96555246666705
n1381	1326	1	0	48	88.05529579166705
n1382	1330	1	0	50	88.1429023708337
n1384	1333	1	0	50	88.29888481666703
n1357	1328	1	0	68	87.79888629166705
n1358	1327	1	0	72	87.80102303750039
n1359	1329	1	0	75	87.82132212291705
n1360	1331	1	0	80	87.78499744375038
n1386	1335	1	0	43	88.49226031458369
n1385	1334	1	0	48	88.39397000625036
n1383	1332	1	0	51	88.22089359375036
n1387	1338	1	0	36	88.57238828333368
n1388	1341	1	0	43	88.705934897917
n1389	1344	1	0	48	88.79247310416702
n1390	1347	1	0	50	88.92922483750036
n1361	1336	1	0	67	88.59589248750035
n1365	1342	1	0	71	88.80743032500035
n1367	1345	1	0	72	88.99332721250036
insertion	1339	1	0	72	88.59589248750035
n1364	1340	1	0	79	88.58307201250035
n1366	1343	1	0	83	88.80529357916701
n1368	1346	1	0	84	88.99332721250036
n1394	1358	1	0	43	89.43883871875038
n1393	1355	1	0	48	89.27858278125036
n1392	1351	1	0	50	89.15465152291704
n1391	1349	1	0	51	89.05849796041703
n1372	1348	1	0	73	89.13542081041703
n1374	1353	1	0	74	89.24866833958369
n1377	1357	1	0	75	89.52003506041704
n1395	1362	1	0	75	89.62366723333372
n1373	1350	1	0	85	89.13862592916703
n1375	1354	1	0	86	89.24866833958369
n1378	1356	1	0	87	89.52537692500037
n1396	1361	1	0	87	89.62580397916706
n1411	1359	1	0	36	89.60764163958372
n1412	1360	1	0	43	89.83413669791706
n1413	1363	1	0	48	89.94417910833373
n1414	1364	1	0	50	90.05635826458372
n1415	1365	1	0	51	90.15037508125039
n1416	1366	1	0	55	90.24866538958372
n1417	1367	1	0	60	90.34588732500038
n1418	1368	1	0	62	90.45592973541704
n1420	1370	1	0	62	90.64396336875038
n1422	1376	1	0	55	90.86297981666706
n1421	1375	1	0	60	90.75507415208371
n1419	1369	1	0	63	90.54246794166706
n1399	1371	1	0	67	90.78926208541704
n1400	1373	1	0	72	90.79353557708372
n1401	1374	1	0	75	90.79567232291706
n1402	1372	1	0	79	90.79139883125038
n1426	1388	1	0	43	91.35870485000038
n1425	1383	1	0	48	91.22088474375037
n1424	1378	1	0	50	91.02003063541706
n1423	1377	1	0	51	90.94097103958373
n1403	1379	1	0	67	90.90891985208373
n1407	1384	1	0	67	91.40785000416705
n1404	1382	1	0	72	90.90891985208373
n1408	1386	1	0	72	91.41426024166704
n1405	1380	1	0	75	90.90785147916706
n1409	1387	1	0	75	91.41319186875037
n1406	1381	1	0	79	90.89609937708373
n1410	1385	1	0	79	91.40891837708371
n1431	1389	1	0	36	91.58306316250037
n1432	1390	1	0	42	91.79780611875037
n1433	1391	1	0	48	91.91105364791706
n1434	1392	1	0	50	92.0125490750004
n1427	1400	1	0	69	91.55421709375037
n1428	1397	1	0	72	91.54887522916704
n1429	1399	1	0	75	91.54460173750037
n1430	1401	1	0	81	91.54246499166703
n1438	1398	1	0	42	92.36831725625039
n1437	1395	1	0	48	92.28712091458372
n1436	1394	1	0	50	92.18242036875039
n1435	1393	1	0	51	92.09160867083372
n1439	1396	1	0	36	92.41853078333372
n1440	deletion
n1441	1402	1	0	48	92.58306021250038
n1442	1403	1	0	50	92.70271797916703
n1444	1405	1	0	50	92.87579439166704
n1446	1409	1	0	42	93.09694758541704
n1445	1406	1	0	48	92.97301632708371
n1443	1404	1	0	51	92.76575198125038
n1476	1412	1	0	35	93.1845541645837
n1477	1413	1	0	47	93.30314355833372
n1478	1414	1	0	50	93.41104922291704
n1479	1415	1	0	55	93.4858353270837
n1481	1417	1	0	55	93.65784336666705
n1487	1436	1	0	55	94.44416583333371
n1489	deletion
n1447	1407	1	0	69	93.00720426041704
n1448	1408	1	0	74	93.0819903645837
n1449	1410	1	0	81	93.1300671458337
n1450	1411	1	0	86	93.19630626666704
n1483	1420	1	0	47	93.83626164375038
n1482	1418	1	0	50	93.69844153750039
n1480	1416	1	0	62	93.58626238125038
n1452	1419	1	0	67	93.60869821250039
n1453	1421	1	0	74	93.60656146666705
n1454	1422	1	0	79	93.60015122916704
n1484	1423	1	0	34	93.97087663125038
n1485	1424	1	0	46	94.20591867291704
n1486	1428	1	0	49	94.37792671250038
n1456	1426	1	0	67	94.24331172500038
n1459	1430	1	0	67	94.46232817291705
n1457	1425	1	0	73	94.24758521666705
n1460	1431	1	0	73	94.46232817291705
n1458	1427	1	0	79	94.24117497916704
n1461	1429	1	0	79	94.45057607083372
n1491	1441	1	0	46	94.80741262500042
n1490	1437	1	0	49	94.63860970416707
n1488	1432	1	0	61	94.52322542916706
n1466	1433	1	0	67	94.56916546458372
n1473	1443	1	0	67	94.9206601541671
n1492	1445	1	0	67	95.0264290729171
n1469	1439	1	0	68	94.69630184166708
n1467	1434	1	0	73	94.57237058333372
n1470	1438	1	0	73	94.69523346875042
n1474	deletion
n1468	1435	1	0	79	94.57450732916706
n1475	1442	1	0	79	94.91531828958377
n1494	1444	1	0	79	95.02001883541709
n1471	1440	1	0	80	94.68775485833375
n1523	1446	1	0	33	95.0104034791671
n1524	1448	1	0	45	95.11083053333375
n1525	1450	1	0	48	95.24758226666708
n1526	1451	1	0	53	95.31168464166707
n1528	1454	1	0	53	95.4719405791671
n1495	1449	1	0	72	95.13326636458375
n1499	1458	1	0	72	95.40997495000042
n1493	deletion
n1496	1447	1	0	84	95.11937751666709
n1530	1456	1	0	45	95.64929048333377
n1529	1455	1	0	48	95.52429085208378
n1527	1452	1	0	60	95.39929122083375
n1498	1453	1	0	65	95.40142796666709
n1500	1459	1	0	77	95.39288098333374
n1531	1460	1	0	32	95.76360638541712
n1532	1461	1	0	44	95.95591351041715
n1533	1468	1	0	48	96.1268531770838
n1534	1469	1	0	53	96.17813507708382
n1502	1462	1	0	65	95.9505716458338
n1505	1465	1	0	65	96.1428787708338
insertion	1457	1	0	65	95.50185502083377
n1503	1463	1	0	72	95.95377676458381
n1506	1466	1	0	72	96.1460838895838
n1504	1464	1	0	77	95.94202466250046
n1507	1467	1	0	77	96.1364685333338
n1538	1482	1	0	44	96.66424475416719
n1537	1478	1	0	48	96.46232227291718
n1536	1474	1	0	53	96.39821989791717
n1535	1473	1	0	60	96.31061331875048
n1511	1470	1	0	64	96.32877565833383
n1514	1477	1	0	65	96.46125390000051
n1520	1484	1	0	65	96.83091092916719
n1517	1480	1	0	67	96.56595444583384
n1512	1471	1	0	72	96.35014311666716
n1515	1476	1	0	72	96.45484366250051
n1518	1479	1	0	72	96.57236468333384
n1521	1485	1	0	72	96.83838953958386
n1540	1486	1	0	72	96.93988496666718
n1548	1488	1	0	72	97.0445855125005
n1513	1472	1	0	76	96.32236542083382
n1516	1475	1	0	77	96.45484366250051
n1522	1483	1	0	77	96.82877418333385
n1519	1481	1	0	79	96.5574074625005
n1549	1487	1	0	31	96.91531238958385
n1550	1489	1	0	43	97.05206412291717
n1552	1493	1	0	47	97.29031128333384
n1551	1492	1	0	48	97.19949958541717
n1539	1491	1	0	64	96.94415845833385
n1541	1490	1	0	76	96.92706449166718
n1554	1495	1	0	48	97.46979793333382
n1553	1494	1	0	49	97.38219135416718
n1556	1497	1	0	49	97.6439427187505
n1555	1496	1	0	50	97.57663522500049
n1542	1503	1	0	63	97.35441365833384
n1543	1502	1	0	75	97.34586667500051
n1558	1499	1	0	50	97.82022425000049
n1557	1498	1	0	51	97.7208655687505
n1560	1501	1	0	51	98.00612113750049
n1559	1500	1	0	52	97.92812991458382
n1562	1505	1	0	52	98.20590687291715
n1561	1504	1	0	53	98.11082168333381
n1564	1510	1	0	53	98.40462423541717
n1563	1509	1	0	54	98.29244507916715
n1546	1507	1	0	63	98.3618893187505
n1547	1508	1	0	75	98.3682995562505
n1572	1512	1	0	54	98.55526481666718
n1571	1511	1	0	55	98.46017962708383
n1574	1516	1	0	55	98.72940960208385
n1573	1515	1	0	56	98.6182988187505
n1567	1513	1	0	63	98.46017962708383
n1565	1527	1	0	71	98.46017962708383
n1568	1514	1	0	75	98.46017962708383
n1578	1520	1	0	53	99.11722897083386
n1577	1519	1	0	55	99.01893866250053
n1576	1518	1	0	56	98.89393903125051
n1575	1517	1	0	58	98.83304177500051
n1569	1526	1	0	62	98.81167431666718
n1570	1529	1	0	74	98.79458035000052
n1582	1524	1	0	47	99.47620227083385
n1581	1523	1	0	48	99.39714267500052
n1580	1522	1	0	50	99.30312585833384
n1579	1521	1	0	51	99.19842531250052
n1586	1531	1	0	38	99.82983370625054
n1585	1530	1	0	41	99.72726990625053
n1584	1528	1	0	43	99.62897959791718
n1583	1525	1	0	44	99.53496278125051
n1588	1532	1	0	36	99.93987611666722
n1589	1533	1	0	43	100.04885015416723
n1590	1534	1	0	48	100.15782419166723
n1591	1535	1	0	50	100.26252473750057
n1592	1536	1	0	51	100.35760992708391
n1593	1537	1	0	55	100.44201138750059
n1594	1538	1	0	60	100.51786586458392
n1595	1539	1	0	62	100.61295105416725
n1599	1543	1	0	55	100.97833459166725
n1598	1542	1	0	60	100.89393313125059
n1597	1541	1	0	62	100.78923258541727
n1596	1540	1	0	63	100.69628414166726
n1603	1547	1	0	43	101.27854738125059
n1602	1546	1	0	48	101.20162453125059
n1601	1545	1	0	50	101.10867608750058
n1600	1544	1	0	51	101.03602672916725
n1620	1548	1	0	36	101.3479916208339
n1621	1549	1	0	43	101.44841867500057
n1622	1550	1	0	48	101.51999966041723
n1623	1551	1	0	50	101.63538393541722
n1625	1553	1	0	50	101.8095287208339
n1627	1555	1	0	43	102.0082460833339
n1626	1554	1	0	48	101.91102414791723
n1624	1552	1	0	51	101.71658027708389
n1628	1556	1	0	36	102.0851689333339
n1629	1557	1	0	43	102.22512578541723
n1630	1561	1	0	48	102.32127934791724
n1631	1563	1	0	50	102.4569627083339
n1606	1559	1	0	71	102.32341609375058
n1608	1562	1	0	72	102.53815905000057
n1607	1560	1	0	83	102.30098026250057
n1609	1564	1	0	84	102.53281718541724
n1635	1574	1	0	43	103.02426872708392
n1634	1571	1	0	48	102.85119231458393
n1633	1568	1	0	50	102.71657732708391
n1632	1566	1	0	51	102.60226142500058
n1613	1565	1	0	73	102.68025264791724
n1615	1569	1	0	74	102.79243180416725
n1618	1573	1	0	75	103.18025117291725
n1614	1567	1	0	85	102.68025264791724
n1616	1570	1	0	86	102.79350017708391
n1619	1572	1	0	87	103.18131954583392
n1652	1576	1	0	36	103.23473819166725
n1653	1578	1	0	43	103.59477986458391
n1654	1579	1	0	48	103.70054878333393
n1655	1580	1	0	50	103.83836888958393
n1636	1575	1	0	75	103.28067822708391
n1637	1577	1	0	87	103.27960985416725
n1656	1581	1	0	51	103.95268479166727
n1657	1582	1	0	55	104.07554767708392
n1658	1583	1	0	60	104.14926540833392
n1659	1584	1	0	62	104.24969246250059
n1661	1586	1	0	62	104.43131585833392
n1663	1592	1	0	55	104.63003322083392
n1662	1590	1	0	60	104.5349480312506
n1660	1585	1	0	63	104.34157253333392
n1640	1587	1	0	67	104.56486247291726
n1644	1595	1	0	67	104.66635790000059
n1641	1588	1	0	72	104.56486247291726
n1645	1598	1	0	72	104.6695630187506
n1642	1589	1	0	75	104.56593084583392
n1646	1597	1	0	75	104.66528952708393
n1643	1591	1	0	79	104.55952060833393
n1647	1596	1	0	79	104.64926393333393
n1667	1604	1	0	43	105.01892096250062
n1666	1603	1	0	48	104.91742553541728
n1665	1594	1	0	50	104.7913575312506
n1664	1593	1	0	51	104.69947746041726
n1648	1600	1	0	67	104.99541675833395
n1649	1601	1	0	72	104.99755350416729
n1650	1602	1	0	75	104.99862187708395
n1651	1599	1	0	79	104.98580140208395
n1690	1605	1	0	36	105.12682662708396
n1691	1606	1	0	43	105.23686903750063
n1692	1608	1	0	48	105.31379188750063
n1693	1612	1	0	50	105.42169755208396
n1695	1614	1	0	50	105.59263721875062
n1668	1607	1	0	68	105.09798055833396
n1669	1609	1	0	72	105.09370706666729
n1670	1610	1	0	75	105.1129377791673
n1671	1611	1	0	80	105.09477543958396
n1697	1616	1	0	43	105.79135458125063
n1696	1615	1	0	48	105.71122661250062
n1694	1613	1	0	51	105.50930413125062
n1698	1619	1	0	36	105.85545695625062
n1699	1622	1	0	43	105.99220868958395
n1700	1627	1	0	48	106.08729387916726
n1701	1630	1	0	50	106.24541307083393
n1672	1617	1	0	67	105.88002953333394
n1676	1624	1	0	71	106.1343022875006
n1678	1628	1	0	72	106.33836151458394
insertion	1623	1	0	72	106.14925950833394
n1675	1621	1	0	79	105.87361929583395
n1677	1626	1	0	83	106.1375074062506
n1679	1629	1	0	84	106.3426350062506
insertion	1625	1	0	84	106.13643903333394
n1705	1641	1	0	43	106.83729166666728
n1704	1640	1	0	48	106.6278905750006
n1703	1635	1	0	50	106.51464304583395
n1702	1632	1	0	51	106.38750666875062
n1682	1634	1	0	73	106.50289094375061
n1684	1636	1	0	74	106.61293335416727
n1688	1643	1	0	75	107.03066716458395
n1686	1639	1	0	77	106.72511251041728
n1683	1633	1	0	85	106.50609606250062
n1685	1637	1	0	86	106.61293335416727
n1689	1642	1	0	87	107.03494065625061
n1687	1638	1	0	89	106.72618088333394
n1722	1645	1	0	36	107.04989787708395
n1723	1649	1	0	43	107.30417063125064
n1724	1650	1	0	48	107.39818744791731
n1725	1651	1	0	50	107.51570846875065
n1706	1648	1	0	75	107.12468398125063
n1707	1646	1	0	87	107.12895747291729
n1726	1652	1	0	51	107.60972528541731
n1727	1653	1	0	55	107.69946861041731
n1728	1654	1	0	60	107.77532308750065
n1732	1663	1	0	60	108.17916805000067
n1729	1655	1	0	62	107.88536549791732
n1731	1657	1	0	62	108.05951028333399
n1733	1664	1	0	55	108.26250113750066
n1730	1656	1	0	63	107.97190370416732
n1710	1659	1	0	67	108.22083459375067
n1711	1661	1	0	72	108.22083459375067
n1712	1660	1	0	75	108.22190296666733
n1713	1662	1	0	79	108.22190296666733
n1737	1675	1	0	43	108.79455085000065
n1736	1671	1	0	48	108.63643165833399
n1735	1666	1	0	50	108.45801338125065
n1734	1665	1	0	51	108.34583422500066
n1714	1667	1	0	67	108.32019327500066
n1718	1672	1	0	67	108.91634536250065
n1715	1669	1	0	72	108.32339839375067
n1719	1674	1	0	72	108.92168722708399
n1716	1668	1	0	75	108.32446676666733
n1720	1695	1	0	75	108.92275560000066
n1717	1670	1	0	79	108.31485141041733
n1721	1673	1	0	79	108.91955048125065
n1741	1678	1	0	36	109.04241336666732
n1742	1679	1	0	42	109.39924992083398
n1743	1680	1	0	48	109.49219836458398
n1744	deletion
n1738	1691	1	0	69	109.06057570625066
n1739	deletion
n1740	1692	1	0	81	109.05737058750066
n1750	1688	1	0	42	110.1674100479173
n1748	deletion
n1747	1683	1	0	48	109.84048793541731
n1746	1682	1	0	50	109.86719725833399
n1745	1681	1	0	51	109.69625759166732
n1749	1687	1	0	36	110.00288061875065
n1751	1689	1	0	48	110.19198262500063
n1752	1690	1	0	50	110.32125574791729
n1756	1697	1	0	42	110.67916067500062
n1755	1696	1	0	48	110.57873362083394
n1754	1694	1	0	50	110.49326378750062
n1753	1693	1	0	51	110.39711022500062
n1772	1698	1	0	37	110.85437383333395
n1773	1699	1	0	49	111.19625316666728
n1774	1703	1	0	54	111.3426202562506
n1775	1704	1	0	56	111.43343195416726
n1757	1701	1	0	70	110.93984366666727
n1758	1702	1	0	73	110.93984366666727
n1759	1700	1	0	82	110.93877529375061
n1779	1709	1	0	49	111.80736247500059
n1781	1712	1	0	49	111.98257563333392
n1778	1707	1	0	54	111.67061074166726
n1777	1706	1	0	56	111.60330324791725
n1776	1705	1	0	58	111.51249155000059
n1780	1711	1	0	37	111.87253322291726
n1782	1717	1	0	54	112.1278743500006
n1783	1718	1	0	56	112.19411347083394
n1760	1714	1	0	68	111.86932810416725
n1761	1715	1	0	70	111.86825973125059
n1762	1716	1	0	73	111.86612298541725
n1763	1713	1	0	80	111.86505461250059
n1787	1731	1	0	49	112.5797960937506
n1786	1726	1	0	54	112.4483862250006
n1785	1725	1	0	56	112.36718988333394
n1784	1721	1	0	58	112.28065167708394
n1768	1728	1	0	65	112.54667653333394
n1764	1720	1	0	66	112.26676282916728
n1765	1723	1	0	70	112.26569445625061
n1769	1727	1	0	70	112.54560816041727
n1766	1722	1	0	73	112.26783120208394
n1770	1729	1	0	73	112.54988165208394
n1771	1730	1	0	77	112.55949700833393
n1767	1724	1	0	78	112.26676282916728
n1796	1734	1	0	37	112.64817196041727
n1797	1736	1	0	49	112.7368469125006
n1798	1739	1	0	55	112.9003079687506
n1799	1740	1	0	58	112.97295732708392
n1788	1735	1	0	65	112.64924033333394
n1789	1732	1	0	70	112.63855660416728
n1790	1747	1	0	73	112.63321473958393
n1791	1743	1	0	77	112.6342831125006
n1803	1748	1	0	56	113.33940923750056
n1802	1746	1	0	58	113.24325567500058
n1801	1744	1	0	60	113.17808492708392
n1800	1741	1	0	61	113.06697414375058
n1807	1752	1	0	49	113.68769880833389
n1806	1751	1	0	52	113.62680155208389
n1805	1750	1	0	53	113.53919497291723
n1804	1749	1	0	55	113.4376995458339
n1792	1753	1	0	64	113.44731490208389
n1794	1755	1	0	76	113.44517815625056
n1811	1760	1	0	43	114.11825309375055
n1810	1759	1	0	44	114.01141580208389
n1809	1757	1	0	46	113.92380922291721
n1808	1754	1	0	48	113.81163006666722
n1828	1761	1	0	35	114.38641469583388
n1829	1762	1	0	47	114.88213972916722
n1830	1764	1	0	52	115.02957519166722
n1831	1768	1	0	54	115.11504502500055
n1812	1766	1	0	68	114.58620043125055
n1813	1767	1	0	71	114.57765344791721
n1814	1765	1	0	76	114.57124321041721
n1815	1763	1	0	80	114.55842273541721
n1835	1772	1	0	47	115.46226622291724
n1837	1774	1	0	47	115.67273568750058
n1834	1771	1	0	52	115.33619821875057
n1838	1778	1	0	52	115.77209436875059
n1833	1770	1	0	54	115.29025818333389
n1832	1769	1	0	56	115.23256604583389
n1836	1773	1	0	35	115.55521466666724
n1839	1780	1	0	54	115.86504281250059
n1816	1776	1	0	66	115.57124026041724
n1817	1777	1	0	68	115.55841978541724
n1818	1779	1	0	71	115.56269327708391
n1819	1775	1	0	78	115.54987280208391
n1843	1791	1	0	47	116.22828960416726
n1842	1786	1	0	52	116.09153787083393
n1841	1783	1	0	54	116.04239271666727
n1840	1781	1	0	56	115.97188010416727
n1824	1798	1	0	63	116.27422963958392
n1820	1784	1	0	64	115.95585451041727
n1821	1782	1	0	68	115.96012800208393
n1825	1792	1	0	68	116.2560673000006
n1822	1788	1	0	71	115.95264939166726
n1826	1790	1	0	71	116.22828960416726
n1827	1789	1	0	75	116.21867424791726
n1823	1785	1	0	76	115.93769217083393
n1852	1793	1	0	35	116.33940038750058
n1853	1795	1	0	47	116.42700696666724
n1854	1796	1	0	53	116.56162195416724
n1855	1797	1	0	56	116.61717734583391
n1844	deletion
n1845	1794	1	0	68	116.34687899791724
n1846	1812	1	0	71	116.33405852291725
n1847	1799	1	0	75	116.31375943750058
n1859	1803	1	0	54	116.94409945833391
n1858	1802	1	0	56	116.85328776041725
n1857	1801	1	0	58	116.7934588770839
n1856	1800	1	0	59	116.70157880625058
n1863	1807	1	0	47	117.34794442083391
n1862	1806	1	0	50	117.21226106041726
n1861	1805	1	0	51	117.13747495625059
n1860	1804	1	0	53	117.04986837708391
n1848	1810	1	0	62	117.06589397083391
n1850	1815	1	0	74	117.05093675000057
n1867	1813	1	0	41	117.72614843333392
n1866	1811	1	0	42	117.58725995416725
n1865	1809	1	0	44	117.49217476458392
n1864	1808	1	0	46	117.44089286458392
n1871	1816	1	0	34	118.13426688750059
n1872	1817	1	0	46	118.63106029375058
n1873	1818	1	0	51	118.81482043541725
n1874	1819	1	0	53	118.91524748958392
n1876	1821	1	0	53	119.09366576666724
n1868	1833	1	0	67	118.37251404791726
n1869	1831	1	0	75	118.3650354375006
n1870	1832	1	0	79	118.33298425000059
n1878	1823	1	0	46	119.26567380625058
n1880	1825	1	0	46	119.43340835416724
n1877	1822	1	0	51	119.1492211583339
n1875	1820	1	0	55	119.00499081458392
n1879	1824	1	0	34	119.3319129270839
n1881	1826	1	0	51	119.58084381666724
n1882	1827	1	0	53	119.64815131041723
n1886	1834	1	0	46	119.9697315583339
n1885	1830	1	0	51	119.8639626395839
n1884	1829	1	0	53	119.82015935000057
n1883	1828	1	0	55	119.73362114375057
n1893	1835	1	0	35	120.11930376666724
n1894	1837	1	0	47	120.30413228125059
n1895	1838	1	0	50	120.42272167500059
n1896	1839	1	0	55	120.49323428750058
n1890	1836	1	0	67	120.19195312500058
n1892	1854	1	0	74	120.18447451458391
n1887	1848	1	0	79	120.16844892083391
n1900	1844	1	0	47	120.84579735000058
n1902	1846	1	0	47	121.04985657708393
n1899	1843	1	0	50	120.72400283750058
n1898	1841	1	0	55	120.65883208958391
n1897	1840	1	0	62	120.57763574791724
n1901	1845	1	0	35	120.94622440416725
n1903	1847	1	0	50	121.18126644583394
n1904	1849	1	0	55	121.23468509166727
n1891	1855	1	0	67	120.97934396458392
n1908	1853	1	0	47	121.60220537500062
n1907	1852	1	0	50	121.46759038750062
n1906	1851	1	0	55	121.42592384375061
n1905	1850	1	0	62	121.32870190833394
n1889	1856	1	0	77	121.57656442500063
n1913	1859	1	0	36	121.77100829583395
n1914	1860	1	0	43	122.0872466791673
n1915	1861	1	0	48	122.17912675000063
n1916	1862	1	0	50	122.30626312708397
n1911	1858	1	0	67	121.95904192916728
n1912	1857	1	0	72	121.95263169166728
n1909	1869	1	0	77	121.92485399583396
n1917	1863	1	0	51	122.40669018125062
n1918	1864	1	0	55	122.50070699791729
n1919	1865	1	0	60	122.57442472916729
n1920	1866	1	0	62	122.68019364791729
n1922	1868	1	0	62	122.86822728125061
n1924	1871	1	0	55	123.08831210208395
n1923	1870	1	0	60	122.98254318333395
n1921	1867	1	0	63	122.76352673541729
n1910	1878	1	0	75	122.78168907500061
n1928	1877	1	0	43	123.54130221875064
n1927	1876	1	0	48	123.43125980833398
n1926	1873	1	0	50	123.26993549791729
n1925	1872	1	0	51	123.18446566458395
n1938	1879	1	0	29	123.88745504375063
n1939	1880	1	0	37	124.22612925833396
n1940	1882	1	0	41	124.35753912708397
n1941	1884	1	0	43	124.4974959791673
n1936	1901	1	0	65	123.69301117291731
n1937	1893	1	0	68	123.84899361875064
n1929	1881	1	0	75	124.06373657500063
n1931	1885	1	0	75	124.5167266916673
n1930	1883	1	0	77	124.40027404375063
n1942	1886	1	0	44	124.61822211875064
n1943	1887	1	0	49	124.74215337708397
n1944	1888	1	0	53	124.84792229583397
n1945	1889	1	0	55	124.94193911250063
n1947	1892	1	0	55	125.12463088125064
n1932	1890	1	0	73	124.62463235625063
n1933	1898	1	0	75	124.93232375625064
n1949	1895	1	0	49	125.3468524479173
n1948	1894	1	0	53	125.24001515625064
n1946	1891	1	0	56	125.04663965833397
n1934	1897	1	0	77	125.02527220000064
n1953	1902	1	0	32	125.85860307500064
n1952	1900	1	0	37	125.71864622291731
n1951	1899	1	0	41	125.60219357500064
n1950	1896	1	0	44	125.4462111291673
n1935	1903	1	0	68	125.4782623166673
n1956	1904	1	0	31	126.04877345416732
n1958	1906	1	0	39	126.70902791666732
n1957	1905	1	0	40	126.57441292916732
n1954	1931	1	0	63	126.25924291875064
n1955	1933	1	0	72	126.22184986666731
n1960	1908	1	0	40	126.94620670416731
n1959	1907	1	0	41	126.82120707291732
n1962	1910	1	0	41	127.12141986250066
n1961	1909	1	0	42	127.01992443541731
n1964	1912	1	0	42	127.28915441041732
n1963	1911	1	0	43	127.18231711875066
n1966	1914	1	0	43	127.44727360208397
n1965	1913	1	0	44	127.36500888750065
n1968	1916	1	0	44	127.63744398125063
n1967	1915	1	0	45	127.53274343541729
n1970	1918	1	0	45	127.80197341041728
n1969	1917	1	0	46	127.70902496666729
n1974	1920	1	0	46	127.97718656875061
n1973	1919	1	0	47	127.88530649791728
n1976	1922	1	0	47	128.1726988125006
n1975	1921	1	0	48	128.0797503687506
n1978	1924	1	0	48	128.3169291562506
n1977	1923	1	0	49	128.23145932291726
n1980	1926	1	0	49	128.51457814583395
n1979	1925	1	0	50	128.4077408541673
n1982	1928	1	0	50	128.68444943958391
n1981	1927	1	0	51	128.5797488937506
n1984	1930	1	0	51	128.85432073333396
n1983	1929	1	0	52	128.74855181458392
n1986	1934	1	0	52	129.04983297708395
n1985	1932	1	0	53	128.96222639791728
n1988	deletion
n1987	1935	1	0	54	129.13423443750065
n1996	1938	1	0	54	129.52205380625068
n1995	1937	1	0	55	129.450472820834
n1998	1940	1	0	55	129.7218395416673
n1997	1939	1	0	56	129.65025855625066
n1993	1968	1	0	62	129.450472820834
n1994	1974	1	0	65	129.46222492291733
n1989	1943	1	0	72	129.424831870834
n2002	1945	1	0	53	130.1117956562506
n2001	1944	1	0	55	130.01777883958394
n2000	1942	1	0	56	129.90025781875062
n1999	1941	1	0	58	129.8436340541673
n1990	1972	1	0	71	130.0573086375006
n2004	1947	1	0	50	130.32226512083395
n2003	1946	1	0	51	130.21542782916725
n2006	1949	1	0	51	130.4932047875006
n2005	1948	1	0	53	130.37888888541727
n1991	1969	1	0	74	130.24854738958393
n2010	1953	1	0	50	130.88316090208394
n2009	1952	1	0	51	130.7560245250006
n2008	1951	1	0	53	130.66200770833393
n2007	1950	1	0	55	130.57974299375059
n2013	1955	1	0	47	131.05410056875058
n2012	1954	1	0	48	130.95581026041728
n2015	1957	1	0	48	131.22076674375054
n2014	1956	1	0	50	131.14063877500058
n2019	1961	1	0	42	131.59149214583385
n2018	1960	1	0	43	131.49640695625055
n2017	1959	1	0	44	131.37461244375058
n2016	1958	1	0	47	131.30837332291722
n2022	1964	1	0	41	131.89491005416718
n2020	1962	1	0	43	131.69726106458387
n2023	1965	1	0	43	131.99533710833387
n2021	1963	1	0	44	131.79020950833387
n2026	1970	1	0	38	132.3019601354172
n2024	1966	1	0	39	132.10110602708386
n2027	1971	1	0	39	132.41841278333385
n2025	1967	1	0	41	132.21649030208386
n2033	1973	1	0	36	132.6705487916672
n2029	1975	1	0	60	132.80623215208388
n2035	1977	1	0	60	133.4472559020839
n2034	1976	1	0	61	133.34576047500056
n2028	2001	1	0	72	132.79661679583387
n2037	1979	1	0	55	133.65665699375054
n2039	1981	1	0	55	133.84789574583388
n2038	1980	1	0	56	133.7282379791672
n2036	1978	1	0	58	133.5583666854172
n2041	1983	1	0	48	134.0177670395839
n2043	1985	1	0	48	134.21221091041724
n2042	1984	1	0	49	134.09896338125057
n2040	1982	1	0	52	133.9472544270839
n2045	1987	1	0	43	134.36285149166724
n2047	1989	1	0	43	134.56370560000056
n2046	1988	1	0	44	134.46221017291722
n2044	1986	1	0	46	134.30409098125057
n2053	1991	1	0	36	134.76562808125055
n2055	1993	1	0	36	134.99853337708387
n2052	1990	1	0	41	134.6652010270839
n2054	1992	1	0	41	134.8916960854172
n2050	2006	1	0	65	134.71755130000057
n2051	2007	1	0	68	134.70152570625058
n2057	1995	1	0	36	135.1908405020839
n2059	1997	1	0	36	135.38635274583388
n2061	1999	1	0	36	135.60643756666724
n2056	1994	1	0	41	135.06370412500053
n2058	1996	1	0	41	135.27417358958388
n2063	2002	1	0	36	135.79660794583393
n2060	1998	1	0	41	135.47716444375055
n2062	2000	1	0	41	135.69190740000056
n2049	2005	1	0	74	135.46754908750054
n2065	2004	1	0	36	136.01562439375056
n2067	2009	1	0	36	136.28485436875056
n2064	2003	1	0	41	135.8927615083339
n2066	2008	1	0	41	136.15451287291722
n2071	2010	1	0	48	136.4889135958339
n2073	2012	1	0	60	137.14489456666718
n2072	2011	1	0	61	137.0391256479172
n2068	2024	1	0	64	136.6075029895839
n2069	2025	1	0	67	136.5978876333339
n2070	2022	1	0	76	136.57010993750058
n2075	2014	1	0	55	137.32758633541718
n2077	2016	1	0	55	137.4963892562505
n2076	2015	1	0	56	137.40557755833385
n2074	2013	1	0	58	137.24852673958384
n2079	2019	1	0	48	137.68121777083383
n2081	2021	1	0	48	137.8895504895838
n2080	2020	1	0	49	137.76668760416715
n2078	2018	1	0	52	137.62886749791716
n2083	2026	1	0	43	138.06476364791712
n2085	2028	1	0	43	138.26882287500047
n2084	2027	1	0	44	138.1459599895838
n2082	2023	1	0	46	137.99211428958378
n2094	2030	1	0	36	138.58292451250045
n2096	2032	1	0	36	138.90343638750048
n2093	2029	1	0	41	138.41198484583379
n2095	2031	1	0	41	138.74424882291714
n2091	2041	1	0	60	138.5305742395838
n2089	2035	1	0	67	138.5145486458338
n2092	2040	1	0	68	138.5465998333338
n2086	2042	1	0	72	138.54873657916713
n2098	2034	1	0	36	139.0946751395838
n2100	2037	1	0	36	139.3265120625005
n2102	2039	1	0	36	139.6021522750005
n2097	2033	1	0	41	138.98463272916715
n2099	2036	1	0	41	139.20044405833386
n2104	2044	1	0	36	139.85749340208386
n2101	2038	1	0	41	139.4611270500005
n2103	2043	1	0	41	139.72074166875052
n2090	2047	1	0	65	139.46326379583383
n2106	2046	1	0	36	140.16197968333384
n2108	2051	1	0	36	140.46753433750052
n2105	2045	1	0	41	140.00172374583383
n2107	2050	1	0	41	140.3104835187505
n2087	2048	1	0	71	140.02415957708382
n2088	2049	1	0	74	140.0156125937505
n2127	2053	1	0	48	140.7282173291672
n2109	2052	1	0	64	140.86924255416722
n2110	2054	1	0	67	140.86817418125054
n2111	2055	1	0	72	140.87778953750055
n2112	2056	1	0	76	140.8703109270839
n2129	2059	1	0	79	141.56902681458385
n2128	2058	1	0	80	141.41624948750052
n2114	2060	1	0	91	141.55620633958387
n2113	2057	1	0	92	141.41945460625053
n2131	2064	1	0	72	141.78056465208388
n2133	2067	1	0	72	141.96218804791724
n2124	2081	1	0	72	142.43868236875065
n2132	2065	1	0	73	141.86923960416723
n2130	2062	1	0	76	141.69402644583388
n2116	2063	1	0	84	141.75065021041723
n2118	2068	1	0	84	141.9376154708339
n2117	2066	1	0	85	141.85535075625054
n2115	2061	1	0	88	141.66304363125053
n2135	2071	1	0	67	142.1085551375006
n2137	2074	1	0	67	142.28269992291726
n2136	2073	1	0	68	142.18975147916726
n2134	2070	1	0	70	142.06795696666725
n2120	2072	1	0	79	142.10214490000058
n2122	2076	1	0	79	142.26667432916727
n2121	2075	1	0	80	142.18440961458393
n2119	2069	1	0	82	142.03163228750057
n2139	2080	1	0	60	142.44509260625065
n2141	2084	1	0	60	142.62885274791734
n2140	2082	1	0	61	142.52201545625064
n2138	2079	1	0	64	142.39915257083396
n2126	2085	1	0	72	142.60000667916734
n2125	2083	1	0	73	142.53697267708398
n2123	2077	1	0	76	142.3553492812506
n2159	2088	1	0	55	142.75812587083402
n2161	2091	1	0	55	142.9322706562507
n2160	2090	1	0	56	142.83077522916736
n2158	2087	1	0	58	142.713254208334
n2143	2089	1	0	67	142.76667285416735
n2145	2093	1	0	67	142.94081763958403
n2144	2092	1	0	68	142.86923665416737
n2142	2086	1	0	70	142.68975000416734
n2163	2096	1	0	48	143.07650100000072
n2165	2099	1	0	48	143.24744066666736
n2164	2098	1	0	49	143.14380849375073
n2162	2095	1	0	52	143.02308235416737
n2147	2097	1	0	60	143.1032103229174
n2149	2101	1	0	60	143.25171415833404
n2148	2100	1	0	61	143.1886801562507
n2146	2094	1	0	64	143.0188088625007
n2167	2104	1	0	43	143.38098728125073
n2169	2107	1	0	43	143.5465850833341
n2168	2106	1	0	44	143.4568417583341
n2166	2103	1	0	46	143.33504724583403
n2151	2105	1	0	55	143.41944870625073
n2153	2109	1	0	55	143.56688416875076
n2152	2108	1	0	56	143.50385016666743
n2150	2102	1	0	58	143.33718399166736
n2171	2114	1	0	36	143.7068410208341
n2173	deletion
n2172	2115	1	0	37	143.74530244583408
n2170	2111	1	0	40	143.6491488833341
n2155	2112	1	0	48	143.71752475000076
n2157	2117	1	0	48	143.8681653312508
n2156	2116	1	0	49	143.78376387083412
n2154	2110	1	0	52	143.63419166250077
n2182	2125	1	0	29	143.98782309791744
n2183	2121	1	0	41	143.9803444875008
n2174	2120	1	0	48	143.99423333541745
n2175	2122	1	0	53	143.99423333541745
n2176	2123	1	0	57	143.99423333541745
n2177	2124	1	0	60	143.99423333541745
n2184	2134	1	0	29	145.07222160833408
n2185	2133	1	0	41	145.07542672708408
n2178	2136	1	0	48	145.07863184583408
n2179	2137	1	0	53	145.07649510000076
n2180	2138	1	0	56	145.08290533750076
n2181	2135	1	0	60	145.07542672708408
n2194	2145	1	0	24	146.43867056875087
n2195	2144	1	0	36	146.43119195833418
n2186	2142	1	0	48	146.4376021958342
n2187	2147	1	0	53	146.4376021958342
n2188	2146	1	0	55	146.43973894166754
n2189	2141	1	0	60	146.43867056875087
n2196	2149	1	0	24	147.0412328937509
n2197	2150	1	0	36	147.04016452083422
n2190	2153	1	0	48	147.04657475833423
n2191	2156	1	0	52	147.04657475833423
n2192	2155	1	0	55	147.0476431312509
n2193	2151	1	0	60	147.0412328937509
insertion	273	1	0	72	19.102507750000004
insertion	287	1	0	75	19.621736987499993
insertion	296	1	0	72	20.276649585416653
insertion	297	1	0	75	20.272376093749987
insertion	328	1	0	53	22.461472199999974
insertion	381	1	0	54	25.90590648333331
insertion	391	1	0	39	26.345007752083298
insertion	399	1	0	50	26.613169354166622
insertion	416	1	0	71	27.511670977083288
insertion	427	1	0	73	28.212523610416618
insertion	446	1	0	71	29.821493222916626
insertion	500	1	0	52	34.03836112499997
insertion	554	1	0	72	37.544761037500045
insertion	555	1	0	75	37.544761037500045
insertion	600	1	0	72	40.47637632083342
insertion	641	1	0	56	44.103502372916786
insertion	673	1	0	41	45.75093341041682
insertion	704	1	0	43	47.46887706041683
insertion	774	1	0	78	52.91437381666685
insertion	839	1	0	68	56.637653431250236
insertion	837	1	0	78	56.660089262500236
insertion	853	1	0	39	58.09170897083357
insertion	871	1	0	48	59.22845775416691
insertion	884	1	0	82	59.67076414166692
insertion	886	1	0	79	59.68144787083359
insertion	920	1	0	79	60.28294182291694
insertion	916	1	0	38	62.11306462916693
insertion	928	1	0	28	62.856652179166936
insertion	929	1	0	88	62.99660903125027
insertion	937	1	0	41	63.480581962500274
insertion	957	1	0	60	64.7711764458336
insertion	972	1	0	77	65.4570718583336
insertion	966	1	0	52	65.11732927083361
insertion	981	1	0	88	66.4762996208336
insertion	1016	1	0	47	68.87052332708359
insertion	1023	1	0	35	69.21453940625025
insertion	1030	1	0	77	70.07030611250026
insertion	1029	1	0	76	70.0660326208336
insertion	1035	1	0	80	70.14722896250026
insertion	1036	1	0	82	70.12158801250027
insertion	1038	1	0	34	70.2294936770836
insertion	1039	1	0	81	70.23804066041693
insertion	1123	1	0	35	76.78182477500029
insertion	1153	1	0	64	78.2369486875003
insertion	1159	1	0	60	78.41643533750032
insertion	1212	1	0	42	80.61728354583367
insertion	1257	1	0	52	82.971977454167
insertion	1290	1	0	82	85.558508285417
insertion	1337	1	0	75	88.60230272500034
insertion	1352	1	0	82	89.19311294791703
insertion	1506	1	0	71	98.35975257291716
insertion	1558	1	0	69	102.33730494166724
insertion	1618	1	0	72	105.8810979062506
insertion	1620	1	0	75	105.87896116041728
insertion	1631	1	0	80	106.41955785625062
insertion	1644	1	0	80	107.15673516875063
insertion	1647	1	0	80	107.32660646250064
insertion	1658	1	0	73	108.09262984375066
insertion	1676	1	0	72	109.05096035000065
insertion	1677	1	0	77	109.07125943541733
insertion	1684	1	0	43	109.97723966875066
insertion	1685	1	0	44	109.96762431250066
insertion	1686	1	0	38	110.03386343333398
insertion	1708	1	0	53	111.72937125208392
insertion	1710	1	0	78	111.89069556250058
insertion	1719	1	0	68	112.30842937291726
insertion	1738	1	0	64	112.63641985833394
insertion	1745	1	0	65	112.7528725062506
insertion	1733	1	0	69	112.6631291812506
insertion	1737	1	0	76	112.64924033333394
insertion	1742	1	0	70	113.14923885833392
insertion	1756	1	0	70	113.44945164791723
insertion	1758	1	0	73	113.44624652916723
insertion	1787	1	0	68	116.08192251458394
insertion	1814	1	0	68	116.4152548645839
insertion	1842	1	0	67	120.28703831458391
insertion	1874	1	0	67	122.08083644166729
insertion	1875	1	0	72	122.0455801354173
insertion	1936	1	0	55	129.331883427084
insertion	2017	1	0	50	137.6374144812505
insertion	2078	1	0	62	142.40342606250064
insertion	2113	1	0	50	143.75919129375077
insertion	2118	1	0	56	144.0091905562508
insertion	2119	1	0	32	144.02948964166745
insertion	2126	1	0	50	145.10534116875075
insertion	2127	1	0	32	145.11175140625076
insertion	2128	1	0	37	145.16196493333408
insertion	2129	1	0	33	145.18867425625078
insertion	2130	1	0	34	145.17585378125077
insertion	2131	1	0	58	145.10747791458408
insertion	2132	1	0	57	145.1170932708341
insertion	2139	1	0	32	146.4600380270842
insertion	2140	1	0	27	146.45896965416753
insertion	2143	1	0	57	146.5337557583342
insertion	2148	1	0	27	147.05619011458424
insertion	2152	1	0	57	147.08289943750094
insertion	2154	1	0	29	147.12777110000098
insertion	2157	1	0	56	147.09892503125096
