xml_id	midi_id	track	channel	pitch	onset
n4	3	1	0	66	1.2070312499999998
n1	0	1	0	67	0.5
n3	2	1	0	67	1.0377604166666665
n5	4	1	0	67	1.345052083333333
n2	1	1	0	69	0.8763020833333333
n6	5	1	0	69	1.5156249999999998
n9	8	1	0	67	2.138020833333333
n8	7	1	0	69	1.977864583333333
n10	9	1	0	69	2.282552083333333
n7	6	1	0	71	1.8541666666666663
n11	10	1	0	71	2.462239583333333
n14	13	1	0	62	3.43359375
n13	12	1	0	67	3.1028645833333335
n12	11	1	0	69	2.7786458333333335
n16	15	1	0	71	4.4609375
n15	14	1	0	72	3.80078125
n19	18	1	0	66	5.430989583333335
n18	17	1	0	67	5.128906250000001
n17	16	1	0	69	4.795572916666667
n21	20	1	0	74	6.437500000000003
n20	19	1	0	76	5.787760416666669
n26	25	1	0	69	7.430989583333336
n25	24	1	0	71	7.263020833333336
n24	23	1	0	72	7.102864583333336
n23	22	1	0	74	6.941406250000003
n22	21	1	0	76	6.78776041666667
n37	31	1	0	62	8.419270833333337
n31	30	1	0	66	8.411458333333337
n30	29	1	0	67	8.220052083333337
n29	28	1	0	69	8.050781250000004
n28	27	1	0	71	7.914062500000003
n27	26	1	0	72	7.761718750000003
n40	36	1	0	61	9.050781250000005
n39	34	1	0	62	8.89973958333334
n41	37	1	0	62	9.218750000000005
n38	33	1	0	64	8.734375000000005
n42	38	1	0	64	9.389322916666671
n32	32	1	0	67	8.750000000000005
n34	39	1	0	67	9.404947916666671
n33	35	1	0	69	9.07552083333334
n45	44	1	0	62	10.002604166666673
n44	42	1	0	64	9.85286458333334
n46	45	1	0	64	10.156250000000005
n43	41	1	0	66	9.722656250000005
n59	47	1	0	66	10.332031250000005
n35	40	1	0	69	9.717447916666671
n48	46	1	0	69	10.365885416666671
n36	43	1	0	71	10.02473958333334
n62	54	1	0	57	11.269531250000005
n61	51	1	0	62	10.963541666666671
n60	48	1	0	64	10.658854166666671
n49	49	1	0	71	10.691406250000005
n52	53	1	0	71	11.119791666666671
n54	56	1	0	71	11.429687500000005
n50	50	1	0	73	10.803385416666671
n53	55	1	0	73	11.291666666666671
n51	52	1	0	74	10.955729166666671
n77	62	1	0	66	12.24739583333334
n63	61	1	0	67	11.611979166666671
n55	57	1	0	73	11.623697916666671
n58	60	1	0	73	12.097656250000005
n66	64	1	0	73	12.416666666666673
n56	58	1	0	74	11.787760416666671
n65	63	1	0	74	12.26302083333334
n57	59	1	0	76	11.936197916666671
n80	71	1	0	61	13.165364583333341
n79	68	1	0	62	12.852864583333341
n78	65	1	0	64	12.548177083333341
n67	66	1	0	74	12.557291666666675
n70	70	1	0	74	13.007812500000007
n72	73	1	0	74	13.334635416666673
n68	67	1	0	76	12.710937500000009
n71	72	1	0	76	13.179687500000007
n69	69	1	0	78	12.859375000000007
n89	79	1	0	69	14.152343750000007
n81	77	1	0	71	13.511718750000007
n73	74	1	0	76	13.510416666666673
n76	78	1	0	76	13.963541666666673
n74	75	1	0	78	13.673177083333341
n83	80	1	0	78	14.147135416666673
n75	76	1	0	79	13.821614583333341
n94	89	1	0	64	15.143229166666675
n93	88	1	0	66	14.947916666666675
n92	86	1	0	67	14.808593750000009
n91	84	1	0	69	14.649739583333341
n90	81	1	0	71	14.484375000000007
n87	87	1	0	74	14.932291666666675
n86	85	1	0	76	14.783854166666675
n85	83	1	0	78	14.635416666666675
n84	82	1	0	79	14.489583333333341
n88	95	1	0	79	15.119791666666675
n112	94	1	0	61	16.126302083333343
n98	93	1	0	62	15.942708333333341
n97	92	1	0	64	15.774739583333341
n96	91	1	0	66	15.638020833333341
n95	90	1	0	67	15.476562500000007
n101	96	1	0	78	16.30468750000001
n115	103	1	0	64	17.055989583333332
n114	100	1	0	66	16.739583333333336
n113	97	1	0	67	16.436197916666675
n106	104	1	0	73	17.057291666666664
n104	101	1	0	74	16.751302083333336
n102	98	1	0	76	16.441406250000007
n103	99	1	0	79	16.59505208333334
n105	102	1	0	79	16.90234375
n107	105	1	0	79	17.213541666666664
n117	109	1	0	61	17.671874999999996
n116	106	1	0	62	17.384114583333332
n125	113	1	0	62	18.01171875
n126	114	1	0	64	18.17578125
n110	110	1	0	69	17.675781249999996
n108	107	1	0	71	17.380208333333332
n119	112	1	0	78	17.998697916666668
n109	108	1	0	79	17.519531249999996
n111	111	1	0	79	17.828125
n128	117	1	0	62	18.460937500000004
n130	120	1	0	62	18.768229166666668
n132	123	1	0	62	19.076822916666664
n127	116	1	0	66	18.290364583333336
n129	119	1	0	67	18.632812500000004
n131	122	1	0	69	18.91796875
n120	115	1	0	74	18.309895833333336
n121	118	1	0	76	18.618489583333336
n122	121	1	0	78	18.923177083333332
n146	129	1	0	55	19.8515625
n134	126	1	0	62	19.388020833333332
n136	128	1	0	62	19.65234375
n133	125	1	0	71	19.225260416666664
n144	136	1	0	71	19.889322916666668
n135	127	1	0	72	19.51953125
n123	124	1	0	79	19.235677083333332
n124	130	1	0	81	19.526041666666668
n149	134	1	0	54	20.468749999999996
n148	133	1	0	55	20.315104166666664
n150	135	1	0	55	20.634114583333332
n147	132	1	0	57	20.171875
n151	137	1	0	57	20.807291666666664
n145	145	1	0	72	20.834635416666664
n139	131	1	0	74	20.212239583333332
n140	138	1	0	79	20.528645833333332
n154	143	1	0	55	21.42838541666666
n153	141	1	0	57	21.27604166666666
n155	144	1	0	57	21.55989583333333
n152	140	1	0	59	21.14192708333333
n169	146	1	0	59	21.73697916666666
n156	147	1	0	74	21.761718749999993
n143	142	1	0	76	21.45052083333333
n142	139	1	0	78	21.15494791666666
n172	153	1	0	50	22.712239583333325
n171	151	1	0	55	22.378906249999993
n170	149	1	0	57	22.071614583333325
n162	148	1	0	66	22.074218749999993
n163	154	1	0	67	22.38932291666666
n159	155	1	0	69	22.748697916666657
n158	152	1	0	71	22.40104166666666
n157	150	1	0	72	22.078124999999993
n192	161	1	0	59	23.709635416666654
n173	160	1	0	60	23.07421874999999
n165	156	1	0	66	23.096354166666654
n168	159	1	0	66	23.56380208333332
n181	163	1	0	66	23.858072916666654
n166	157	1	0	67	23.25911458333332
n180	162	1	0	67	23.725260416666654
n167	158	1	0	69	23.41536458333332
n195	170	1	0	54	24.617187499999986
n194	167	1	0	55	24.32552083333332
n193	164	1	0	57	24.019531249999986
n182	165	1	0	67	24.006510416666654
n185	169	1	0	67	24.493489583333318
n187	172	1	0	67	24.790364583333318
n183	166	1	0	69	24.158854166666654
n186	171	1	0	69	24.636718749999986
n184	168	1	0	71	24.334635416666654
n176	173	1	0	74	24.32552083333332
n210	181	1	0	62	25.636718749999986
n196	180	1	0	64	24.954427083333318
n188	174	1	0	69	24.964843749999986
n191	179	1	0	69	25.455729166666654
n189	176	1	0	71	25.148437499999986
n204	182	1	0	71	25.601562499999986
n178	175	1	0	72	24.981770833333318
n190	178	1	0	72	25.312499999999986
n179	177	1	0	81	25.308593749999986
n215	191	1	0	57	26.565104166666654
n214	190	1	0	59	26.39062499999999
n213	188	1	0	60	26.238281249999986
n212	186	1	0	62	26.114583333333318
n211	184	1	0	64	25.970052083333318
n208	189	1	0	67	26.41406249999999
n207	187	1	0	69	26.264322916666654
n206	185	1	0	71	26.11197916666665
n205	183	1	0	72	25.934895833333318
n209	201	1	0	72	26.576822916666654
n198	192	1	0	79	25.938802083333318
n233	205	1	0	54	27.49999999999999
n219	200	1	0	55	27.37239583333332
n218	198	1	0	57	27.218749999999986
n217	195	1	0	59	27.066406249999986
n216	193	1	0	60	26.895833333333318
n222	203	1	0	71	27.695312499999986
n220	222	1	0	74	27.545572916666654
n203	199	1	0	76	27.34505208333332
n202	197	1	0	78	27.225260416666654
n201	196	1	0	79	27.050781249999986
n200	194	1	0	81	26.910156249999986
n235	210	1	0	50	28.467447916666657
n234	207	1	0	52	28.147135416666657
n236	213	1	0	52	28.605468749999993
n227	211	1	0	66	28.45312499999999
n225	208	1	0	67	28.161458333333325
n223	204	1	0	69	27.84114583333332
n224	206	1	0	72	27.99609374999999
n226	209	1	0	72	28.30598958333332
n228	212	1	0	72	28.613281249999993
n253	224	1	0	43	29.401041666666657
n240	220	1	0	45	29.23828124999999
n254	225	1	0	45	29.527343749999993
n239	219	1	0	47	29.067708333333325
n238	217	1	0	48	28.921874999999993
n237	214	1	0	50	28.746093749999993
n231	218	1	0	62	29.084635416666657
n229	215	1	0	64	28.798177083333325
n247	223	1	0	71	29.411458333333325
n230	216	1	0	72	28.91666666666666
n232	221	1	0	72	29.221354166666657
n256	229	1	0	43	29.845052083333325
n258	233	1	0	43	30.13151041666666
n260	237	1	0	43	30.43880208333333
n255	228	1	0	47	29.677083333333325
n257	232	1	0	48	29.984374999999993
n259	236	1	0	50	30.292968749999996
n250	234	1	0	62	30.31380208333333
n249	230	1	0	64	30.01432291666666
n248	226	1	0	65	29.70572916666666
n244	235	1	0	71	30.308593749999996
n243	231	1	0	72	29.999999999999993
n242	227	1	0	74	29.703124999999993
n262	241	1	0	43	30.73567708333332
n264	245	1	0	43	31.03255208333332
n279	248	1	0	50	31.419270833333318
n261	239	1	0	52	30.58463541666666
n278	247	1	0	52	31.248697916666654
n263	244	1	0	53	30.885416666666654
n252	242	1	0	59	30.93098958333332
n251	238	1	0	60	30.609374999999993
n246	243	1	0	67	30.912760416666654
n245	240	1	0	69	30.605468749999993
n265	246	1	0	72	31.22786458333332
n266	249	1	0	74	31.386718749999986
n284	256	1	0	45	32.19010416666666
n282	253	1	0	47	31.865885416666654
n280	250	1	0	48	31.552083333333318
n281	251	1	0	52	31.722656249999986
n283	254	1	0	52	32.00651041666666
n285	258	1	0	52	32.342447916666664
n277	257	1	0	66	32.19140624999999
n276	252	1	0	67	31.851562499999986
n269	259	1	0	74	32.35286458333333
n267	255	1	0	76	31.552083333333318
n288	264	1	0	42	32.77083333333333
n286	260	1	0	43	32.49739583333333
n303	270	1	0	48	33.24999999999999
n302	268	1	0	50	33.111979166666664
n287	262	1	0	52	32.65104166666666
n289	266	1	0	52	32.92317708333333
n272	265	1	0	69	32.79036458333333
n271	263	1	0	71	32.64062499999999
n290	269	1	0	71	33.111979166666664
n270	261	1	0	72	32.48828124999999
n273	267	1	0	72	32.944010416666664
n291	271	1	0	72	33.272135416666664
n308	278	1	0	43	34.02864583333333
n306	275	1	0	45	33.74348958333333
n304	272	1	0	47	33.403645833333336
n305	273	1	0	50	33.580729166666664
n307	276	1	0	50	33.88671874999999
n309	279	1	0	50	34.205729166666664
n301	286	1	0	64	34.041666666666664
n300	274	1	0	66	33.729166666666664
n294	280	1	0	72	34.221354166666664
n292	277	1	0	74	33.419270833333336
n312	285	1	0	40	34.63802083333333
n310	281	1	0	42	34.328125
n327	292	1	0	47	35.119791666666664
n326	290	1	0	48	34.977864583333336
n311	283	1	0	50	34.490885416666664
n313	288	1	0	50	34.794270833333336
n297	287	1	0	67	34.670572916666664
n296	284	1	0	69	34.52734375
n314	291	1	0	69	34.98046875
n295	282	1	0	71	34.3671875
n298	289	1	0	71	34.81510416666667
n315	293	1	0	71	35.14453124999999
n332	300	1	0	42	35.880208333333336
n330	297	1	0	43	35.58203124999999
n328	294	1	0	45	35.27083333333333
n329	295	1	0	48	35.40364583333333
n331	298	1	0	48	35.752604166666664
n333	301	1	0	48	36.040364583333336
n325	305	1	0	62	35.90885416666667
n324	296	1	0	64	35.584635416666664
n318	302	1	0	71	36.12369791666667
n316	299	1	0	72	35.30598958333333
n336	308	1	0	38	36.527343750000014
n334	303	1	0	40	36.200520833333336
n354	312	1	0	47	36.85286458333336
n335	306	1	0	48	36.360677083333336
n337	310	1	0	48	36.671875000000014
n321	309	1	0	66	36.550781250000014
n320	307	1	0	67	36.41015625000001
n338	314	1	0	67	36.85937500000002
n319	304	1	0	69	36.259114583333336
n322	311	1	0	69	36.69661458333335
n339	315	1	0	69	36.98697916666669
n356	319	1	0	43	37.505208333333364
n355	316	1	0	45	37.17838541666669
n357	324	1	0	45	37.804687500000036
n345	317	1	0	60	37.18750000000003
n349	323	1	0	60	37.7994791666667
n346	318	1	0	62	37.329427083333364
n348	322	1	0	62	37.61328125000003
n347	320	1	0	64	37.47656250000003
n340	321	1	0	71	37.17057291666669
n359	329	1	0	42	38.42578125000003
n358	325	1	0	43	38.118489583333364
n375	332	1	0	43	38.74218750000002
n376	335	1	0	55	38.91406250000002
n350	326	1	0	59	38.122395833333364
n370	333	1	0	59	38.76171875000002
n351	328	1	0	60	38.26171875000003
n353	331	1	0	60	38.57291666666669
n352	330	1	0	62	38.42968750000003
n342	327	1	0	64	38.118489583333364
n361	336	1	0	67	38.89843750000002
n343	334	1	0	69	38.42578125000003
n379	343	1	0	50	39.34895833333335
n378	340	1	0	52	39.201822916666686
n381	346	1	0	52	39.674479166666686
n377	339	1	0	53	39.07812500000002
n380	344	1	0	53	39.50911458333335
n382	348	1	0	53	39.82421875000002
n371	337	1	0	60	39.072916666666686
n372	341	1	0	62	39.36067708333335
n373	345	1	0	67	39.67578125000002
n362	338	1	0	69	39.05598958333335
n363	342	1	0	71	39.36067708333335
n364	347	1	0	72	39.66536458333335
n365	349	1	0	74	39.80859375000002
n385	354	1	0	48	40.29947916666669
n384	352	1	0	50	40.16927083333336
n408	360	1	0	50	40.62109375000003
n383	351	1	0	52	39.99088541666669
n386	358	1	0	52	40.43359375000002
n409	365	1	0	52	40.74479166666669
n374	356	1	0	57	39.98958333333336
n397	361	1	0	59	40.59114583333336
n403	362	1	0	66	40.69270833333336
n405	364	1	0	66	40.86197916666669
n387	deletion
n369	357	1	0	67	40.43489583333336
n402	359	1	0	67	40.61197916666669
n404	363	1	0	67	40.77604166666669
n368	355	1	0	69	40.30598958333336
n367	353	1	0	71	40.16406250000002
n366	350	1	0	72	39.98958333333336
n412	372	1	0	47	41.23177083333335
n411	370	1	0	48	41.10026041666669
n414	376	1	0	48	41.52343750000001
n410	367	1	0	50	40.90885416666669
n413	374	1	0	50	41.382812500000014
n415	378	1	0	50	41.69010416666667
n398	366	1	0	60	40.90104166666669
n399	371	1	0	62	41.209635416666686
n388	368	1	0	64	41.04427083333336
n400	375	1	0	64	41.52083333333334
n389	369	1	0	66	41.12109375000002
n407	deletion
n390	373	1	0	67	41.217447916666686
n406	deletion
n392	377	1	0	71	41.68359375000001
n418	383	1	0	45	42.18880208333334
n417	382	1	0	47	42.01432291666667
n431	390	1	0	47	42.490885416666686
n416	380	1	0	48	41.83203125000001
n419	386	1	0	48	42.312500000000014
n432	391	1	0	48	42.62239583333335
n401	385	1	0	54	41.84375000000001
n421	389	1	0	55	42.476562500000014
n420	388	1	0	62	42.47786458333335
n396	387	1	0	64	42.31901041666668
n395	384	1	0	66	42.16536458333334
n394	381	1	0	67	42.00651041666667
n393	379	1	0	69	41.85026041666667
n435	397	1	0	43	43.14583333333335
n434	394	1	0	45	42.96614583333335
n436	398	1	0	45	43.295572916666686
n433	393	1	0	47	42.79296875000002
n437	401	1	0	47	43.44661458333335
n438	402	1	0	49	43.61328125000001
n422	392	1	0	55	42.822916666666686
n423	395	1	0	57	42.971354166666686
n424	396	1	0	59	43.158854166666686
n425	399	1	0	61	43.319010416666686
n426	400	1	0	62	43.476562500000014
n439	403	1	0	50	43.765625000000014
n440	406	1	0	52	43.914062500000014
n441	407	1	0	54	44.058593750000014
n459	412	1	0	54	44.385416666666686
n442	409	1	0	55	44.221354166666686
n427	404	1	0	59	43.76432291666668
n428	405	1	0	61	43.902343750000014
n429	408	1	0	62	44.05338541666668
n430	410	1	0	64	44.22656250000002
n453	411	1	0	66	44.401041666666686
n443	413	1	0	69	44.40755208333336
n461	418	1	0	47	45.04036458333336
n462	423	1	0	52	45.37109375000003
n460	414	1	0	59	44.73828125000003
n455	419	1	0	63	45.02083333333336
n454	415	1	0	64	44.72135416666669
n456	422	1	0	64	45.37890625000003
n444	416	1	0	67	44.71875000000003
n448	424	1	0	67	45.356770833333364
n445	417	1	0	69	44.85807291666669
n447	421	1	0	69	45.17447916666669
n446	420	1	0	71	45.02604166666669
n464	429	1	0	45	45.97656250000003
n486	433	1	0	50	46.32682291666669
n463	425	1	0	57	45.6822916666667
n458	430	1	0	61	45.97265625000003
n457	426	1	0	62	45.6822916666667
n475	434	1	0	62	46.33203125000003
n449	427	1	0	66	45.6705729166667
n465	435	1	0	66	46.30859375000003
n450	428	1	0	67	45.808593750000036
n452	432	1	0	67	46.12369791666669
n451	431	1	0	69	45.970052083333364
n487	438	1	0	52	46.64322916666669
n488	442	1	0	54	46.9596354166667
n478	441	1	0	57	46.957031250000036
n477	439	1	0	59	46.798177083333364
n480	445	1	0	59	47.289062500000036
n479	443	1	0	60	47.126302083333364
n481	446	1	0	60	47.44661458333337
n476	437	1	0	61	46.64973958333336
n466	436	1	0	67	46.64583333333336
n467	440	1	0	69	46.9518229166667
n468	444	1	0	74	47.273437500000036
n491	456	1	0	49	47.89192708333336
n514	463	1	0	50	48.22916666666669
n490	449	1	0	55	47.632812500000036
n484	454	1	0	55	47.90364583333336
n483	452	1	0	57	47.757812500000036
n502	462	1	0	57	48.21744791666669
n482	448	1	0	59	47.609375000000036
n485	459	1	0	59	48.03385416666669
n503	464	1	0	59	48.37500000000002
n469	450	1	0	64	47.687500000000036
n471	453	1	0	64	47.84375000000003
n473	457	1	0	64	47.97265625000002
n470	447	1	0	66	47.58723958333337
n472	451	1	0	66	47.7526041666667
n492	461	1	0	66	48.21744791666669
n506	469	1	0	54	48.83854166666668
n505	467	1	0	55	48.691406250000014
n508	472	1	0	55	49.14192708333334
n504	466	1	0	57	48.50911458333335
n507	470	1	0	57	48.97395833333334
n509	473	1	0	57	49.28776041666668
n493	465	1	0	67	48.529947916666686
n494	468	1	0	69	48.83072916666668
n495	471	1	0	71	49.16927083333334
n512	481	1	0	52	49.7109375
n511	478	1	0	54	49.56510416666667
n529	487	1	0	54	50.01041666666667
n510	475	1	0	55	49.44010416666668
n513	484	1	0	55	49.84765625
n530	488	1	0	55	50.192708333333336
n496	476	1	0	61	49.53515625000001
n498	479	1	0	61	49.697916666666664
n500	482	1	0	61	49.81640625
n497	474	1	0	62	49.45963541666668
n499	477	1	0	62	49.609375
n519	486	1	0	62	50.08854166666667
n533	493	1	0	50	50.70312500000001
n532	491	1	0	52	50.54166666666667
n534	496	1	0	52	50.84895833333334
n531	489	1	0	54	50.38151041666667
n535	498	1	0	54	50.996093750000014
n536	499	1	0	55	51.17317708333334
n520	490	1	0	62	50.37369791666667
n521	492	1	0	64	50.54687500000001
n522	494	1	0	66	50.70312500000001
n523	495	1	0	67	50.87630208333334
n524	497	1	0	69	51.023437500000014
n550	508	1	0	50	51.97916666666667
n544	509	1	0	54	51.96354166666667
n537	501	1	0	57	51.32291666666668
n538	502	1	0	59	51.50130208333334
n539	504	1	0	60	51.63020833333334
n540	505	1	0	62	51.78255208333334
n525	500	1	0	66	51.33854166666668
n526	503	1	0	67	51.49479166666668
n527	506	1	0	69	51.65364583333334
n528	507	1	0	71	51.80598958333334
n541	510	1	0	72	51.970052083333336
n551	511	1	0	48	52.34765625000001
n555	518	1	0	48	52.95963541666668
n552	512	1	0	50	52.501302083333336
n554	516	1	0	50	52.79557291666667
n553	515	1	0	52	52.661458333333336
n546	517	1	0	67	52.649739583333336
n545	513	1	0	69	52.32291666666667
n543	524	1	0	69	52.968750000000014
n542	514	1	0	71	52.641927083333336
n556	520	1	0	47	53.295572916666686
n577	526	1	0	47	53.92578125000001
n557	521	1	0	48	53.42057291666668
n559	525	1	0	48	53.75390625000001
n558	523	1	0	50	53.61067708333334
n549	522	1	0	66	53.61458333333334
n548	519	1	0	67	53.30989583333335
n560	527	1	0	67	53.94921875000001
n572	deletion
n561	529	1	0	79	54.12500000000001
n578	528	1	0	48	54.25390625000001
n579	532	1	0	50	54.56901041666668
n580	535	1	0	55	54.886718750000014
n564	533	1	0	74	54.601562500000014
n563	531	1	0	76	54.44401041666668
n566	536	1	0	76	54.914062500000014
n562	530	1	0	78	54.28125000000001
n565	534	1	0	78	54.73177083333334
n567	537	1	0	78	55.054687500000014
n581	541	1	0	45	55.234375000000014
n594	543	1	0	47	55.858072916666686
n570	540	1	0	72	55.55208333333335
n569	539	1	0	74	55.39973958333335
n582	544	1	0	74	55.877604166666686
n568	538	1	0	76	55.24869791666668
n571	542	1	0	76	55.73958333333335
n583	545	1	0	76	56.027343750000014
n595	546	1	0	48	56.17838541666668
n596	549	1	0	50	56.49739583333335
n597	552	1	0	52	56.83593750000002
n586	550	1	0	71	56.510416666666686
n585	548	1	0	72	56.332031250000014
n588	553	1	0	72	56.82031250000002
n584	547	1	0	74	56.187500000000014
n587	551	1	0	74	56.658854166666686
n589	554	1	0	74	56.97005208333336
n598	559	1	0	42	57.17838541666669
n613	561	1	0	43	57.82552083333336
n614	563	1	0	45	57.99479166666669
n592	557	1	0	69	57.49739583333336
n600	562	1	0	69	57.98697916666669
n591	556	1	0	71	57.32812500000002
n599	560	1	0	71	57.84375000000003
n590	555	1	0	72	57.16406250000002
n593	558	1	0	72	57.66927083333336
n617	573	1	0	45	58.97395833333335
n615	571	1	0	47	58.17317708333336
n612	569	1	0	61	58.81119791666668
n611	567	1	0	62	58.51432291666668
n605	570	1	0	64	58.81119791666668
n603	566	1	0	66	58.484375000000014
n601	564	1	0	67	58.17057291666669
n602	565	1	0	71	58.32942708333335
n604	568	1	0	71	58.644531250000014
n606	572	1	0	71	58.97395833333335
n620	579	1	0	40	59.42057291666669
n619	577	1	0	42	59.27343750000002
n636	583	1	0	42	59.73177083333337
n618	575	1	0	43	59.111979166666686
n621	581	1	0	43	59.58333333333337
n637	585	1	0	43	59.90494791666671
n609	578	1	0	61	59.43750000000003
n607	574	1	0	62	59.12890625000002
n623	584	1	0	67	59.91666666666671
n622	582	1	0	69	59.75260416666671
n608	576	1	0	71	59.29817708333336
n610	580	1	0	71	59.589843750000036
n640	594	1	0	43	60.91145833333338
n638	593	1	0	45	60.08984375000004
n635	591	1	0	59	60.76302083333337
n634	588	1	0	61	60.41406250000004
n628	592	1	0	62	60.75130208333337
n626	589	1	0	64	60.42968750000004
n624	586	1	0	66	60.09505208333338
n625	587	1	0	69	60.25130208333338
n627	590	1	0	69	60.58072916666671
n629	595	1	0	69	60.91145833333338
n643	600	1	0	38	61.356770833333385
n642	598	1	0	40	61.20442708333338
n659	604	1	0	40	61.682291666666714
n641	597	1	0	42	61.04427083333338
n644	602	1	0	42	61.509114583333385
n660	607	1	0	42	61.84244791666672
n632	603	1	0	59	61.40234375000005
n630	596	1	0	61	61.07812500000005
n646	606	1	0	66	61.864583333333385
n645	605	1	0	67	61.69531250000005
n631	599	1	0	69	61.248697916666714
n633	601	1	0	69	61.55859375000005
n663	615	1	0	42	62.85416666666672
n661	614	1	0	43	62.028645833333385
n658	deletion
n657	611	1	0	59	62.37890625000006
n651	613	1	0	61	62.688802083333385
n649	610	1	0	62	62.36718750000006
n647	608	1	0	64	62.028645833333385
n648	609	1	0	67	62.19921875000006
n650	612	1	0	67	62.516927083333385
n652	616	1	0	67	62.841145833333385
n666	deletion
n665	619	1	0	38	63.12239583333339
n680	626	1	0	38	63.60156250000007
n664	618	1	0	40	62.96484375000006
n667	623	1	0	40	63.440104166666735
n681	627	1	0	40	63.75651041666674
n655	622	1	0	57	63.2981770833334
n653	617	1	0	59	63.00130208333339
n668	625	1	0	66	63.59765625000007
n654	620	1	0	67	63.15494791666673
n656	624	1	0	67	63.44921875000007
n669	628	1	0	74	63.77604166666674
n683	631	1	0	38	64.06380208333341
n685	635	1	0	38	64.38671875000009
n687	639	1	0	38	64.69401041666676
n682	629	1	0	42	63.899739583333414
n684	633	1	0	43	64.24609375000009
n686	637	1	0	45	64.55598958333343
n675	640	1	0	64	64.72395833333343
n674	638	1	0	66	64.56119791666676
n673	636	1	0	67	64.39713541666676
n672	634	1	0	69	64.23437500000009
n671	632	1	0	71	64.08593750000009
n670	630	1	0	72	63.930989583333414
n689	643	1	0	38	64.99348958333343
n691	647	1	0	38	65.32552083333341
n688	641	1	0	47	64.8398437500001
n704	650	1	0	47	65.55859375000009
n690	645	1	0	48	65.15364583333341
n692	649	1	0	55	65.52083333333341
n705	652	1	0	55	65.69140625000007
n679	648	1	0	57	65.35286458333341
n693	651	1	0	57	65.66276041666674
n678	646	1	0	59	65.20182291666674
n677	644	1	0	60	65.03385416666676
n676	642	1	0	62	64.8750000000001
n711	663	1	0	45	66.59635416666677
n710	661	1	0	47	66.43098958333341
n709	659	1	0	48	66.27994791666674
n708	657	1	0	50	66.15104166666674
n707	655	1	0	52	65.97526041666673
n706	653	1	0	53	65.83593750000006
n695	656	1	0	55	65.96484375000006
n697	660	1	0	55	66.29296875000007
n699	664	1	0	55	66.5898437500001
n694	654	1	0	59	65.82291666666673
n696	658	1	0	60	66.1341145833334
n698	662	1	0	62	66.43359375000009
n728	674	1	0	36	67.35937500000007
n715	671	1	0	38	67.21354166666674
n729	675	1	0	38	67.5208333333334
n714	669	1	0	40	67.06119791666674
n713	667	1	0	41	66.88671875000009
n712	666	1	0	43	66.7343750000001
n701	668	1	0	55	66.89192708333341
n703	670	1	0	55	67.21875000000007
n700	665	1	0	64	66.73958333333343
n716	673	1	0	64	67.3606770833334
n702	672	1	0	65	67.04687500000009
n717	676	1	0	72	67.53125000000007
n730	677	1	0	40	67.6770833333334
n731	679	1	0	42	67.82942708333341
n732	681	1	0	44	67.97786458333341
n733	684	1	0	45	68.13281250000009
n734	685	1	0	47	68.29427083333343
n735	687	1	0	48	68.42968750000009
n722	686	1	0	68	68.29036458333343
n720	682	1	0	69	67.98828125000009
n718	678	1	0	71	67.68619791666674
n719	680	1	0	74	67.85286458333341
n721	683	1	0	74	68.15364583333343
n723	688	1	0	74	68.45703125000009
n736	689	1	0	50	68.5859375000001
n737	691	1	0	52	68.75781250000011
n738	693	1	0	54	68.91276041666677
n753	700	1	0	55	69.4140625000001
n739	695	1	0	56	69.10026041666677
n752	698	1	0	57	69.25520833333343
n726	694	1	0	64	68.90494791666677
n724	690	1	0	66	68.58333333333343
n741	699	1	0	69	69.3632812500001
n740	697	1	0	72	69.2304687500001
n725	692	1	0	74	68.76692708333344
n727	696	1	0	74	69.07942708333344
n758	709	1	0	51	70.12500000000009
n756	705	1	0	52	69.83854166666677
n754	701	1	0	54	69.5468750000001
n755	703	1	0	57	69.6835937500001
n757	707	1	0	57	69.98307291666676
n759	711	1	0	57	70.26953125000009
n742	702	1	0	71	69.52083333333344
n743	704	1	0	73	69.6796875000001
n744	706	1	0	75	69.82161458333343
n745	708	1	0	76	69.95833333333343
n746	710	1	0	78	70.11718750000009
n747	712	1	0	79	70.26171875000009
n762	717	1	0	47	70.70182291666676
n760	713	1	0	49	70.40885416666676
n774	721	1	0	55	71.01692708333341
n761	715	1	0	57	70.54166666666676
n763	719	1	0	57	70.85026041666676
n751	720	1	0	75	70.87109375000009
n764	722	1	0	76	71.04166666666674
n748	714	1	0	81	70.40494791666676
n749	716	1	0	83	70.54296875000009
n750	718	1	0	84	70.69531250000009
n777	730	1	0	57	72.00390625000009
n776	726	1	0	59	71.69401041666676
n775	723	1	0	60	71.3919270833334
n767	727	1	0	75	71.66015625000009
n766	725	1	0	76	71.51822916666674
n768	728	1	0	76	71.80208333333341
n765	724	1	0	78	71.36328125000007
n769	729	1	0	78	71.97265625000009
n779	734	1	0	47	72.6106770833334
n785	738	1	0	52	72.93229166666673
n786	739	1	0	54	73.07031250000006
n778	731	1	0	59	72.31640625000009
n772	735	1	0	76	72.60156250000007
n771	733	1	0	78	72.44661458333341
n773	736	1	0	78	72.75390625000007
n770	732	1	0	79	72.30338541666676
n780	737	1	0	79	72.92968750000006
n788	742	1	0	52	73.37890625000004
n790	745	1	0	52	73.69270833333339
n792	748	1	0	52	73.99609375000004
n787	741	1	0	55	73.24218750000006
n789	744	1	0	57	73.54166666666671
n791	747	1	0	59	73.84765625000004
n783	746	1	0	71	73.83072916666671
n782	743	1	0	76	73.53385416666671
n781	740	1	0	78	73.24218750000006
n794	750	1	0	52	74.30078125000004
n796	752	1	0	52	74.58203125000004
n793	749	1	0	61	74.16015625000004
n795	751	1	0	63	74.45052083333337
n803	756	1	0	63	74.90755208333337
n802	755	1	0	64	74.76302083333337
n814	deletion
n797	754	1	0	79	74.77864583333337
n784	753	1	0	81	74.13671875000004
n804	758	1	0	64	75.06640625000004
n807	762	1	0	64	75.49739583333337
n809	765	1	0	64	75.8268229166667
n805	759	1	0	66	75.18750000000004
n808	764	1	0	66	75.66406250000003
n806	761	1	0	67	75.36328125000004
n800	763	1	0	75	75.6822916666667
n799	760	1	0	76	75.36848958333337
n798	757	1	0	78	75.07812500000004
n810	766	1	0	66	75.9713541666667
n813	769	1	0	66	76.45052083333337
n811	767	1	0	67	76.14583333333337
n829	771	1	0	67	76.63020833333337
n812	768	1	0	69	76.30078125000004
n819	772	1	0	83	76.61067708333337
n801	770	1	0	84	76.0065104166667
n833	781	1	0	64	77.40625000000001
n832	778	1	0	66	77.23828125000003
n831	775	1	0	67	77.08333333333336
n830	773	1	0	69	76.9322916666667
n834	787	1	0	69	77.53645833333334
n824	780	1	0	78	77.54036458333334
n823	779	1	0	79	77.38671875000001
n822	777	1	0	81	77.24218750000003
n821	776	1	0	83	77.08984375000003
n820	774	1	0	84	76.93750000000003
n843	788	1	0	67	78.63802083333333
n836	786	1	0	75	78.48177083333333
n828	785	1	0	76	78.33463541666667
n827	784	1	0	78	78.19140625
n826	783	1	0	79	78.03125
n825	782	1	0	81	77.87369791666667
n848	796	1	0	63	79.39713541666666
n846	793	1	0	64	79.10416666666666
n844	790	1	0	66	78.77083333333333
n845	791	1	0	69	78.93229166666666
n847	794	1	0	69	79.25781249999999
n849	797	1	0	69	79.54036458333333
n839	795	1	0	78	79.39453124999999
n838	792	1	0	79	79.10546874999999
n837	789	1	0	81	78.79166666666666
n852	802	1	0	59	79.98567708333333
n850	799	1	0	61	79.67578125
n861	805	1	0	67	80.29427083333334
n851	800	1	0	69	79.82161458333333
n853	803	1	0	69	80.10807291666667
n841	801	1	0	75	79.98567708333333
n840	798	1	0	76	79.68359375
n855	804	1	0	76	80.30598958333334
n862	807	1	0	66	80.63671875
n866	813	1	0	66	81.22395833333333
n863	808	1	0	67	80.76041666666667
n865	811	1	0	67	81.06901041666666
n864	810	1	0	69	80.9140625
n857	809	1	0	72	80.92317708333333
n856	806	1	0	74	80.625
n858	812	1	0	74	81.24088541666666
n867	815	1	0	64	81.56119791666666
n884	820	1	0	64	82.16666666666666
n868	816	1	0	66	81.68619791666666
n870	819	1	0	66	81.98697916666666
n869	818	1	0	67	81.83984374999999
n860	817	1	0	71	81.84635416666666
n859	814	1	0	72	81.53906249999999
n872	821	1	0	72	82.16145833333333
n873	822	1	0	84	82.30989583333331
n885	823	1	0	66	82.47265624999999
n886	826	1	0	67	82.75651041666664
n887	829	1	0	72	83.05468749999999
n876	827	1	0	79	82.74348958333331
n875	825	1	0	81	82.60286458333331
n878	830	1	0	81	83.07682291666666
n874	824	1	0	83	82.45963541666666
n877	828	1	0	83	82.89192708333331
n879	831	1	0	83	83.20833333333331
n888	836	1	0	63	83.37369791666666
n902	837	1	0	64	84.00390624999999
n882	834	1	0	78	83.69270833333333
n881	833	1	0	79	83.54817708333333
n890	838	1	0	79	83.98307291666666
n880	832	1	0	81	83.37109374999999
n883	835	1	0	81	83.83072916666666
n891	839	1	0	81	84.13802083333331
n903	840	1	0	66	84.28906249999999
n904	843	1	0	67	84.58854166666663
n905	846	1	0	69	84.91015624999997
n894	844	1	0	76	84.5872395833333
n893	842	1	0	78	84.43359374999997
n896	847	1	0	78	84.89062499999997
n892	841	1	0	79	84.28515624999999
n895	845	1	0	79	84.7317708333333
n897	848	1	0	79	85.03515624999997
n906	852	1	0	59	85.22526041666664
n917	856	1	0	59	86.0208333333333
n916	855	1	0	60	85.85546874999997
n900	851	1	0	75	85.52213541666663
n899	850	1	0	76	85.3802083333333
n908	854	1	0	76	85.8333333333333
n898	849	1	0	78	85.20572916666664
n901	853	1	0	78	85.67447916666663
n918	857	1	0	57	86.1809895833333
n919	859	1	0	59	86.3138020833333
n920	861	1	0	60	86.45312499999997
n921	862	1	0	62	86.58463541666664
n923	864	1	0	63	86.88151041666664
n922	863	1	0	64	86.74088541666664
n909	858	1	0	78	86.15234374999997
n910	860	1	0	79	86.3098958333333
n911	865	1	0	81	86.44531249999997
n941	873	1	0	47	87.7747395833333
n942	874	1	0	49	87.8684895833333
n924	866	1	0	64	87.0403645833333
n925	869	1	0	66	87.18098958333331
n926	870	1	0	67	87.34374999999997
n927	871	1	0	69	87.47135416666664
n936	881	1	0	71	87.66015624999997
n913	867	1	0	79	87.06640624999997
n914	868	1	0	81	87.20182291666664
n915	872	1	0	83	87.33984374999997
n944	877	1	0	47	88.1341145833333
n946	880	1	0	47	88.40234374999997
n948	884	1	0	47	88.69921874999997
n943	876	1	0	51	87.95703124999996
n945	879	1	0	52	88.2669270833333
n947	882	1	0	54	88.55468749999997
n932	883	1	0	78	88.56510416666664
n931	878	1	0	79	88.2708333333333
n933	885	1	0	79	88.69401041666664
n930	875	1	0	81	87.95703124999996
n950	889	1	0	47	88.99218749999997
n952	893	1	0	47	89.29557291666666
n966	897	1	0	54	89.63411458333333
n949	888	1	0	55	88.8567708333333
n965	895	1	0	55	89.47916666666666
n951	892	1	0	57	89.15755208333331
n956	894	1	0	64	89.46354166666666
n939	890	1	0	66	89.15494791666664
n957	896	1	0	66	89.6015625
n938	886	1	0	72	88.85546874999997
n935	891	1	0	75	89.15364583333331
n953	899	1	0	76	89.45312499999999
n934	887	1	0	81	88.84765624999997
n971	905	1	0	49	90.38411458333333
n969	902	1	0	50	90.09635416666667
n967	898	1	0	52	89.77994791666667
n968	900	1	0	55	89.93619791666667
n970	903	1	0	55	90.2421875
n972	906	1	0	55	90.54687499999999
n960	907	1	0	66	90.55468749999999
n958	904	1	0	67	89.75260416666667
n955	919	1	0	69	90.40104166666666
n954	901	1	0	71	90.0703125
n975	912	1	0	45	90.98437499999999
n973	908	1	0	47	90.68359374999999
n990	918	1	0	52	91.42578124999999
n989	916	1	0	54	91.27994791666666
n974	910	1	0	55	90.83723958333331
n976	914	1	0	55	91.13281249999999
n963	913	1	0	61	90.97395833333331
n962	911	1	0	62	90.83203124999999
n980	917	1	0	62	91.27604166666666
n961	909	1	0	64	90.69270833333331
n964	915	1	0	64	91.12499999999999
n981	920	1	0	64	91.44010416666666
n995	927	1	0	47	92.21484375
n993	924	1	0	49	91.88932291666667
n991	921	1	0	50	91.59895833333333
n992	922	1	0	54	91.75651041666667
n994	925	1	0	54	92.04427083333334
n996	929	1	0	54	92.3828125
n984	928	1	0	64	92.38151041666667
n982	926	1	0	66	91.58333333333333
n979	941	1	0	67	92.22786458333333
n978	923	1	0	69	91.87890625
n999	934	1	0	43	92.8203125
n997	930	1	0	45	92.54427083333334
n1014	942	1	0	50	93.28776041666666
n1013	939	1	0	52	93.13151041666666
n998	932	1	0	54	92.68359375000001
n1000	936	1	0	54	92.95182291666667
n987	935	1	0	59	92.80729166666667
n986	933	1	0	61	92.65364583333334
n1004	938	1	0	61	93.09895833333333
n985	931	1	0	62	92.51432291666667
n988	937	1	0	62	92.95833333333333
n1005	940	1	0	62	93.25260416666666
n1019	949	1	0	46	94.00911458333333
n1017	946	1	0	47	93.72395833333331
n1015	943	1	0	49	93.41015624999999
n1016	944	1	0	52	93.57421874999999
n1018	947	1	0	52	93.88151041666666
n1020	951	1	0	52	94.16276041666666
n1008	950	1	0	62	94.17838541666666
n1006	948	1	0	64	93.41145833333331
n1003	955	1	0	66	94.01822916666666
n1002	945	1	0	67	93.70833333333331
n1023	957	1	0	42	94.58463541666667
n1021	953	1	0	44	94.30989583333333
n1037	962	1	0	50	94.89453125
n1022	954	1	0	52	94.46223958333333
n1024	960	1	0	52	94.7265625
n1038	963	1	0	54	95.03515625000001
n1011	958	1	0	58	94.58072916666667
n1010	956	1	0	59	94.42578125
n1036	961	1	0	59	94.89192708333333
n1009	952	1	0	61	94.29687499999999
n1012	959	1	0	61	94.72526041666667
n1026	964	1	0	71	95.06770833333334
n1043	974	1	0	46	95.80859375000001
n1042	971	1	0	47	95.64713541666669
n1041	969	1	0	49	95.48828125
n1044	975	1	0	49	95.95182291666669
n1040	967	1	0	50	95.34505208333333
n1039	965	1	0	52	95.19140625
n1029	970	1	0	70	95.5
n1028	968	1	0	71	95.35677083333333
n1030	972	1	0	71	95.64713541666669
n1027	966	1	0	73	95.21744791666667
n1031	973	1	0	73	95.79036458333334
n1048	983	1	0	42	96.55468750000001
n1047	980	1	0	44	96.39843750000001
n1046	979	1	0	46	96.27343750000001
n1045	977	1	0	47	96.10677083333336
n1054	985	1	0	47	96.71875000000001
n1034	981	1	0	71	96.39062500000001
n1033	978	1	0	73	96.24609375000001
n1035	982	1	0	73	96.54557291666669
n1032	976	1	0	74	96.11458333333336
n1049	984	1	0	74	96.74609375000001
n1057	990	1	0	46	97.33854166666667
n1056	988	1	0	47	97.19270833333334
n1058	991	1	0	47	97.49348958333334
n1055	987	1	0	49	97.06250000000001
n1059	993	1	0	49	97.65494791666667
n1052	992	1	0	70	97.66927083333334
n1051	989	1	0	71	97.36197916666667
n1050	986	1	0	73	97.06640625000001
n1062	996	1	0	47	98.28385416666667
n1061	995	1	0	49	98.13932291666667
n1063	997	1	0	49	98.4375
n1060	994	1	0	50	97.98828125
n1074	999	1	0	50	98.59635416666667
n1064	1000	1	0	78	98.6171875
n1053	998	1	0	79	97.97526041666667
n1077	1007	1	0	46	99.50390625000001
n1076	1004	1	0	47	99.20833333333334
n1075	1001	1	0	49	98.90885416666667
n1069	1008	1	0	73	99.52343750000001
n1068	1006	1	0	74	99.35807291666669
n1067	1005	1	0	76	99.21875000000001
n1066	1003	1	0	78	99.06770833333334
n1065	1002	1	0	79	98.91796875
n1091	1015	1	0	54	100.48437500000001
n1078	1013	1	0	55	99.83593750000001
n1092	1017	1	0	56	100.63932291666667
n1079	1014	1	0	70	100.46484375000001
n1073	1012	1	0	71	100.31250000000001
n1080	1016	1	0	71	100.61328125000001
n1072	1011	1	0	73	100.14973958333336
n1071	1010	1	0	74	99.99088541666669
n1070	1009	1	0	76	99.84244791666669
n1094	1020	1	0	54	100.91276041666667
n1096	1024	1	0	54	101.21223958333333
n1098	1028	1	0	54	101.52083333333334
n1093	1019	1	0	58	100.78255208333334
n1095	1022	1	0	59	101.09375
n1097	1026	1	0	61	101.37109375
n1082	1021	1	0	70	100.9140625
n1084	1025	1	0	70	101.22005208333333
n1086	1029	1	0	70	101.53255208333334
n1081	1018	1	0	73	100.76432291666667
n1083	1023	1	0	74	101.0859375
n1085	1027	1	0	76	101.375
n1100	1032	1	0	54	101.80598958333334
n1102	1036	1	0	54	102.11067708333333
n1120	1040	1	0	54	102.43098958333333
n1099	1030	1	0	62	101.66796875
n1119	1038	1	0	62	102.29557291666666
n1101	1034	1	0	64	101.95703125
n1088	1033	1	0	70	101.82942708333334
n1090	1037	1	0	70	102.11588541666666
n1104	1041	1	0	70	102.44661458333333
n1087	1031	1	0	78	101.67578125
n1103	1039	1	0	78	102.29817708333333
n1089	1035	1	0	79	101.97005208333333
n1128	1056	1	0	52	103.39062499999997
n1121	1043	1	0	55	102.60807291666666
n1125	1050	1	0	58	103.07161458333331
n1124	1049	1	0	59	103.00781249999999
n1126	1053	1	0	59	103.16406249999997
n1123	1046	1	0	61	102.90494791666666
n1127	1054	1	0	61	103.24999999999997
n1122	1044	1	0	62	102.75781249999999
n1112	1057	1	0	68	103.3763020833333
n1105	1042	1	0	71	102.60026041666666
n1109	1051	1	0	73	103.07161458333331
n1108	1048	1	0	74	102.99088541666666
n1110	1052	1	0	74	103.15104166666664
n1107	1047	1	0	76	102.90494791666666
n1111	1055	1	0	76	103.21874999999997
n1106	1045	1	0	78	102.75390624999999
n1129	1059	1	0	54	103.53255208333331
n1133	1067	1	0	56	103.99088541666664
n1132	1065	1	0	58	103.91145833333331
n1134	1069	1	0	58	104.10286458333331
n1131	1062	1	0	59	103.82031249999999
n1136	1070	1	0	59	104.19270833333331
n1148	deletion
n1130	1060	1	0	61	103.67578124999999
n1137	1071	1	0	61	104.34374999999999
n1113	1058	1	0	70	103.52604166666664
n1117	1066	1	0	71	103.97395833333331
n1116	1064	1	0	73	103.88671874999999
n1118	1068	1	0	73	104.03776041666664
n1115	1063	1	0	74	103.81119791666666
n1135	1098	1	0	74	104.14583333333331
n1114	1061	1	0	76	103.67578124999999
n1139	1073	1	0	59	104.63020833333331
n1141	1075	1	0	59	104.91796874999997
n1143	1077	1	0	59	105.24609374999996
n1138	1072	1	0	62	104.48437499999999
n1140	1074	1	0	64	104.77604166666664
n1142	1076	1	0	66	105.07682291666663
n1153	1081	1	0	47	105.68619791666661
n1161	1084	1	0	52	105.97786458333329
n1162	1085	1	0	54	106.14973958333329
n1145	1079	1	0	59	105.55598958333329
n1147	1082	1	0	59	105.82031249999996
n1144	1078	1	0	68	105.37630208333329
n1155	1083	1	0	68	105.99348958333329
n1146	1080	1	0	69	105.66796874999994
n1164	1088	1	0	52	106.45052083333329
n1166	1091	1	0	52	106.73828124999994
n1168	1094	1	0	52	107.04166666666661
n1163	1087	1	0	56	106.30729166666661
n1165	1090	1	0	57	106.58854166666661
n1167	1093	1	0	59	106.90755208333329
n1156	1086	1	0	64	106.30729166666661
n1157	1089	1	0	66	106.59374999999994
n1158	1092	1	0	68	106.91536458333329
n1170	1097	1	0	52	107.36328124999993
n1172	1101	1	0	52	107.65364583333327
n1169	1096	1	0	61	107.21614583333327
n1196	1106	1	0	61	107.84895833333327
n1171	1100	1	0	62	107.51171874999993
n1186	1102	1	0	64	107.85937499999994
n1174	1103	1	0	66	108.00520833333327
n1175	1104	1	0	68	108.07942708333327
n1159	1095	1	0	69	107.2252604166666
n1160	1099	1	0	71	107.52734374999993
n1190	1113	1	0	57	108.79947916666659
n1189	1112	1	0	59	108.63671874999991
n1191	1115	1	0	59	108.95572916666657
n1188	1110	1	0	61	108.48177083333326
n1187	1107	1	0	62	108.34374999999993
n1177	1108	1	0	64	108.3424479166666
n1179	1111	1	0	64	108.65104166666659
n1181	1118	1	0	64	108.95052083333324
n1176	1105	1	0	69	108.1510416666666
n1178	1109	1	0	71	108.49479166666659
n1180	1114	1	0	73	108.78776041666659
n1197	1121	1	0	49	109.43359374999991
n1211	1130	1	0	50	109.7070312499999
n1216	deletion
n1195	1124	1	0	52	109.55338541666657
n1194	1122	1	0	54	109.38151041666659
n1193	1119	1	0	55	109.25130208333324
n1192	1116	1	0	57	109.09895833333324
n1183	1120	1	0	66	109.25911458333324
n1198	1126	1	0	66	109.71354166666657
n1185	1125	1	0	67	109.56770833333324
n1199	1127	1	0	67	109.8632812499999
n1200	1128	1	0	69	109.94270833333323
n1182	1117	1	0	74	109.09895833333324
n1184	1123	1	0	76	109.41406249999991
n1220	1137	1	0	47	110.61979166666659
n1219	1136	1	0	49	110.45703124999991
n1221	1140	1	0	49	110.75911458333324
n1218	1134	1	0	50	110.32031249999991
n1217	1131	1	0	52	110.16927083333324
n1202	1132	1	0	66	110.18098958333324
n1204	1135	1	0	66	110.47526041666659
n1206	1139	1	0	66	110.77473958333324
n1201	1129	1	0	71	110.0234374999999
n1203	1133	1	0	73	110.32552083333324
n1205	1138	1	0	74	110.62109374999991
n1244	1149	1	0	40	111.51171874999989
n1225	1148	1	0	42	111.32942708333323
n1224	1146	1	0	43	111.17317708333323
n1223	1144	1	0	45	111.02604166666657
n1222	1141	1	0	47	110.8945312499999
n1227	1151	1	0	66	111.68359374999989
n1208	1143	1	0	67	111.06510416666657
n1226	1150	1	0	67	111.51562499999989
n1210	1147	1	0	69	111.36458333333323
n1207	1142	1	0	76	110.9140624999999
n1209	1145	1	0	78	111.20833333333323
n1246	1155	1	0	49	112.12890624999987
n1245	1152	1	0	50	111.82812499999989
n1239	1158	1	0	50	112.44661458333321
n1247	deletion
n1232	1159	1	0	66	112.46223958333321
n1228	1153	1	0	67	111.83333333333321
n1231	1157	1	0	67	112.29947916666654
n1229	1154	1	0	71	111.97916666666654
n1233	1160	1	0	71	112.61067708333321
n1230	1156	1	0	76	112.14062499999987
n1264	1167	1	0	43	113.41015624999989
n1248	deletion
n1242	1165	1	0	49	113.09635416666654
n1241	1164	1	0	50	112.9309895833332
n1243	1166	1	0	50	113.23177083333321
n1240	1161	1	0	52	112.75781249999987
n1256	1168	1	0	52	113.40624999999989
n1234	1162	1	0	69	112.7669270833332
n1235	1163	1	0	73	112.92187499999987
n1236	1169	1	0	74	113.07682291666654
n1265	1177	1	0	45	113.73958333333321
n1259	1172	1	0	50	114.01692708333321
n1266	1176	1	0	50	114.32421874999989
n1258	1171	1	0	52	113.89062499999989
n1260	1173	1	0	52	114.16145833333321
n1257	1170	1	0	54	113.71354166666654
n1261	1175	1	0	54	114.32682291666656
n1250	1174	1	0	73	113.73567708333321
n1251	1178	1	0	74	114.34895833333323
n1286	1243	1	0	45	115.26041666666656
n1268	1184	1	0	47	114.95442708333323
n1267	1180	1	0	49	114.67317708333323
n1279	1188	1	0	49	115.27083333333321
n1263	1183	1	0	50	114.9492187499999
n1262	1179	1	0	52	114.65364583333323
n1254	1185	1	0	73	114.9453124999999
n1253	1182	1	0	74	114.7929687499999
n1255	1186	1	0	74	115.10937499999989
n1252	1181	1	0	76	114.66536458333323
n1269	1187	1	0	76	115.26953124999989
n1281	1194	1	0	57	116.24348958333321
n1280	1192	1	0	59	115.61848958333321
n1272	1191	1	0	74	115.91927083333321
n1271	1190	1	0	76	115.77604166666654
n1273	1193	1	0	76	116.06770833333321
n1270	1189	1	0	78	115.63151041666654
n1274	1195	1	0	78	116.23828124999989
n1295	1205	1	0	52	117.16796874999987
n1285	1204	1	0	54	117.02604166666653
n1284	1201	1	0	55	116.85546874999987
n1283	1198	1	0	57	116.71223958333321
n1282	1196	1	0	59	116.56510416666654
n1287	1203	1	0	73	117.1341145833332
n1278	1202	1	0	74	116.9661458333332
n1277	1200	1	0	76	116.83854166666654
n1276	1199	1	0	78	116.70703124999989
n1275	1197	1	0	79	116.55729166666654
n1300	1214	1	0	49	118.04296874999986
n1299	1209	1	0	50	117.89713541666653
n1298	1208	1	0	52	117.76432291666653
n1297	1207	1	0	54	117.61328124999987
n1296	1206	1	0	55	117.47265624999987
n1290	1211	1	0	81	118.22526041666653
n1288	1210	1	0	83	117.4700520833332
n1301	1217	1	0	50	118.68489583333321
n1324	1223	1	0	54	119.26953124999986
n1323	1221	1	0	55	119.17968749999986
n1305	1219	1	0	76	119.11588541666653
n1307	1222	1	0	76	119.27213541666653
n1303	deletion
n1294	1216	1	0	78	118.81901041666654
n1304	1218	1	0	78	118.98828124999987
n1306	1220	1	0	78	119.19531249999986
n1293	1215	1	0	79	118.67708333333321
n1292	1213	1	0	81	118.51953124999987
n1291	1212	1	0	83	118.37499999999987
n1329	1238	1	0	49	119.88541666666653
n1327	1231	1	0	50	119.6028645833332
n1325	1225	1	0	52	119.35416666666653
n1326	1229	1	0	55	119.47916666666653
n1328	1235	1	0	55	119.75651041666653
n1330	1242	1	0	55	120.03515624999986
n1309	1226	1	0	76	119.41145833333319
n1311	1228	1	0	76	119.55859374999986
n1313	1232	1	0	76	119.6809895833332
n1315	1234	1	0	76	119.81249999999986
n1317	1237	1	0	76	119.94921874999986
n1319	1240	1	0	76	120.08593749999986
n1308	1224	1	0	78	119.32421874999986
n1310	1227	1	0	78	119.48046874999986
n1312	1230	1	0	78	119.61197916666653
n1314	1233	1	0	78	119.73697916666653
n1316	1236	1	0	78	119.8684895833332
n1318	1239	1	0	78	120.00390624999986
n1333	1248	1	0	45	120.53645833333319
n1331	1245	1	0	47	120.19010416666653
n1350	1250	1	0	54	120.88020833333319
n1332	1247	1	0	55	120.37760416666652
n1334	1249	1	0	55	120.70052083333319
n1351	1252	1	0	55	121.06380208333319
n1321	1251	1	0	76	120.32552083333319
n1320	1246	1	0	78	120.26692708333319
n1339	1254	1	0	79	121.16796874999986
n1338	1253	1	0	81	121.10156249999986
n1362	1271	1	0	47	121.89062499999986
n1361	1262	1	0	49	121.72005208333319
n1360	1260	1	0	50	121.55989583333319
n1359	1258	1	0	52	121.41276041666653
n1354	1265	1	0	55	122.0247395833332
n1352	1256	1	0	57	121.2317708333332
n1344	1263	1	0	74	121.86979166666652
n1342	1259	1	0	76	121.55598958333319
n1340	1255	1	0	78	121.24479166666653
n1341	1257	1	0	81	121.42187499999986
n1343	1261	1	0	81	121.71484374999986
n1345	1264	1	0	81	122.03515624999987
n1357	1270	1	0	50	122.51171874999989
n1356	1268	1	0	52	122.38020833333321
n1376	1274	1	0	52	122.82031249999989
n1355	1267	1	0	54	122.21093749999989
n1358	1273	1	0	54	122.64973958333321
n1377	1276	1	0	54	123.00130208333321
n1348	1280	1	0	71	122.51562499999989
n1346	1266	1	0	73	122.19661458333321
n1365	1277	1	0	78	122.99739583333321
n1364	1275	1	0	79	122.83203124999989
n1347	1269	1	0	81	122.36458333333321
n1349	1272	1	0	81	122.68098958333321
n1390	1290	1	0	45	123.76171874999987
n1389	1285	1	0	47	123.60156249999987
n1388	1283	1	0	49	123.4466145833332
n1387	1282	1	0	50	123.30859374999987
n1380	1288	1	0	54	123.92057291666654
n1378	1279	1	0	55	123.16536458333321
n1370	1287	1	0	73	123.76822916666654
n1368	1284	1	0	74	123.46874999999987
n1366	1278	1	0	76	123.15624999999989
n1367	1281	1	0	79	123.31249999999987
n1369	1286	1	0	79	123.62760416666653
n1371	1289	1	0	79	123.92187499999987
n1383	1295	1	0	49	124.38281249999987
n1382	1293	1	0	50	124.22135416666653
n1404	1299	1	0	50	124.6966145833332
n1381	1292	1	0	52	124.0677083333332
n1384	1297	1	0	52	124.53385416666653
n1405	1301	1	0	52	124.8528645833332
n1374	1296	1	0	69	124.4036458333332
n1372	1291	1	0	71	124.0950520833332
n1393	1302	1	0	76	124.8528645833332
n1392	1300	1	0	78	124.6848958333332
n1373	1294	1	0	79	124.2630208333332
n1375	1298	1	0	79	124.55729166666653
n1418	1312	1	0	43	125.62890624999987
n1417	1310	1	0	45	125.48697916666653
n1416	1308	1	0	47	125.31640624999987
n1408	1314	1	0	47	125.74869791666653
n1415	1306	1	0	48	125.14453124999987
n1406	1303	1	0	54	124.98697916666654
n1398	1311	1	0	71	125.62499999999987
n1396	1307	1	0	72	125.3216145833332
n1394	1304	1	0	74	125.00651041666654
n1395	1305	1	0	78	125.15104166666654
n1397	1309	1	0	78	125.4622395833332
n1399	1313	1	0	78	125.76432291666653
n1409	1315	1	0	49	125.91536458333319
n1410	1317	1	0	50	126.08593749999986
n1411	1320	1	0	52	126.23828124999986
n1412	1322	1	0	54	126.37239583333319
n1433	1323	1	0	55	126.52473958333319
n1434	1325	1	0	57	126.70703124999984
n1402	1319	1	0	67	126.24739583333319
n1400	1316	1	0	69	125.92708333333319
n1422	1326	1	0	74	126.71093749999984
n1421	1324	1	0	76	126.55859374999984
n1401	1318	1	0	78	126.08723958333319
n1403	1321	1	0	78	126.38802083333319
n1444	1337	1	0	45	127.57812499999983
n1439	1336	1	0	49	127.44661458333317
n1438	1333	1	0	50	127.29427083333317
n1437	1331	1	0	52	127.15234374999984
n1436	1329	1	0	54	126.98958333333317
n1435	1328	1	0	55	126.84374999999984
n1427	1335	1	0	69	127.46093749999984
n1425	1332	1	0	71	127.17317708333317
n1423	1327	1	0	73	126.86067708333317
n1424	1330	1	0	76	127.00520833333317
n1426	1334	1	0	76	127.32031249999983
n1428	1338	1	0	76	127.6276041666665
n1445	1340	1	0	47	127.72265624999983
n1446	1342	1	0	49	127.88151041666649
n1447	1344	1	0	50	128.05078124999983
n1448	1346	1	0	52	128.20312499999983
n1468	1347	1	0	54	128.33593749999983
n1469	1349	1	0	55	128.4752604166665
n1431	1343	1	0	66	128.0533854166665
n1450	1350	1	0	66	128.49739583333314
n1429	1339	1	0	67	127.76562499999983
n1449	1348	1	0	74	128.35286458333314
n1430	1341	1	0	76	127.92447916666649
n1432	1345	1	0	76	128.19921874999983
n1471	1354	1	0	45	128.94921874999974
n1472	1357	1	0	50	129.27604166666643
n1470	1351	1	0	57	128.6367187499998
n1451	1352	1	0	64	128.65104166666646
n1452	1353	1	0	67	128.79296874999977
n1454	1356	1	0	73	129.0989583333331
n1453	1355	1	0	74	128.94921874999974
n1457	1359	1	0	74	129.36848958333312
n1459	1361	1	0	74	129.5468749999998
n1455	deletion
n1456	1358	1	0	76	129.2669270833331
n1458	1360	1	0	76	129.45963541666646
n1473	1363	1	0	48	129.63020833333314
n1503	1374	1	0	48	130.18359374999983
n1474	1366	1	0	50	129.75520833333314
n1476	1372	1	0	50	130.02473958333314
n1475	1369	1	0	52	129.8867187499998
n1461	1364	1	0	74	129.7018229166665
n1463	1367	1	0	74	129.85416666666646
n1465	1370	1	0	74	129.99739583333314
n1467	1373	1	0	74	130.1510416666665
n1479	1390	1	0	74	130.25781249999983
n1481	deletion
n1460	1362	1	0	76	129.6236979166665
n1462	1365	1	0	76	129.77994791666646
n1464	1368	1	0	76	129.9335937499998
n1466	1371	1	0	76	130.0768229166665
n1478	1375	1	0	76	130.22265624999983
n1480	deletion
n1504	1376	1	0	47	130.4947916666665
n1508	1380	1	0	47	131.14583333333317
n1505	1377	1	0	48	130.6393229166665
n1507	1379	1	0	48	130.95703124999983
n1506	1378	1	0	50	130.80078124999983
n1498	1381	1	0	67	131.27343749999983
n1483	deletion
n1485	deletion
n1487	deletion
n1489	deletion
n1491	deletion
n1493	deletion
n1482	deletion
n1484	deletion
n1486	deletion
n1488	deletion
n1490	deletion
n1492	deletion
n1509	1382	1	0	48	131.4440104166665
n1510	1385	1	0	50	131.7539062499998
n1527	1388	1	0	55	132.0703124999998
n1501	1386	1	0	62	131.7578124999998
n1500	1384	1	0	64	131.5963541666665
n1515	1389	1	0	64	132.09895833333314
n1499	1383	1	0	65	131.43359374999983
n1502	1387	1	0	65	131.91536458333314
n1516	1391	1	0	65	132.2421874999998
n1511	deletion
n1528	1395	1	0	45	132.41015624999983
n1529	1397	1	0	47	132.9947916666665
n1519	1394	1	0	60	132.73958333333314
n1518	1393	1	0	62	132.5768229166665
n1521	1398	1	0	62	133.05859374999983
n1517	1392	1	0	64	132.4166666666665
n1520	1396	1	0	64	132.90755208333314
n1522	1400	1	0	64	133.17317708333317
n1512	1399	1	0	72	132.4283854166665
n1530	1401	1	0	48	133.30338541666652
n1531	1404	1	0	50	133.61979166666652
n1547	1407	1	0	52	133.92187499999983
n1525	1405	1	0	59	133.61588541666652
n1524	1403	1	0	60	133.46093749999983
n1540	1408	1	0	60	133.92708333333317
n1523	1402	1	0	62	133.32031249999983
n1526	1406	1	0	62	133.75781249999983
n1541	1410	1	0	62	134.07421874999986
n1514	1409	1	0	71	133.32421874999983
n1548	1415	1	0	42	134.22786458333317
n1549	1416	1	0	43	134.83593749999986
n1544	1413	1	0	57	134.55078124999986
n1543	1412	1	0	59	134.39192708333317
n1546	1424	1	0	59	134.85937499999986
n1542	1411	1	0	60	134.24218749999983
n1545	1414	1	0	60	134.69531249999986
n1535	1418	1	0	67	135.00911458333317
n1533	1417	1	0	69	134.24739583333317
n1568	1428	1	0	36	135.73697916666654
n1550	1419	1	0	42	135.15494791666652
n1551	1421	1	0	43	135.30338541666654
n1552	1423	1	0	45	135.4192708333332
n1553	1426	1	0	47	135.5664062499999
n1567	1429	1	0	57	135.77994791666654
n1555	1431	1	0	62	135.91276041666657
n1556	1432	1	0	64	136.00390624999991
n1538	1425	1	0	66	135.4661458333332
n1554	1430	1	0	66	135.75651041666654
n1537	1422	1	0	67	135.3411458333332
n1539	1427	1	0	67	135.61588541666654
n1536	1420	1	0	69	135.1848958333332
n1574	1443	1	0	52	136.80208333333323
n1573	1442	1	0	54	136.64062499999991
n1572	1439	1	0	55	136.51302083333326
n1571	1437	1	0	57	136.37239583333326
n1570	1435	1	0	59	136.23437499999991
n1569	1434	1	0	60	136.10156249999991
n1558	1436	1	0	62	136.23437499999991
n1560	1440	1	0	62	136.51302083333326
n1562	1444	1	0	62	136.79557291666657
n1557	1433	1	0	66	136.06901041666657
n1559	1438	1	0	67	136.37109374999991
n1561	1441	1	0	69	136.64973958333326
n1591	1454	1	0	43	137.54687499999986
n1578	1450	1	0	45	137.39453124999986
n1592	1455	1	0	45	137.69401041666654
n1577	1449	1	0	47	137.2317708333332
n1576	1448	1	0	48	137.0872395833332
n1575	1446	1	0	50	136.94401041666654
n1564	1447	1	0	62	137.0950520833332
n1566	1451	1	0	62	137.4114583333332
n1563	1445	1	0	71	136.9414062499999
n1579	1453	1	0	71	137.5520833333332
n1565	1452	1	0	72	137.2434895833332
n1580	1456	1	0	79	137.71744791666654
n1594	1459	1	0	43	138.0039062499999
n1596	1463	1	0	43	138.31640624999991
n1598	1467	1	0	43	138.61197916666657
n1593	1457	1	0	47	137.86718749999986
n1595	1461	1	0	48	138.17447916666657
n1597	1465	1	0	50	138.46874999999991
n1586	1468	1	0	69	138.62239583333323
n1585	1466	1	0	71	138.46744791666657
n1584	1464	1	0	72	138.32291666666657
n1583	1462	1	0	74	138.17187499999991
n1582	1460	1	0	76	138.01302083333323
n1581	1458	1	0	77	137.86718749999986
n1616	1479	1	0	40	139.50781249999986
n1617	1480	1	0	42	139.5638020833332
n1600	1471	1	0	43	138.8958333333332
n1602	1475	1	0	43	139.2005208333332
n1599	1469	1	0	52	138.76041666666654
n1615	1478	1	0	52	139.3841145833332
n1601	1473	1	0	53	139.07291666666654
n1603	1477	1	0	60	139.37109374999986
n1590	1476	1	0	62	139.2161458333332
n1589	1474	1	0	64	139.07291666666654
n1588	1472	1	0	65	138.92057291666654
n1587	1470	1	0	67	138.76432291666654
n1604	1481	1	0	76	139.57031249999986
n1619	1484	1	0	40	139.8359374999999
n1621	1488	1	0	40	140.1679687499999
n1623	1492	1	0	40	140.45052083333323
n1618	1482	1	0	44	139.67838541666654
n1620	1486	1	0	45	139.99088541666654
n1622	1490	1	0	47	140.30598958333323
n1610	1493	1	0	66	140.4570312499999
n1609	1491	1	0	68	140.30208333333323
n1608	1489	1	0	69	140.1640624999999
n1607	1487	1	0	71	139.9999999999999
n1606	1485	1	0	72	139.86197916666654
n1605	1483	1	0	74	139.70963541666657
n1625	1496	1	0	40	140.72395833333326
n1627	1500	1	0	40	141.0078124999999
n1624	1494	1	0	48	140.58593749999991
n1640	1503	1	0	49	141.2031249999999
n1626	1498	1	0	50	140.86848958333323
n1628	1502	1	0	57	141.2265624999999
n1641	1504	1	0	57	141.37760416666657
n1614	1501	1	0	59	141.03776041666654
n1629	1505	1	0	59	141.37109374999991
n1613	1499	1	0	60	140.90364583333323
n1612	1497	1	0	62	140.74999999999991
n1611	1495	1	0	64	140.60677083333326
n1647	1516	1	0	47	142.26432291666663
n1646	1514	1	0	49	142.10937499999994
n1645	1512	1	0	50	141.9544270833333
n1644	1511	1	0	52	141.82031249999994
n1643	1508	1	0	54	141.6653645833333
n1642	1506	1	0	55	141.52473958333326
n1631	1509	1	0	57	141.66406249999994
n1633	1513	1	0	57	141.9622395833333
n1635	1517	1	0	57	142.27343749999997
n1630	1507	1	0	61	141.52864583333326
n1632	1510	1	0	62	141.8098958333333
n1634	1515	1	0	64	142.12499999999994
n1668	1543	1	0	38	143.03776041666663
n1651	1525	1	0	40	142.8411458333333
n1650	1522	1	0	42	142.7161458333333
n1649	1521	1	0	43	142.5598958333333
n1648	1518	1	0	45	142.4114583333333
n1637	1520	1	0	57	142.5716145833333
n1639	1523	1	0	57	142.86197916666663
n1658	1526	1	0	62	143.04947916666663
n1636	1519	1	0	66	142.41276041666663
n1652	1527	1	0	66	143.04557291666663
n1638	1524	1	0	67	142.7122395833333
n1659	1529	1	0	60	143.37109374999997
n1663	1534	1	0	60	143.96874999999994
n1660	1530	1	0	62	143.51562499999997
n1662	1533	1	0	62	143.78515624999994
n1661	1531	1	0	64	143.6731770833333
n1655	1535	1	0	64	143.96484374999994
n1654	1532	1	0	67	143.65494791666663
n1653	1528	1	0	71	143.36197916666663
n1686	1544	1	0	50	145.0572916666666
n1664	1537	1	0	59	144.28515624999994
n1675	1542	1	0	59	144.91536458333326
n1665	1538	1	0	60	144.4205729166666
n1667	1541	1	0	60	144.7174479166666
n1666	1539	1	0	62	144.5690104166666
n1657	1540	1	0	66	144.57812499999994
n1669	1550	1	0	67	144.9049479166666
n1656	1536	1	0	69	144.2760416666666
n1687	1546	1	0	48	145.20052083333326
n1691	1552	1	0	48	145.7786458333333
n1688	1547	1	0	50	145.3580729166666
n1690	1551	1	0	50	145.61458333333326
n1689	1549	1	0	52	145.48567708333326
n1676	1545	1	0	60	145.22005208333326
n1677	1548	1	0	62	145.51302083333326
n1678	1553	1	0	64	145.78124999999994
n1671	1554	1	0	69	145.93359374999994
n1692	1556	1	0	47	146.11718749999997
n1717	1569	1	0	47	146.671875
n1693	1560	1	0	48	146.22395833333331
n1695	1567	1	0	48	146.45442708333331
n1694	1564	1	0	50	146.31640624999997
n1696	1558	1	0	54	146.11588541666663
n1707	deletion
n1673	1565	1	0	67	146.52213541666666
n1680	1557	1	0	69	146.15234374999997
n1682	1561	1	0	69	146.29557291666666
n1684	1563	1	0	69	146.43359374999997
n1674	1566	1	0	69	146.62890625
n1672	deletion
n1679	1555	1	0	71	146.07682291666663
n1681	1559	1	0	71	146.23567708333331
n1683	1562	1	0	71	146.37890624999997
n1697	1568	1	0	71	146.69140625
n1718	1572	1	0	45	147.015625
n1722	1584	1	0	45	147.60156250000003
n1719	1575	1	0	47	147.15234375
n1721	1581	1	0	47	147.44140625
n1720	1579	1	0	48	147.29817708333334
n1710	1576	1	0	66	147.31901041666669
n1709	1573	1	0	67	147.16796875000003
n1711	1580	1	0	67	147.44921875
n1708	1570	1	0	69	147.01302083333334
n1700	1578	1	0	69	147.31380208333334
n1712	1583	1	0	69	147.60026041666669
n1699	1574	1	0	71	147.16666666666669
n1701	1582	1	0	71	147.44140625
n1698	1571	1	0	72	147.01953125
n1702	1585	1	0	72	147.61328125000003
n1723	1588	1	0	43	147.94661458333334
n1738	1600	1	0	43	148.53645833333334
n1724	1590	1	0	45	148.07291666666669
n1726	1596	1	0	45	148.36458333333337
n1725	1594	1	0	47	148.21875000000003
n1740	1602	1	0	54	148.77213541666669
n1739	1601	1	0	55	148.67838541666669
n1715	1592	1	0	67	148.24218750000003
n1714	1589	1	0	69	148.07812500000003
n1716	1595	1	0	69	148.36328125000003
n1713	1586	1	0	71	147.91536458333334
n1705	1593	1	0	71	148.24088541666669
n1732	1598	1	0	71	148.53776041666669
n1704	1591	1	0	72	148.09114583333337
n1706	1597	1	0	72	148.3854166666667
n1703	1587	1	0	74	147.9296875
n1727	1599	1	0	74	148.54817708333334
n1745	1611	1	0	49	149.41276041666669
n1743	1608	1	0	50	149.12630208333337
n1741	1605	1	0	52	148.85807291666669
n1742	1606	1	0	55	148.98567708333337
n1744	1609	1	0	55	149.28645833333334
n1746	1612	1	0	55	149.55468750000006
n1734	1621	1	0	67	149.14583333333337
n1733	1603	1	0	69	148.85026041666669
n1730	1610	1	0	69	149.44531250000003
n1729	1607	1	0	71	149.14973958333337
n1728	1604	1	0	72	148.85156250000003
n1749	1619	1	0	45	150.03515625000006
n1747	1613	1	0	47	149.7044270833334
n1762	1624	1	0	48	150.50390625000006
n1761	1623	1	0	50	150.36328125000006
n1748	deletion
n1750	deletion
n1737	1616	1	0	73	150.0403645833334
n1736	1614	1	0	74	149.73828125000006
n1756	1620	1	0	74	150.3645833333334
n1751	1622	1	0	78	150.36588541666674
n1731	1618	1	0	79	149.7395833333334
n1767	1635	1	0	43	151.27213541666674
n1765	1631	1	0	45	150.96484375000009
n1763	1627	1	0	46	150.6588541666667
n1764	1628	1	0	50	150.80859375000009
n1766	1632	1	0	50	151.12109375000009
n1768	deletion
n1759	1633	1	0	64	151.27604166666674
n1758	1629	1	0	66	150.96093750000009
n1757	1625	1	0	67	150.66796875000006
n1754	1634	1	0	73	151.27213541666674
n1753	1630	1	0	74	150.95833333333343
n1752	1626	1	0	76	150.6588541666667
n1771	1642	1	0	40	151.93619791666674
n1769	1637	1	0	42	151.61197916666674
n1789	1643	1	0	42	152.29817708333343
n1770	deletion
n1772	deletion
n1783	1649	1	0	72	152.3216145833334
n1760	1640	1	0	73	151.60156250000009
n1774	1645	1	0	79	152.45703125000009
n1773	1644	1	0	81	152.31510416666674
n1755	1639	1	0	82	151.59765625000009
n1790	1646	1	0	38	152.62369791666677
n1792	1654	1	0	40	153.21354166666677
n1791	1650	1	0	43	152.91536458333343
n1786	1653	1	0	69	153.17447916666677
n1785	1652	1	0	71	153.09114583333343
n1787	1655	1	0	71	153.22916666666677
n1777	1651	1	0	74	152.90885416666677
n1776	1648	1	0	76	152.74479166666677
n1775	1647	1	0	78	152.61067708333343
n1779	1657	1	0	79	153.40885416666677
n1793	1656	1	0	36	153.55598958333343
n1794	1660	1	0	38	153.85416666666674
n1810	1672	1	0	43	154.28385416666674
n1788	1658	1	0	69	153.53515625000009
n1805	1667	1	0	71	154.2981770833334
n1780	1659	1	0	72	153.71614583333343
n1797	1665	1	0	76	154.56250000000006
n1782	1662	1	0	78	154.04687500000009
n1796	1664	1	0	78	154.49218750000006
n1781	1661	1	0	79	153.88281250000009
n1795	1663	1	0	79	154.2942708333334
n1812	1673	1	0	43	155.40755208333337
n1813	1676	1	0	45	155.4635416666667
n1808	1678	1	0	67	155.23177083333337
n1807	1669	1	0	69	154.93359375000003
n1802	1674	1	0	71	155.2330729166667
n1806	deletion
n1800	1670	1	0	72	154.92968750000003
n1798	1666	1	0	74	154.61848958333337
n1799	1668	1	0	79	154.78125000000003
n1801	1671	1	0	79	155.0768229166667
n1815	1679	1	0	43	155.6705729166667
n1817	1683	1	0	43	155.98567708333337
n1814	1677	1	0	47	155.5325520833334
n1816	1682	1	0	48	155.83203125000003
n1835	1686	1	0	50	156.1354166666667
n1809	1680	1	0	66	155.8033854166667
n1827	1684	1	0	67	156.1276041666667
n1804	1681	1	0	69	155.8033854166667
n1818	1685	1	0	71	156.1236979166667
n1820	1688	1	0	72	156.35937500000006
n1819	1687	1	0	74	156.3151041666667
n1803	1675	1	0	79	155.50390625000006
n1833	1743	1	0	43	156.42708333333337
n1836	deletion
n1837	1692	1	0	47	156.7408854166667
n1839	1697	1	0	47	157.16015625000003
n1838	1696	1	0	48	157.0533854166667
n1840	1698	1	0	48	157.25260416666669
n1841	1699	1	0	50	157.33854166666669
n1830	1703	1	0	64	157.08333333333337
n1829	1693	1	0	65	156.75520833333337
n1828	1690	1	0	67	156.43880208333337
n1825	1700	1	0	67	157.07552083333337
n1823	1694	1	0	69	156.75130208333337
n1821	1689	1	0	71	156.4479166666667
n1822	1691	1	0	74	156.60286458333337
n1824	1695	1	0	74	156.9010416666667
n1843	1702	1	0	48	157.60937500000003
n1845	1707	1	0	48	157.9752604166667
n1842	1701	1	0	52	157.44140625000003
n1844	1704	1	0	54	157.80208333333337
n1871	1742	1	0	55	158.22265625000006
n1862	1708	1	0	62	158.27343750000006
n1831	1706	1	0	63	157.8190104166667
n1847	1709	1	0	67	158.38281250000006
n1848	1710	1	0	69	158.4791666666667
n1849	1711	1	0	71	158.55078125000006
n1826	1705	1	0	72	157.44921875000003
n1863	1714	1	0	64	158.6848958333334
n1864	1716	1	0	65	159.05729166666677
n1851	1715	1	0	67	158.83593750000009
n1853	1718	1	0	67	159.22526041666677
n1865	1720	1	0	67	159.42057291666677
n1868	1713	1	0	71	158.67968750000006
n1855	1721	1	0	71	159.52473958333343
n1850	1712	1	0	72	158.7200520833334
n1856	1722	1	0	72	159.60026041666677
n1869	deletion
n1852	1717	1	0	74	159.06119791666677
n1857	1723	1	0	74	159.68489583333343
n1854	1719	1	0	76	159.40104166666677
n1866	1724	1	0	67	159.79947916666677
n1867	1727	1	0	69	160.2330729166668
n1876	1731	1	0	71	160.72135416666677
n1859	1726	1	0	72	159.99739583333346
n1861	1729	1	0	72	160.4335937500001
n1879	1730	1	0	74	160.95182291666677
n1858	1725	1	0	76	159.79427083333343
n1860	1728	1	0	78	160.2213541666668
n1872	1735	1	0	79	160.7070312500001
n1877	1734	1	0	69	161.67317708333343
n1878	1739	1	0	71	162.48958333333343
n1881	1733	1	0	72	161.39583333333343
n1883	1741	1	0	74	162.64843750000009
n1880	1732	1	0	76	161.1718750000001
n1874	1736	1	0	78	161.95703125000009
n1875	1737	1	0	79	162.75781250000009
insertion	202	1	0	76	27.558593749999986
insertion	313	1	0	62	36.85677083333336
insertion	460	1	0	64	48.13802083333336
insertion	455	1	0	66	47.89453125000002
insertion	458	1	0	62	48.05468750000002
insertion	485	1	0	61	49.97526041666667
insertion	480	1	0	62	49.729166666666664
insertion	483	1	0	59	49.90625
insertion	621	1	0	37	63.2630208333334
insertion	1241	1	0	78	120.14192708333319
insertion	1244	1	0	76	120.20703124999986
insertion	1577	1	0	65	147.38151041666669
insertion	1615	1	0	57	149.88281250000006
insertion	1617	1	0	57	150.2200520833334
insertion	1636	1	0	52	151.44921875000009
insertion	1638	1	0	52	151.78515625000009
insertion	1641	1	0	52	152.1067708333334
insertion	1738	1	0	78	162.82942708333343
insertion	1740	1	0	79	162.96744791666677
