xml_id	midi_id	track	channel	pitch	onset
n3	0	1	0	38	0.4583333333333333
n4	1	1	0	57	1.003125
n8	5	1	0	57	2.2739583333333333
n5	2	1	0	62	1.3822916666666667
n7	4	1	0	62	1.9697916666666668
n6	3	1	0	69	1.675
n10	8	1	0	45	2.985416666666667
n9	6	1	0	54	2.572916666666667
n11	7	1	0	62	3.405208333333334
n14	9	1	0	38	3.866666666666667
n15	11	1	0	57	4.3135416666666675
n16	10	1	0	62	4.6937500000000005
n18	12	1	0	62	5.2875000000000005
n19	13	1	0	57	5.5947916666666675
n17	14	1	0	69	4.984375000000001
n21	16	1	0	45	6.351041666666667
n20	15	1	0	54	5.915625
n22	17	1	0	62	6.794791666666667
n27	18	1	0	38	8.125
n28	20	1	0	57	8.660416666666666
n23	21	1	0	66	7.4989583333333325
n31	23	1	0	57	9.588541666666668
n30	22	1	0	62	9.304166666666667
n29	19	1	0	69	9.001041666666666
n36	27	1	0	57	10.602083333333338
n33	26	1	0	61	10.235416666666671
n24	28	1	0	64	9.908333333333333
n34	24	1	0	67	10.27291666666667
n35	25	1	0	69	10.251041666666671
n41	29	1	0	50	11.502083333333339
n42	30	1	0	57	11.886458333333344
n37	31	1	0	66	11.03541666666667
n45	34	1	0	57	12.793750000000014
n44	33	1	0	62	12.514583333333347
n43	32	1	0	69	12.22604166666668
n49	37	1	0	57	13.687500000000014
n38	38	1	0	59	13.090625000000014
n47	35	1	0	62	13.431250000000015
n48	36	1	0	69	13.414583333333347
n56	39	1	0	38	14.465625000000014
n57	41	1	0	57	14.941666666666682
n50	40	1	0	61	14.06354166666668
n61	45	1	0	57	15.846875000000017
n51	48	1	0	62	16.17708333333335
n60	deletion
n58	44	1	0	67	15.266666666666683
n59	42	1	0	69	15.283333333333351
n65	49	1	0	57	17.006250000000012
n63	47	1	0	59	16.60208333333335
n52	50	1	0	61	16.848958333333346
n53	51	1	0	62	17.14375000000001
n64	46	1	0	69	16.551041666666684
n70	52	1	0	50	17.998958333333352
n71	53	1	0	57	18.338541666666682
n66	55	1	0	64	17.565625000000015
n75	62	1	0	57	19.20833333333334
n74	deletion
n72	56	1	0	67	18.639583333333345
n73	54	1	0	69	18.618750000000013
n80	63	1	0	50	20.30833333333334
n77	58	1	0	60	19.796875000000004
n67	61	1	0	66	19.521875000000005
n78	59	1	0	69	19.905208333333338
n79	60	1	0	74	20.00833333333334
n88	65	1	0	38	21.241666666666674
n83	64	1	0	59	20.786458333333343
n89	67	1	0	59	21.66562500000001
n81	69	1	0	67	20.755208333333343
n92	70	1	0	59	22.583333333333343
n91	68	1	0	62	22.272916666666674
n90	66	1	0	74	21.99895833333334
n94	71	1	0	58	23.230208333333344
n95	72	1	0	62	23.573958333333344
n82	73	1	0	66	22.897916666666674
n103	75	1	0	50	24.467708333333352
n98	74	1	0	59	24.000000000000014
n104	76	1	0	59	24.79270833333335
n96	80	1	0	67	23.990625000000016
n107	79	1	0	59	25.700000000000017
n106	78	1	0	62	25.40208333333335
n105	77	1	0	74	25.11562500000002
n110	82	1	0	54	26.61458333333335
n109	83	1	0	55	26.32395833333335
n97	81	1	0	62	26.007291666666685
n119	86	1	0	38	27.06770833333335
n115	84	1	0	55	27.071875000000016
n120	87	1	0	55	27.537500000000012
n116	85	1	0	59	27.08541666666668
n121	88	1	0	59	27.884375000000013
n111	90	1	0	64	27.031250000000018
n124	91	1	0	55	28.781250000000018
n123	92	1	0	59	28.50208333333335
n122	89	1	0	71	28.178125000000016
n126	94	1	0	57	29.486458333333342
n117	98	1	0	60	29.175000000000015
n127	93	1	0	62	29.482291666666676
n113	97	1	0	64	29.663541666666674
n112	95	1	0	66	29.143750000000015
n114	99	1	0	66	29.91041666666667
n128	96	1	0	72	29.782291666666673
n137	103	1	0	50	30.672916666666676
n131	100	1	0	59	30.284375
n138	104	1	0	59	30.99062500000001
n132	101	1	0	62	30.283333333333335
n129	102	1	0	67	30.23854166666667
n141	107	1	0	59	31.876041666666676
n143	111	1	0	59	32.519791666666684
n140	106	1	0	62	31.59062500000001
n139	105	1	0	74	31.30312500000001
n144	112	1	0	60	32.83958333333335
n133	110	1	0	62	32.21875000000001
n134	108	1	0	65	32.21354166666667
n130	109	1	0	68	32.18750000000001
n153	deletion
n154	118	1	0	49	34.25416666666669
n147	115	1	0	57	33.00104166666669
n155	119	1	0	57	34.25833333333336
n148	116	1	0	61	33.102083333333354
n156	120	1	0	61	34.598958333333364
n149	114	1	0	66	33.248958333333356
n145	117	1	0	69	33.613541666666684
n159	123	1	0	57	35.464583333333366
n158	121	1	0	66	35.18645833333336
n157	122	1	0	73	34.8885416666667
n161	126	1	0	59	36.1322916666667
n150	125	1	0	62	35.83020833333336
n151	124	1	0	65	35.83020833333336
n146	127	1	0	68	35.804166666666696
n162	128	1	0	74	36.453125000000036
n173	131	1	0	42	36.990625000000044
n174	133	1	0	49	37.002083333333374
n167	130	1	0	57	36.7260416666667
n175	135	1	0	57	37.52604166666671
n168	132	1	0	61	36.816666666666706
n176	134	1	0	61	37.857291666666704
n169	129	1	0	66	36.930208333333375
n163	139	1	0	69	37.084375000000044
n179	138	1	0	57	38.7447916666667
n178	137	1	0	66	38.45625000000003
n177	136	1	0	73	38.14583333333337
n182	145	1	0	43	40.31875000000004
n181	141	1	0	50	39.707291666666706
n170	144	1	0	58	39.19895833333336
n171	142	1	0	62	39.23437500000003
n166	143	1	0	66	40.566666666666706
n165	deletion
n191	149	1	0	38	41.50833333333338
n185	147	1	0	54	41.011458333333366
n192	150	1	0	57	41.91770833333339
n186	146	1	0	62	41.025000000000034
n183	148	1	0	66	40.97500000000003
n195	153	1	0	57	42.77187500000005
n194	152	1	0	62	42.50729166666672
n193	151	1	0	69	42.22291666666672
n198	158	1	0	55	43.80000000000005
n187	154	1	0	58	43.14791666666672
n188	157	1	0	61	43.16979166666672
n184	156	1	0	64	43.10520833333339
n197	155	1	0	70	43.46041666666672
n207	162	1	0	38	44.62916666666671
n202	160	1	0	57	44.180208333333375
n208	163	1	0	57	44.96562500000005
n203	159	1	0	62	44.191666666666706
n199	161	1	0	66	44.14583333333338
n211	166	1	0	57	45.876041666666715
n210	165	1	0	62	45.58229166666671
n209	164	1	0	69	45.27395833333338
n213	170	1	0	46	46.732291666666704
n212	171	1	0	55	46.28958333333338
n204	167	1	0	61	46.27187500000005
n200	168	1	0	64	46.25208333333338
n201	169	1	0	66	47.2572916666667
n224	175	1	0	35	48.95833333333337
n219	173	1	0	54	48.159375000000026
n225	176	1	0	54	49.4135416666667
n220	172	1	0	59	48.1760416666667
n215	174	1	0	62	48.14895833333336
n228	179	1	0	54	50.35312500000003
n227	177	1	0	59	50.02812500000003
n226	178	1	0	62	49.777083333333366
n216	181	1	0	66	50.19166666666669
n229	180	1	0	42	50.59166666666669
n232	187	1	0	42	51.55833333333336
n231	186	1	0	50	51.143750000000026
n230	182	1	0	57	50.76979166666669
n221	183	1	0	62	50.77500000000003
n217	184	1	0	69	50.76041666666669
n218	185	1	0	74	51.34583333333336
n242	188	1	0	28	52.36250000000003
n243	189	1	0	40	52.3572916666667
n244	193	1	0	47	53.08958333333337
n233	191	1	0	61	52.3572916666667
n234	192	1	0	62	52.3572916666667
n245	194	1	0	62	53.46250000000004
n235	190	1	0	69	52.36250000000003
n236	195	1	0	73	52.34375000000003
n248	198	1	0	55	54.38958333333337
n247	197	1	0	62	54.113541666666706
n246	196	1	0	69	53.79270833333337
n250	205	1	0	52	55.09791666666671
n249	202	1	0	54	54.769791666666706
n237	200	1	0	59	54.769791666666706
n238	199	1	0	62	54.785416666666706
n251	204	1	0	62	55.45416666666671
n239	203	1	0	67	54.76041666666671
n240	201	1	0	71	54.73125000000004
n258	208	1	0	33	56.41770833333339
n259	210	1	0	52	56.938541666666715
n253	209	1	0	55	55.93645833333338
n254	207	1	0	59	55.963541666666714
n255	206	1	0	62	55.950000000000045
n252	214	1	0	64	55.892708333333374
n260	213	1	0	59	57.251041666666715
n261	212	1	0	62	57.541666666666714
n262	211	1	0	66	57.844791666666715
n265	217	1	0	66	58.87187500000004
n264	216	1	0	67	58.586458333333375
n263	215	1	0	69	58.20520833333338
n275	219	1	0	59	59.77500000000004
n274	218	1	0	62	59.48437500000004
n273	224	1	0	64	59.18333333333337
n278	222	1	0	52	60.80729166666671
n277	221	1	0	54	60.50104166666671
n270	225	1	0	55	60.17708333333338
n276	220	1	0	57	60.162500000000044
n271	226	1	0	61	60.13750000000004
n281	228	1	0	45	62.21041666666674
n279	223	1	0	47	61.20312500000004
n280	227	1	0	49	61.61875000000006
n295	232	1	0	38	63.18020833333342
n296	233	1	0	45	64.40729166666678
n290	230	1	0	54	62.66562500000008
n291	229	1	0	62	62.90208333333341
n292	231	1	0	66	63.418750000000095
n283	234	1	0	73	64.60833333333346
n282	235	1	0	74	64.25416666666678
n297	238	1	0	54	64.96145833333345
n298	237	1	0	62	65.37916666666679
n285	239	1	0	69	65.25000000000011
n284	236	1	0	71	64.95729166666679
n286	240	1	0	71	65.52187500000011
n288	245	1	0	71	66.29791666666672
n300	243	1	0	45	66.44166666666673
n299	241	1	0	55	65.78958333333345
n293	244	1	0	64	65.9187500000001
n287	242	1	0	73	66.00416666666675
n289	246	1	0	73	66.58854166666673
n314	250	1	0	38	66.85729166666674
n315	251	1	0	45	67.85520833333335
n309	248	1	0	54	66.99687500000007
n310	247	1	0	62	67.08750000000006
n311	249	1	0	66	67.22083333333337
n302	253	1	0	73	68.05208333333336
n301	252	1	0	74	67.73750000000003
n316	257	1	0	54	68.34583333333336
n317	256	1	0	62	68.72291666666668
n305	258	1	0	66	68.871875
n307	262	1	0	66	69.51354166666667
n304	255	1	0	69	68.61145833333336
n303	254	1	0	71	68.33645833333335
n319	261	1	0	45	69.62916666666666
n318	259	1	0	54	69.13125000000001
n312	263	1	0	59	69.24166666666667
n306	260	1	0	67	69.246875
n308	264	1	0	67	69.78645833333334
n334	267	1	0	38	70.08020833333336
n335	268	1	0	45	70.76875000000001
n328	265	1	0	55	70.25937500000003
n329	266	1	0	61	70.21041666666669
n321	270	1	0	67	70.94375000000001
n320	269	1	0	69	70.68437500000002
n336	273	1	0	55	71.26145833333334
n337	272	1	0	61	71.67395833333333
n322	271	1	0	64	71.25833333333334
n323	274	1	0	67	71.54791666666667
n324	275	1	0	69	71.79791666666667
n339	280	1	0	45	72.66874999999995
n338	277	1	0	54	72.08124999999998
n331	281	1	0	61	72.84479166666661
n330	278	1	0	62	72.18749999999997
n332	283	1	0	62	73.1135416666666
n326	279	1	0	69	72.54895833333327
n325	276	1	0	71	72.26979166666663
n327	282	1	0	71	72.86874999999993
n354	287	1	0	38	73.30208333333327
n355	288	1	0	45	74.08124999999987
n348	284	1	0	55	73.4999999999999
n349	285	1	0	61	73.51666666666657
n350	286	1	0	64	73.45937499999991
n341	290	1	0	71	74.2239583333332
n340	289	1	0	73	73.93333333333321
n356	292	1	0	55	74.5177083333332
n357	294	1	0	61	74.89479166666653
n342	291	1	0	69	74.51041666666654
n343	293	1	0	71	74.7708333333332
n344	295	1	0	73	75.01874999999987
n359	302	1	0	50	75.96354166666649
n358	298	1	0	60	75.31874999999987
n351	299	1	0	66	75.42083333333318
n352	301	1	0	71	76.13958333333315
n346	297	1	0	73	75.81041666666648
n345	296	1	0	74	75.47708333333317
n347	300	1	0	74	76.17916666666649
n374	306	1	0	38	77.31354166666645
n368	303	1	0	59	76.68437499999982
n369	304	1	0	62	76.71458333333315
n370	305	1	0	67	76.66041666666649
n361	308	1	0	74	77.48437499999979
n360	307	1	0	76	77.19479166666645
n376	311	1	0	59	78.15104166666647
n375	310	1	0	62	77.79270833333312
n362	309	1	0	71	77.7562499999998
n363	312	1	0	73	78.04166666666646
n364	313	1	0	74	78.27291666666648
n365	314	1	0	74	78.69062499999981
n378	319	1	0	50	79.10208333333311
n377	315	1	0	58	78.53645833333314
n371	318	1	0	66	78.64895833333314
n366	316	1	0	73	78.97604166666645
n367	317	1	0	74	79.23020833333311
n395	323	1	0	38	80.18958333333312
n388	320	1	0	59	79.65416666666644
n389	321	1	0	62	79.66354166666645
n390	322	1	0	67	79.60937499999977
n381	325	1	0	74	80.35208333333311
n380	324	1	0	76	80.11145833333312
n397	328	1	0	59	81.04062499999979
n396	327	1	0	62	80.66666666666644
n383	329	1	0	67	80.93124999999978
n384	330	1	0	69	81.20312499999979
n382	326	1	0	71	80.6583333333331
n399	336	1	0	54	82.08020833333306
n398	334	1	0	55	81.44062499999978
n391	331	1	0	62	81.55937499999976
n392	337	1	0	63	82.20937499999972
n386	333	1	0	69	81.95833333333307
n385	332	1	0	71	81.64270833333309
n387	335	1	0	71	82.26041666666639
n415	341	1	0	38	83.2687499999997
n409	338	1	0	55	82.7031249999997
n410	339	1	0	59	82.73020833333304
n411	340	1	0	64	82.67395833333303
n402	343	1	0	71	83.44479166666636
n401	342	1	0	72	83.1687499999997
n417	348	1	0	55	84.12291666666638
n416	345	1	0	59	83.74479166666637
n403	344	1	0	67	83.73541666666637
n404	346	1	0	69	83.99583333333304
n405	347	1	0	71	84.25624999999972
n418	354	1	0	57	84.4854166666664
n419	351	1	0	62	84.9999999999997
n412	349	1	0	66	84.56770833333306
n406	350	1	0	72	84.60208333333306
n407	352	1	0	73	84.89791666666636
n408	353	1	0	74	85.1281249999997
n437	358	1	0	50	85.88124999999967
n429	355	1	0	59	85.4531249999997
n430	356	1	0	62	85.48020833333302
n431	357	1	0	67	85.43854166666637
n422	360	1	0	74	86.03229166666634
n421	359	1	0	76	85.77604166666633
n439	365	1	0	59	86.70729166666634
n438	362	1	0	62	86.29479166666634
n423	361	1	0	71	86.298958333333
n424	363	1	0	73	86.58229166666634
n425	364	1	0	74	86.845833333333
n440	371	1	0	58	87.13333333333301
n441	369	1	0	62	87.83437499999964
n433	370	1	0	67	87.92395833333298
n432	367	1	0	68	87.26666666666634
n434	373	1	0	68	88.16874999999965
n426	366	1	0	74	87.29999999999967
n427	368	1	0	76	87.71666666666631
n428	372	1	0	77	88.16874999999965
n456	375	1	0	38	88.40520833333298
n457	377	1	0	45	88.50729166666632
n451	374	1	0	54	88.60937499999964
n458	382	1	0	57	89.52395833333297
n452	376	1	0	62	88.72708333333297
n453	378	1	0	69	88.8979166666663
n444	380	1	0	76	89.68333333333297
n443	379	1	0	78	89.37499999999963
n459	384	1	0	66	89.9666666666663
n454	deletion
n460	385	1	0	69	90.3541666666663
n446	383	1	0	73	90.24583333333297
n445	381	1	0	74	89.97708333333297
n447	386	1	0	74	90.46458333333297
n449	391	1	0	74	91.14479166666628
n463	389	1	0	58	91.23437499999962
n461	390	1	0	61	90.6447916666663
n462	387	1	0	70	90.73124999999963
n448	388	1	0	76	90.8635416666663
n450	393	1	0	76	91.38437499999962
n480	395	1	0	38	91.57604166666627
n481	396	1	0	45	91.66041666666626
n473	394	1	0	54	91.72291666666626
n482	404	1	0	57	92.49895833333291
n474	397	1	0	62	91.82916666666625
n475	398	1	0	69	91.96458333333291
n466	400	1	0	76	92.64791666666625
n465	399	1	0	78	92.3770833333329
n484	406	1	0	62	93.3062499999996
n483	402	1	0	66	92.88854166666624
n469	405	1	0	71	93.4406249999996
n468	403	1	0	73	93.20312499999959
n467	401	1	0	74	92.93229166666625
n486	414	1	0	58	94.50312499999954
n485	411	1	0	64	93.71145833333293
n477	409	1	0	66	94.29166666666623
n476	407	1	0	67	93.85104166666626
n478	413	1	0	67	94.7104166666662
n470	408	1	0	73	93.89479166666625
n471	410	1	0	74	94.33229166666624
n472	412	1	0	76	94.74270833333287
n502	419	1	0	35	95.47604166666622
n496	416	1	0	54	95.12812499999954
n503	421	1	0	54	96.30833333333285
n497	417	1	0	59	95.23749999999954
n498	415	1	0	62	95.35624999999955
n499	418	1	0	66	95.58333333333289
n489	422	1	0	73	96.45624999999951
n488	420	1	0	74	96.16770833333285
n504	427	1	0	62	96.74583333333284
n505	424	1	0	66	97.10208333333284
n491	425	1	0	70	96.99166666666618
n490	423	1	0	71	96.75416666666618
n492	426	1	0	71	97.22708333333284
n494	431	1	0	71	97.92291666666613
n508	433	1	0	55	98.04166666666613
n506	430	1	0	58	97.46249999999951
n500	432	1	0	64	97.57604166666616
n507	428	1	0	67	97.5374999999995
n493	429	1	0	73	97.65416666666614
n495	434	1	0	73	98.1677083333328
n526	438	1	0	35	98.62187499999948
n518	435	1	0	54	98.43749999999947
n527	442	1	0	54	99.29791666666611
n519	436	1	0	59	98.53958333333281
n520	437	1	0	62	98.60937499999947
n521	439	1	0	66	98.71979166666614
n511	441	1	0	73	99.45937499999944
n510	440	1	0	74	99.17395833333278
n529	445	1	0	59	100.13645833333277
n528	443	1	0	62	99.71874999999945
n513	446	1	0	70	100.0072916666661
n512	444	1	0	71	99.73541666666611
n514	447	1	0	71	100.29062499999944
n531	453	1	0	42	101.39166666666608
n530	448	1	0	57	100.59999999999944
n523	452	1	0	62	101.52916666666609
n522	450	1	0	63	100.74583333333277
n524	455	1	0	63	101.80729166666609
n516	451	1	0	71	101.26354166666607
n515	449	1	0	72	100.81562499999941
n517	454	1	0	72	101.85624999999942
n554	460	1	0	31	102.63645833333275
n555	461	1	0	43	102.63229166666609
n539	456	1	0	50	102.63229166666609
n556	462	1	0	50	103.50729166666608
n540	457	1	0	55	102.6604166666661
n541	458	1	0	58	102.62291666666609
n542	459	1	0	62	102.59687499999943
n534	464	1	0	67	103.73854166666608
n533	463	1	0	70	103.41041666666608
n550	deletion
n549	465	1	0	60	104.35416666666607
n535	472	1	0	62	104.06145833333274
n545	deletion
n548	deletion
n536	467	1	0	67	104.48229166666607
n544	deletion
n553	473	1	0	43	105.44479166666605
n552	471	1	0	50	105.15729166666607
n551	468	1	0	55	104.8906249999994
n537	469	1	0	70	104.9031249999994
n538	470	1	0	74	105.32604166666606
n579	474	1	0	28	105.96979166666604
n580	479	1	0	40	105.94999999999938
n572	482	1	0	50	106.66666666666602
n558	475	1	0	60	105.96562499999938
n559	476	1	0	62	105.96562499999938
n560	477	1	0	69	105.9739583333327
n561	478	1	0	72	105.94999999999938
n563	481	1	0	74	106.52291666666602
n564	480	1	0	78	106.79374999999935
n573	484	1	0	55	107.10208333333269
n574	485	1	0	62	107.52395833333267
n565	483	1	0	79	107.08437499999935
n567	487	1	0	79	107.63437499999934
n566	486	1	0	81	107.38854166666601
n578	492	1	0	52	108.43541666666599
n575	490	1	0	58	107.97083333333266
n569	493	1	0	62	108.57395833333266
n576	488	1	0	67	107.947916666666
n577	489	1	0	70	107.93645833333267
n568	491	1	0	74	108.30624999999932
n599	497	1	0	33	108.94062499999933
n595	500	1	0	52	109.732291666666
n582	494	1	0	55	109.07604166666599
n583	495	1	0	58	109.08958333333266
n584	496	1	0	62	109.04999999999933
n585	498	1	0	64	109.02812499999933
n587	499	1	0	70	109.847916666666
n586	506	1	0	74	109.57395833333267
n596	501	1	0	55	110.13958333333267
n597	505	1	0	64	110.538541666666
n589	503	1	0	67	110.40624999999933
n588	502	1	0	69	110.122916666666
n590	504	1	0	69	110.67083333333267
n598	508	1	0	62	110.97812499999931
n593	510	1	0	64	111.57291666666592
n592	509	1	0	67	111.28958333333262
n591	507	1	0	70	110.97812499999931
n603	511	1	0	62	111.86666666666589
n605	513	1	0	62	112.45312499999916
n604	512	1	0	64	112.16249999999918
n612	515	1	0	54	113.39270833333245
n606	519	1	0	55	112.80104166666582
n611	514	1	0	57	113.09479166666581
n607	516	1	0	61	112.77395833333249
n615	521	1	0	33	114.8020833333324
n614	518	1	0	45	114.20416666666573
n613	517	1	0	52	113.73541666666576
n602	520	1	0	62	114.45624999999906
n624	525	1	0	38	115.72708333333242
n625	524	1	0	45	116.499999999999
n621	522	1	0	54	115.69374999999908
n626	527	1	0	54	117.14687499999901
n622	523	1	0	62	115.68541666666574
n617	526	1	0	66	116.76979166666568
n627	528	1	0	57	117.52499999999901
n628	529	1	0	59	117.84791666666568
n629	530	1	0	61	118.11979166666569
n618	531	1	0	64	117.98229166666569
n632	535	1	0	55	119.19687499999901
n631	533	1	0	57	118.96041666666568
n620	536	1	0	59	119.05833333333234
n630	532	1	0	62	118.57083333333236
n619	534	1	0	66	118.5666666666657
n644	540	1	0	50	120.015624999999
n643	539	1	0	52	119.77291666666567
n642	537	1	0	54	119.49895833333234
n633	538	1	0	61	119.47604166666568
n634	542	1	0	62	119.874999999999
n647	545	1	0	42	120.81666666666567
n646	544	1	0	45	120.546874999999
n645	541	1	0	47	120.30104166666567
n635	543	1	0	66	120.27291666666567
n636	546	1	0	69	120.68645833333234
n650	552	1	0	37	121.69687499999898
n649	549	1	0	38	121.39791666666567
n637	547	1	0	62	121.12708333333232
n639	550	1	0	64	121.56458333333232
n638	548	1	0	71	121.106249999999
n640	551	1	0	73	121.54166666666566
n662	553	1	0	35	122.10520833333234
n663	558	1	0	54	122.815624999999
n664	559	1	0	59	123.149999999999
n651	554	1	0	62	122.265624999999
n652	556	1	0	71	122.25520833333233
n653	555	1	0	74	122.22499999999901
n660	557	1	0	78	122.971874999999
n667	563	1	0	54	123.98020833333234
n666	561	1	0	59	123.73958333333233
n654	564	1	0	64	123.86354166666567
n665	560	1	0	66	123.44270833333233
n655	562	1	0	73	123.84895833333233
n670	569	1	0	47	124.83958333333236
n669	567	1	0	54	124.59999999999903
n658	568	1	0	61	124.73020833333236
n659	570	1	0	64	124.7104166666657
n656	566	1	0	66	124.33124999999902
n657	565	1	0	74	124.31354166666569
n685	571	1	0	54	125.10416666666569
n686	573	1	0	59	125.35937499999903
n671	572	1	0	62	125.11770833333236
n673	575	1	0	64	125.47708333333236
n672	574	1	0	66	125.08958333333236
n687	577	1	0	66	125.6010416666657
n674	576	1	0	73	125.4635416666657
n690	581	1	0	54	126.3666666666657
n689	580	1	0	59	126.1135416666657
n675	579	1	0	64	125.86979166666569
n677	582	1	0	66	126.24062499999903
n676	578	1	0	73	125.85312499999903
n678	584	1	0	74	126.22187499999903
n691	583	1	0	52	126.61770833333236
n692	588	1	0	59	126.85208333333235
n681	585	1	0	62	126.95104166666569
n693	587	1	0	64	127.11979166666569
n682	586	1	0	68	127.0229166666657
n683	590	1	0	76	127.13749999999902
n705	591	1	0	33	127.82499999999902
n706	595	1	0	52	128.5020833333324
n707	596	1	0	57	128.7302083333324
n694	589	1	0	61	127.37708333333235
n695	593	1	0	69	127.48333333333235
n696	592	1	0	73	127.62395833333235
n697	594	1	0	81	127.95520833333237
n710	600	1	0	52	129.56354166666574
n712	605	1	0	52	130.14166666666574
n709	599	1	0	57	129.26979166666575
n698	598	1	0	62	129.43229166666575
n708	597	1	0	64	129.0208333333324
n699	601	1	0	71	129.40729166666574
n713	606	1	0	45	130.40416666666576
n702	604	1	0	59	130.2968749999991
n703	607	1	0	62	130.27187499999908
n700	603	1	0	64	129.88749999999908
n701	602	1	0	73	129.85416666666575
n729	608	1	0	52	130.69791666666575
n730	deletion
n714	609	1	0	61	130.70104166666576
n716	611	1	0	62	131.0677083333324
n715	610	1	0	64	130.68333333333243
n731	613	1	0	64	131.20729166666572
n717	612	1	0	71	131.0614583333324
n734	619	1	0	52	131.98854166666578
n733	618	1	0	57	131.73229166666573
n718	615	1	0	64	131.47916666666572
n727	deletion
n720	616	1	0	71	131.8583333333324
n719	614	1	0	73	131.4645833333324
n721	617	1	0	74	131.84166666666573
n737	626	1	0	40	132.78541666666575
n736	625	1	0	45	132.51458333333244
n735	620	1	0	52	132.26041666666578
n722	621	1	0	71	132.26562499999912
n724	623	1	0	73	132.6593749999991
n723	622	1	0	74	132.24479166666578
n725	624	1	0	76	132.64479166666578
n749	627	1	0	33	133.22187499999907
n750	632	1	0	52	133.82812499999912
n751	634	1	0	57	134.14583333333246
n738	629	1	0	60	133.25416666666575
n739	630	1	0	69	133.25416666666575
n740	631	1	0	72	133.22187499999907
n747	633	1	0	76	133.9697916666658
n754	638	1	0	52	134.94687499999912
n753	636	1	0	57	134.67187499999912
n741	637	1	0	62	134.84270833333247
n752	635	1	0	64	134.42291666666577
n742	639	1	0	71	134.81770833333246
n757	644	1	0	45	135.80729166666578
n756	643	1	0	52	135.5479166666658
n745	642	1	0	59	135.69895833333246
n746	646	1	0	62	135.66562499999912
n743	641	1	0	64	135.28124999999912
n744	640	1	0	72	135.26145833333246
n776	645	1	0	52	136.09791666666578
n777	648	1	0	57	136.3416666666658
n780	657	1	0	57	137.18645833333247
n758	647	1	0	60	136.0906249999991
n760	650	1	0	62	136.4979166666658
n759	649	1	0	64	136.06354166666577
n778	652	1	0	64	136.6416666666658
n761	651	1	0	71	136.48645833333245
n781	658	1	0	52	137.4854166666658
n772	655	1	0	64	136.94270833333246
n763	654	1	0	71	137.32708333333247
n762	653	1	0	72	136.90312499999914
n764	656	1	0	74	137.31770833333246
n784	666	1	0	45	138.81979166666585
n783	664	1	0	52	138.34583333333248
n782	663	1	0	60	137.86145833333248
n773	659	1	0	64	137.85208333333247
n774	665	1	0	66	138.54999999999916
n765	660	1	0	67	137.86145833333248
n768	667	1	0	69	138.56562499999916
n766	661	1	0	72	137.86562499999914
n769	668	1	0	72	138.58229166666584
n767	662	1	0	76	137.82083333333247
n770	669	1	0	78	138.5208333333325
n796	deletion
n797	674	1	0	47	140.35624999999922
n798	678	1	0	55	141.0260416666659
n799	676	1	0	59	141.35624999999922
n785	671	1	0	67	139.64479166666587
n786	672	1	0	71	139.81874999999923
n787	673	1	0	76	139.98541666666588
n788	675	1	0	83	140.53958333333256
n802	680	1	0	55	142.17708333333255
n801	679	1	0	59	141.9062499999992
n800	677	1	0	64	141.62395833333255
n789	681	1	0	66	142.03437499999922
n794	689	1	0	66	142.87812499999924
n790	682	1	0	69	142.0312499999992
n805	687	1	0	40	142.9979166666659
n804	685	1	0	47	142.73645833333256
n793	686	1	0	57	142.87812499999924
n791	683	1	0	67	142.48020833333257
n792	684	1	0	71	142.45833333333258
n821	688	1	0	47	143.29270833333257
n822	690	1	0	52	143.5510416666659
n806	691	1	0	59	143.29270833333257
n823	695	1	0	59	143.81874999999926
n808	693	1	0	66	143.67395833333256
n807	692	1	0	67	143.2791666666659
n809	694	1	0	69	143.67187499999923
n825	700	1	0	52	144.32604166666593
n826	701	1	0	59	144.58854166666595
n810	697	1	0	66	144.06979166666594
n812	698	1	0	67	144.45104166666593
n811	696	1	0	69	144.06041666666593
n813	699	1	0	71	144.4395833333326
n829	708	1	0	62	145.39166666666597
n828	707	1	0	63	145.15208333333263
n827	702	1	0	64	144.8927083333326
n814	703	1	0	69	144.9083333333326
n816	705	1	0	71	145.29583333333264
n815	704	1	0	72	144.87499999999926
n817	706	1	0	74	145.27708333333263
n841	709	1	0	31	145.6374999999993
n842	710	1	0	50	145.90729166666597
n843	715	1	0	50	146.30104166666595
n844	716	1	0	55	146.5656249999993
n830	711	1	0	59	145.91666666666598
n831	712	1	0	67	145.91666666666598
n832	713	1	0	71	145.8937499999993
n839	714	1	0	74	146.41979166666596
n847	719	1	0	50	147.32291666666598
n846	718	1	0	55	147.07291666666598
n845	717	1	0	62	146.81770833333263
n833	720	1	0	66	147.2156249999993
n834	721	1	0	69	147.19583333333264
n850	726	1	0	43	148.1781249999993
n849	725	1	0	50	147.89895833333267
n837	724	1	0	57	148.07395833333266
n838	728	1	0	60	148.03437499999933
n835	722	1	0	67	147.65208333333266
n836	723	1	0	71	147.63958333333267
n864	727	1	0	50	148.46458333333266
n865	731	1	0	55	148.70833333333263
n851	729	1	0	59	148.46249999999932
n852	730	1	0	62	148.44583333333264
n866	732	1	0	62	148.97499999999928
n853	733	1	0	66	148.82291666666595
n854	734	1	0	69	148.8114583333326
n869	738	1	0	50	149.7302083333326
n868	737	1	0	55	149.49166666666594
n857	740	1	0	66	149.63749999999925
n855	736	1	0	67	149.23749999999927
n858	739	1	0	69	149.59791666666592
n856	735	1	0	71	149.21041666666594
n872	747	1	0	38	150.71458333333257
n871	746	1	0	43	150.33437499999926
n870	743	1	0	50	150.02708333333257
n859	741	1	0	67	150.02708333333257
n861	744	1	0	69	150.51562499999926
n860	742	1	0	71	149.99895833333258
n862	745	1	0	72	150.48854166666592
n888	748	1	0	31	151.35729166666593
n889	749	1	0	43	151.36249999999927
n890	755	1	0	50	152.07812499999926
n891	756	1	0	55	152.4447916666659
n873	750	1	0	62	151.3770833333326
n876	753	1	0	66	152.28541666666592
n877	754	1	0	69	152.2583333333326
n874	752	1	0	70	151.33854166666592
n875	751	1	0	74	151.33333333333258
n894	763	1	0	50	153.28645833333255
n893	762	1	0	55	153.0416666666659
n892	757	1	0	62	152.7666666666659
n878	759	1	0	67	152.74374999999924
n880	760	1	0	69	153.14687499999923
n879	758	1	0	70	152.74374999999924
n881	761	1	0	72	153.14270833333256
n897	770	1	0	38	154.06354166666586
n896	769	1	0	43	153.82083333333253
n882	764	1	0	62	153.54583333333255
n885	767	1	0	64	153.95208333333252
n883	765	1	0	70	153.56145833333255
n884	766	1	0	74	153.53020833333255
n886	768	1	0	76	153.94583333333253
n915	771	1	0	29	154.39999999999918
n916	774	1	0	41	154.4093749999992
n917	779	1	0	50	154.80729166666592
n918	783	1	0	53	155.0458333333326
n902	777	1	0	58	154.9333333333326
n898	776	1	0	65	154.4093749999992
n899	775	1	0	70	154.41458333333253
n903	778	1	0	70	154.9239583333326
n900	773	1	0	74	154.4093749999992
n901	772	1	0	77	154.38854166666584
n921	788	1	0	50	155.86354166666598
n920	787	1	0	53	155.59270833333264
n919	784	1	0	62	155.33124999999927
n904	780	1	0	65	155.33541666666594
n907	785	1	0	65	155.71145833333264
n905	781	1	0	70	155.33541666666594
n906	782	1	0	74	155.32604166666593
n908	786	1	0	77	155.70416666666597
n924	796	1	0	38	156.65208333333266
n923	794	1	0	41	156.3781249999993
n909	789	1	0	67	156.09791666666598
n912	795	1	0	69	156.5187499999993
n910	791	1	0	74	156.1062499999993
n911	790	1	0	79	156.09374999999932
n913	793	1	0	81	156.5187499999993
n942	797	1	0	28	156.99791666666601
n943	799	1	0	40	156.988541666666
n944	805	1	0	50	157.35312499999938
n945	806	1	0	55	157.58645833333273
n929	803	1	0	66	157.47395833333272
n925	802	1	0	70	156.98229166666601
n926	801	1	0	74	156.99791666666601
n930	804	1	0	78	157.47812499999938
n927	800	1	0	79	156.99791666666601
n928	798	1	0	82	156.98229166666601
n949	814	1	0	50	158.4031249999994
n948	813	1	0	55	158.13333333333273
n946	810	1	0	58	157.85833333333272
n947	809	1	0	62	157.86458333333272
n931	807	1	0	67	157.86979166666606
n933	811	1	0	69	158.2562499999994
n932	808	1	0	79	157.86979166666606
n934	812	1	0	81	158.26041666666606
n952	822	1	0	40	159.18749999999937
n951	821	1	0	43	158.9239583333327
n935	817	1	0	70	158.6531249999994
n939	820	1	0	72	159.05104166666604
n936	815	1	0	74	158.67083333333272
n937	816	1	0	79	158.67083333333272
n938	818	1	0	82	158.66145833333272
n940	819	1	0	84	159.0583333333327
n972	823	1	0	27	159.48541666666605
n973	824	1	0	39	159.4749999999994
n974	830	1	0	46	159.8114583333327
n975	832	1	0	55	160.05729166666606
n1010	866	1	0	55	163.55833333333285
n953	825	1	0	73	159.4749999999994
n956	828	1	0	74	159.93749999999937
n954	827	1	0	79	159.48541666666605
n957	831	1	0	82	159.94479166666605
n955	826	1	0	85	159.4749999999994
n958	829	1	0	86	159.93749999999937
n976	836	1	0	58	160.33541666666608
n977	837	1	0	61	160.60104166666608
n978	841	1	0	67	160.8687499999994
n959	833	1	0	75	160.33124999999941
n962	838	1	0	78	160.70833333333275
n960	834	1	0	79	160.3374999999994
n963	839	1	0	85	160.7135416666661
n961	835	1	0	87	160.33124999999941
n964	840	1	0	90	160.70833333333275
n979	845	1	0	70	161.1322916666661
n980	846	1	0	73	161.49270833333279
n965	842	1	0	79	161.11770833333276
n981	849	1	0	79	161.86562499999945
n968	848	1	0	81	161.64062499999943
n966	843	1	0	82	161.1229166666661
n969	851	1	0	85	161.64583333333277
n967	844	1	0	91	161.11770833333276
n970	850	1	0	93	161.64062499999943
n1007	854	1	0	28	162.3802083333328
n1008	855	1	0	40	162.37812499999947
n1009	861	1	0	47	163.10937499999952
n982	857	1	0	82	162.35937499999946
n986	863	1	0	83	163.31666666666618
n983	860	1	0	86	162.36354166666612
n987	865	1	0	86	163.3187499999995
n984	859	1	0	91	162.36874999999947
n988	862	1	0	91	163.32395833333285
n985	858	1	0	94	162.35937499999946
n989	864	1	0	95	163.31666666666618
n1011	871	1	0	62	163.95833333333283
n1012	875	1	0	64	164.3624999999995
n1013	877	1	0	67	164.66770833333283
n994	873	1	0	79	164.5156249999995
n990	870	1	0	81	163.94895833333283
n995	876	1	0	83	164.5156249999995
n999	878	1	0	83	164.96770833333284
n991	867	1	0	86	163.95833333333283
n996	874	1	0	88	164.52708333333283
n992	869	1	0	90	163.95833333333283
n997	872	1	0	91	164.5156249999995
n993	868	1	0	93	163.9531249999995
n1016	888	1	0	67	165.5541666666662
n1014	882	1	0	69	164.96354166666617
n1015	887	1	0	71	165.2874999999995
n1002	886	1	0	76	165.41770833333285
n998	881	1	0	78	164.95833333333283
n1003	885	1	0	79	165.41770833333285
n1004	883	1	0	83	165.42708333333286
n1000	879	1	0	86	164.9718749999995
n1005	884	1	0	88	165.42187499999952
n1001	880	1	0	90	164.96354166666617
n1043	898	1	0	62	166.5312499999995
n1042	894	1	0	64	166.23333333333284
n1041	893	1	0	66	165.85208333333284
n1021	895	1	0	71	166.36354166666618
n1017	892	1	0	74	165.84270833333284
n1022	899	1	0	74	166.3656249999995
n1018	891	1	0	78	165.84791666666618
n1023	896	1	0	79	166.37395833333284
n1019	890	1	0	83	165.85729166666619
n1024	897	1	0	83	166.37395833333284
n1020	889	1	0	86	165.85208333333284
n1046	910	1	0	55	167.59374999999955
n1045	907	1	0	57	167.23020833333288
n1044	904	1	0	59	166.81979166666616
n1029	905	1	0	67	167.36249999999956
n1025	903	1	0	69	166.80833333333283
n1030	909	1	0	71	167.37604166666623
n1026	900	1	0	74	166.82395833333283
n1031	908	1	0	76	167.38437499999955
n1027	901	1	0	78	166.81979166666616
n1032	906	1	0	79	167.36249999999956
n1028	902	1	0	81	166.80833333333283
n1049	918	1	0	45	169.06458333333288
n1048	915	1	0	55	168.59791666666624
n1047	914	1	0	57	168.0145833333329
n1037	917	1	0	64	168.86562499999954
n1033	913	1	0	66	168.01979166666624
n1034	916	1	0	71	168.0302083333329
n1038	920	1	0	73	168.8604166666662
n1035	911	1	0	74	168.03437499999956
n1039	919	1	0	76	168.83020833333288
n1036	912	1	0	78	168.0083333333329
n1059	924	1	0	38	169.68854166666623
n1060	925	1	0	45	170.50729166666628
n1061	927	1	0	54	170.9249999999996
n1050	921	1	0	66	169.87187499999956
n1051	922	1	0	74	169.8677083333329
n1052	923	1	0	78	169.83749999999955
n1056	926	1	0	86	170.69270833333294
n1062	928	1	0	62	171.23333333333295
n1063	929	1	0	64	171.4937499999996
n1064	930	1	0	66	171.73645833333296
n1068	938	1	0	46	172.63333333333293
n1067	937	1	0	55	172.38333333333296
n1065	935	1	0	58	171.9947916666663
n1053	931	1	0	64	172.0812499999996
n1066	932	1	0	67	172.03645833333294
n1054	933	1	0	73	172.0968749999996
n1055	934	1	0	76	172.06979166666628
n1057	936	1	0	85	172.5031249999996
n1078	942	1	0	38	172.92395833333293
n1079	943	1	0	45	173.39999999999964
n1080	945	1	0	54	173.70520833333296
n1069	939	1	0	66	173.0468749999996
n1070	940	1	0	74	173.04270833333294
n1071	941	1	0	78	173.02708333333294
n1075	944	1	0	86	173.56249999999963
n1081	946	1	0	57	173.98541666666628
n1082	947	1	0	59	174.2531249999996
n1083	948	1	0	61	174.5041666666663
n1086	955	1	0	45	175.336458333333
n1085	953	1	0	54	175.1124999999997
n1072	949	1	0	59	174.80208333333297
n1084	951	1	0	62	174.79687499999963
n1073	950	1	0	66	174.80833333333297
n1074	952	1	0	71	174.78749999999962
n1076	954	1	0	79	175.20520833333302
n1101	960	1	0	38	175.63749999999968
n1102	961	1	0	45	176.14479166666632
n1103	962	1	0	55	176.3979166666663
n1087	956	1	0	61	175.761458333333
n1088	957	1	0	67	175.76562499999966
n1089	958	1	0	69	175.752083333333
n1090	959	1	0	73	175.730208333333
n1098	963	1	0	81	176.25833333333298
n1104	964	1	0	61	176.66354166666628
n1105	965	1	0	62	176.91979166666627
n1106	966	1	0	64	177.1781249999996
n1109	974	1	0	45	177.99166666666636
n1108	971	1	0	54	177.79895833333302
n1091	967	1	0	62	177.51874999999964
n1095	976	1	0	62	178.08229166666635
n1107	968	1	0	66	177.4468749999996
n1092	969	1	0	71	177.527083333333
n1096	975	1	0	71	178.08229166666635
n1094	973	1	0	73	177.8999999999997
n1093	970	1	0	74	177.50937499999964
n1097	978	1	0	74	178.04895833333302
n1099	972	1	0	83	177.88229166666636
n1120	984	1	0	38	178.32083333333307
n1121	985	1	0	45	178.96562499999976
n1122	986	1	0	55	179.21458333333308
n1110	980	1	0	61	178.35937499999974
n1111	981	1	0	67	178.44374999999974
n1112	982	1	0	73	178.52291666666642
n1113	983	1	0	76	178.62291666666644
n1117	987	1	0	85	179.0927083333331
n1123	989	1	0	61	179.4927083333331
n1124	988	1	0	64	179.48541666666642
n1125	990	1	0	66	179.74374999999978
n1126	991	1	0	67	179.99166666666645
n1130	999	1	0	50	180.80937499999982
n1127	995	1	0	60	180.14166666666645
n1129	997	1	0	62	180.59270833333315
n1114	993	1	0	66	180.30833333333314
n1128	992	1	0	69	180.2624999999998
n1115	994	1	0	74	180.31354166666648
n1116	996	1	0	78	180.29895833333313
n1118	deletion
n1141	1000	1	0	38	181.0343749999998
n1142	1002	1	0	55	181.34791666666652
n1143	1007	1	0	59	181.69687499999986
n1131	deletion
n1144	1008	1	0	64	181.96979166666654
n1132	1003	1	0	71	181.1916666666665
n1133	1004	1	0	76	181.25937499999984
n1134	1005	1	0	79	181.36354166666652
n1138	1006	1	0	88	181.8145833333332
n1145	1009	1	0	67	182.23541666666654
n1146	1010	1	0	69	182.4958333333332
n1147	1011	1	0	71	182.74270833333318
n1150	1018	1	0	57	183.59999999999988
n1149	1017	1	0	63	183.39791666666656
n1135	1012	1	0	66	183.0552083333332
n1148	1015	1	0	72	183.04791666666654
n1136	1013	1	0	75	183.0718749999999
n1137	1014	1	0	78	183.03854166666653
n1139	1016	1	0	87	183.48958333333323
n1161	1019	1	0	38	183.8906249999999
n1162	1023	1	0	55	184.24062499999988
n1163	1025	1	0	59	184.56041666666655
n1164	1027	1	0	64	184.8270833333332
n1151	1020	1	0	67	183.96354166666654
n1152	1021	1	0	71	184.05833333333322
n1153	1022	1	0	76	184.12291666666655
n1154	1024	1	0	79	184.22499999999988
n1158	1026	1	0	88	184.65312499999987
n1165	1028	1	0	63	185.10416666666654
n1166	1029	1	0	64	185.36249999999987
n1167	1030	1	0	66	185.6270833333332
n1170	1037	1	0	50	186.48437499999983
n1169	1035	1	0	59	186.2187499999998
n1155	1031	1	0	62	185.9395833333332
n1168	1034	1	0	67	185.9489583333332
n1156	1032	1	0	71	185.9489583333332
n1157	1033	1	0	74	185.92499999999987
n1159	1036	1	0	83	186.3531249999998
n1181	1042	1	0	38	186.84895833333317
n1182	1043	1	0	45	187.2166666666665
n1183	1044	1	0	55	187.4604166666665
n1171	1038	1	0	64	186.83124999999984
n1172	1039	1	0	67	186.84270833333318
n1173	1040	1	0	73	186.83124999999984
n1174	1041	1	0	76	186.81458333333316
n1178	1045	1	0	85	187.35312499999984
n1184	1047	1	0	61	187.73124999999985
n1185	1046	1	0	64	187.73124999999985
n1186	1048	1	0	66	187.99895833333318
n1187	1049	1	0	67	188.23333333333318
n1191	1057	1	0	50	189.06249999999986
n1188	1054	1	0	60	188.51354166666653
n1190	1056	1	0	62	188.80520833333318
n1175	1050	1	0	66	188.51354166666653
n1189	1052	1	0	69	188.52812499999985
n1176	1051	1	0	74	188.52812499999985
n1177	1053	1	0	78	188.50833333333318
n1179	1055	1	0	86	188.92708333333317
n1202	1058	1	0	38	189.33124999999987
n1203	1063	1	0	55	189.61874999999992
n1204	1065	1	0	59	189.8697916666666
n1192	1059	1	0	67	189.33124999999987
n1193	1060	1	0	71	189.34374999999986
n1194	1061	1	0	76	189.34687499999987
n1195	1062	1	0	79	189.33124999999987
n1199	1064	1	0	88	189.70833333333326
n1205	1066	1	0	64	190.14062499999994
n1206	1067	1	0	67	190.13124999999994
n1207	1068	1	0	69	190.41041666666663
n1208	1069	1	0	70	190.6645833333333
n1212	1077	1	0	50	191.675
n1211	1076	1	0	59	191.33749999999998
n1209	1071	1	0	65	190.96666666666664
n1196	1072	1	0	68	190.95937499999997
n1210	1070	1	0	71	190.9708333333333
n1197	1073	1	0	77	190.97604166666665
n1198	1074	1	0	80	190.9614583333333
n1200	1075	1	0	89	191.49166666666665
n1224	1078	1	0	30	191.96979166666668
n1225	1084	1	0	42	192.2010416666667
n1226	1083	1	0	49	192.290625
n1227	1085	1	0	57	192.98437500000003
n1213	1079	1	0	61	192.26041666666669
n1228	1086	1	0	61	193.31770833333337
n1214	1080	1	0	66	192.33333333333334
n1215	1081	1	0	69	192.37604166666668
n1216	1082	1	0	73	192.43854166666668
n1217	1087	1	0	81	192.59270833333335
n1221	1088	1	0	90	193.14062500000003
n1229	1089	1	0	69	193.60312500000006
n1230	1090	1	0	71	193.80625000000006
n1231	1091	1	0	72	193.9739583333334
n1232	1092	1	0	73	194.10937500000009
n1236	1101	1	0	59	194.86250000000007
n1235	1100	1	0	62	194.63333333333338
n1233	1095	1	0	65	194.25000000000009
n1218	1096	1	0	68	194.31354166666674
n1234	deletion
n1219	1097	1	0	77	194.33125000000007
n1220	1098	1	0	80	194.30312500000008
n1222	1099	1	0	89	194.74375000000006
n1251	1106	1	0	42	195.10416666666674
n1252	1107	1	0	49	195.17604166666675
n1253	1109	1	0	57	195.90416666666675
n1237	1102	1	0	61	195.1812500000001
n1254	1110	1	0	61	196.19375000000008
n1238	1103	1	0	66	195.26145833333342
n1239	1104	1	0	69	195.31875000000008
n1240	1105	1	0	73	195.3802083333334
n1241	1108	1	0	81	195.53541666666675
n1243	1111	1	0	90	196.03229166666677
n1255	1112	1	0	66	196.4552083333334
n1256	1113	1	0	67	196.67812500000005
n1257	1114	1	0	68	196.8489583333334
n1258	1115	1	0	69	197.01041666666674
n1262	1125	1	0	43	198.07604166666673
n1263	1123	1	0	50	198.17812500000005
n1261	1121	1	0	58	197.76562500000009
n1280	1143	1	0	58	200.62083333333342
n1259	1118	1	0	62	197.21354166666674
n1244	1117	1	0	67	197.3895833333334
n1260	1116	1	0	70	197.3583333333334
n1245	1119	1	0	74	197.40833333333342
n1247	1124	1	0	78	198.21562500000005
n1246	1120	1	0	79	197.3520833333334
n1249	1127	1	0	79	198.47812500000003
n1248	1126	1	0	81	198.4010416666667
n1242	1122	1	0	88	197.9302083333334
n1273	1131	1	0	38	198.7541666666667
n1274	1132	1	0	45	199.3479166666667
n1275	deletion
n1264	1128	1	0	66	198.94062500000004
n1265	1129	1	0	74	198.9447916666667
n1266	1130	1	0	78	198.89270833333336
n1270	1133	1	0	86	199.49687500000005
n1276	1134	1	0	62	199.92187500000006
n1277	1135	1	0	64	200.14375000000007
n1278	1136	1	0	65	200.31562500000007
n1279	1137	1	0	66	200.4614583333334
n1283	1146	1	0	46	201.3218750000001
n1282	1145	1	0	55	201.06145833333343
n1267	1139	1	0	64	200.76041666666677
n1281	1140	1	0	67	200.73645833333342
n1268	1141	1	0	73	200.7656250000001
n1269	1142	1	0	76	200.74166666666676
n1271	1144	1	0	85	201.18229166666677
n1294	1150	1	0	38	201.63541666666674
n1295	1151	1	0	45	202.0541666666668
n1296	1153	1	0	54	202.3406250000001
n1284	1147	1	0	66	201.7000000000001
n1285	1148	1	0	74	201.70416666666677
n1286	1149	1	0	78	201.66770833333342
n1291	1152	1	0	86	202.19166666666678
n1297	1154	1	0	62	202.6250000000001
n1298	1155	1	0	64	202.89479166666678
n1299	1156	1	0	66	203.15729166666677
n1303	1163	1	0	46	204.5197916666668
n1302	1162	1	0	55	203.99687500000016
n1300	1159	1	0	58	203.52083333333346
n1287	1158	1	0	64	203.56145833333346
n1301	1157	1	0	67	203.50937500000012
n1288	1160	1	0	73	203.5385416666668
n1289	1161	1	0	76	203.50208333333345
n1290	1165	1	0	78	204.73437500000014
n1292	1164	1	0	85	204.21041666666682
n1318	1166	1	0	35	205.70833333333348
n1319	1173	1	0	54	206.53541666666683
n1320	1172	1	0	59	206.9427083333335
n1304	1167	1	0	62	205.71354166666683
n1305	1168	1	0	66	205.70416666666682
n1306	1169	1	0	71	205.70833333333348
n1307	1170	1	0	74	205.6864583333335
n1315	1171	1	0	83	206.7520833333335
n1323	1178	1	0	59	207.81250000000017
n1322	1175	1	0	61	207.52916666666684
n1321	1174	1	0	62	207.24791666666684
n1308	1176	1	0	66	207.67187500000017
n1309	1177	1	0	78	207.65729166666685
n1324	1179	1	0	42	208.07187500000018
n1328	1188	1	0	42	209.31250000000017
n1327	1185	1	0	50	208.9739583333335
n1326	1184	1	0	52	208.6833333333335
n1325	1183	1	0	57	208.2833333333335
n1310	1180	1	0	69	208.29687500000017
n1311	1181	1	0	74	208.29687500000017
n1313	1187	1	0	74	208.96250000000018
n1312	1182	1	0	81	208.27916666666684
n1314	1186	1	0	86	208.9583333333335
n1341	1189	1	0	28	210.03854166666682
n1342	1190	1	0	40	210.0302083333335
n1343	1195	1	0	47	210.93125000000018
n1344	1196	1	0	55	211.3645833333335
n1329	1191	1	0	73	210.03437500000015
n1330	1193	1	0	74	210.0239583333335
n1331	1192	1	0	81	210.03437500000015
n1332	1194	1	0	85	210.0114583333335
n1338	1197	1	0	93	211.12604166666685
n1345	1198	1	0	62	211.66354166666684
n1346	1199	1	0	66	211.94479166666684
n1347	1200	1	0	69	212.20625000000018
n1350	1208	1	0	55	213.2031250000002
n1349	1207	1	0	62	212.92604166666686
n1348	1205	1	0	67	212.5427083333335
n1333	1201	1	0	71	212.5552083333335
n1334	1202	1	0	74	212.56979166666684
n1335	1203	1	0	79	212.56979166666684
n1336	1204	1	0	83	212.5270833333335
n1339	1206	1	0	91	213.03645833333354
n1357	1209	1	0	33	213.6781250000002
n1358	1214	1	0	45	214.26666666666688
n1359	1215	1	0	52	214.5812500000002
n1351	1210	1	0	62	213.69479166666687
n1352	1212	1	0	67	213.70416666666688
n1353	1213	1	0	71	213.70416666666688
n1354	1211	1	0	76	213.6718750000002
n1355	1219	1	0	79	214.42395833333356
n1360	1216	1	0	59	214.89270833333356
n1361	1217	1	0	62	215.18020833333355
n1362	1218	1	0	66	215.44895833333356
n1365	1222	1	0	64	216.31875000000022
n1364	1221	1	0	66	216.03541666666692
n1363	1220	1	0	67	215.7364583333336
n1381	1227	1	0	52	217.1697916666669
n1380	1224	1	0	59	216.88125000000022
n1379	1223	1	0	62	216.59479166666688
n1370	1225	1	0	62	217.02187500000022
n1371	1226	1	0	74	217.01250000000022
n1384	1233	1	0	52	218.27708333333362
n1383	1232	1	0	54	218.01562500000028
n1382	1231	1	0	57	217.5479166666669
n1372	1228	1	0	61	217.57395833333356
n1373	1229	1	0	67	217.58958333333356
n1374	1230	1	0	73	217.52500000000023
n1377	1234	1	0	81	218.1437500000003
n1387	1239	1	0	33	219.58958333333362
n1386	1236	1	0	45	219.00520833333363
n1385	1235	1	0	47	218.62500000000028
n1375	1238	1	0	62	219.2750000000003
n1376	1237	1	0	74	219.25729166666696
n1393	1243	1	0	35	220.58750000000026
n1394	1244	1	0	47	221.49166666666696
n1395	1246	1	0	53	222.06666666666695
n1388	1240	1	0	62	220.59166666666692
n1389	1241	1	0	71	220.56250000000026
n1390	1242	1	0	74	220.56250000000026
n1391	1245	1	0	83	221.73333333333363
n1396	1247	1	0	54	222.39375000000027
n1397	1248	1	0	59	222.70312500000028
n1398	1249	1	0	61	222.97083333333362
n1401	1252	1	0	47	223.88333333333364
n1400	1251	1	0	54	223.56354166666696
n1399	1250	1	0	62	223.26979166666695
n1412	1253	1	0	28	224.40729166666696
n1413	1254	1	0	40	224.42291666666696
n1415	1261	1	0	57	225.24375000000032
n1402	1255	1	0	60	224.40729166666696
n1403	1256	1	0	62	224.41145833333363
n1414	1259	1	0	62	224.932291666667
n1404	1258	1	0	69	224.39166666666696
n1405	1257	1	0	72	224.36354166666698
n1409	1260	1	0	74	225.079166666667
n1418	1264	1	0	40	226.09583333333364
n1417	1263	1	0	50	225.7781250000003
n1416	1262	1	0	55	225.5156250000003
n1420	1268	1	0	50	226.77812500000033
n1406	1265	1	0	58	226.422916666667
n1421	1270	1	0	58	227.10312500000032
n1407	1266	1	0	67	226.432291666667
n1408	1267	1	0	70	226.397916666667
n1410	1269	1	0	79	226.929166666667
n1428	1272	1	0	33	227.50520833333366
n1429	1275	1	0	45	228.26458333333363
n1422	1271	1	0	54	227.6062500000003
n1430	1276	1	0	54	228.6062500000003
n1423	1273	1	0	62	227.73020833333365
n1424	1274	1	0	69	227.90000000000032
n1426	1279	1	0	78	228.42291666666696
n1431	1277	1	0	57	228.8812500000003
n1432	1278	1	0	59	229.17708333333363
n1433	1280	1	0	62	229.47604166666696
n1436	1283	1	0	57	230.34479166666696
n1435	1282	1	0	59	230.05833333333362
n1434	1281	1	0	61	229.76145833333362
n1448	1286	1	0	54	231.2531250000003
n1450	1291	1	0	54	232.12812500000032
n1447	1285	1	0	57	230.92708333333363
n1446	1284	1	0	59	230.64166666666696
n1451	1292	1	0	52	232.5125000000003
n1440	1287	1	0	55	231.68229166666697
n1449	1290	1	0	57	231.66145833333363
n1441	1288	1	0	61	231.68229166666697
n1442	1289	1	0	67	231.63333333333364
n1444	1295	1	0	73	232.30729166666697
n1453	1294	1	0	33	233.57395833333365
n1452	1293	1	0	45	232.9531250000003
n1443	1296	1	0	66	234.38854166666698
n1463	1300	1	0	38	235.79895833333364
n1464	1301	1	0	45	236.6739583333338
n1455	1297	1	0	54	235.79895833333364
n1465	1303	1	0	54	237.1552083333338
n1456	1298	1	0	62	235.82500000000033
n1457	1299	1	0	66	235.77395833333364
n1461	1302	1	0	74	236.89479166666712
n1466	1304	1	0	57	237.5270833333338
n1467	1305	1	0	59	237.82604166666715
n1468	1306	1	0	61	238.10208333333384
n1458	1307	1	0	64	237.95312500000048
n1471	1311	1	0	55	239.12395833333392
n1470	1309	1	0	57	238.87916666666726
n1460	1312	1	0	59	238.99687500000059
n1469	1308	1	0	62	238.48958333333385
n1459	1310	1	0	66	238.48020833333385
n1479	1313	1	0	54	239.4427083333339
n1480	1315	1	0	57	239.74375000000063
n1481	1316	1	0	59	240.014583333334
n1472	1314	1	0	61	239.43125000000057
n1473	1317	1	0	62	239.86875000000066
n1483	1321	1	0	62	240.58854166666737
n1482	1318	1	0	61	240.305208333334
n1484	1322	1	0	64	240.86250000000067
n1474	1319	1	0	66	240.28541666666734
n1475	1320	1	0	69	240.71666666666735
n1485	1323	1	0	66	241.18229166666734
n1486	1326	1	0	69	241.5854166666674
n1487	1327	1	0	73	242.04270833333408
n1476	1324	1	0	74	241.177083333334
n1477	1325	1	0	76	241.79062500000074
n1493	1331	1	0	59	242.97500000000073
n1494	1329	1	0	62	242.97083333333407
n1488	1332	1	0	66	242.96145833333406
n1489	1333	1	0	68	242.95208333333406
n1495	1328	1	0	71	242.98958333333408
n1490	1334	1	0	74	242.96562500000073
n1491	1330	1	0	78	242.92708333333408
n1510	deletion
n1501	1335	1	0	55	247.44479166666764
n1502	1336	1	0	61	247.45729166666763
n1503	1337	1	0	64	247.42604166666763
n1504	1339	1	0	62	249.67083333333443
n1514	1342	1	0	38	251.97395833333448
n1515	1341	1	0	45	251.98958333333448
n1511	1340	1	0	54	251.97395833333448
n1512	1343	1	0	62	251.93229166666782
insertion	43	1	0	64	15.55520833333335
insertion	57	1	0	61	18.913541666666674
insertion	113	1	0	30	33.461458333333354
insertion	140	1	0	67	39.87395833333337
insertion	392	1	0	67	90.81770833333296
insertion	466	1	0	58	104.61145833333273
insertion	628	1	0	45	133.21041666666574
insertion	670	1	0	28	139.4802083333325
insertion	792	1	0	74	156.55520833333264
insertion	847	1	0	90	161.69062499999944
insertion	853	1	0	90	162.42812499999948
insertion	852	1	0	38	162.3895833333328
insertion	856	1	0	38	162.46666666666616
insertion	977	1	0	62	178.1437499999997
insertion	979	1	0	66	178.21874999999972
insertion	998	1	0	86	180.71458333333314
insertion	1001	1	0	67	181.1135416666665
insertion	1093	1	0	66	194.26770833333342
insertion	1094	1	0	74	194.31354166666674
insertion	1138	1	0	77	200.75520833333343
insertion	1338	1	0	45	247.46666666666763
