xml_id	midi_id	track	channel	pitch	onset
n13	3	0	0	54	1.5251053125000003
n17	10	0	0	54	1.7935345312500002
n21	15	0	0	54	2.0205642187500006
n14	2	0	0	58	1.5264407812500003
n22	deletion
n18	9	0	0	59	1.7735025000000002
n15	1	0	0	61	1.5224343750000002
n23	16	0	0	61	2.0659701562500006
n19	7	0	0	63	1.7775089062500002
n16	0	0	0	66	1.50640875
n20	8	0	0	66	1.7761734375000002
n24	14	0	0	66	2.0205642187500006
n11	21	0	0	78	2.36511515625
n9	19	0	0	82	2.1728076562500003
n12	22	0	0	82	2.42654671875
n3	6	0	0	85	1.6960453125000003
n7	17	0	0	85	2.0232351562500006
n10	20	0	0	85	2.2622840625
n5	12	0	0	87	1.8522951562500003
n1	4	0	0	90	1.5157570312500002
n4	11	0	0	90	1.7748379687500002
n6	13	0	0	90	1.9604681250000004
n8	18	0	0	90	2.1073696875000003
n2	5	0	0	94	1.6185881250000003
n38	24	0	0	42	2.51735859375
n39	23	0	0	54	2.5133521875000002
n40	deletion
n41	deletion
n42	28	0	0	66	2.7564074999999995
n28	27	0	0	73	2.6856276562499994
n30	30	0	0	75	2.8458839062499997
n26	25	0	0	78	2.51468765625
n29	29	0	0	78	2.7751040624999996
n31	31	0	0	78	2.9460440625
n27	26	0	0	82	2.63755078125
n43	32	0	0	58	3.0021337499999996
n44	34	0	0	61	3.0061401562499994
n45	33	0	0	66	3.0194948437499995
n36	38	0	0	66	3.3333299999999992
n34	36	0	0	70	3.1757446874999995
n37	39	0	0	70	3.4041098437499993
n35	37	0	0	73	3.2665565624999995
n32	deletion
n33	35	0	0	78	3.090274687499999
n59	40	0	0	37	3.496257187499999
n60	41	0	0	49	3.4829024999999993
n61	47	0	0	56	3.763350937499999
n47	42	0	0	61	3.486908906249999
n62	48	0	0	61	3.7673573437499988
n63	45	0	0	65	3.740647968749999
n49	44	0	0	68	3.692571093749999
n51	49	0	0	68	3.8167696874999986
n48	43	0	0	73	3.588404531249999
n50	46	0	0	73	3.756673593749999
n52	50	0	0	80	3.9142589062499984
n67	56	0	0	44	4.253467968749997
n64	53	0	0	56	3.9917160937499983
n65	51	0	0	59	3.986374218749998
n66	52	0	0	63	3.9850387499999984
n53	54	0	0	68	3.995722499999998
n57	58	0	0	75	4.328254218749998
n55	deletion
n54	55	0	0	80	4.085198906249997
n56	57	0	0	80	4.265487187499997
n58	59	0	0	87	4.407046874999998
n87	60	0	0	49	4.4604656249999985
n80	65	0	0	56	4.743584999999999
n81	66	0	0	59	4.754268749999999
n82	64	0	0	63	4.738243124999999
n68	61	0	0	75	4.479162187499998
n70	63	0	0	80	4.666127812499998
n72	68	0	0	80	4.814364843749999
n69	62	0	0	87	4.575315937499998
n71	67	0	0	87	4.739578593749998
n73	69	0	0	92	4.915860468749998
n83	71	0	0	56	4.9879757812499985
n84	70	0	0	59	4.970614687499999
n85	72	0	0	61	4.989311249999998
n74	73	0	0	80	5.0053368749999985
n76	75	0	0	85	5.161586718749998
n78	77	0	0	85	5.320507499999998
n75	74	0	0	92	5.089471406249999
n77	76	0	0	92	5.233702031249998
n79	78	0	0	97	5.396629218749998
n100	81	0	0	54	5.502131249999997
n104	89	0	0	54	5.781244218749995
n101	80	0	0	58	5.502131249999997
n105	88	0	0	59	5.762547656249995
n102	82	0	0	61	5.4994603124999974
n106	87	0	0	63	5.750528437499995
n103	79	0	0	66	5.486105624999998
n107	86	0	0	66	5.747857499999996
n90	85	0	0	85	5.686425937499996
n92	91	0	0	87	5.845346718749995
n88	83	0	0	90	5.492782968749998
n91	90	0	0	90	5.757205781249995
n93	94	0	0	90	5.953519687499995
n89	84	0	0	94	5.5902721874999965
n108	96	0	0	54	5.997590156249994
n109	93	0	0	58	5.9949192187499944
n110	95	0	0	61	5.997590156249994
n111	92	0	0	66	5.989577343749994
n98	101	0	0	78	6.344812031249993
n96	99	0	0	82	6.175207499999993
n99	102	0	0	82	6.419598281249994
n94	97	0	0	85	6.008273906249994
n97	100	0	0	85	6.263348437499993
n95	98	0	0	90	6.099085781249993
n125	103	0	0	42	6.498390937499994
n126	104	0	0	54	6.507739218749994
n127	110	0	0	59	6.752129999999993
n128	108	0	0	63	6.746788124999994
n129	107	0	0	66	6.748123593749994
n115	106	0	0	73	6.667995468749994
n117	111	0	0	75	6.825580781249992
n116	109	0	0	78	6.7494590624999935
n118	112	0	0	78	6.931082812499993
n120	117	0	0	78	7.0793198437499925
n113	deletion
n114	105	0	0	82	6.594544687499994
n130	113	0	0	58	6.980495156249992
n131	115	0	0	61	6.9938498437499925
n132	114	0	0	66	6.989843437499992
n123	120	0	0	66	7.2943303124999925
n121	118	0	0	70	7.142086874999992
n124	121	0	0	70	7.389148593749993
n119	116	0	0	73	6.996520781249992
n122	119	0	0	73	7.227556874999992
n146	122	0	0	47	7.4706121874999925
n147	127	0	0	56	7.793795624999994
n134	123	0	0	63	7.4812959374999926
n148	126	0	0	63	7.787118281249994
n136	125	0	0	68	7.753731562499994
n138	129	0	0	68	7.895291249999994
n135	124	0	0	75	7.620184687499995
n137	128	0	0	75	7.792460156249994
n139	130	0	0	80	7.964735624999995
n141	132	0	0	80	8.119649999999995
n149	134	0	0	47	8.258538749999994
n140	131	0	0	75	8.050205624999995
n142	133	0	0	75	8.207790937499995
n144	136	0	0	80	8.394756562499994
n143	135	0	0	87	8.293260937499994
n145	139	0	0	92	8.496252187499993
n162	137	0	0	46	8.444168906249994
n163	138	0	0	53	8.500258593749992
n165	143	0	0	58	8.899563749999992
n164	140	0	0	62	8.584393124999993
n166	144	0	0	65	8.932950468749992
n167	146	0	0	74	9.023762343749992
n150	141	0	0	82	8.612437968749992
n152	145	0	0	82	8.890215468749991
n154	148	0	0	82	9.161315624999991
n156	150	0	0	82	9.354958593749991
n158	152	0	0	82	9.56329171874999
n151	142	0	0	94	8.76201046874999
n153	147	0	0	94	9.030439687499992
n155	149	0	0	94	9.274830468749991
n160	154	0	0	82	9.736902656249988
n157	151	0	0	94	9.457789687499991
n159	153	0	0	94	9.65143265624999
n161	155	0	0	94	9.821037187499988
n181	159	0	0	54	9.906507187499988
n185	165	0	0	54	10.197639374999987
n182	158	0	0	58	9.905171718749989
n186	166	0	0	59	10.168259062499988
n183	157	0	0	61	9.903836249999989
n187	163	0	0	63	10.164252656249989
n184	156	0	0	66	9.885139687499988
n188	164	0	0	66	10.157575312499988
n171	162	0	0	85	10.066763437499988
n173	168	0	0	87	10.241709843749987
n169	160	0	0	90	9.893152499999989
n172	167	0	0	90	10.145556093749988
n174	170	0	0	90	10.332521718749987
n176	175	0	0	90	10.496784374999983
n170	161	0	0	94	9.977287031249988
n189	173	0	0	54	10.387275937499986
n190	171	0	0	58	10.384604999999986
n191	172	0	0	61	10.389946874999985
n192	169	0	0	66	10.379263124999987
n179	178	0	0	78	10.73049140624998
n177	176	0	0	82	10.571570624999982
n180	179	0	0	82	10.803942187499981
n175	174	0	0	85	10.399295156249986
n178	177	0	0	85	10.64769234374998
n206	181	0	0	42	10.90009593749998
n207	180	0	0	54	10.91345062499998
n208	185	0	0	59	11.153834999999978
n209	deletion
n210	186	0	0	66	11.161847812499978
n196	184	0	0	73	11.079048749999977
n198	188	0	0	75	11.249988749999977
n194	182	0	0	78	10.90543781249998
n197	187	0	0	78	11.161847812499978
n199	189	0	0	78	11.336794218749978
n195	183	0	0	82	11.008268906249977
n211	191	0	0	58	11.403567656249978
n212	192	0	0	61	11.410244999999978
n213	190	0	0	66	11.423599687499978
n204	197	0	0	66	11.710725468749974
n202	195	0	0	70	11.562488437499976
n205	198	0	0	70	11.801537343749974
n200	193	0	0	73	11.420928749999979
n203	196	0	0	73	11.639945624999974
n201	194	0	0	78	11.495714999999977
n227	201	0	0	37	11.913716718749976
n228	199	0	0	49	11.907039374999975
n229	206	0	0	56	12.215532656249978
n215	200	0	0	61	11.897691093749975
n230	207	0	0	61	12.246248437499979
n231	204	0	0	65	12.19950703124998
n217	203	0	0	68	12.13406906249998
n219	208	0	0	68	12.274293281249978
n216	202	0	0	73	12.016547812499978
n218	205	0	0	73	12.18348140624998
n220	209	0	0	80	12.358427812499977
n235	216	0	0	44	12.665585624999974
n232	211	0	0	56	12.430543124999977
n233	212	0	0	59	12.445233281249976
n234	210	0	0	63	12.430543124999977
n221	213	0	0	68	12.425201249999978
n223	215	0	0	75	12.604154062499974
n225	218	0	0	75	12.751055624999974
n222	214	0	0	80	12.521354999999975
n224	217	0	0	80	12.684282187499974
n226	219	0	0	87	12.832519218749976
n255	220	0	0	49	12.932679374999976
n248	225	0	0	56	13.189089374999977
n249	226	0	0	59	13.201108593749977
n250	224	0	0	63	13.181076562499976
n236	221	0	0	75	12.915318281249975
n238	223	0	0	80	13.082251874999978
n240	228	0	0	80	13.250520937499978
n237	222	0	0	87	13.003459218749978
n239	227	0	0	87	13.178405624999977
n241	229	0	0	92	13.341332812499978
n251	232	0	0	56	13.440157499999978
n252	230	0	0	59	13.413448124999979
n253	231	0	0	61	13.417454531249978
n242	233	0	0	80	13.425467343749979
n244	235	0	0	85	13.58839453124998
n246	237	0	0	85	13.755328124999979
n243	234	0	0	92	13.508266406249978
n245	236	0	0	92	13.67119359374998
n247	238	0	0	97	13.839462656249978
n268	242	0	0	54	13.956983906249977
n272	251	0	0	54	14.237432343749976
n269	241	0	0	58	13.954312968749978
n273	249	0	0	59	14.222742187499977
n270	240	0	0	61	13.954312968749978
n274	247	0	0	63	14.209387499999977
n271	239	0	0	66	13.934280937499977
n275	248	0	0	66	14.213393906249976
n258	246	0	0	85	14.141278593749977
n260	252	0	0	87	14.304205781249976
n256	244	0	0	90	13.944964687499978
n259	250	0	0	90	14.214729374999976
n261	253	0	0	90	14.396353124999976
n257	245	0	0	94	14.062485937499977
n276	255	0	0	54	14.451107343749976
n277	256	0	0	58	14.459120156249975
n278	257	0	0	61	14.461791093749975
n279	254	0	0	66	14.449771874999977
n266	262	0	0	78	14.788980937499973
n264	260	0	0	82	14.623382812499974
n267	263	0	0	82	14.878457343749973
n262	258	0	0	85	14.456449218749976
n265	261	0	0	85	14.707517343749974
n263	259	0	0	90	14.552602968749976
n293	264	0	0	42	14.958585468749975
n294	265	0	0	54	14.963927343749974
n295	270	0	0	59	15.22434374999997
n296	272	0	0	63	15.232356562499971
n297	271	0	0	66	15.22567921874997
n283	268	0	0	73	15.13353187499997
n285	273	0	0	75	15.292452656249973
n281	266	0	0	78	14.967933749999974
n284	269	0	0	78	15.22434374999997
n286	274	0	0	78	15.381929062499973
n282	267	0	0	82	15.073435781249971
n298	277	0	0	58	15.459386249999971
n299	275	0	0	61	15.451373437499972
n300	276	0	0	66	15.447367031249973
n291	282	0	0	66	15.790582499999969
n289	280	0	0	70	15.608958749999971
n292	283	0	0	70	15.881394374999969
n287	278	0	0	73	15.456715312499972
n290	281	0	0	73	15.69309328124997
n288	279	0	0	78	15.54352078124997
n314	284	0	0	48	15.973541718749969
n315	288	0	0	56	16.29939609374997
n302	285	0	0	63	15.989567343749968
n316	289	0	0	66	16.30340249999997
n304	287	0	0	68	16.23395812499997
n306	291	0	0	68	16.379524218749967
n303	286	0	0	75	16.132462499999967
n305	290	0	0	75	16.29538968749997
n307	292	0	0	80	16.471671562499967
n317	296	0	0	44	16.789513124999974
n308	293	0	0	75	16.55447062499997
n310	295	0	0	75	16.698701249999974
n309	294	0	0	80	16.61456671874997
n312	298	0	0	80	16.882995937499974
n311	297	0	0	87	16.781500312499976
n313	299	0	0	87	16.976478749999973
n319	302	0	0	87	17.183476406249973
n330	300	0	0	49	17.053935937499972
n331	306	0	0	56	17.39047406249997
n332	304	0	0	65	17.38246124999997
n322	307	0	0	73	17.48128593749997
n318	301	0	0	75	17.089993593749973
n320	303	0	0	80	17.294320312499973
n323	308	0	0	85	17.56942687499997
n321	305	0	0	87	17.37845484374997
n324	309	0	0	80	17.65489687499997
n326	311	0	0	80	17.816488593749966
n343	334	0	0	80	19.14127359374996
n345	336	0	0	80	19.316219999999962
n358	340	0	0	80	19.40436093749996
n325	310	0	0	85	17.72567671874997
n328	313	0	0	85	18.018144374999967
n327	312	0	0	92	17.913977812499965
n329	314	0	0	97	18.11162718749997
n349	deletion
n346	318	0	0	60	18.33331499999997
n347	315	0	0	66	18.33064406249997
n350	320	0	0	66	18.414778593749972
n348	317	0	0	68	18.32530218749997
n351	322	0	0	68	18.620440781249965
n337	323	0	0	87	18.643143749999965
n339	325	0	0	87	18.82076109374996
n341	328	0	0	87	18.987694687499957
n334	316	0	0	92	18.41611406249997
n336	321	0	0	92	18.569692968749965
n335	319	0	0	94	18.50425499999997
n338	324	0	0	99	18.736626562499964
n355	333	0	0	56	19.153292812499963
n352	331	0	0	61	18.92759859374996
n353	329	0	0	65	18.92092124999996
n356	deletion
n357	332	0	0	68	19.153292812499963
n354	327	0	0	70	18.89955374999996
n340	326	0	0	85	18.91157296874996
n342	330	0	0	85	19.06114546874996
n344	335	0	0	92	19.22540812499996
n371	344	0	0	56	19.63806796874995
n368	339	0	0	60	19.40035453124996
n369	337	0	0	66	19.40035453124996
n372	deletion
n373	343	0	0	68	19.63406156249995
n370	338	0	0	70	19.39234171874996
n361	345	0	0	75	19.627384218749953
n363	347	0	0	75	19.800995156249954
n360	342	0	0	80	19.551262499999954
n359	341	0	0	82	19.484489062499954
n362	346	0	0	87	19.708847812499954
n376	353	0	0	56	20.114830312499947
n374	349	0	0	61	19.899819843749952
n375	348	0	0	65	19.890471562499954
n367	355	0	0	68	20.125514062499946
n364	350	0	0	73	19.894477968749953
n366	352	0	0	73	20.03737312499995
n365	351	0	0	75	19.97327062499995
n389	354	0	0	48	20.389936874999947
n390	deletion
n391	359	0	0	63	20.70377203124995
n392	358	0	0	66	20.68373999999995
n378	356	0	0	75	20.519477343749948
n382	362	0	0	75	20.837318906249948
n379	357	0	0	80	20.59292812499995
n381	361	0	0	80	20.76253265624995
n380	360	0	0	82	20.68908187499995
n396	369	0	0	49	21.175192499999945
n393	364	0	0	56	20.925459843749948
n394	366	0	0	61	20.94549187499995
n395	363	0	0	65	20.925459843749948
n383	365	0	0	73	20.92412437499995
n384	367	0	0	80	21.009594374999946
n388	372	0	0	82	21.33277781249994
n385	368	0	0	85	21.124444687499945
n387	371	0	0	85	21.251314218749943
n386	370	0	0	87	21.172521562499945
n409	373	0	0	44	21.407564062499944
n410	379	0	0	56	21.666644999999942
n411	378	0	0	60	21.661303124999943
n412	377	0	0	66	21.649283906249945
n397	374	0	0	80	21.414241406249943
n398	375	0	0	87	21.52241437499994
n402	382	0	0	87	21.832243124999938
n399	376	0	0	92	21.609219843749944
n401	381	0	0	92	21.762798749999938
n400	380	0	0	94	21.68133515624994
n413	383	0	0	37	21.920384062499934
n414	389	0	0	56	22.170116718749934
n415	388	0	0	61	22.170116718749934
n416	387	0	0	65	22.167445781249935
n403	384	0	0	85	21.925725937499934
n404	385	0	0	92	22.019208749999937
n408	392	0	0	94	22.326366562499935
n405	386	0	0	97	22.103343281249938
n407	391	0	0	97	22.266270468749934
n406	390	0	0	99	22.174123124999934
n429	393	0	0	44	22.402488281249937
n430	402	0	0	60	22.705639687499936
n431	398	0	0	66	22.698962343749937
n432	400	0	0	68	22.700297812499937
n420	397	0	0	87	22.680265781249936
n422	401	0	0	87	22.884592499999936
n417	394	0	0	92	22.419849374999938
n419	396	0	0	92	22.582776562499937
n418	395	0	0	94	22.50799031249994
n421	399	0	0	99	22.775084062499936
n436	409	0	0	56	23.235820781249938
n433	407	0	0	61	22.996771874999936
n434	406	0	0	65	22.98475265624994
n437	deletion
n438	410	0	0	68	23.262530156249937
n435	404	0	0	70	22.97941078124994
n426	411	0	0	80	23.261194687499938
n428	413	0	0	80	23.43347015624994
n423	403	0	0	85	22.995436406249937
n425	408	0	0	85	23.178395624999936
n424	405	0	0	87	23.104944843749934
n427	412	0	0	92	23.345329218749935
n452	420	0	0	56	23.73929249999994
n449	415	0	0	60	23.497572656249936
n450	416	0	0	66	23.489559843749937
n453	deletion
n454	421	0	0	68	23.74730531249994
n451	414	0	0	70	23.485553437499938
n442	422	0	0	75	23.74596984374994
n444	424	0	0	75	23.934270937499935
n446	428	0	0	75	24.075830624999934
n439	417	0	0	80	23.512262812499937
n441	419	0	0	80	23.67251906249994
n440	418	0	0	82	23.60841656249994
n443	423	0	0	87	23.836781718749936
n457	430	0	0	56	24.225403124999932
n455	426	0	0	61	24.001044374999932
n456	425	0	0	65	23.986354218749934
n448	432	0	0	68	24.23875781249993
n445	427	0	0	73	23.997037968749932
n447	429	0	0	73	24.151952343749933
n470	431	0	0	48	24.50451609374993
n471	435	0	0	56	24.845060624999935
n472	437	0	0	63	24.873105468749934
n473	436	0	0	66	24.870434531249934
n460	434	0	0	78	24.780958124999934
n462	439	0	0	78	24.963917343749937
n459	433	0	0	80	24.655424062499932
n461	438	0	0	80	24.881118281249933
n463	440	0	0	80	25.049387343749938
n475	447	0	0	36	25.403286562499936
n466	443	0	0	78	25.324493906249934
n468	445	0	0	78	25.512794999999933
n465	442	0	0	80	25.247036718749936
n467	444	0	0	80	25.432666874999935
n469	446	0	0	80	25.595594062499934
n464	441	0	0	90	25.138863749999935
n488	448	0	0	48	25.69441874999993
n489	453	0	0	56	26.08437562499993
n490	454	0	0	63	26.08304015624993
n491	452	0	0	66	26.07636281249993
n476	449	0	0	68	25.726469999999928
n478	451	0	0	78	26.03496328124993
n480	456	0	0	78	26.196554999999922
n477	450	0	0	80	25.909429218749928
n479	455	0	0	80	26.113755937499928
n481	457	0	0	80	26.287366874999922
n493	463	0	0	36	26.618563124999927
n494	462	0	0	48	26.601202031249926
n484	460	0	0	78	26.515732031249925
n486	464	0	0	78	26.705368593749924
n483	459	0	0	80	26.458306874999924
n485	461	0	0	80	26.623904999999926
n487	465	0	0	80	26.805528749999926
n482	458	0	0	90	26.35814671874992
n507	466	0	0	37	26.916372656249926
n508	467	0	0	49	26.920379062499926
n509	472	0	0	58	27.270271874999924
n510	deletion
n511	470	0	0	66	27.258252656249923
n495	468	0	0	70	26.936404687499927
n497	471	0	0	78	27.248904374999924
n499	474	0	0	78	27.363754687499924
n496	469	0	0	82	27.103338281249926
n498	473	0	0	82	27.294310312499924
n500	475	0	0	82	27.434534531249923
n512	476	0	0	36	27.520004531249924
n514	482	0	0	37	27.752376093749923
n513	477	0	0	48	27.517333593749925
n515	484	0	0	49	27.76305984374992
n503	480	0	0	78	27.673583437499925
n505	485	0	0	78	27.845858906249923
n502	479	0	0	82	27.612151874999924
n504	483	0	0	82	27.752376093749923
n506	486	0	0	82	27.940677187499922
n501	478	0	0	90	27.521339999999924
n528	488	0	0	38	28.03549546874992
n529	487	0	0	50	28.031489062499922
n530	492	0	0	58	28.306595624999918
n531	493	0	0	66	28.309266562499918
n516	489	0	0	70	28.032824531249922
n518	491	0	0	78	28.25317687499992
n520	495	0	0	78	28.392065624999915
n517	490	0	0	82	28.15435218749992
n519	494	0	0	82	28.32662765624992
n521	496	0	0	82	28.480206562499916
n532	497	0	0	37	28.564341093749913
n534	503	0	0	38	28.818080156249906
n533	499	0	0	49	28.568347499999913
n535	502	0	0	50	28.816744687499906
n524	501	0	0	78	28.755313124999905
n526	505	0	0	78	28.939607812499908
n523	500	0	0	82	28.668507656249904
n525	504	0	0	82	28.839447656249906
n527	506	0	0	82	29.017064999999906
n522	498	0	0	90	28.572353906249912
n548	508	0	0	39	29.094522187499905
n549	507	0	0	51	29.087844843749906
n550	513	0	0	58	29.353603124999903
n551	514	0	0	66	29.357609531249903
n536	509	0	0	78	29.094522187499905
n538	511	0	0	78	29.237417343749904
n541	516	0	0	78	29.5232076562499
n537	510	0	0	82	29.153282812499903
n540	515	0	0	82	29.452427812499902
n539	512	0	0	94	29.350932187499904
n552	521	0	0	39	29.8490620312499
n553	520	0	0	51	29.838378281249902
n544	519	0	0	78	29.7809531249999
n547	524	0	0	78	30.034692187499896
n543	518	0	0	82	29.6928121874999
n546	523	0	0	82	29.9492221874999
n545	522	0	0	90	29.8664231249999
n542	517	0	0	92	29.610013124999902
n566	525	0	0	40	30.125504062499893
n567	526	0	0	52	30.110813906249895
n568	532	0	0	58	30.39526874999989
n569	530	0	0	66	30.39126234374989
n556	529	0	0	78	30.288431249999892
n559	534	0	0	78	30.563537812499888
n555	528	0	0	82	30.212309531249893
n558	533	0	0	82	30.480738749999887
n554	527	0	0	85	30.121497656249893
n557	531	0	0	94	30.39259781249989
n570	539	0	0	40	30.890727656249883
n571	538	0	0	52	30.873366562499882
n562	537	0	0	78	30.825289687499883
n565	542	0	0	78	30.99088781249988
n561	536	0	0	82	30.726464999999884
n564	541	0	0	82	30.941475468749882
n563	540	0	0	90	30.869360156249883
n560	535	0	0	92	30.638324062499887
n584	544	0	0	41	31.133782968749884
n585	543	0	0	53	31.124434687499885
n586	549	0	0	58	31.415566874999882
n587	551	0	0	61	31.42758609374988
n588	548	0	0	65	31.406218593749884
n572	545	0	0	73	31.145802187499886
n574	547	0	0	82	31.350128906249886
n573	546	0	0	85	31.245962343749884
n575	550	0	0	85	31.419573281249882
n576	552	0	0	85	31.51439156249988
n577	553	0	0	97	31.59451968749988
n589	555	0	0	40	31.65461578124988
n591	560	0	0	41	31.920374062499878
n590	554	0	0	52	31.64927390624988
n592	559	0	0	53	31.91102578124988
n582	562	0	0	82	32.01519234374988
n580	558	0	0	85	31.81620749999988
n581	561	0	0	85	31.923044999999878
n583	563	0	0	85	32.08730765624988
n578	556	0	0	94	31.67464781249988
n579	557	0	0	97	31.749434062499883
n605	565	0	0	42	32.17277765624986
n606	564	0	0	54	32.164764843749865
n607	570	0	0	58	32.43319406249986
n608	572	0	0	61	32.446548749999856
n609	569	0	0	64	32.43319406249986
n593	566	0	0	73	32.17144218749986
n595	568	0	0	82	32.362414218749855
n594	567	0	0	85	32.28228609374986
n596	571	0	0	85	32.44120687499986
n597	573	0	0	85	32.52534140624985
n598	574	0	0	97	32.61348234374985
n610	576	0	0	41	32.68826859374984
n612	580	0	0	42	32.94734953124982
n611	575	0	0	53	32.67758484374984
n613	581	0	0	54	32.93800124999982
n603	583	0	0	82	33.04617421874981
n601	579	0	0	85	32.84451843749982
n602	582	0	0	85	32.95269140624982
n604	584	0	0	85	33.10627031249981
n599	577	0	0	94	32.68960406249984
n600	578	0	0	97	32.776409531249826
n626	586	0	0	43	33.21043687499981
n628	deletion
n627	585	0	0	55	33.19975312499981
n629	592	0	0	61	33.4775306249998
n630	590	0	0	64	33.453492187499805
n614	587	0	0	73	33.20242406249981
n616	589	0	0	82	33.39740249999981
n615	588	0	0	85	33.309261562499806
n617	591	0	0	85	33.460169531249804
n618	593	0	0	85	33.544304062499805
n619	594	0	0	97	33.6297740624998
n631	595	0	0	44	33.7326051562498
n632	596	0	0	56	33.705895781249794
n633	601	0	0	56	33.974324999999794
n634	602	0	0	61	33.99035062499979
n635	600	0	0	65	33.968983124999795
n624	604	0	0	80	34.06380140624979
n622	599	0	0	85	33.87149390624979
n623	603	0	0	85	33.98233781249979
n625	606	0	0	85	34.18933546874978
n620	597	0	0	92	33.70990218749979
n621	598	0	0	97	33.79270124999979
n648	607	0	0	45	34.238747812499774
n649	605	0	0	57	34.229399531249776
n650	615	0	0	57	34.52854453124975
n651	614	0	0	63	34.53255093749975
n652	612	0	0	66	34.52453812499975
n636	609	0	0	73	34.28682468749977
n640	617	0	0	73	34.58730515624974
n641	619	0	0	73	34.75690968749973
n638	deletion
n637	611	0	0	85	34.42437796874976
n639	616	0	0	85	34.54457015624975
n654	627	0	0	33	35.11882171874972
n655	626	0	0	45	35.11347984374972
n646	631	0	0	54	35.33650312499971
n644	621	0	0	61	34.94654624999973
n645	628	0	0	61	35.10947343749972
n647	632	0	0	61	35.43399234374971
n642	620	0	0	66	34.84638609374973
n643	624	0	0	73	34.98126843749972
n668	644	0	0	32	35.451353437499705
n669	645	0	0	44	35.451353437499705
n656	633	0	0	51	35.454024374999705
n657	634	0	0	54	35.6356481249997
n660	637	0	0	54	35.897399999999685
n658	635	0	0	61	35.73447281249969
n661	638	0	0	61	35.99355374999968
n659	636	0	0	63	35.82662015624969
n664	641	0	0	61	36.24729281249968
n662	639	0	0	63	36.07234640624968
n665	642	0	0	63	36.31273078124968
n663	640	0	0	66	36.15247453124968
n666	643	0	0	66	36.38885249999968
n667	646	0	0	73	36.462303281249675
n670	647	0	0	63	36.53575406249967
n671	648	0	0	66	36.62523046874966
n674	651	0	0	66	36.884311406249665
n672	649	0	0	73	36.709364999999664
n675	655	0	0	73	36.96176859374966
n673	650	0	0	75	36.797505937499665
n683	653	0	0	56	37.00984546874966
n686	661	0	0	56	37.54136203124965
n684	652	0	0	61	37.01118093749966
n687	662	0	0	61	37.54536843749965
n685	654	0	0	66	37.00049718749966
n688	660	0	0	66	37.53201374999965
n678	658	0	0	73	37.25423624999966
n676	656	0	0	75	37.03388390624966
n679	659	0	0	75	37.34638359374966
n677	657	0	0	78	37.15274062499966
n681	664	0	0	78	37.553381249999646
n680	663	0	0	85	37.45856296874965
n701	674	0	0	56	37.64419312499964
n702	675	0	0	61	37.65087046874964
n703	672	0	0	66	37.64552859374964
n689	665	0	0	75	37.64953499999964
n694	670	0	0	75	38.07421406249964
n690	666	0	0	78	37.74568874999964
n693	669	0	0	78	37.99408593749964
n692	668	0	0	85	37.931318906249636
n691	667	0	0	87	37.83650062499964
n698	677	0	0	73	38.386713749999636
n697	676	0	0	75	38.30925656249964
n700	679	0	0	75	38.55231187499964
n696	673	0	0	78	38.23313484374964
n699	678	0	0	78	38.480196562499636
n695	671	0	0	85	38.162354999999636
n709	685	0	0	63	39.061125468749644
n705	681	0	0	66	38.70856171874964
n708	684	0	0	66	38.966307187499645
n704	680	0	0	73	38.62442718749964
n707	683	0	0	73	38.89419187499964
n706	682	0	0	75	38.80070906249964
n713	689	0	0	61	39.42704390624965
n712	688	0	0	63	39.321541874999646
n715	691	0	0	63	39.62335781249965
n711	687	0	0	66	39.244084687499644
n714	690	0	0	66	39.52186218749965
n710	686	0	0	73	39.149266406249644
n729	699	0	0	32	39.786284999999644
n730	701	0	0	44	39.784949531249644
n717	692	0	0	56	39.76358203124965
n718	693	0	0	63	40.01197921874964
n721	696	0	0	63	40.32447890624962
n719	694	0	0	66	40.10813296874962
n722	697	0	0	66	40.40861343749962
n720	695	0	0	68	40.22698968749962
n725	702	0	0	66	40.66235249999962
n723	698	0	0	68	40.49942531249962
n726	703	0	0	68	40.73046140624962
n731	706	0	0	68	40.99221328124962
n747	713	0	0	68	41.52773624999961
n751	721	0	0	68	42.1233553124996
n724	700	0	0	75	40.58890171874962
n727	704	0	0	75	40.82394421874962
n732	707	0	0	75	41.07901874999961
n728	705	0	0	78	40.90140140624962
n733	708	0	0	78	41.16715968749961
n735	710	0	0	75	41.34611249999961
n736	711	0	0	78	41.430247031249614
n734	709	0	0	80	41.25396515624961
n744	712	0	0	56	41.52506531249961
n748	deletion
n745	715	0	0	60	41.522394374999614
n749	723	0	0	60	42.140716406249595
n746	714	0	0	66	41.518387968749614
n750	722	0	0	66	42.1260262499996
n739	718	0	0	78	41.78147531249961
n737	716	0	0	80	41.52907171874961
n740	719	0	0	80	41.898996562499605
n738	717	0	0	87	41.67330234374961
n742	724	0	0	87	42.1126715624996
n741	720	0	0	90	42.0031631249996
n764	deletion
n765	733	0	0	60	42.25823765624958
n766	732	0	0	66	42.25556671874958
n767	731	0	0	68	42.25423124999958
n757	730	0	0	75	42.69360046874958
n760	736	0	0	75	42.93532031249957
n753	726	0	0	78	42.34904953124958
n756	729	0	0	78	42.60545953124958
n759	735	0	0	78	42.84851484374957
n752	725	0	0	80	42.23954109374958
n755	728	0	0	80	42.52266046874958
n754	727	0	0	87	42.43852593749958
n761	737	0	0	68	43.04215781249957
n763	739	0	0	75	43.22645249999957
n762	738	0	0	78	43.12762781249957
n758	734	0	0	80	42.77907046874957
n773	745	0	0	63	43.83542624999956
n769	741	0	0	66	43.43612109374956
n772	744	0	0	66	43.74060796874956
n768	740	0	0	68	43.31726437499957
n771	743	0	0	68	43.63243499999956
n770	742	0	0	75	43.52693296874956
n777	749	0	0	56	44.31886593749955
n776	748	0	0	63	44.18131265624955
n779	751	0	0	63	44.58462421874952
n775	747	0	0	66	44.05844953124956
n778	750	0	0	66	44.42703890624954
n774	746	0	0	68	43.96363124999956
n793	753	0	0	37	44.71550015624951
n781	752	0	0	61	44.804976562499505
n783	755	0	0	68	45.18424968749949
n785	757	0	0	68	45.376557187499486
n782	754	0	0	73	45.04936734374949
n784	756	0	0	73	45.292422656249485
n786	758	0	0	80	45.50476218749949
n795	767	0	0	56	45.67436671874949
n796	764	0	0	65	45.612935156249485
n789	760	0	0	68	45.78654609374949
n791	762	0	0	68	45.974847187499485
n799	768	0	0	68	46.33542374999947
n787	759	0	0	73	45.610264218749485
n790	761	0	0	73	45.873351562499494
n792	763	0	0	73	46.042956093749474
n798	766	0	0	73	46.27666312499947
n788	deletion
n797	765	0	0	61	46.14044531249947
n801	770	0	0	68	46.51571203124947
n800	769	0	0	73	46.42089374999947
n802	771	0	0	80	46.61320124999947
n811	774	0	0	55	46.80550874999947
n813	780	0	0	56	47.159407968749456
n812	776	0	0	64	46.70534859374947
n814	778	0	0	65	47.15139515624946
n805	775	0	0	68	46.93237828124947
n807	779	0	0	68	47.12735671874945
n803	772	0	0	73	46.72137421874947
n806	777	0	0	73	47.028532031249455
n808	781	0	0	73	47.21149124999945
n804	773	0	0	80	46.83488906249947
n827	782	0	0	49	47.29161937499944
n815	783	0	0	61	47.30630953124944
n817	785	0	0	68	47.50662984374943
n816	784	0	0	73	47.42383078124943
n818	786	0	0	73	47.58008062499943
n819	787	0	0	73	47.68558265624944
n820	788	0	0	85	47.77238812499944
n829	802	0	0	56	47.86854187499944
n830	795	0	0	65	47.841832499999434
n825	793	0	0	68	48.218434687499446
n823	791	0	0	73	48.03413999999944
n824	792	0	0	73	48.138306562499444
n826	794	0	0	73	48.310582031249446
n821	789	0	0	80	47.86720640624944
n822	790	0	0	85	47.98739859374944
n831	796	0	0	68	48.38670374999944
n833	798	0	0	73	48.608391562499435
n832	797	0	0	80	48.49754765624944
n834	799	0	0	80	48.68050687499944
n835	800	0	0	80	48.773989687499444
n836	801	0	0	92	48.83809218749945
n845	804	0	0	55	48.942258749999446
n847	810	0	0	56	49.36693781249944
n846	806	0	0	64	48.93157499999945
n848	811	0	0	65	49.36693781249944
n841	809	0	0	73	49.30951265624944
n839	807	0	0	80	49.10919234374943
n840	808	0	0	80	49.21602984374943
n842	812	0	0	80	49.40032453124944
n837	803	0	0	85	48.92756859374945
n838	805	0	0	92	49.03974796874943
n861	813	0	0	49	49.47511078124943
n862	821	0	0	56	49.763572031249424
n863	819	0	0	61	49.814319843749416
n864	818	0	0	65	49.78226859374942
n849	814	0	0	73	49.488465468749425
n851	816	0	0	73	49.710153281249426
n850	815	0	0	75	49.59129656249943
n853	820	0	0	85	49.88242874999941
n852	817	0	0	87	49.78360406249942
n854	822	0	0	99	49.97858249999941
n865	828	0	0	57	50.044020468749416
n868	835	0	0	58	50.30844328124939
n866	826	0	0	61	50.041349531249416
n869	832	0	0	61	50.29241765624939
n867	825	0	0	66	50.04001406249942
n870	830	0	0	67	50.28440484374939
n858	831	0	0	85	50.28707578124939
n860	834	0	0	85	50.44733203124939
n859	833	0	0	87	50.38055859374939
n855	823	0	0	97	50.07206531249941
n857	829	0	0	97	50.220302343749395
n856	827	0	0	99	50.1401742187494
n883	841	0	0	59	50.555504999999386
n884	842	0	0	61	50.555504999999386
n885	840	0	0	68	50.555504999999386
n871	836	0	0	73	50.558175937499385
n873	838	0	0	73	50.759831718749375
n872	837	0	0	75	50.66634890624938
n875	843	0	0	85	50.95748109374937
n874	839	0	0	87	50.849308124999375
n876	844	0	0	99	51.05497031249938
n889	855	0	0	57	51.39818578124935
n886	848	0	0	58	51.124414687499375
n887	847	0	0	61	51.124414687499375
n890	858	0	0	61	51.64658296874933
n891	853	0	0	66	51.37147640624936
n888	846	0	0	67	51.123079218749375
n880	851	0	0	85	51.383495624999355
n882	856	0	0	85	51.58648687499933
n881	854	0	0	87	51.46896562499934
n877	845	0	0	97	51.119072812499375
n879	850	0	0	97	51.30737390624936
n878	849	0	0	99	51.20854921874937
n907	863	0	0	49	51.919018593749314
n904	859	0	0	56	51.65192484374933
n905	deletion
n906	857	0	0	65	51.64391203124933
n895	864	0	0	85	51.93637968749931
n897	866	0	0	85	52.12067437499931
n896	865	0	0	87	52.00849499999931
n892	860	0	0	97	51.65593124999933
n894	862	0	0	97	51.828206718749314
n893	861	0	0	99	51.74140124999931
n910	871	0	0	59	52.21549265624931
n911	869	0	0	61	52.20213796874931
n912	867	0	0	65	52.19546062499931
n908	873	0	0	68	52.191454218749314
n909	874	0	0	70	52.53867609374929
n901	875	0	0	85	52.56672093749929
n903	877	0	0	85	52.824466406249286
n902	876	0	0	87	52.67890031249929
n898	868	0	0	97	52.21949906249931
n900	872	0	0	97	52.45053515624928
n899	870	0	0	99	52.3463685937493
n928	891	0	0	59	52.96201968749929
n929	892	0	0	61	52.96201968749929
n930	885	0	0	65	52.93931671874929
n925	881	0	0	71	52.92329109374929
n916	882	0	0	85	53.35731843749926
n918	884	0	0	85	53.58434812499926
n917	883	0	0	87	53.45347218749926
n913	878	0	0	97	52.98338718749929
n915	880	0	0	97	53.23846171874927
n914	879	0	0	99	53.122275937499275
n927	890	0	0	68	54.07980703124923
n926	889	0	0	70	53.688514687499264
n922	893	0	0	85	54.11052281249923
n924	895	0	0	85	54.32953968749923
n923	894	0	0	87	54.23071499999923
n919	886	0	0	97	53.69652749999926
n921	888	0	0	97	53.99700796874923
n920	887	0	0	99	53.83007437499925
n943	899	0	0	54	54.47644124999922
n951	910	0	0	54	54.97457109374921
n947	deletion
n944	898	0	0	58	54.46575749999922
n948	905	0	0	59	54.73819312499921
n945	897	0	0	61	54.46442203124922
n949	904	0	0	63	54.735522187499214
n946	896	0	0	66	54.45640921874922
n950	903	0	0	66	54.735522187499214
n933	902	0	0	85	54.66607781249921
n935	907	0	0	87	54.814314843749216
n931	900	0	0	90	54.45507374999922
n934	906	0	0	90	54.735522187499214
n936	909	0	0	90	54.92115234374921
n938	914	0	0	90	55.08407953124921
n932	901	0	0	94	54.57125953124921
n952	911	0	0	58	54.98258390624921
n953	912	0	0	61	54.98926124999921
n954	908	0	0	66	54.97323562499921
n941	917	0	0	78	55.3298057812492
n939	915	0	0	82	55.14551109374921
n942	918	0	0	82	55.4005856249992
n937	913	0	0	85	54.98525484374921
n940	916	0	0	85	55.2256392187492
n968	919	0	0	42	55.47136546874919
n969	920	0	0	54	55.48338468749919
n970	deletion
n971	924	0	0	63	55.741130156249184
n972	925	0	0	66	55.75448484374918
n958	922	0	0	73	55.650318281249184
n960	927	0	0	75	55.82259374999918
n956	921	0	0	78	55.47804281249919
n959	926	0	0	78	55.742465624999184
n961	928	0	0	78	55.925424843749184
n957	deletion
n973	929	0	0	58	55.98552093749918
n974	930	0	0	61	55.98952734374918
n975	931	0	0	66	55.98552093749918
n966	936	0	0	66	56.30336249999919
n964	934	0	0	70	56.151119062499184
n967	937	0	0	70	56.37147140624919
n962	932	0	0	73	55.98952734374918
n965	935	0	0	73	56.21655703124919
n963	933	0	0	78	56.08701656249918
n989	939	0	0	37	56.47296703124919
n990	938	0	0	49	56.46228328124919
n991	946	0	0	56	56.76810562499917
n977	940	0	0	61	56.46628968749919
n992	944	0	0	61	56.761428281249174
n993	943	0	0	65	56.745402656249176
n979	942	0	0	68	56.658597187499176
n981	947	0	0	68	56.82018890624917
n978	941	0	0	73	56.615862187499175
n980	945	0	0	73	56.76810562499917
n982	948	0	0	80	56.90832984374917
n997	955	0	0	44	57.23017781249916
n994	950	0	0	56	56.99112890624917
n995	952	0	0	59	57.01249640624917
n996	949	0	0	63	56.99379984374917
n983	951	0	0	68	56.979109687499175
n985	954	0	0	75	57.159397968749154
n987	957	0	0	75	57.31431234374916
n984	953	0	0	80	57.06992156249916
n986	956	0	0	80	57.240861562499155
n988	958	0	0	87	57.39978234374916
n1017	959	0	0	49	57.49326515624916
n1010	964	0	0	56	57.757687968749146
n1011	966	0	0	59	57.764365312499145
n1012	963	0	0	63	57.74566874999915
n998	960	0	0	75	57.47456859374916
n1000	962	0	0	80	57.63883124999915
n1002	967	0	0	80	57.81244218749914
n999	961	0	0	87	57.55870312499915
n1001	965	0	0	87	57.73231406249915
n1003	968	0	0	92	57.911266874999136
n1013	970	0	0	56	57.99139499999914
n1014	971	0	0	59	57.99540140624914
n1015	969	0	0	61	57.99139499999914
n1004	972	0	0	80	57.99540140624914
n1006	974	0	0	85	58.15832859374912
n1008	976	0	0	85	58.32926859374911
n1005	973	0	0	92	58.08087140624912
n1007	975	0	0	92	58.24646953124912
n1009	977	0	0	97	58.401383906249116
n1030	981	0	0	54	58.51756968749912
n1034	988	0	0	54	58.79000531249908
n1031	980	0	0	58	58.51356328124912
n1035	987	0	0	59	58.76997328124909
n1032	979	0	0	61	58.51222781249912
n1036	985	0	0	63	58.771308749999086
n1033	978	0	0	66	58.50154406249912
n1037	986	0	0	66	58.775315156249086
n1020	984	0	0	85	58.70052890624909
n1022	990	0	0	87	58.882152656249076
n1018	982	0	0	90	58.50020859374912
n1023	992	0	0	90	58.984983749999074
n1021	deletion
n1019	983	0	0	94	58.6217362499991
n1038	994	0	0	54	59.04107343749907
n1039	993	0	0	58	59.033060624999074
n1040	deletion
n1041	991	0	0	66	59.030389687499074
n1028	999	0	0	78	59.38562437499904
n1026	997	0	0	82	59.202665156249054
n1029	deletion
n1024	995	0	0	85	59.03840249999907
n1027	998	0	0	85	59.28813515624904
n1025	996	0	0	90	59.14123359374906
n1055	1002	0	0	42	59.551222499999014
n1056	1001	0	0	54	59.547216093749014
n1057	1008	0	0	59	59.79561328124901
n1058	1006	0	0	63	59.78893593749901
n1059	1007	0	0	66	59.79561328124901
n1045	1005	0	0	73	59.71147874999901
n1047	deletion
n1043	1003	0	0	78	59.540538749999016
n1046	1009	0	0	78	59.80229062499901
n1048	1010	0	0	78	59.991927187499
n1044	1004	0	0	82	59.62734421874901
n1060	1012	0	0	58	60.045345937499
n1061	1011	0	0	61	60.041339531249
n1062	1013	0	0	66	60.049352343749
n1053	1018	0	0	66	60.356510156248994
n1051	1016	0	0	70	60.19358296874899
n1054	1019	0	0	70	60.43129640624899
n1049	1014	0	0	73	60.027984843749
n1052	1017	0	0	73	60.28706578124899
n1050	1015	0	0	78	60.11078390624899
n1076	1020	0	0	47	60.52477921874899
n1077	1026	0	0	56	60.78252468749898
n1064	1021	0	0	63	60.51676640624899
n1078	1024	0	0	63	60.77718281249898
n1066	1023	0	0	68	60.68503546874898
n1068	1027	0	0	68	60.85463999999897
n1065	1022	0	0	75	60.604907343748984
n1067	1025	0	0	75	60.791872968748976
n1069	1028	0	0	80	60.956135624998964
n1082	1034	0	0	46	61.26329343749894
n1079	1030	0	0	53	61.03359281249895
n1080	1029	0	0	58	61.02958640624895
n1081	deletion
n1070	1031	0	0	70	61.03492828124895
n1072	1033	0	0	70	61.196519999998934
n1074	1036	0	0	70	61.35143437499894
n1071	1032	0	0	82	61.12440468749894
n1073	1035	0	0	82	61.275312656248936
n1075	1037	0	0	82	61.43823984374894
n1095	1038	0	0	47	61.51569703124894
n1096	1046	0	0	56	61.79080359374893
n1097	1043	0	0	63	61.79614546874893
n1083	1039	0	0	75	61.52504531249894
n1085	1041	0	0	80	61.74539765624893
n1087	1044	0	0	80	61.89497015624893
n1084	1040	0	0	87	61.62921187499893
n1086	1042	0	0	87	61.79080359374893
n1088	1045	0	0	92	61.963079062498934
n1101	1053	0	0	46	62.29828171874892
n1098	1048	0	0	53	62.049884531248935
n1099	1047	0	0	58	62.048549062498935
n1100	1049	0	0	62	62.06457468749893
n1089	1050	0	0	82	62.048549062498935
n1091	1052	0	0	82	62.23551468749892
n1093	1055	0	0	82	62.414467499998906
n1090	1051	0	0	94	62.13802546874892
n1092	1054	0	0	94	62.318313749998914
n1094	1056	0	0	94	62.49726656249891
n1114	1058	0	0	47	62.604104062498905
n1115	1064	0	0	59	62.89256531249888
n1116	1063	0	0	63	62.873868749998884
n1117	1061	0	0	68	62.85784312499889
n1106	1065	0	0	80	62.96735156249887
n1102	1057	0	0	82	62.59342031249891
n1104	1060	0	0	87	62.809766249998894
n1107	1066	0	0	92	63.05148609374887
n1103	1059	0	0	94	62.6962514062489
n1105	1062	0	0	94	62.871197812498885
n1118	1067	0	0	49	63.11158218749887
n1119	1073	0	0	58	63.374669531248855
n1120	1074	0	0	61	63.376004999998855
n1121	1071	0	0	66	63.36131484374886
n1112	1075	0	0	78	63.441442968748845
n1108	1068	0	0	80	63.124936874998866
n1110	1070	0	0	85	63.286528593748855
n1113	1076	0	0	90	63.52691296874883
n1109	1069	0	0	92	63.233109843748856
n1111	1072	0	0	92	63.369327656248856
n1134	1077	0	0	47	63.62039578124883
n1135	1080	0	0	59	63.879476718748805
n1136	1084	0	0	61	63.9035151562488
n1137	1082	0	0	65	63.8955023437488
n1138	1083	0	0	68	63.8914959374988
n1122	1078	0	0	73	63.62440218749883
n1124	1081	0	0	80	63.81938062499881
n1126	1086	0	0	80	63.97963687499879
n1123	1079	0	0	85	63.74325890624881
n1125	1085	0	0	85	63.9035151562488
n1127	1087	0	0	92	64.06644234374878
n1139	1088	0	0	46	64.14657046874878
n1140	1093	0	0	58	64.39496765624877
n1141	1095	0	0	61	64.41366421874876
n1142	1092	0	0	66	64.39763859374877
n1143	1094	0	0	70	64.39897406249877
n1128	1089	0	0	78	64.15324781249878
n1130	1091	0	0	85	64.33353609374876
n1132	1097	0	0	85	64.46574749999876
n1129	1090	0	0	90	64.24405968749876
n1131	1096	0	0	90	64.40832234374876
n1133	1098	0	0	97	64.56323671874875
n1156	1099	0	0	47	64.66206140624875
n1157	1105	0	0	59	64.92648421874874
n1158	1104	0	0	63	64.92381328124874
n1159	1103	0	0	68	64.91847140624874
n1148	1107	0	0	80	65.03198624999874
n1144	1100	0	0	82	64.66473234374875
n1146	1102	0	0	87	64.84635609374874
n1149	1108	0	0	92	65.12012718749874
n1145	1101	0	0	94	64.76622796874875
n1147	1106	0	0	94	64.92514874999874
n1160	1109	0	0	49	65.17621687499873
n1161	1116	0	0	58	65.45265890624871
n1162	1115	0	0	61	65.44731703124872
n1163	1113	0	0	66	65.43129140624872
n1154	1117	0	0	78	65.5221032812487
n1150	1110	0	0	80	65.17488140624873
n1152	1112	0	0	85	65.37386624999871
n1155	1118	0	0	90	65.61024421874869
n1151	1111	0	0	92	65.27637703124871
n1153	1114	0	0	92	65.42995593749872
n1176	1119	0	0	47	65.67835312499868
n1177	deletion
n1178	deletion
n1179	1124	0	0	65	65.96948531249868
n1180	1123	0	0	68	65.96280796874868
n1164	1120	0	0	73	65.71307531249867
n1166	1122	0	0	80	65.91339562499867
n1168	1126	0	0	80	66.05361984374868
n1165	1121	0	0	85	65.82258374999867
n1167	1125	0	0	85	65.97883359374867
n1169	1127	0	0	92	66.12840609374868
n1181	1128	0	0	46	66.20452781249867
n1182	1134	0	0	58	66.46761515624866
n1183	1136	0	0	61	66.48898265624865
n1184	1132	0	0	66	66.45826687499866
n1185	1133	0	0	70	66.45025406249866
n1170	1129	0	0	78	66.21654703124867
n1172	1131	0	0	85	66.38882249999865
n1174	1137	0	0	85	66.52370484374865
n1171	1130	0	0	90	66.30335249999865
n1173	1135	0	0	90	66.45426046874866
n1175	1138	0	0	97	66.61051031249865
n1198	1139	0	0	47	66.71334140624865
n1199	1145	0	0	56	66.98043515624862
n1200	1146	0	0	63	66.98177062499862
n1201	1143	0	0	68	66.97642874999862
n1190	1147	0	0	80	67.06323421874862
n1186	1140	0	0	82	66.72268968749864
n1188	1142	0	0	87	66.90564890624862
n1191	1148	0	0	92	67.1460332812486
n1187	1141	0	0	94	66.80148234374863
n1189	1144	0	0	94	66.97776421874862
n1202	1153	0	0	47	67.51328718749859
n1196	1154	0	0	80	67.5733832812486
n1192	1149	0	0	82	67.2194840624986
n1194	1151	0	0	87	67.4051142187486
n1197	1155	0	0	92	67.6615242187486
n1193	1150	0	0	94	67.3102959374986
n1195	1152	0	0	94	67.4865778124986
n1215	1156	0	0	48	67.74031687499858
n1216	1159	0	0	56	68.00741062499856
n1217	1163	0	0	63	68.02210078124855
n1218	1162	0	0	66	68.01942984374855
n1219	1160	0	0	68	68.00073328124856
n1207	1165	0	0	80	68.13160921874855
n1203	1157	0	0	82	67.75233609374858
n1205	1161	0	0	87	67.96066921874856
n1208	1166	0	0	92	68.21574374999855
n1204	1158	0	0	94	67.85650265624857
n1206	1164	0	0	94	68.03679093749855
n1220	1171	0	0	48	68.55228187499854
n1213	1172	0	0	80	68.63775187499853
n1209	1167	0	0	82	68.29320093749855
n1211	1169	0	0	87	68.45879906249854
n1214	1173	0	0	92	68.72055093749853
n1210	1168	0	0	94	68.38000640624854
n1212	1170	0	0	94	68.54026265624854
n1233	1174	0	0	49	68.80334999999852
n1223	1177	0	0	80	69.0130185937485
n1221	1175	0	0	85	68.80468546874852
n1225	1179	0	0	85	69.17728124999849
n1224	1178	0	0	92	69.0998240624985
n1222	1176	0	0	94	68.9168648437485
n1226	1180	0	0	94	69.26542218749849
n1234	1184	0	0	56	69.34555031249847
n1235	1183	0	0	61	69.34688578124847
n1236	1181	0	0	66	69.33753749999848
n1237	1182	0	0	68	69.33620203124848
n1227	1185	0	0	80	69.36291140624847
n1231	1189	0	0	80	69.71681062499849
n1229	1187	0	0	85	69.53919328124847
n1228	1186	0	0	92	69.45505874999847
n1232	1190	0	0	92	69.80228062499849
n1230	1188	0	0	94	69.62199234374847
n1250	1192	0	0	66	69.94384031249848
n1251	1191	0	0	68	69.93182109374848
n1252	1193	0	0	73	69.91713093749848
n1240	1196	0	0	80	70.10676749999848
n1238	1194	0	0	85	69.90778265624849
n1242	1198	0	0	85	70.27236562499849
n1246	1203	0	0	85	70.6342776562485
n1241	1197	0	0	92	70.19757937499848
n1245	1201	0	0	92	70.5541495312485
n1239	1195	0	0	94	70.00260093749847
n1243	1199	0	0	94	70.37252578124848
n1247	1204	0	0	94	70.7250895312485
n1244	1200	0	0	80	70.4673440624985
n1248	1206	0	0	80	70.8239142187485
n1249	1207	0	0	92	70.9467773437485
n1270	1202	0	0	37	70.6730062499985
n1271	1205	0	0	49	70.7304314062485
n1272	1215	0	0	56	70.9935187499985
n1273	1214	0	0	61	71.1070335937485
n1274	1212	0	0	66	71.2472578124985
n1259	1216	0	0	87	72.14469281249846
n1258	1213	0	0	90	72.05655187499846
n1257	1211	0	0	92	71.90564390624847
n1269	1210	0	0	94	71.82551578124847
n1268	1209	0	0	97	71.71867828124849
n1266	1208	0	0	99	71.3367342187485
n1265	1222	0	0	73	72.76568578124846
n1264	1221	0	0	75	72.65083546874847
n1263	1220	0	0	78	72.52396593749846
n1262	1219	0	0	80	72.44784421874846
n1261	1218	0	0	82	72.32631656249845
n1260	1217	0	0	85	72.23817562499845
n1282	1228	0	0	49	73.15831359374845
n1283	1231	0	0	56	73.13160421874845
n1284	1229	0	0	59	73.15030078124845
n1278	1223	0	0	63	73.13828156249845
n1279	1225	0	0	66	73.13961703124845
n1275	1226	0	0	68	73.10355937499845
n1280	1227	0	0	61	74.22535312499838
n1281	1230	0	0	65	74.24805609374837
n1277	1233	0	0	68	75.18555515624833
n1276	1232	0	0	70	74.20532109374838
n1301	1236	0	0	54	75.29639906249831
n1294	1235	0	0	58	75.28437984374831
n1296	1237	0	0	61	75.5274351562483
n1285	1234	0	0	66	75.26701874999831
n1293	deletion
n1295	deletion
n1299	1244	0	0	56	76.04826796874828
n1297	1241	0	0	59	75.79987078124829
n1300	1243	0	0	65	76.04426156249828
n1298	1238	0	0	68	75.79052249999829
n1290	1245	0	0	85	76.04693249999828
n1292	1247	0	0	85	76.20184687499825
n1287	1239	0	0	92	75.82257374999828
n1289	1242	0	0	92	75.97748812499829
n1288	1240	0	0	94	75.90403734374829
n1291	1246	0	0	97	76.14041531249826
n1319	1254	0	0	54	76.31135531249824
n1312	1251	0	0	58	76.30734890624824
n1314	1258	0	0	61	76.53571406249822
n1313	1249	0	0	66	76.29532968749824
n1305	1255	0	0	78	76.54506234374821
n1307	1257	0	0	78	76.7026476562482
n1302	1248	0	0	85	76.30200703124824
n1304	1253	0	0	85	76.46626968749823
n1303	1250	0	0	87	76.40483812499822
n1306	1256	0	0	90	76.65724171874821
n1317	1265	0	0	56	77.08058531249819
n1315	1262	0	0	59	76.8148270312482
n1318	1264	0	0	65	77.07123703124819
n1316	1260	0	0	68	76.8134915624982
n1311	1269	0	0	73	77.06055328124819
n1308	1259	0	0	80	76.8041432812482
n1310	1263	0	0	80	76.95371578124819
n1309	1261	0	0	82	76.87892953124819
n1332	1268	0	0	54	77.34901453124817
n1333	1266	0	0	58	77.32631156249818
n1334	1267	0	0	66	77.33565984374818
n1321	1270	0	0	78	77.45184562499817
n1325	1274	0	0	78	77.72962312499814
n1322	1271	0	0	80	77.51327718749816
n1324	1273	0	0	80	77.65884328124815
n1323	1272	0	0	82	77.57337328124815
n1339	1281	0	0	49	78.09954796874811
n1336	1279	0	0	53	77.84313796874814
n1337	1277	0	0	59	77.83646062499814
n1340	1282	0	0	61	78.10355437499811
n1338	1276	0	0	63	77.82043499999814
n1326	1275	0	0	73	77.82577687499814
n1327	1278	0	0	80	77.92727249999812
n1331	1285	0	0	80	78.2371012499981
n1328	1280	0	0	85	78.00205874999811
n1330	1284	0	0	85	78.1770051562481
n1329	1283	0	0	87	78.09687703124811
n1356	1293	0	0	49	78.58432312499805
n1353	1290	0	0	54	78.33993234374809
n1354	1289	0	0	58	78.34126781249809
n1357	1292	0	0	61	78.58699406249805
n1355	1287	0	0	63	78.33191953124809
n1341	1286	0	0	78	78.33459046874809
n1342	1288	0	0	85	78.43475062499807
n1346	1296	0	0	87	78.75526312499805
n1343	1291	0	0	90	78.52022062499806
n1345	1295	0	0	90	78.67647046874805
n1344	1294	0	0	92	78.59634234374805
n1361	1304	0	0	49	79.10782687499801
n1358	1300	0	0	53	78.82337203124804
n1359	1299	0	0	59	78.81936562499804
n1362	1303	0	0	61	79.09580765624801
n1360	1297	0	0	63	78.81936562499804
n1347	1298	0	0	85	78.83939765624804
n1348	1301	0	0	92	78.93555140624802
n1352	1307	0	0	92	79.256063906248
n1349	1302	0	0	97	79.02102140624801
n1351	1306	0	0	97	79.175935781248
n1350	1305	0	0	99	79.09847859374801
n1382	1312	0	0	54	79.373585156248
n1375	1311	0	0	58	79.372249687498
n1377	1317	0	0	61	79.62064687499797
n1376	1314	0	0	66	79.352217656248
n1366	1313	0	0	85	79.62331781249797
n1368	1316	0	0	85	79.79559328124795
n1363	1308	0	0	90	79.349546718748
n1365	1310	0	0	90	79.54318968749799
n1364	1309	0	0	92	79.45104234374799
n1367	1315	0	0	97	79.72080703124796
n1380	1325	0	0	56	80.2429753124979
n1378	1321	0	0	59	79.91712093749794
n1381	1323	0	0	65	80.2322915624979
n1379	1319	0	0	68	79.93448203124794
n1372	1324	0	0	80	80.2322915624979
n1374	1327	0	0	80	80.3845349999979
n1369	1318	0	0	85	79.92646921874794
n1371	1322	0	0	85	80.13346687499791
n1370	1320	0	0	87	80.04532593749792
n1373	1326	0	0	92	80.2990649999979
n1397	1332	0	0	54	80.4900370312479
n1390	1331	0	0	58	80.4833596874979
n1392	1337	0	0	61	80.69837015624786
n1391	1333	0	0	66	80.4646631249979
n1386	1334	0	0	78	80.71840218749786
n1388	1336	0	0	78	80.88266484374785
n1383	1328	0	0	80	80.4833596874979
n1385	1330	0	0	80	80.64628687499787
n1384	1329	0	0	82	80.56081687499788
n1387	1335	0	0	90	80.79585937499785
n1395	1341	0	0	56	81.3060084374978
n1393	1339	0	0	59	80.99350874999783
n1396	1340	0	0	65	81.2953246874978
n1394	1338	0	0	68	81.00552796874783
n1389	1342	0	0	73	81.00152156249783
n1410	1349	0	0	54	81.59714062499778
n1411	1347	0	0	58	81.58245046874778
n1413	1348	0	0	61	81.82149937499774
n1412	1343	0	0	66	81.57710859374778
n1399	1344	0	0	78	81.69062343749776
n1403	1352	0	0	78	81.99243937499772
n1400	1345	0	0	80	81.76540968749775
n1402	1351	0	0	80	81.93768515624772
n1401	1350	0	0	82	81.83351859374774
n1417	1360	0	0	49	82.35034499999767
n1414	1357	0	0	53	82.0899285937477
n1415	1355	0	0	59	82.0845867187477
n1418	1359	0	0	61	82.34633859374767
n1416	1354	0	0	63	82.0952704687477
n1404	1353	0	0	73	82.0859221874977
n1405	1356	0	0	80	82.1753985937477
n1409	1363	0	0	80	82.50258843749766
n1406	1358	0	0	85	82.25552671874769
n1408	1362	0	0	85	82.43715046874766
n1407	1361	0	0	87	82.35568687499767
n1434	1371	0	0	49	82.85114578124761
n1431	1368	0	0	54	82.60141312499765
n1432	1367	0	0	58	82.59340031249765
n1435	1370	0	0	61	82.85114578124761
n1433	1365	0	0	63	82.59340031249765
n1419	1364	0	0	78	82.59072937499765
n1420	1366	0	0	85	82.68688312499764
n1424	1374	0	0	85	83.0234212499976
n1421	1369	0	0	90	82.77235312499762
n1423	1373	0	0	90	82.9619896874976
n1422	1372	0	0	92	82.8725132812476
n1439	1381	0	0	49	83.37331406249756
n1436	1377	0	0	53	83.11423312499758
n1437	1376	0	0	59	83.10354937499758
n1440	1382	0	0	61	83.40135890624755
n1438	1375	0	0	63	83.11022671874758
n1425	1378	0	0	80	83.11957499999758
n1426	1379	0	0	85	83.20103859374757
n1430	1386	0	0	85	83.52555749999755
n1427	1380	0	0	92	83.29185046874755
n1429	1384	0	0	92	83.44943578124754
n1428	1383	0	0	94	83.37331406249756
n1453	1385	0	0	54	83.53357031249755
n1454	1387	0	0	61	83.54158312499754
n1455	1388	0	0	70	83.62838859374753
n1444	1392	0	0	82	83.88479859374752
n1442	1390	0	0	85	83.72187140624752
n1446	1394	0	0	85	84.02502281249751
n1443	1391	0	0	92	83.79131578124752
n1445	1393	0	0	92	83.95157203124752
n1441	1389	0	0	94	83.62705312499753
n1457	1397	0	0	49	84.22400765624748
n1458	1399	0	0	56	84.25071703124748
n1459	1404	0	0	59	84.30547124999747
n1460	1400	0	0	65	84.35354812499746
n1452	1403	0	0	73	84.49644328124744
n1450	1401	0	0	80	84.34019343749746
n1448	1396	0	0	82	84.17593078124749
n1451	1402	0	0	85	84.41497968749745
n1449	1398	0	0	87	84.25338796874748
n1447	1395	0	0	90	84.1038154687475
n1473	1407	0	0	54	84.59793890624742
n1474	1405	0	0	58	84.58057781249742
n1475	1406	0	0	66	84.58725515624742
n1464	1411	0	0	70	84.8263040624974
n1462	1409	0	0	73	84.67539609374741
n1466	1413	0	0	73	84.96786374999738
n1463	1410	0	0	80	84.7448404687474
n1465	1412	0	0	80	84.92379328124738
n1461	1408	0	0	82	84.58725515624742
n1477	1416	0	0	37	85.26834421874734
n1478	1421	0	0	47	85.29638906249734
n1479	1419	0	0	53	85.35648515624733
n1472	1422	0	0	61	85.47133546874731
n1470	1418	0	0	68	85.30974374999734
n1468	1415	0	0	70	85.13346187499737
n1471	1420	0	0	73	85.38853640624733
n1469	1417	0	0	75	85.22026734374735
n1467	1414	0	0	78	85.05734015624738
n1492	1425	0	0	42	85.5688246874973
n1493	1424	0	0	46	85.5594764062473
n1494	1423	0	0	54	85.5581409374973
n1483	1429	0	0	58	85.81054453124727
n1481	1427	0	0	61	85.65830109374728
n1485	1431	0	0	61	85.96679437499725
n1482	1428	0	0	68	85.74243562499727
n1484	1430	0	0	68	85.91871749999726
n1480	1426	0	0	70	85.5741665624973
n1496	1435	0	0	37	86.30466796874721
n1491	1438	0	0	49	86.47026609374718
n1489	1436	0	0	56	86.30867437499721
n1487	1433	0	0	58	86.13372796874722
n1490	1437	0	0	61	86.3901379687472
n1488	1434	0	0	63	86.22320437499721
n1486	1432	0	0	66	86.06828999999723
n1509	1440	0	0	30	86.55573609374717
n1511	1446	0	0	37	86.81481703124714
n1510	1439	0	0	42	86.55440062499717
n1500	1447	0	0	49	86.84553281249714
n1498	1443	0	0	54	86.66257359374715
n1502	1449	0	0	56	86.98041515624713
n1497	1441	0	0	58	86.56107796874717
n1501	1448	0	0	61	86.93233828124714
n1499	1445	0	0	63	86.74670812499714
n1512	1451	0	0	30	87.07790437499712
n1514	1455	0	0	37	87.32897249999709
n1513	1450	0	0	42	87.06989156249712
n1506	1456	0	0	49	87.35701734374709
n1504	1453	0	0	54	87.1700517187471
n1508	1459	0	0	56	87.46118390624709
n1503	1452	0	0	58	87.07656890624712
n1507	1457	0	0	61	87.35434640624709
n1517	1458	0	0	61	87.45717749999709
n1522	1464	0	0	61	87.84713437499705
n1505	1454	0	0	63	87.2662054687471
n1528	1461	0	0	30	87.58271156249708
n1529	1460	0	0	42	87.57336328124708
n1519	1466	0	0	54	88.00204874999703
n1518	1465	0	0	56	87.91123687499704
n1515	1462	0	0	58	87.56535046874708
n1516	1463	0	0	58	87.86716640624705
n1532	1471	0	0	42	88.31454843749698
n1533	1474	0	0	49	88.39334109374698
n1523	1470	0	0	58	88.27581984374699
n1534	1476	0	0	58	88.49750765624697
n1527	1477	0	0	61	88.53890718749696
n1520	1467	0	0	63	88.09953796874701
n1526	1475	0	0	63	88.44141796874698
n1521	1468	0	0	66	88.09686703124702
n1524	1472	0	0	66	88.36930265624699
n1525	1473	0	0	70	88.36663171874699
n1551	1478	0	0	42	88.63372546874695
n1554	1485	0	0	46	88.9034901562469
n1552	1482	0	0	49	88.71919546874693
n1555	1488	0	0	54	88.97827640624689
n1553	1484	0	0	58	88.80600093749692
n1556	1491	0	0	61	89.07977203124689
n1538	1483	0	0	66	88.80466546874692
n1537	1481	0	0	68	88.71919546874693
n1535	1479	0	0	70	88.63372546874695
n1542	1490	0	0	70	89.06641734374689
n1536	1480	0	0	73	88.64975109374694
n1541	1489	0	0	73	88.98628921874689
n1539	1486	0	0	75	88.9074965624969
n1540	1487	0	0	78	88.8994837499969
n1557	1492	0	0	49	89.15322281249688
n1560	1499	0	0	54	89.41898109374684
n1558	1496	0	0	58	89.21198343749687
n1561	1502	0	0	61	89.49643828124682
n1559	1498	0	0	66	89.33484656249685
n1562	1505	0	0	70	89.6246432812468
n1546	1497	0	0	73	89.34152390624685
n1545	1495	0	0	75	89.22533812499687
n1543	1493	0	0	78	89.15055187499688
n1550	1504	0	0	78	89.60461124999681
n1549	1503	0	0	80	89.49243187499683
n1544	1494	0	0	82	89.16123562499688
n1547	1500	0	0	82	89.41631015624684
n1548	1501	0	0	85	89.41363921874684
n1579	1506	0	0	58	89.6834039062468
n1582	1513	0	0	61	89.94649124999678
n1580	1509	0	0	66	89.74483546874679
n1583	deletion
n1581	1512	0	0	73	89.85434390624678
n1584	1518	0	0	78	90.16016624999676
n1566	1511	0	0	82	89.85434390624678
n1565	1510	0	0	85	89.75952562499678
n1570	1517	0	0	85	90.12544406249677
n1563	1507	0	0	87	89.6780620312468
n1571	1519	0	0	87	90.23228156249675
n1577	1529	0	0	87	90.55947140624671
n1591	1534	0	0	87	90.7384242187467
n1569	deletion
n1564	1508	0	0	90	89.6767265624968
n1567	1515	0	0	90	89.95049765624678
n1568	1514	0	0	94	89.94782671874678
n1588	1526	0	0	61	90.47934328124673
n1585	1521	0	0	66	90.23094609374675
n1586	1524	0	0	70	90.32442890624675
n1589	1530	0	0	70	90.56614874999671
n1587	1523	0	0	78	90.37784765624674
n1590	1532	0	0	78	90.66096703124671
n1574	1525	0	0	82	90.40589249999674
n1573	1522	0	0	85	90.30039046874676
n1578	1531	0	0	85	90.65028328124671
n1572	1520	0	0	90	90.20557218749676
n1575	1528	0	0	90	90.47667234374673
n1576	1527	0	0	94	90.48067874999673
n1610	1541	0	0	61	91.01486624999667
n1616	1555	0	0	61	91.55973749999664
n1607	1536	0	0	66	90.7344178124967
n1608	1540	0	0	70	90.85995187499668
n1614	1553	0	0	70	91.37544281249666
n1617	1559	0	0	70	91.61048531249664
n1611	1546	0	0	70	91.09766531249667
n1609	1537	0	0	78	90.86128734374668
n1612	1547	0	0	78	91.19648999999667
n1615	1550	0	0	78	91.40615859374665
n1594	1539	0	0	82	90.92138343749667
n1602	1554	0	0	82	91.45423546874665
n1593	1538	0	0	85	90.80920406249669
n1601	1551	0	0	85	91.35541078124666
n1598	1545	0	0	85	91.17245156249668
n1597	1544	0	0	87	91.09232343749667
n1592	1535	0	0	90	90.7304114062467
n1595	1542	0	0	90	91.00685343749667
n1596	1543	0	0	94	91.00952437499667
n1604	1557	0	0	94	91.53436359374665
n1613	1552	0	0	66	91.26326343749666
n1618	1561	0	0	78	91.71465187499663
n1606	1560	0	0	85	91.68260062499664
n1599	1548	0	0	87	91.26326343749666
n1605	1558	0	0	87	91.61048531249664
n1600	1549	0	0	90	91.26326343749666
n1603	1556	0	0	90	91.53436359374665
n1650	1580	0	0	46	92.76833671874657
n1648	1577	0	0	49	92.61208687499658
n1646	1573	0	0	51	92.41577296874658
n1644	1568	0	0	54	92.1914142187466
n1655	1588	0	0	54	93.03810140624655
n1664	1608	0	0	54	93.61235296874649
n1674	1612	0	0	54	94.10914734374647
n1651	1578	0	0	58	92.75765296874657
n1649	1574	0	0	61	92.60808046874658
n1647	1571	0	0	63	92.41310203124658
n1642	1564	0	0	66	91.78142531249662
n1645	1567	0	0	66	92.1914142187466
n1628	1579	0	0	70	92.76833671874657
n1626	1575	0	0	73	92.61475781249658
n1624	1570	0	0	75	92.41443749999658
n1622	1566	0	0	78	92.1834014062466
n1619	1562	0	0	82	91.77608343749662
n1629	1581	0	0	82	92.77234312499657
n1627	1576	0	0	85	92.61208687499658
n1625	1572	0	0	87	92.41577296874658
n1620	1563	0	0	90	91.77741890624662
n1623	1569	0	0	90	92.1834014062466
n1662	1604	0	0	32	93.46945781249651
insertion	1611	0	0	32	93.65642343749649
n1660	1600	0	0	34	93.37330406249653
n1658	1596	0	0	37	93.23708624999654
insertion	1605	0	0	37	93.5749598437465
n1656	deletion
n1654	1589	0	0	42	93.03275953124655
insertion	1601	0	0	42	93.45076124999652
n1652	1585	0	0	44	92.90054812499656
n1663	deletion
n1661	1597	0	0	46	93.33056906249654
n1659	1594	0	0	49	93.23441531249654
n1657	1591	0	0	51	93.11155218749654
n1653	1582	0	0	56	92.88986437499656
n1640	1602	0	0	56	93.45877406249652
n1638	1598	0	0	58	93.33858187499654
n1636	1593	0	0	61	93.23040890624654
n1634	1590	0	0	63	93.11555859374654
n1632	1586	0	0	66	93.00605015624656
n1630	1584	0	0	68	92.89921265624656
n1641	1603	0	0	68	93.48014156249651
n1639	1599	0	0	70	93.35193656249653
n1637	1595	0	0	73	93.23842171874654
n1635	1592	0	0	75	93.12757781249654
n1633	1587	0	0	78	93.01272749999656
n1631	1583	0	0	80	92.90188359374656
n1671	1606	0	0	30	93.61903031249649
n1672	1607	0	0	42	93.61101749999649
n1665	1610	0	0	66	93.61769484374649
n1675	1617	0	0	61	94.31480953124648
n1676	1615	0	0	70	94.33484156249648
n1667	1613	0	0	82	94.18126265624647
n1668	1614	0	0	85	94.23868781249648
n1669	1618	0	0	90	94.31213859374648
n1670	1616	0	0	94	94.33083515624648
n1678	1619	0	0	30	95.34712687499646
n1679	1621	0	0	42	95.34178499999646
n1677	1620	0	0	54	95.34044953124646
insertion	243	0	0	91	13.966332187499978
insertion	481	0	0	43	27.706970156249923
insertion	610	0	0	82	34.42037156249976
insertion	608	0	0	84	34.226728593749776
insertion	613	0	0	77	34.52320265624975
insertion	618	0	0	75	34.61401453124974
insertion	622	0	0	63	34.958565468749725
insertion	625	0	0	66	35.08409953124973
insertion	623	0	0	62	34.97726203124972
insertion	629	0	0	60	35.28441984374972
insertion	630	0	0	59	35.304451874999714
insertion	824	0	0	96	50.09343281249941
insertion	852	0	0	60	51.34343156249936
insertion	923	0	0	58	55.72243359374919
insertion	989	0	0	89	58.79267624999908
insertion	1000	0	0	83	59.49513281249902
insertion	1224	0	0	63	73.20104859374844
insertion	1252	0	0	66	76.37011593749823
insertion	1346	0	0	66	81.65990765624777
insertion	1444	0	0	54	86.71332140624715
insertion	1442	0	0	53	86.67726374999715
insertion	1469	0	0	60	88.206375468747
insertion	1516	0	0	86	90.06534796874678
insertion	1533	0	0	85	90.7744818749967
insertion	1565	0	0	68	91.82282484374662
insertion	1609	0	0	63	93.65108156249649
