xml_id	midi_id	track	channel	pitch	onset
n16	22	1	0	36	2.01255140625
n17	0	1	0	48	2.00720953125
n1	24	1	0	48	2.2636195312500003
n2	1	1	0	55	2.4011728125000005
n3	2	1	0	60	2.5213650000000003
n5	4	1	0	60	2.7283626562500003
n4	3	1	0	64	2.62152515625
n6	5	1	0	67	2.83520015625
n7	6	1	0	72	2.92334109375
n9	8	1	0	72	3.119655
n8	7	1	0	76	3.02216578125
n10	9	1	0	79	3.23049890625
n11	10	1	0	84	3.306620625
n13	12	1	0	84	3.4989281249999995
n12	11	1	0	88	3.4027743749999995
n14	13	1	0	91	3.5843981249999994
n15	14	1	0	96	3.665861718749999
n21	18	1	0	84	4.022431874999999
n20	17	1	0	91	3.935626406249999
n19	16	1	0	96	3.8434790624999993
n18	15	1	0	100	3.754002656249999
n25	23	1	0	72	4.384343906249999
n24	21	1	0	79	4.288190156249999
n23	20	1	0	84	4.204055624999999
n22	19	1	0	88	4.102559999999999
n29	29	1	0	60	4.730230312499997
n28	27	1	0	67	4.659450468749998
n27	26	1	0	72	4.556619374999998
n26	25	1	0	76	4.468478437499998
n33	33	1	0	48	5.0961487499999985
n32	32	1	0	55	4.999994999999998
n31	31	1	0	60	4.910518593749998
n30	30	1	0	64	4.821042187499998
n51	50	1	0	29	5.194973437499998
n52	46	1	0	41	5.1923024999999985
n36	34	1	0	48	5.284449843749999
n37	35	1	0	57	5.41666125
n38	36	1	0	60	5.52216328125
n40	38	1	0	60	5.682419531250001
n39	37	1	0	65	5.603626875000001
n41	39	1	0	69	5.777237812500001
n42	40	1	0	72	5.876062500000001
n44	42	1	0	72	6.05100890625
n43	41	1	0	77	5.954855156250001
n45	43	1	0	81	6.13647890625
n46	44	1	0	84	6.23931
n48	47	1	0	84	6.40090171875
n47	45	1	0	89	6.3194381250000005
n49	48	1	0	93	6.490378125
n50	49	1	0	96	6.57718359375
n69	65	1	0	30	6.66265359375
n70	67	1	0	42	6.65597625
n56	54	1	0	84	6.932418281250002
n55	53	1	0	93	6.8456128125000015
n54	52	1	0	96	6.75213
n53	51	1	0	100	6.66666
n60	59	1	0	72	7.295665781250001
n59	58	1	0	81	7.2088603125000015
n58	57	1	0	84	7.116712968750001
n57	55	1	0	88	7.020559218750002
n64	63	1	0	60	7.653571406250001
n63	62	1	0	69	7.573443281250001
n62	61	1	0	72	7.474618593750001
n61	60	1	0	76	7.379800312500001
n68	69	1	0	48	8.08626328125
n67	68	1	0	57	7.972748437500001
n66	66	1	0	60	7.875259218750001
n65	64	1	0	62	7.780440937500001
n86	76	1	0	31	8.214468281250001
n87	74	1	0	43	8.2077909375
n71	70	1	0	47	8.303944687500001
n72	71	1	0	55	8.434820625000002
n73	72	1	0	59	8.533645312500004
n75	75	1	0	59	8.703249843750005
n74	73	1	0	62	8.627128125000004
n76	77	1	0	67	8.802074531250003
n77	78	1	0	71	8.879531718750004
n88	84	1	0	30	8.987704687500004
n89	80	1	0	42	8.979691875000004
n79	81	1	0	71	9.094542187500004
n78	79	1	0	74	8.981027343750004
n80	83	1	0	79	9.198708750000003
n81	85	1	0	83	9.278836875000001
n90	93	1	0	28	9.37098421875
n91	89	1	0	40	9.364306875
n83	90	1	0	83	9.4684734375
n82	86	1	0	86	9.36831328125
n84	91	1	0	91	9.556614375
n85	92	1	0	93	9.64742625
n108	106	1	0	26	9.75827015625
n109	112	1	0	38	9.75426375
n95	98	1	0	84	10.026699374999998
n94	97	1	0	90	9.930545624999997
n93	96	1	0	93	9.834391874999998
n92	94	1	0	98	9.74224453125
n99	102	1	0	72	10.388611406249996
n98	101	1	0	78	10.295128593749997
n97	100	1	0	81	10.210994062499998
n96	99	1	0	86	10.109498437499997
n103	107	1	0	60	10.742510624999996
n102	105	1	0	66	10.657040624999995
n101	104	1	0	69	10.571570624999996
n100	103	1	0	74	10.479423281249996
n107	111	1	0	48	11.112435468749993
n106	110	1	0	54	11.021623593749993
n105	109	1	0	57	10.929476249999995
n104	108	1	0	62	10.835993437499996
n125	143	1	0	31	11.232627656249994
n126	148	1	0	43	11.223279374999994
n110	113	1	0	48	11.311420312499994
n111	114	1	0	53	11.418257812499993
n112	115	1	0	56	11.514411562499994
n114	117	1	0	60	11.701377187499991
n113	116	1	0	62	11.621249062499992
n115	118	1	0	65	11.789518124999992
n116	119	1	0	68	11.878994531249992
n118	121	1	0	72	12.056611874999993
n117	120	1	0	74	11.971141874999992
n119	122	1	0	77	12.138075468749992
n120	123	1	0	80	12.232893749999992
n122	125	1	0	84	12.41318203124999
n121	124	1	0	86	12.31969921874999
n123	126	1	0	89	12.49063921874999
n124	127	1	0	92	12.58278656249999
n130	133	1	0	83	12.911311874999988
n129	131	1	0	89	12.828512812499989
n128	130	1	0	91	12.74437828124999
n127	128	1	0	98	12.64021171874999
n134	138	1	0	71	13.281236718749987
n133	137	1	0	77	13.186418437499988
n132	136	1	0	79	13.084922812499988
n131	135	1	0	86	13.003459218749988
n138	142	1	0	59	13.627123124999986
n137	141	1	0	65	13.544324062499987
n136	140	1	0	67	13.454847656249989
n135	139	1	0	74	13.366706718749988
n142	147	1	0	47	14.055808593749987
n141	146	1	0	53	13.940958281249987
n140	145	1	0	55	13.843469062499986
n139	144	1	0	63	13.740637968749986
n160	172	1	0	36	14.166652499999987
n145	173	1	0	48	14.297528437499986
n161	deletion
n146	149	1	0	55	14.420391562499988
n147	150	1	0	60	14.50986796874999
n149	152	1	0	60	14.682143437499988
n148	151	1	0	64	14.60468624999999
n150	153	1	0	67	14.775626249999988
n151	154	1	0	72	14.850412499999988
n153	156	1	0	72	15.038713593749987
n152	155	1	0	76	14.942559843749988
n154	158	1	0	79	15.129525468749987
n155	159	1	0	84	15.213659999999987
n157	161	1	0	84	15.388606406249984
n156	160	1	0	88	15.312484687499985
n158	162	1	0	91	15.476747343749985
n159	163	1	0	96	15.550198124999984
n165	167	1	0	84	15.885400781249984
n164	166	1	0	91	15.790582499999983
n163	165	1	0	96	15.707783437499984
n162	164	1	0	100	15.628990781249984
n169	174	1	0	72	16.23662906249998
n168	171	1	0	79	16.14047531249998
n167	170	1	0	84	16.053669843749983
n166	168	1	0	88	15.964193437499985
n173	178	1	0	60	16.57450265624998
n172	177	1	0	67	16.502387343749977
n171	176	1	0	72	16.403562656249978
n170	175	1	0	76	16.32744093749998
n177	183	1	0	48	16.929737343749977
n176	182	1	0	55	16.84159640624998
n175	181	1	0	60	16.761468281249982
n174	179	1	0	64	16.669320937499982
n195	217	1	0	33	17.024555624999977
n196	214	1	0	45	17.019213749999977
n180	184	1	0	48	17.118038437499976
n181	185	1	0	53	17.236895156249975
n182	186	1	0	60	17.339726249999977
n184	189	1	0	60	17.538711093749978
n183	187	1	0	65	17.447899218749974
n185	190	1	0	65	17.622845624999975
n186	191	1	0	72	17.702973749999977
n188	193	1	0	72	17.887268437499976
n187	192	1	0	77	17.792450156249977
n189	194	1	0	77	17.966061093749975
n190	195	1	0	84	18.055537499999975
n192	197	1	0	84	18.243838593749974
n191	196	1	0	89	18.151691249999974
n193	198	1	0	89	18.318624843749973
n194	199	1	0	96	18.402759374999974
n200	203	1	0	84	18.74597484374998
n199	202	1	0	90	18.672524062499978
n198	201	1	0	96	18.569692968749976
n197	200	1	0	100	18.484222968749975
n204	207	1	0	72	19.08251296874998
n203	206	1	0	78	19.00238484374998
n202	205	1	0	84	18.91023749999998
n201	204	1	0	88	18.82476749999998
n208	211	1	0	60	19.43374124999998
n207	210	1	0	66	19.36296140624998
n206	209	1	0	72	19.26947859374998
n205	208	1	0	76	19.190685937499982
n212	216	1	0	48	19.799659687499975
n211	215	1	0	54	19.716860624999974
n210	213	1	0	60	19.631390624999977
n209	212	1	0	64	19.533901406249978
n230	244	1	0	31	19.919851874999974
n231	250	1	0	43	19.914509999999975
n215	218	1	0	48	19.990631718749974
n216	219	1	0	55	20.09613374999997
n217	220	1	0	60	20.205642187499972
n219	222	1	0	60	20.36856937499997
n218	221	1	0	62	20.288441249999973
n220	223	1	0	67	20.46071671874997
n221	224	1	0	72	20.53950937499997
n223	226	1	0	72	20.726474999999965
n222	225	1	0	74	20.646346874999967
n224	227	1	0	79	20.822628749999964
n225	228	1	0	84	20.897414999999963
n227	230	1	0	84	21.072361406249964
n226	229	1	0	86	20.990897812499966
n228	231	1	0	91	21.185876249999964
n229	232	1	0	96	21.241965937499963
n235	236	1	0	83	21.614561718749968
n234	235	1	0	91	21.51440156249997
n233	234	1	0	95	21.435608906249968
n232	233	1	0	98	21.328771406249963
n239	240	1	0	71	21.95510624999997
n238	239	1	0	79	21.86696531249997
n237	238	1	0	83	21.77882437499997
n236	237	1	0	86	21.68934796874997
n243	245	1	0	59	22.32102468749997
n242	243	1	0	67	22.239561093749973
n241	242	1	0	71	22.134059062499972
n240	241	1	0	74	22.04591812499997
n247	249	1	0	47	22.676259374999976
n246	248	1	0	55	22.585447499999972
n245	247	1	0	59	22.493300156249973
n244	246	1	0	62	22.422520312499973
n265	277	1	0	36	22.815148124999975
n266	275	1	0	48	22.808470781249977
n250	251	1	0	50	22.940682187499977
n251	252	1	0	55	23.01146203124998
n252	253	1	0	62	23.119634999999978
n254	255	1	0	62	23.313277968749976
n253	254	1	0	64	23.218459687499976
n255	256	1	0	67	23.405425312499975
n256	257	1	0	74	23.47620515624998
n258	259	1	0	74	23.664506249999977
n257	258	1	0	76	23.576365312499977
n259	260	1	0	79	23.74864078124998
n260	261	1	0	86	23.832775312499976
n262	263	1	0	86	24.014399062499976
n261	262	1	0	88	23.932935468749978
n263	265	1	0	91	24.093191718749978
n264	266	1	0	98	24.174655312499976
n270	270	1	0	84	24.524548124999974
n269	269	1	0	91	24.444419999999973
n268	268	1	0	96	24.353608124999973
n267	267	1	0	100	24.264131718749972
n274	274	1	0	72	24.879782812499975
n273	273	1	0	79	24.787635468749976
n272	272	1	0	84	24.688810781249977
n271	271	1	0	88	24.611353593749975
n278	280	1	0	60	25.245701249999975
n280	282	1	0	60	25.427324999999975
n277	279	1	0	67	25.168244062499976
n276	278	1	0	72	25.053393749999977
n275	276	1	0	76	24.978607499999974
n282	284	1	0	48	25.611619687499974
n281	283	1	0	55	25.523478749999974
n279	281	1	0	64	25.351203281249976
n300	302	1	0	33	25.751843906249974
n301	301	1	0	45	25.745166562499975
n285	286	1	0	52	25.990892812499972
n286	288	1	0	60	26.188542187499973
n287	289	1	0	64	26.280689531249973
n289	291	1	0	64	26.482345312499977
n288	290	1	0	65	26.388862499999973
n290	292	1	0	72	26.587847343749978
n291	293	1	0	76	26.658627187499977
n293	295	1	0	76	26.82956718749998
n292	294	1	0	77	26.76012281249998
n294	297	1	0	84	26.928391874999978
n295	298	1	0	88	27.003178124999977
n297	300	1	0	88	27.198156562499975
n296	299	1	0	89	27.102002812499975
n298	303	1	0	96	27.286297499999975
n299	304	1	0	100	27.358412812499974
n318	316	1	0	35	27.454566562499974
n319	313	1	0	47	27.446553749999975
n305	309	1	0	86	27.74169234374998
n304	307	1	0	95	27.645538593749972
n303	306	1	0	98	27.545378437499974
n302	305	1	0	101	27.446553749999975
n309	315	1	0	74	28.10761078124997
n308	314	1	0	83	28.015463437499974
n307	312	1	0	86	27.928657968749977
n306	310	1	0	89	27.833839687499978
n320	320	1	0	33	28.210441874999965
n321	321	1	0	45	28.199758124999967
n313	322	1	0	62	28.485548437499965
n312	319	1	0	71	28.400078437499964
n311	318	1	0	74	28.302589218749965
n310	317	1	0	77	28.209106406249965
n317	327	1	0	50	28.890195468749962
n316	325	1	0	59	28.78736437499996
n315	324	1	0	62	28.68720421874996
n314	323	1	0	65	28.588379531249963
n337	341	1	0	32	29.022406874999962
n338	342	1	0	44	29.017064999999963
n322	329	1	0	50	29.134586249999963
n323	330	1	0	59	29.285494218749964
n324	331	1	0	62	29.382983437499963
n326	333	1	0	62	29.55125249999996
n325	332	1	0	64	29.468453437499964
n327	334	1	0	71	29.65141265624996
n328	335	1	0	74	29.72352796874996
n330	337	1	0	74	29.90648718749996
n329	336	1	0	76	29.827694531249957
n331	338	1	0	83	29.99863453124996
n332	339	1	0	86	30.065407968749955
n334	343	1	0	86	30.247031718749955
n333	340	1	0	88	30.164232656249954
n335	344	1	0	95	30.335172656249956
n336	345	1	0	98	30.405952499999955
n355	355	1	0	33	30.511454531249953
n356	352	1	0	45	30.503441718749954
n342	349	1	0	84	30.782554687499953
n341	348	1	0	93	30.694413749999953
n340	347	1	0	96	30.595589062499954
n339	346	1	0	100	30.499435312499955
n346	354	1	0	72	31.124434687499956
n345	353	1	0	81	31.040300156249955
n344	351	1	0	84	30.953494687499955
n343	350	1	0	88	30.862682812499955
n357	357	1	0	31	31.235278593749953
n358	359	1	0	43	31.227265781249955
n350	361	1	0	60	31.507714218749946
n349	360	1	0	69	31.41423140624995
n348	358	1	0	72	31.319413124999954
n347	356	1	0	76	31.223259374999955
n354	365	1	0	48	31.882980937499944
n353	364	1	0	57	31.784156249999945
n352	363	1	0	60	31.696015312499945
n351	362	1	0	64	31.597190624999946
n374	401	1	0	29	32.011185937499945
n375	400	1	0	41	32.00450859374995
n359	367	1	0	48	32.08463671874994
n360	368	1	0	57	32.218183593749934
n361	369	1	0	60	32.31567281249993
n363	371	1	0	60	32.48527734374993
n362	370	1	0	64	32.40247828124993
n364	372	1	0	69	32.58143109374993
n365	373	1	0	72	32.65354640624993
n367	375	1	0	72	32.83650562499993
n366	374	1	0	76	32.74970015624993
n368	376	1	0	81	32.92064015624993
n369	377	1	0	84	32.99275546874993
n371	379	1	0	84	33.19307578124993
n370	378	1	0	88	33.08356734374993
n372	381	1	0	93	33.262520156249934
n373	380	1	0	96	33.33597093749994
n379	385	1	0	83	33.661825312499914
n378	384	1	0	93	33.58036171874991
n377	383	1	0	95	33.51759468749992
n376	382	1	0	99	33.41743453124993
n383	391	1	0	71	33.997027968749904
n382	390	1	0	81	33.91957078124991
n381	388	1	0	83	33.85413281249991
n380	386	1	0	87	33.743288906249916
n387	396	1	0	59	34.34024343749991
n386	395	1	0	69	34.25076703124991
n385	394	1	0	71	34.18532906249991
n384	392	1	0	75	34.081162499999905
n391	402	1	0	47	34.69414265624991
n390	399	1	0	57	34.573950468749906
n389	398	1	0	59	34.529879999999906
n388	397	1	0	63	34.42170703124991
n409	431	1	0	28	34.80498656249991
n410	438	1	0	40	34.794302812499915
n394	403	1	0	47	34.88645015624991
n395	405	1	0	57	35.0093132812499
n396	406	1	0	59	35.101460624999895
n398	408	1	0	59	35.2577104687499
n397	407	1	0	64	35.1789178124999
n399	409	1	0	69	35.3525287499999
n400	410	1	0	71	35.455359843749896
n402	412	1	0	71	35.61160968749989
n401	411	1	0	76	35.52480421874989
n403	414	1	0	81	35.69975062499989
n404	415	1	0	83	35.79056249999989
n406	417	1	0	83	35.9494832812499
n405	416	1	0	88	35.864013281249896
n407	418	1	0	93	36.0322823437499
n408	419	1	0	95	36.1284360937499
n414	423	1	0	83	36.47565796874987
n413	422	1	0	92	36.370155937499874
n412	421	1	0	95	36.299376093749885
n411	420	1	0	100	36.20055140624989
n418	427	1	0	71	36.806854218749876
n417	426	1	0	80	36.718713281249876
n416	425	1	0	83	36.629236874999876
n415	424	1	0	88	36.546437812499875
n422	432	1	0	59	37.17143718749988
n421	430	1	0	68	37.05658687499988
n420	429	1	0	71	36.97378781249988
n419	428	1	0	76	36.88831781249988
n426	436	1	0	47	37.55338124999989
n425	435	1	0	56	37.430518124999885
n424	434	1	0	59	37.335699843749886
n423	433	1	0	64	37.26224906249988
n444	448	1	0	33	37.69761187499989
n445	455	1	0	45	37.688263593749895
n429	439	1	0	52	37.836500624999886
n430	440	1	0	57	37.942002656249876
n431	441	1	0	61	38.03815640624986
n433	443	1	0	64	38.24114765624985
n432	442	1	0	67	38.131639218749854
n434	444	1	0	69	38.32261124999985
n435	445	1	0	73	38.40541031249985
n437	447	1	0	76	38.56299562499985
n436	446	1	0	79	38.47886109374985
n438	449	1	0	81	38.648465624999844
n439	450	1	0	85	38.739277499999844
n443	454	1	0	76	39.07180921874983
n442	453	1	0	81	38.974319999999835
n441	452	1	0	85	38.89285640624984
n440	451	1	0	91	38.815399218749846
n462	471	1	0	38	39.198678749999814
n463	464	1	0	50	39.187994999999816
n449	459	1	0	76	39.46176609374979
n448	458	1	0	81	39.36160593749979
n447	457	1	0	84	39.2734649999998
n446	456	1	0	91	39.17864671874982
n453	463	1	0	64	39.79563328124979
n452	462	1	0	69	39.71016328124979
n451	461	1	0	72	39.62068687499979
n450	460	1	0	79	39.53521687499979
n457	467	1	0	52	40.24034437499973
n456	deletion
n455	466	1	0	60	40.025333906249756
n454	465	1	0	67	39.89445796874978
n461	472	1	0	50	40.65968156249969
n460	469	1	0	57	40.55017312499971
n459	470	1	0	60	40.49141249999972
n458	468	1	0	66	40.36454296874973
n479	501	1	0	31	40.77453187499969
n480	508	1	0	43	40.76251265624969
n464	473	1	0	50	40.87202109374967
n465	474	1	0	55	40.96951031249966
n466	475	1	0	60	41.06432859374964
n468	477	1	0	62	41.24461687499964
n467	476	1	0	65	41.16048234374964
n469	478	1	0	67	41.32474499999964
n470	479	1	0	72	41.42223421874964
n472	481	1	0	74	41.59050328124964
n471	480	1	0	77	41.50770421874964
n473	482	1	0	79	41.658612187499635
n474	483	1	0	84	41.758772343749634
n476	485	1	0	86	41.90166749999963
n475	484	1	0	89	41.82955218749963
n477	486	1	0	91	41.979124687499635
n478	488	1	0	96	42.071272031249634
n484	493	1	0	86	42.42116484374959
n483	492	1	0	91	42.3330239062496
n482	491	1	0	95	42.236870156249616
n481	489	1	0	101	42.15807749999962
n488	497	1	0	74	42.755032031249534
n487	496	1	0	79	42.66956203124955
n486	495	1	0	83	42.58008562499956
n485	494	1	0	89	42.502628437499574
n492	502	1	0	62	43.09290562499951
n491	500	1	0	67	43.00877109374951
n490	499	1	0	71	42.911281874999524
n489	498	1	0	77	42.84717937499952
n496	507	1	0	50	43.460159531249516
n495	506	1	0	55	43.382702343749514
n494	504	1	0	59	43.30524515624951
n493	503	1	0	65	43.19573671874951
n514	521	1	0	36	43.57367437499952
n499	518	1	0	48	43.66047984374951
n515	deletion
n500	509	1	0	55	43.783342968749494
n501	510	1	0	58	43.86347109374948
n503	512	1	0	60	44.04643031249945
n502	511	1	0	64	43.960960312499466
n504	513	1	0	67	44.13457124999944
n505	514	1	0	70	44.23740234374944
n507	516	1	0	72	44.396323124999434
n506	515	1	0	76	44.31352406249943
n508	517	1	0	79	44.48579953124942
n509	519	1	0	82	44.571269531249406
n511	522	1	0	84	44.75823515624939
n510	520	1	0	88	44.647391249999394
n512	525	1	0	91	44.84904703124939
n513	deletion
n532	545	1	0	30	44.98660031249938
n533	541	1	0	42	44.97858749999938
n519	531	1	0	84	45.287080781249344
n518	530	1	0	87	45.19626890624935
n517	529	1	0	94	45.08408953124936
n516	528	1	0	99	44.994613124999375
n523	535	1	0	72	45.60091593749934
n522	534	1	0	75	45.515445937499344
n521	533	1	0	82	45.44867249999935
n520	532	1	0	87	45.35652515624935
n527	539	1	0	60	45.9454668749993
n526	538	1	0	63	45.85465499999931
n525	537	1	0	70	45.779868749999316
n524	536	1	0	75	45.69039234374932
n531	544	1	0	48	46.319398124999296
n530	543	1	0	51	46.225915312499296
n529	542	1	0	58	46.11240046874929
n528	540	1	0	63	46.048297968749296
n549	556	1	0	29	46.3968553124993
n550	561	1	0	41	46.3915134374993
n534	546	1	0	48	46.49300906249929
n535	547	1	0	51	46.60652390624927
n536	549	1	0	57	46.724045156249254
n538	551	1	0	60	46.89097874999925
n537	550	1	0	63	46.79616046874924
n539	552	1	0	63	46.95908765624925
n540	553	1	0	69	47.04856406249925
n542	555	1	0	72	47.220839531249254
n541	554	1	0	75	47.128692187499254
n543	557	1	0	75	47.303638593749255
n544	558	1	0	81	47.39044406249925
n546	559	1	0	84	47.573403281249234
n545	deletion
n547	deletion
n548	560	1	0	93	47.73900140624921
n567	577	1	0	35	47.8244714062492
n568	573	1	0	47	47.8164585937492
n554	565	1	0	83	48.07286859374916
n553	564	1	0	87	47.991404999999176
n552	563	1	0	92	47.90059312499919
n551	562	1	0	99	47.804439374999205
n558	568	1	0	71	48.42276140624913
n557	567	1	0	75	48.327943124999145
n556	deletion
n555	566	1	0	87	48.18771890624915
n562	572	1	0	59	48.75262218749912
n561	571	1	0	63	48.68050687499912
n560	570	1	0	68	48.601714218749116
n559	569	1	0	75	48.50556046874912
n566	576	1	0	47	49.09984406249912
n565	deletion
n564	575	1	0	56	48.93424593749912
n563	574	1	0	63	48.83141484374912
n584	608	1	0	34	49.22270718749912
n569	578	1	0	46	49.30684171874911
n570	579	1	0	53	49.4056664062491
n571	580	1	0	56	49.51918124999908
n573	582	1	0	58	49.69813406249905
n572	581	1	0	62	49.601980312499066
n574	583	1	0	65	49.77959765624905
n575	584	1	0	68	49.86373218749904
n577	586	1	0	70	50.03066578124904
n576	585	1	0	74	49.92382828124904
n578	587	1	0	77	50.113464843749036
n579	588	1	0	80	50.201605781249036
n581	590	1	0	82	50.36853937499903
n580	589	1	0	86	50.26837921874903
n582	591	1	0	89	50.44466109374903
n583	592	1	0	92	50.532802031249034
n602	604	1	0	46	50.622278437499034
n588	596	1	0	82	50.85865640624901
n587	595	1	0	88	50.78520562499901
n586	594	1	0	92	50.686380937499024
n585	593	1	0	98	50.615601093749035
n592	600	1	0	70	51.21255562499902
n591	599	1	0	76	51.153794999999015
n590	598	1	0	80	51.04962843749901
n589	597	1	0	86	50.95748109374901
n596	605	1	0	58	51.559777499999015
n595	603	1	0	64	51.48899765624902
n594	602	1	0	68	51.39685031249902
n593	601	1	0	74	51.30470296874902
n600	610	1	0	46	51.93370874999902
n599	609	1	0	52	51.82152937499902
n598	607	1	0	56	51.76410421874902
n597	606	1	0	62	51.68130515624902
n618	642	1	0	33	52.02585609374902
n603	638	1	0	45	52.12735171874901
n619	deletion
n604	611	1	0	52	52.215492656249005
n605	612	1	0	57	52.32767203124899
n607	614	1	0	57	52.49594109374897
n606	613	1	0	61	52.41981937499897
n608	615	1	0	64	52.58942390624897
n609	616	1	0	69	52.67756484374897
n611	618	1	0	69	52.84449843749897
n610	617	1	0	73	52.76169937499897
n612	619	1	0	76	52.944658593748976
n613	620	1	0	81	53.00475468749897
n615	622	1	0	81	53.19973312499898
n614	621	1	0	85	53.09823749999897
n616	624	1	0	88	53.29855781249898
n617	625	1	0	93	53.35731843749898
n623	629	1	0	81	53.67649546874899
n622	628	1	0	88	53.59236093749899
n621	627	1	0	93	53.569657968748984
n620	626	1	0	97	53.433440156248984
n627	633	1	0	69	54.02638828124899
n626	631	1	0	76	53.95160203124899
n625	632	1	0	81	53.86746749999899
n624	630	1	0	85	53.77799109374899
n631	637	1	0	57	54.390971249999005
n630	636	1	0	64	54.320191406249
n629	635	1	0	69	54.213353906249
n628	634	1	0	73	54.11452921874899
n635	641	1	0	45	54.81164390624901
n634	deletion
n633	640	1	0	57	54.60598171874901
n632	639	1	0	61	54.51116343749901
n653	659	1	0	38	54.91981687499899
n638	643	1	0	45	55.045350937498974
n639	644	1	0	50	55.14150468749896
n640	645	1	0	54	55.251013124998956
n642	647	1	0	57	55.476707343748956
n641	646	1	0	60	55.37654718749896
n643	648	1	0	62	55.57286109374896
n644	649	1	0	66	55.66500843749896
n646	651	1	0	69	55.834612968748964
n645	650	1	0	72	55.743801093748964
n647	653	1	0	74	55.916076562498965
n648	654	1	0	78	55.99353374999897
n650	656	1	0	81	56.15913187499896
n649	655	1	0	84	56.07633281249896
n651	657	1	0	86	56.24727281249896
n652	658	1	0	90	56.31538171874897
n670	677	1	0	31	56.40218718749897
n671	673	1	0	43	56.39150343749897
n657	664	1	0	79	56.67195187499894
n656	663	1	0	86	56.56511437499894
n655	662	1	0	89	56.52638578124895
n654	660	1	0	96	56.39283890624897
n661	668	1	0	67	57.00047718749894
n660	667	1	0	74	56.90966531249894
n659	666	1	0	77	56.82152437499894
n658	665	1	0	84	56.73872531249894
n665	672	1	0	55	57.44118187499894
n664	671	1	0	62	57.34235718749893
n663	670	1	0	65	57.22350046874893
n662	669	1	0	72	57.097966406248936
n669	676	1	0	43	57.89123484374894
n668	deletion
n667	675	1	0	53	57.68957906249894
n666	674	1	0	59	57.56538046874894
n687	694	1	0	36	57.98605312499894
n672	678	1	0	43	58.08220687499893
n673	679	1	0	48	58.18370249999892
n674	680	1	0	52	58.28252718749891
n676	682	1	0	55	58.469492812498906
n675	681	1	0	59	58.382687343748906
n677	683	1	0	60	58.562975624998906
n678	684	1	0	64	58.64844562499891
n680	686	1	0	67	58.8087018749989
n679	685	1	0	71	58.7245673437489
n681	687	1	0	72	58.888829999998904
n682	688	1	0	76	58.984983749998904
n684	690	1	0	79	59.1238724999989
n683	689	1	0	83	59.0530926562489
n685	691	1	0	84	59.2186907812489
n686	692	1	0	88	59.297483437498904
n704	711	1	0	29	59.3896307812489
n705	706	1	0	41	59.3776115624989
n691	697	1	0	77	59.655389062498884
n690	696	1	0	84	59.553893437498886
n689	695	1	0	88	59.4630815624989
n688	693	1	0	95	59.3869598437489
n695	701	1	0	65	60.003946406248886
n694	700	1	0	72	59.923818281248884
n693	699	1	0	76	59.828999999998885
n692	698	1	0	83	59.739523593748885
n699	705	1	0	53	60.464683124998885
n698	704	1	0	60	60.35250374999888
n697	703	1	0	64	60.242995312498884
n696	702	1	0	71	60.11345484374888
n703	710	1	0	41	60.914736093748886
n702	709	1	0	48	60.79855031249888
n701	708	1	0	52	60.71040937499888
n700	707	1	0	57	60.59155265624888
n721	729	1	0	35	61.02825093749888
n706	712	1	0	41	61.111049999998876
n707	713	1	0	47	61.22590031249887
n708	714	1	0	50	61.31671218749886
n710	716	1	0	53	61.48765218749886
n709	715	1	0	57	61.41019499999886
n711	717	1	0	59	61.590483281248865
n712	718	1	0	62	61.66927593749887
n714	720	1	0	65	61.82686124999886
n713	719	1	0	69	61.74406218749886
n715	721	1	0	71	61.910995781248864
n716	722	1	0	74	61.992459374998866
n718	725	1	0	77	62.17274765624885
n717	723	1	0	81	62.07659390624886
n719	726	1	0	83	62.23818562499885
n720	728	1	0	86	62.33968124999885
n738	734	1	0	28	62.41179656249884
n739	738	1	0	40	62.405119218748844
n725	733	1	0	76	62.67755484374882
n724	732	1	0	83	62.578730156248824
n723	731	1	0	86	62.507950312498835
n722	730	1	0	91	62.41179656249884
n729	739	1	0	64	63.020770312498826
n728	737	1	0	71	62.932629374998825
n727	736	1	0	74	62.851165781248824
n726	735	1	0	79	62.77370859374882
n740	749	1	0	33	63.119594999998824
n741	743	1	0	45	63.108911249998826
n730	740	1	0	69	63.15164624999882
n731	741	1	0	72	63.23043890624881
n733	744	1	0	76	63.384017812498804
n732	742	1	0	79	63.3105670312488
n734	746	1	0	81	63.473494218748804
n735	747	1	0	84	63.54694499999881
n737	750	1	0	88	63.717884999998816
n736	748	1	0	91	63.632414999998815
n758	755	1	0	26	63.814038749998815
n759	759	1	0	38	63.811367812498816
n745	754	1	0	74	64.08113249999879
n744	753	1	0	81	63.992991562498794
n743	752	1	0	84	63.89950874999881
n742	751	1	0	89	63.812703281248815
n749	760	1	0	62	64.45105734374879
n748	758	1	0	69	64.35490359374879
n747	757	1	0	72	64.27611093749879
n746	756	1	0	77	64.18396359374879
n760	770	1	0	31	64.54721109374879
n761	764	1	0	43	64.53786281249879
n750	761	1	0	67	64.53786281249879
n751	762	1	0	71	64.64336484374877
n753	765	1	0	74	64.80228562499876
n752	763	1	0	77	64.71681562499876
n754	767	1	0	79	64.88642015624876
n755	768	1	0	83	64.96387734374875
n757	771	1	0	86	65.13081093749874
n756	769	1	0	89	65.04266999999874
n778	777	1	0	24	65.23764843749873
n779	782	1	0	36	65.23097109374874
n765	776	1	0	72	65.4994003124987
n764	774	1	0	79	65.4139303124987
n763	773	1	0	83	65.32044749999872
n762	772	1	0	88	65.23364203124873
n769	783	1	0	60	65.86665421874868
n768	781	1	0	67	65.76382312499868
n767	779	1	0	71	65.68636593749868
n766	778	1	0	76	65.58353484374868
n780	789	1	0	29	65.93209218749867
n781	795	1	0	41	65.92407937499867
n770	785	1	0	65	65.94010499999867
n771	786	1	0	69	66.04560703124865
n773	790	1	0	72	66.21254062499862
n772	787	1	0	76	66.13641890624864
n774	792	1	0	77	66.31002984374862
n775	793	1	0	81	66.40351265624862
n777	796	1	0	84	66.58513640624862
n776	794	1	0	88	66.48764718749862
n795	808	1	0	35	66.72536062499861
n796	804	1	0	47	66.71334140624862
n785	800	1	0	71	67.02049921874858
n784	799	1	0	77	66.9296873437486
n783	798	1	0	81	66.8281917187486
n782	797	1	0	86	66.71334140624862
n789	805	1	0	59	67.36638562499857
n788	803	1	0	65	67.27958015624858
n787	802	1	0	69	67.20212296874858
n786	801	1	0	74	67.10730468749858
n793	810	1	0	47	67.72429124999857
n792	809	1	0	53	67.61745374999857
n791	807	1	0	57	67.54533843749857
n790	806	1	0	62	67.45853296874857
n797	823	1	0	35	67.82044499999857
n811	819	1	0	47	68.36531624999856
n801	814	1	0	71	68.66713218749854
n800	813	1	0	78	68.59768781249855
n799	812	1	0	81	68.48684390624855
n798	811	1	0	87	68.36398078124856
n805	818	1	0	59	69.01702499999854
n804	817	1	0	66	68.93289046874855
n803	816	1	0	69	68.85543328124855
n802	815	1	0	75	68.76061499999855
n809	824	1	0	47	69.39763359374851
n808	822	1	0	54	69.30147984374852
n807	821	1	0	57	69.21467437499852
n806	820	1	0	63	69.10249499999853
n812	825	1	0	35	69.5472060937485
n828	856	1	0	28	70.06403249999849
n829	853	1	0	40	70.05735515624849
n813	826	1	0	47	70.22829515624848
n814	827	1	0	52	70.33112624999848
n815	828	1	0	56	70.42060265624848
n817	831	1	0	59	70.61157468749848
n816	829	1	0	64	70.54079484374849
n818	832	1	0	64	70.69570921874848
n819	833	1	0	68	70.78919203124848
n821	835	1	0	71	70.94944828124848
n820	834	1	0	76	70.86130734374848
n822	836	1	0	76	71.03358281249848
n823	837	1	0	80	71.11905281249848
n825	839	1	0	83	71.28865734374848
n824	838	1	0	88	71.20452281249848
n826	840	1	0	88	71.36744999999848
n827	841	1	0	92	71.45425546874849
n833	846	1	0	83	71.80281281249849
n832	845	1	0	88	71.69597531249849
n831	844	1	0	92	71.59447968749849
n830	842	1	0	100	71.53438359374849
n837	850	1	0	71	72.15404109374848
n836	849	1	0	76	72.06055828124849
n835	848	1	0	80	71.97108187499849
n834	847	1	0	88	71.87759906249849
n841	857	1	0	59	72.55067531249847
n840	855	1	0	64	72.45185062499847
n839	854	1	0	68	72.34634859374847
n838	852	1	0	76	72.25286578124847
n848	858	1	0	26	72.66151921874847
n849	860	1	0	38	72.65350640624847
n845	864	1	0	50	73.08619828124844
n844	863	1	0	55	72.95265140624845
n843	862	1	0	59	72.81910453124846
n842	861	1	0	65	72.67754484374846
n865	871	1	0	24	73.33058906249843
n866	890	1	0	36	73.32658265624843
n850	865	1	0	48	73.49485171874842
n851	867	1	0	55	73.59901828124842
n852	868	1	0	60	73.7111976562484
n854	870	1	0	60	73.8874795312484
n853	869	1	0	64	73.8086868749984
n855	872	1	0	67	73.9636012499984
n856	873	1	0	72	74.0570840624984
n858	875	1	0	72	74.2333659374984
n857	874	1	0	76	74.1519023437484
n859	877	1	0	79	74.31215859374839
n860	878	1	0	84	74.3882803124984
n862	880	1	0	84	74.5538784374984
n861	879	1	0	88	74.4710793749984
n863	881	1	0	91	74.6286646874984
n864	882	1	0	96	74.6994445312484
n884	891	1	0	48	74.7996046874984
n870	887	1	0	84	75.03064078124841
n869	886	1	0	91	74.9491771874984
n868	885	1	0	96	74.8717199999984
n867	883	1	0	100	74.7822435937484
n874	893	1	0	72	75.3751917187484
n873	892	1	0	79	75.29239265624841
n872	889	1	0	84	75.19890984374841
n871	888	1	0	88	75.11744624999841
n878	897	1	0	60	75.7184071874984
n877	896	1	0	67	75.6476273437484
n876	895	1	0	72	75.5488026562484
n875	894	1	0	76	75.4726809374984
n882	902	1	0	48	76.06963546874839
n881	901	1	0	55	76.0028620312484
n880	900	1	0	60	75.9027018749984
n879	899	1	0	64	75.8199028124984
n900	920	1	0	29	76.17513749999839
n901	915	1	0	41	76.16846015624839
n885	903	1	0	48	76.26461390624839
n886	904	1	0	57	76.39148343749838
n887	905	1	0	60	76.48897265624838
n889	907	1	0	60	76.63854515624837
n888	906	1	0	65	76.55841703124837
n890	908	1	0	69	76.72401515624837
n891	909	1	0	72	76.82551078124837
n893	911	1	0	72	76.97241234374836
n892	910	1	0	77	76.89495515624837
n894	912	1	0	81	77.04452765624836
n895	913	1	0	84	77.13400406249836
n897	916	1	0	84	77.28624749999837
n896	914	1	0	89	77.21680312499836
n898	918	1	0	93	77.35969828124837
n899	919	1	0	96	77.45318109374837
n918	939	1	0	30	77.55734765624837
n919	936	1	0	42	77.54799937499837
n905	925	1	0	84	77.80307390624834
n904	924	1	0	93	77.71359749999836
n903	923	1	0	96	77.63747578124837
n902	921	1	0	100	77.54399296874837
n909	929	1	0	72	78.15163124999833
n908	928	1	0	81	78.06349031249833
n907	927	1	0	84	77.97134296874833
n906	926	1	0	88	77.88854390624833
n913	934	1	0	60	78.50953687499832
n912	933	1	0	69	78.42139593749832
n911	932	1	0	72	78.32657765624832
n910	930	1	0	76	78.23710124999832
n917	940	1	0	48	78.91151296874833
n916	938	1	0	57	78.80066906249833
n915	937	1	0	60	78.70585078124833
n914	935	1	0	62	78.60435515624833
n935	946	1	0	31	79.04238890624832
n936	944	1	0	43	79.03304062499832
n920	941	1	0	47	79.12919437499832
n921	942	1	0	55	79.25339296874832
n922	943	1	0	59	79.3535531249983
n924	947	1	0	59	79.5325059374983
n923	945	1	0	62	79.4457004687483
n925	948	1	0	67	79.6259887499983
n926	949	1	0	71	79.6927621874983
n937	955	1	0	30	79.7862449999983
n938	951	1	0	42	79.7795676562483
n928	952	1	0	71	79.91845640624831
n927	950	1	0	74	79.8142898437483
n929	953	1	0	79	80.01861656249831
n930	954	1	0	83	80.11610578124831
n939	961	1	0	28	80.2202723437483
n940	959	1	0	40	80.2149304687483
n932	957	1	0	83	80.3097487499983
n931	956	1	0	86	80.19756937499831
n933	960	1	0	91	80.36850937499831
n934	962	1	0	93	80.46466312499831
n957	975	1	0	26	80.5795134374983
n958	981	1	0	38	80.57150062499831
n944	967	1	0	84	80.82256874999828
n943	966	1	0	90	80.7317568749983
n942	965	1	0	93	80.63159671874831
n941	964	1	0	98	80.55814593749831
n948	971	1	0	72	81.14041031249828
n947	970	1	0	78	81.06562406249827
n946	969	1	0	81	80.98015406249827
n945	968	1	0	86	80.90269687499827
n952	976	1	0	60	81.48896765624828
n951	974	1	0	66	81.41551687499827
n950	973	1	0	69	81.33271781249827
n949	972	1	0	74	81.24457687499827
n956	980	1	0	48	81.85087968749828
n955	979	1	0	54	81.75472593749828
n954	978	1	0	57	81.67459781249828
n953	977	1	0	62	81.59046328124828
n974	1010	1	0	31	81.97240734374827
n975	1016	1	0	43	81.96305906249827
n959	982	1	0	48	82.02582609374828
n960	983	1	0	53	82.12999265624826
n961	984	1	0	56	82.23549468749826
n963	986	1	0	60	82.42646671874824
n962	985	1	0	62	82.34500312499824
n964	987	1	0	65	82.51060124999825
n965	988	1	0	68	82.58939390624825
n967	990	1	0	72	82.75365656249824
n966	989	1	0	74	82.67352843749823
n968	991	1	0	77	82.83512015624824
n969	992	1	0	80	82.91791921874824
n971	994	1	0	84	83.07550453124821
n970	993	1	0	86	82.98202171874823
n972	995	1	0	89	83.16364546874821
n973	996	1	0	92	83.23041890624822
n979	1001	1	0	83	83.56962796874818
n978	1000	1	0	89	83.4721387499982
n977	999	1	0	91	83.4013589062482
n976	997	1	0	98	83.30520515624822
n983	1006	1	0	71	83.88079218749816
n982	1005	1	0	77	83.80333499999817
n981	1004	1	0	79	83.71920046874817
n980	1003	1	0	86	83.63239499999817
n987	1011	1	0	59	84.23869781249816
n986	1009	1	0	65	84.13453124999816
n985	1008	1	0	67	84.05840953124816
n984	1007	1	0	74	83.96359124999816
n991	1015	1	0	47	84.62999015624817
n990	1014	1	0	53	84.51647531249816
n989	1013	1	0	55	84.43100531249816
n988	1012	1	0	63	84.32683874999816
n1009	1041	1	0	36	84.74350499999817
n994	1042	1	0	48	84.86770359374816
n1010	deletion
n995	1017	1	0	55	84.98522484374816
n996	1018	1	0	60	85.08004312499814
n998	1020	1	0	60	85.24697671874814
n997	1019	1	0	64	85.17085499999814
n999	1021	1	0	67	85.32844031249815
n1000	1022	1	0	72	85.41257484374815
n1002	1024	1	0	72	85.59019218749815
n1001	1023	1	0	76	85.50338671874815
n1003	1025	1	0	79	85.67299124999815
n1004	1026	1	0	84	85.75311937499815
n1006	1028	1	0	84	85.91871749999815
n1005	1027	1	0	88	85.83458296874815
n1007	1030	1	0	91	85.98949734374816
n1008	1031	1	0	96	86.06161265624816
n1014	1035	1	0	84	86.40349265624816
n1013	1034	1	0	91	86.29799062499816
n1012	1033	1	0	96	86.22453984374816
n1011	1032	1	0	100	86.12838609374816
n1018	1040	1	0	72	86.71198593749816
n1017	1039	1	0	79	86.63052234374815
n1016	1038	1	0	84	86.54505234374815
n1015	1037	1	0	88	86.46358874999815
n1022	1046	1	0	60	87.04852406249816
n1021	1045	1	0	67	86.96438953124816
n1020	1044	1	0	72	86.87624859374816
n1019	1043	1	0	76	86.79344953124816
n1026	1050	1	0	48	87.41444249999816
n1025	1049	1	0	55	87.31962421874816
n1024	1048	1	0	60	87.22747687499816
n1023	1047	1	0	64	87.13265859374816
n1044	1083	1	0	33	87.51059624999816
n1045	1081	1	0	45	87.50926078124816
n1029	1051	1	0	48	87.58671796874816
n1030	1052	1	0	53	87.69355546874814
n1031	1053	1	0	60	87.79505109374813
n1033	1055	1	0	60	87.96732656249813
n1032	1054	1	0	65	87.88452749999813
n1034	1057	1	0	65	88.03409999999812
n1035	1058	1	0	72	88.13960203124812
n1037	1060	1	0	72	88.31321296874812
n1036	1059	1	0	77	88.22507203124812
n1038	1061	1	0	77	88.39067015624812
n1039	1062	1	0	84	88.48148203124812
n1041	1064	1	0	84	88.65776390624812
n1040	1063	1	0	89	88.56161015624812
n1042	1066	1	0	89	88.72854374999811
n1043	1068	1	0	96	88.81267828124811
n1049	1075	1	0	84	89.12250703124809
n1048	1074	1	0	90	89.03970796874809
n1047	1073	1	0	96	88.9555734374981
n1046	1071	1	0	100	88.87143890624812
n1053	1080	1	0	72	89.44168406249807
n1052	1079	1	0	78	89.37357515624808
n1051	1078	1	0	84	89.28409874999808
n1050	1077	1	0	88	89.20664156249808
n1057	1086	1	0	60	89.79691874999807
n1056	1085	1	0	66	89.71144874999807
n1055	1084	1	0	72	89.62998515624807
n1054	1082	1	0	75	89.52848953124807
n1064	1092	1	0	32	89.91844640624807
n1065	1089	1	0	44	89.91043359374807
n1061	1091	1	0	48	90.25364906249803
n1060	1090	1	0	54	90.13746328124803
n1059	1088	1	0	60	90.02661937499805
n1058	1087	1	0	63	89.90242078124807
n1081	1118	1	0	31	90.38719593749802
n1082	1120	1	0	43	90.38051859374802
n1066	1093	1	0	48	90.44862749999801
n1067	1094	1	0	55	90.55947140624801
n1068	1095	1	0	60	90.66363796874799
n1070	1097	1	0	60	90.818552343748
n1069	1096	1	0	62	90.739759687498
n1071	1099	1	0	67	90.898680468748
n1072	1100	1	0	72	90.985485937498
n1074	1102	1	0	72	91.163103281248
n1073	1101	1	0	74	91.061607656248
n1075	1103	1	0	79	91.251244218748
n1076	1104	1	0	84	91.323359531248
n1078	1106	1	0	84	91.503647812498
n1077	1105	1	0	86	91.427526093748
n1079	1107	1	0	91	91.575763124998
n1080	1108	1	0	96	91.64253656249801
n1086	1112	1	0	83	91.96839093749799
n1085	1111	1	0	91	91.889598281248
n1084	1110	1	0	95	91.81080562499801
n1083	1109	1	0	98	91.71331640624801
n1090	1116	1	0	71	92.32629656249797
n1089	1115	1	0	79	92.23949109374799
n1088	1114	1	0	83	92.14066640624799
n1087	1113	1	0	86	92.05519640624799
n1094	1122	1	0	59	92.66149921874796
n1093	1121	1	0	67	92.57602921874798
n1092	1119	1	0	71	92.49055921874798
n1091	1117	1	0	74	92.41043109374797
n1098	1126	1	0	47	93.01806937499796
n1097	1125	1	0	55	92.92058015624796
n1096	1124	1	0	59	92.82976828124796
n1095	1123	1	0	62	92.74964015624796
n1116	1147	1	0	30	93.13291968749796
n1117	1143	1	0	42	93.12891328124796
n1101	1127	1	0	48	93.22506703124796
n1102	1129	1	0	57	93.32122078124794
n1103	1130	1	0	60	93.43206468749794
n1105	1132	1	0	60	93.58030171874795
n1104	1131	1	0	62	93.49349624999795
n1106	1135	1	0	69	93.68046187499795
n1107	1136	1	0	72	93.74857078124793
n1109	1138	1	0	72	93.91683984374794
n1108	1137	1	0	74	93.83671171874794
n1110	1140	1	0	81	94.01032265624794
n1111	1141	1	0	84	94.08243796874793
n1113	1144	1	0	84	94.25604890624793
n1112	1142	1	0	86	94.17057890624793
n1114	1150	1	0	93	94.32949968749793
n1115	1149	1	0	96	94.41096328124792
n1134	1171	1	0	29	94.4830785937479
n1135	1170	1	0	41	94.4737303124979
n1121	1154	1	0	84	94.73948859374786
n1120	1153	1	0	93	94.65535406249788
n1119	1152	1	0	96	94.58590968749789
n1118	1151	1	0	99	94.4804076562479
n1125	1160	1	0	72	95.07068484374784
n1124	1159	1	0	81	94.98655031249785
n1123	1158	1	0	84	94.92778968749786
n1122	1155	1	0	87	94.83297140624786
n1129	1166	1	0	59	95.43259687499783
n1128	1165	1	0	69	95.34178499999783
n1127	1164	1	0	71	95.26699874999782
n1126	1161	1	0	75	95.17218046874784
n1133	1172	1	0	47	95.77981874999783
n1132	1169	1	0	57	95.67031031249783
n1131	1168	1	0	59	95.59953046874783
n1130	1167	1	0	63	95.50337671874783
n1151	1186	1	0	28	95.90001093749783
n1152	1204	1	0	40	95.89466906249783
n1136	1173	1	0	47	95.95877156249783
n1137	1175	1	0	56	96.07362187499781
n1138	1176	1	0	59	96.1697756249978
n1140	1178	1	0	59	96.3380446874978
n1139	1177	1	0	64	96.2552456249978
n1141	1180	1	0	68	96.4195082812478
n1142	1181	1	0	71	96.5089846874978
n1144	1184	1	0	71	96.67324734374779
n1143	1182	1	0	76	96.6051384374978
n1145	1187	1	0	80	96.76005281249779
n1146	1188	1	0	83	96.85220015624778
n1148	1190	1	0	83	97.00310812499775
n1147	1189	1	0	88	96.92030906249776
n1149	1192	1	0	92	97.07655890624775
n1150	1193	1	0	95	97.17271265624775
n1170	1200	1	0	52	97.24883437499776
n1156	1198	1	0	83	97.50257343749774
n1155	1197	1	0	92	97.40775515624775
n1154	1196	1	0	95	97.33563984374774
n1153	1195	1	0	100	97.24349249999776
n1160	1203	1	0	71	97.84044703124773
n1159	1202	1	0	80	97.75230609374775
n1158	1201	1	0	83	97.67217796874775
n1157	1199	1	0	88	97.58403703124775
n1164	1209	1	0	59	98.20369453124773
n1163	1208	1	0	68	98.09418609374774
n1162	1207	1	0	71	98.00738062499774
n1161	1206	1	0	76	97.92858796874773
n1168	1214	1	0	47	98.55358734374774
n1167	1212	1	0	56	98.45342718749774
n1166	1211	1	0	59	98.37997640624774
n1165	1210	1	0	64	98.28515812499774
n1186	1231	1	0	38	98.65241203124774
n1171	1215	1	0	50	98.80198453124773
n1172	1217	1	0	57	98.94487968749773
n1173	1218	1	0	60	99.00764671874772
n1175	1220	1	0	62	99.17190937499771
n1174	1219	1	0	65	99.09445218749771
n1176	1221	1	0	69	99.25737937499771
n1177	1222	1	0	72	99.34552031249771
n1179	1224	1	0	74	99.5044410937477
n1178	1223	1	0	77	99.42164203124771
n1180	1226	1	0	81	99.57254999999769
n1181	1227	1	0	84	99.66469734374769
n1183	1229	1	0	86	99.80759249999767
n1182	1228	1	0	89	99.72746437499768
n1184	1232	1	0	93	99.87303046874766
n1185	1233	1	0	96	99.95182312499765
n1203	1250	1	0	31	100.03462218749765
n1204	1255	1	0	43	100.02794484374765
n1190	1238	1	0	86	100.31373515624762
n1189	1237	1	0	91	100.22559421874763
n1188	1236	1	0	95	100.12009218749765
n1187	1234	1	0	101	100.03595765624765
n1194	1245	1	0	74	100.6409249999976
n1193	1243	1	0	79	100.5634678124976
n1192	1241	1	0	83	100.47132046874762
n1191	1239	1	0	89	100.39252781249762
n1198	1249	1	0	62	100.97345671874758
n1197	1248	1	0	67	100.8946640624976
n1196	1247	1	0	71	100.8065231249976
n1195	1246	1	0	77	100.7223885937476
n1202	1254	1	0	50	101.31934312499757
n1201	1253	1	0	55	101.22719578124759
n1200	1252	1	0	59	101.12970656249759
n1199	1251	1	0	65	101.05358484374759
n1220	1294	1	0	36	101.41015499999757
n1205	1256	1	0	48	101.50363781249757
n1206	1257	1	0	55	101.61848812499758
n1207	1258	1	0	60	101.70929999999758
n1209	1260	1	0	60	101.86688531249757
n1208	1259	1	0	64	101.78408624999759
n1210	1261	1	0	67	101.93900062499758
n1211	1262	1	0	72	102.03248343749758
n1213	1264	1	0	72	102.20075249999758
n1212	1263	1	0	76	102.10459874999758
n1214	1267	1	0	82	102.28221609374756
n1215	1268	1	0	84	102.36768609374757
n1219	1273	1	0	76	102.68552765624754
n1218	1272	1	0	82	102.60940593749754
n1217	1271	1	0	84	102.51592312499756
n1216	1269	1	0	91	102.43445953124755
n1238	1289	1	0	48	102.77767499999754
n1224	1279	1	0	75	103.0287431249975
n1223	1278	1	0	81	102.94594406249752
n1222	1277	1	0	84	102.87249328124753
n1221	1275	1	0	90	102.78568781249754
n1228	1283	1	0	63	103.3599393749975
n1227	1284	1	0	69	103.2664565624975
n1226	1282	1	0	72	103.2303989062475
n1225	1281	1	0	78	103.1235614062475
n1232	1288	1	0	62	103.71918046874744
n1231	1287	1	0	68	103.62970406249745
n1230	1286	1	0	71	103.55758874999746
n1229	1285	1	0	77	103.45742859374748
n1236	1296	1	0	50	104.0517121874974
n1235	1295	1	0	56	103.97158406249741
n1234	1292	1	0	59	103.88611406249743
n1233	1291	1	0	65	103.80331499999744
n1254	1314	1	0	36	104.1638915624974
n1239	1297	1	0	48	104.25870984374738
n1240	1298	1	0	55	104.32948968749737
n1241	1299	1	0	60	104.45101734374735
n1243	1301	1	0	60	104.61928640624735
n1242	1300	1	0	64	104.52446812499736
n1244	1302	1	0	67	104.68071796874735
n1245	1303	1	0	72	104.78087812499734
n1247	1305	1	0	72	104.93045062499735
n1246	1304	1	0	76	104.84498062499735
n1248	1306	1	0	79	105.00256593749735
n1249	1307	1	0	84	105.08269406249735
n1253	1312	1	0	72	105.42190312499734
n1252	1313	1	0	79	105.32040749999734
n1251	1310	1	0	84	105.25630499999735
n1250	1308	1	0	88	105.17083499999735
n1271	1325	1	0	31	105.53141156249733
n1272	1327	1	0	43	105.52206328124733
n1258	1319	1	0	72	105.79850531249728
n1257	1318	1	0	78	105.7250545312473
n1256	1317	1	0	81	105.64359093749731
n1255	1316	1	0	87	105.53541796874732
n1262	1323	1	0	60	106.11100499999728
n1261	1322	1	0	66	106.04556703124729
n1260	1321	1	0	69	105.95742609374729
n1259	1320	1	0	75	105.87462703124729
n1266	1330	1	0	59	106.45555593749727
n1265	1329	1	0	65	106.37275687499726
n1264	1328	1	0	68	106.30865437499726
n1263	1326	1	0	74	106.21250062499728
n1270	1332	1	0	47	106.81346156249725
n1269	1333	1	0	53	106.69594031249726
n1268	1334	1	0	56	106.65186984374726
n1267	1331	1	0	62	106.54503234374727
n1288	1366	1	0	31	106.92564093749725
n1289	1367	1	0	43	106.92163453124725
n1273	1336	1	0	46	107.00042718749725
n1274	1337	1	0	52	107.08856812499724
n1275	1338	1	0	55	107.19941203124722
n1277	1341	1	0	58	107.36501015624721
n1276	1340	1	0	61	107.28221109374721
n1278	1342	1	0	64	107.43846093749721
n1279	1343	1	0	67	107.53862109374721
n1281	1345	1	0	70	107.7095610937472
n1280	deletion
n1282	1347	1	0	76	107.78568281249719
n1283	1349	1	0	79	107.85379171874717
n1285	deletion
n1284	1350	1	0	85	107.94727453124716
n1286	1355	1	0	88	108.09150515624715
n1287	1356	1	0	91	108.19433624999714
n1293	1360	1	0	81	108.5135132812471
n1292	1359	1	0	87	108.43739156249711
n1291	1358	1	0	90	108.36260531249712
n1290	1357	1	0	97	108.26912249999714
n1297	1364	1	0	69	108.83402578124709
n1296	1363	1	0	75	108.7552331249971
n1295	1362	1	0	78	108.6857887499971
n1294	1361	1	0	85	108.5923059374971
n1301	1369	1	0	57	109.15988015624708
n1300	1370	1	0	63	109.0744101562471
n1299	1368	1	0	66	108.9956174999971
n1298	1365	1	0	73	108.9101474999971
n1305	1374	1	0	57	109.50977296874709
n1304	1373	1	0	63	109.42697390624708
n1303	1372	1	0	66	109.34150390624708
n1302	1371	1	0	72	109.26137578124708
n1324	1405	1	0	31	109.62061687499708
n1325	1407	1	0	43	109.61661046874708
n1309	1376	1	0	56	109.71944156249707
n1310	1377	1	0	62	109.79556328124707
n1311	1378	1	0	65	109.89839437499705
n1313	1380	1	0	68	110.07334078124704
n1312	1379	1	0	72	109.97050968749704
n1314	1381	1	0	74	110.12809499999703
n1315	1382	1	0	77	110.24027437499703
n1317	1384	1	0	80	110.39118234374702
n1316	1383	1	0	84	110.30304140624702
n1318	1385	1	0	86	110.46463312499702
n1319	1386	1	0	89	110.56612874999702
n1323	1390	1	0	80	110.86794468749702
n1322	1391	1	0	86	110.76911999999702
n1321	1392	1	0	89	110.70768843749703
n1320	1387	1	0	96	110.62889578124702
n1329	1399	1	0	79	111.22050843749699
n1328	1398	1	0	86	111.11634187499699
n1327	1397	1	0	89	111.033542812497
n1326	1395	1	0	95	110.96142749999701
n1333	1406	1	0	67	111.53968546874697
n1332	1404	1	0	74	111.46757015624698
n1331	1402	1	0	77	111.38210015624698
n1330	1400	1	0	83	111.28995281249698
n1337	1411	1	0	55	111.90159749999695
n1336	1410	1	0	62	111.80544374999697
n1335	1409	1	0	65	111.71863828124697
n1334	1408	1	0	71	111.62649093749697
n1341	1416	1	0	43	112.31025093749695
n1340	1415	1	0	50	112.19673609374695
n1339	1414	1	0	53	112.09791140624695
n1338	1413	1	0	59	112.00042218749695
n1359	1454	1	0	24	112.42510124999694
n1360	1453	1	0	36	112.42243031249694
n1344	1417	1	0	43	112.57066734374693
n1345	1420	1	0	52	112.68284671874692
n1346	1421	1	0	55	112.7816714062469
n1348	1423	1	0	55	112.93925671874689
n1347	1422	1	0	60	112.85245124999689
n1349	1425	1	0	64	113.01537843749689
n1350	1426	1	0	67	113.11019671874688
n1352	1428	1	0	67	113.27445937499687
n1351	1427	1	0	72	113.18631843749688
n1353	1430	1	0	76	113.35058109374687
n1354	1431	1	0	79	113.43070921874686
n1356	1433	1	0	79	113.57493984374685
n1355	1432	1	0	84	113.49080531249685
n1357	1435	1	0	88	113.64571968749685
n1358	1436	1	0	91	113.72851874999685
n1364	1440	1	0	79	114.06505687499686
n1363	1439	1	0	88	113.96756765624686
n1362	1438	1	0	91	113.88343312499686
n1361	1437	1	0	96	113.80063406249685
n1368	1445	1	0	67	114.39358218749685
n1370	1447	1	0	67	114.55650937499685
n1367	1444	1	0	76	114.30277031249685
n1366	1443	1	0	79	114.22664859374684
n1365	1442	1	0	84	114.15052687499684
n1372	1449	1	0	55	114.74748140624683
n1374	1451	1	0	55	114.94646624999683
n1371	1448	1	0	64	114.64465031249685
n1369	1446	1	0	72	114.47771671874685
n1376	1455	1	0	43	115.20554718749683
n1375	1452	1	0	52	115.05864562499683
n1373	1450	1	0	60	114.83962874999683
n1380	1456	1	0	24	115.49000203124683
n1381	1457	1	0	36	115.48866656249683
insertion	28	1	0	65	4.700849999999997
insertion	56	1	0	32	6.913721718750002
insertion	82	1	0	72	9.184018593750004
insertion	87	1	0	38	9.385674374999999
insertion	88	1	0	38	9.44577046875
insertion	95	1	0	32	9.830385468749999
insertion	132	1	0	84	12.926002031249988
insertion	129	1	0	94	12.772423124999989
insertion	134	1	0	88	13.004794687499988
insertion	157	1	0	74	15.121512656249987
insertion	169	1	0	86	16.057676249999982
insertion	180	1	0	59	16.781500312499983
insertion	188	1	0	64	17.485292343749975
insertion	264	1	0	88	24.06648234374998
insertion	285	1	0	34	25.819952812499974
insertion	287	1	0	61	26.13245249999997
insertion	296	1	0	77	26.92037906249998
insertion	308	1	0	97	27.677589843749974
insertion	311	1	0	88	27.939341718749976
insertion	326	1	0	52	28.907556562499963
insertion	328	1	0	34	29.090515781249962
insertion	366	1	0	30	32.056591874999945
insertion	387	1	0	86	33.835436249999916
insertion	389	1	0	79	33.93158999999991
insertion	393	1	0	74	34.13324578124991
insertion	404	1	0	26	34.86508265624991
insertion	413	1	0	72	35.682389531249896
insertion	437	1	0	48	37.58142609374989
insertion	487	1	0	95	42.11267156249963
insertion	490	1	0	100	42.21550265624962
insertion	505	1	0	60	43.31592890624951
insertion	523	1	0	86	44.75289328124939
insertion	524	1	0	93	44.85038249999939
insertion	526	1	0	92	44.86240171874939
insertion	527	1	0	94	44.942529843749384
insertion	548	1	0	55	46.725380624999254
insertion	623	1	0	83	53.28119671874898
insertion	652	1	0	71	55.880018906248964
insertion	661	1	0	90	56.45026406249896
insertion	724	1	0	79	62.08861312499886
insertion	727	1	0	88	62.33834578124885
insertion	745	1	0	79	63.4855134374988
insertion	766	1	0	76	64.92247781249876
insertion	775	1	0	74	65.52744515624869
insertion	780	1	0	69	65.77183593749868
insertion	784	1	0	62	66.01889765624865
insertion	788	1	0	74	66.17648296874863
insertion	791	1	0	74	66.24592734374862
insertion	830	1	0	62	70.57952343749848
insertion	843	1	0	98	71.54373187499849
insertion	851	1	0	77	72.25954312499847
insertion	859	1	0	67	72.67220296874846
insertion	866	1	0	50	73.62839859374841
insertion	876	1	0	74	74.2734299999984
insertion	884	1	0	98	74.8917520312484
insertion	898	1	0	65	75.8225737499984
insertion	917	1	0	86	77.37973031249837
insertion	922	1	0	43	77.60542453124837
insertion	931	1	0	74	78.29051999999832
insertion	958	1	0	84	80.3204324999983
insertion	963	1	0	28	80.63293218749831
insertion	998	1	0	96	83.33057906249822
insertion	1002	1	0	81	83.56962796874818
insertion	1029	1	0	86	85.98148453124816
insertion	1036	1	0	83	86.42753109374816
insertion	1056	1	0	62	88.00338421874812
insertion	1065	1	0	86	88.65909937499812
insertion	1067	1	0	91	88.71919546874811
insertion	1069	1	0	98	88.81134281249811
insertion	1070	1	0	101	88.86743249999812
insertion	1072	1	0	98	88.9702635937481
insertion	1076	1	0	86	89.15455828124809
insertion	1098	1	0	62	90.885325781248
insertion	1128	1	0	50	93.28516312499795
insertion	1133	1	0	62	93.64707515624795
insertion	1134	1	0	67	93.69381656249794
insertion	1139	1	0	79	94.03169015624793
insertion	1145	1	0	86	94.32549328124793
insertion	1146	1	0	92	94.35754453124792
insertion	1148	1	0	95	94.42965984374791
insertion	1156	1	0	86	94.92645421874786
insertion	1157	1	0	83	94.96384734374786
insertion	1162	1	0	74	95.21892187499783
insertion	1163	1	0	70	95.24963765624783
insertion	1174	1	0	48	96.05225437499782
insertion	1179	1	0	60	96.4328629687478
insertion	1183	1	0	74	96.6291768749978
insertion	1185	1	0	72	96.7386853124978
insertion	1191	1	0	84	97.05786234374776
insertion	1194	1	0	98	97.27955015624775
insertion	1205	1	0	77	97.92591703124774
insertion	1213	1	0	48	98.55759374999774
insertion	1216	1	0	55	98.94755062499773
insertion	1225	1	0	76	99.5324859374977
insertion	1230	1	0	88	99.84231468749766
insertion	1235	1	0	96	100.12543406249765
insertion	1240	1	0	88	100.46197218749762
insertion	1242	1	0	81	100.47666234374762
insertion	1244	1	0	77	100.5621323437476
insertion	1265	1	0	48	101.63584921874758
insertion	1266	1	0	74	102.24482296874757
insertion	1270	1	0	87	102.53061328124755
insertion	1274	1	0	81	102.83242921874754
insertion	1276	1	0	87	102.84578390624753
insertion	1280	1	0	70	103.2076959374975
insertion	1290	1	0	64	103.83670171874743
insertion	1293	1	0	58	103.98360328124741
insertion	1309	1	0	78	105.27233062499735
insertion	1311	1	0	71	105.45261890624734
insertion	1315	1	0	84	105.55411453124732
insertion	1324	1	0	72	106.24054546874727
insertion	1335	1	0	55	106.83082265624725
insertion	1339	1	0	56	107.21944406249722
insertion	1344	1	0	68	107.5760142187472
insertion	1346	1	0	75	107.74561874999719
insertion	1353	1	0	85	108.08749874999715
insertion	1348	1	0	80	107.88450749999717
insertion	1351	1	0	83	108.05411203124716
insertion	1352	1	0	84	108.05811843749716
insertion	1354	1	0	89	108.11153718749715
insertion	1375	1	0	62	109.64198437499708
insertion	1388	1	0	90	110.74775249999702
insertion	1389	1	0	92	110.78648109374701
insertion	1393	1	0	92	110.99882062499701
insertion	1394	1	0	93	111.013510781247
insertion	1396	1	0	88	111.076277812497
insertion	1401	1	0	79	111.38477109374698
insertion	1403	1	0	76	111.47825390624698
insertion	1412	1	0	57	112.01778328124695
insertion	1418	1	0	35	112.43845593749694
insertion	1419	1	0	41	112.58535749999693
insertion	1424	1	0	57	113.02739765624689
insertion	1429	1	0	69	113.36126484374687
insertion	1434	1	0	81	113.64304874999685
insertion	1441	1	0	81	114.10645640624685
