xml_id	midi_id	track	channel	pitch	onset
n25	2	0	0	42	0.5275101562500001
n26	4	0	0	49	0.52350375
n4	0	0	0	58	0.8159714062500001
n8	5	0	0	58	1.2166120312500002
n10	8	0	0	58	1.4356289062499998
n14	11	0	0	58	1.81223109375
n5	1	0	0	61	0.945511875
n7	3	0	0	61	1.1084390625
n9	7	0	0	61	1.29406921875
n11	9	0	0	61	1.4850412499999999
n13	12	0	0	61	1.70806453125
n6	6	0	0	66	0.9962596875
n12	13	0	0	66	1.58787234375
n1	10	0	0	70	0.5368584375000001
n27	16	0	0	42	1.9364296875
n28	18	0	0	49	1.93242328125
n15	15	0	0	58	2.0766539062500002
n19	20	0	0	58	2.409185624999999
n16	14	0	0	61	2.15678203125
n18	19	0	0	61	2.3464185937499993
n17	21	0	0	66	2.23423921875
n2	17	0	0	70	1.9244104687499999
n29	22	0	0	42	2.5534162499999993
n30	23	0	0	49	2.5614290624999994
n20	24	0	0	58	2.7123370312499993
n24	28	0	0	58	3.055552499999999
n21	25	0	0	61	2.789794218749999
n23	27	0	0	61	2.9567278124999987
n22	29	0	0	66	2.872593281249999
n3	26	0	0	70	2.5560871874999993
n55	43	0	0	39	3.2211506249999986
n56	40	0	0	51	3.2064604687499987
n33	30	0	0	58	3.4668768749999987
n37	34	0	0	58	3.824782499999998
n34	31	0	0	63	3.5523468749999987
n36	33	0	0	63	3.7366415624999982
n35	32	0	0	66	3.660519843749998
n31	37	0	0	70	3.270562968749999
n39	36	0	0	58	4.019760937499997
n43	41	0	0	58	4.401704999999998
n38	35	0	0	63	3.924942656249998
n40	38	0	0	63	4.113243749999998
n42	42	0	0	63	4.338937968749998
n41	39	0	0	66	4.208062031249998
n44	44	0	0	54	4.728894843749998
n48	48	0	0	54	5.085464999999999
n45	45	0	0	58	4.790326406249998
n47	47	0	0	58	4.9652728124999985
n46	46	0	0	63	4.882473749999998
n32	52	0	0	66	4.520561718749998
n50	50	0	0	54	5.2644178125
n54	54	0	0	54	5.69310328125
n49	49	0	0	58	5.181618749999999
n51	51	0	0	58	5.37392625
n53	53	0	0	58	5.590272187499999
n52	55	0	0	63	5.4780928125
n83	59	0	0	35	5.8493531249999995
n84	58	0	0	47	5.83733390625
n64	56	0	0	56	6.077718281250001
n68	62	0	0	56	6.462333281250002
n65	57	0	0	59	6.188562187500002
n67	61	0	0	59	6.370185937500002
n66	60	0	0	63	6.271361250000003
n59	65	0	0	68	5.889417187499999
n70	64	0	0	56	6.670666406250001
n74	67	0	0	56	7.01788828125
n69	63	0	0	59	6.5678353125000015
n71	66	0	0	59	6.780174843750001
n73	deletion
n72	68	0	0	63	6.845612812500001
n85	70	0	0	37	7.14609328125
n86	74	0	0	49	7.15143515625
n75	69	0	0	56	7.331723437499999
n77	72	0	0	56	7.68028078125
n76	71	0	0	59	7.41318703125
n78	73	0	0	59	7.7604089062499995
n61	79	0	0	65	7.5080053125
n60	78	0	0	66	7.18615734375
n87	83	0	0	47	8.15837859375
n88	80	0	0	49	8.127662812499999
n81	81	0	0	53	8.274564375
n79	76	0	0	56	7.971412968749999
n82	82	0	0	56	8.361369843750001
n80	77	0	0	59	8.04352828125
n63	84	0	0	61	8.141017499999998
n62	75	0	0	63	7.836530624999999
n114	91	0	0	46	8.478891093750004
n115	88	0	0	49	8.449510781250003
n93	85	0	0	54	8.677875937500005
n97	90	0	0	54	8.990375625000006
n94	86	0	0	58	8.755333125000005
n96	89	0	0	58	8.907576562500005
n95	87	0	0	61	8.848815937500003
n89	92	0	0	66	8.501594062500004
n116	95	0	0	42	9.170663906250004
n117	94	0	0	51	9.165322031250005
n98	93	0	0	60	9.357629531250007
n102	100	0	0	60	9.72888984375001
n99	97	0	0	63	9.456454218750007
n101	99	0	0	63	9.62338781250001
n100	98	0	0	66	9.531240468750008
n90	96	0	0	70	9.194702343750004
n118	101	0	0	37	9.862436718750011
n119	108	0	0	53	10.217671406250016
n103	deletion
n107	104	0	0	56	10.583589843750016
n104	102	0	0	61	10.328515312500016
n106	103	0	0	61	10.490107031250016
n105	105	0	0	65	10.424669062500016
n91	109	0	0	68	9.92520375000001
n109	107	0	0	56	10.814625937500017
n113	112	0	0	57	11.390212968750017
n108	106	0	0	61	10.686420937500015
n110	110	0	0	61	10.904102343750017
n112	113	0	0	61	11.231292187500017
n111	114	0	0	65	11.105758125000017
n92	111	0	0	69	11.071035937500017
n144	117	0	0	42	11.614571718750017
n145	118	0	0	49	11.606558906250017
n123	115	0	0	58	11.89635562500002
n127	121	0	0	58	12.251590312500017
n129	123	0	0	58	12.453246093750016
n124	116	0	0	61	11.979154687500019
n126	119	0	0	61	12.15944296875002
n125	120	0	0	66	12.07530843750002
n120	125	0	0	70	11.651964843750017
n133	126	0	0	58	12.840532031250014
n128	122	0	0	61	12.362434218750016
n130	124	0	0	61	12.568096406250016
n132	127	0	0	61	12.756397500000014
n131	128	0	0	66	12.654901875000014
n146	132	0	0	42	12.966066093750014
n147	133	0	0	49	12.955382343750014
n134	129	0	0	58	13.154367187500016
n138	135	0	0	58	13.49357625000002
n135	130	0	0	61	13.233159843750018
n137	134	0	0	61	13.40677078125002
n136	136	0	0	66	13.318629843750019
n121	131	0	0	70	12.991440000000013
n148	139	0	0	42	13.591065468750019
n149	137	0	0	49	13.616439375000018
n139	138	0	0	58	13.745979843750018
n143	143	0	0	58	14.110562812500017
n140	140	0	0	61	13.851481875000017
n142	142	0	0	61	14.021086406250017
n141	144	0	0	66	13.932945468750017
n122	141	0	0	70	13.612432968750019
n174	151	0	0	39	14.277496406250018
n175	155	0	0	51	14.270819062500017
n153	145	0	0	58	14.531235468750022
n157	149	0	0	58	14.930540625000026
n154	146	0	0	63	14.655434062500023
n156	148	0	0	63	14.849077031250024
n155	147	0	0	66	14.750252343750024
n150	154	0	0	70	14.349611718750019
n159	152	0	0	58	15.145551093750026
n163	157	0	0	58	15.487431093750024
n158	150	0	0	63	15.013339687500025
n160	153	0	0	63	15.197634375000026
n162	158	0	0	63	15.393948281250024
n161	156	0	0	66	15.280433437500026
n164	159	0	0	54	15.793253437500026
n168	162	0	0	54	16.097740312500026
n165	160	0	0	58	15.861362343750026
n167	165	0	0	58	16.483690781250026
n166	163	0	0	63	15.937484062500026
n151	161	0	0	66	15.618307031250025
n178	169	0	0	34	16.251319218750023
n179	168	0	0	46	16.228616250000023
n169	164	0	0	53	16.386201562500023
n173	170	0	0	53	16.756126406250026
n170	deletion
n172	deletion
n171	167	0	0	62	16.559812500000024
n152	166	0	0	65	16.251319218750023
n204	176	0	0	35	16.864299375000027
n205	175	0	0	47	16.861628437500027
n186	172	0	0	51	17.036574843750028
n190	179	0	0	51	17.36510015625003
n187	173	0	0	54	17.11670296875003
n189	178	0	0	54	17.294320312500027
n188	177	0	0	59	17.18080546875003
n180	174	0	0	63	16.880325000000028
n206	181	0	0	32	17.483956875000032
n207	183	0	0	44	17.505324375000033
n191	180	0	0	56	17.673593437500035
n195	187	0	0	56	18.018144375000034
n192	184	0	0	59	17.757727968750036
n194	186	0	0	59	17.931338906250033
n193	185	0	0	63	17.852546250000035
n181	182	0	0	68	17.503988906250033
n208	201	0	0	37	18.145013906250036
n209	195	0	0	49	18.142342968750036
n197	189	0	0	56	18.38539828125004
n199	192	0	0	56	18.727278281250037
n196	188	0	0	59	18.311947500000038
n198	191	0	0	59	18.637801875000036
n183	193	0	0	65	18.474874687500037
n182	190	0	0	66	18.139672031250036
n201	196	0	0	56	19.01440406250004
n203	200	0	0	56	19.346935781250043
n200	194	0	0	59	18.93828234375004
n202	198	0	0	59	19.265472187500045
n184	197	0	0	63	18.807406406250042
n185	199	0	0	65	19.133260781250044
n234	218	0	0	42	19.53523687500004
n235	216	0	0	49	19.532565937500042
n212	202	0	0	59	19.767608437500048
n216	206	0	0	59	20.137533281250047
n213	203	0	0	61	19.866433125000047
n215	204	0	0	61	20.061411562500048
n214	205	0	0	65	19.971935156250048
n210	210	0	0	68	19.53657234375004
n218	208	0	0	59	20.333847187500044
n222	213	0	0	59	20.759861718750045
n217	207	0	0	61	20.264402812500045
n219	209	0	0	61	20.446026562500045
n221	212	0	0	61	20.675727187500044
n220	211	0	0	65	20.535502968750045
n223	214	0	0	54	21.12177375000005
n227	220	0	0	54	21.47700843750005
n224	215	0	0	58	21.199230937500047
n226	219	0	0	58	21.363493593750047
n225	217	0	0	61	21.315416718750047
n211	226	0	0	66	20.909434218750047
n229	223	0	0	54	21.67599328125005
n233	225	0	0	54	22.111356093750054
n228	221	0	0	58	21.577168593750052
n230	222	0	0	58	21.78416625000005
n232	deletion
n231	224	0	0	61	21.903022968750054
n262	239	0	0	49	22.378449843750055
n263	233	0	0	53	22.363759687500053
n240	227	0	0	56	22.62551156250006
n244	231	0	0	56	22.975404375000057
n246	234	0	0	56	23.16103453125006
n241	228	0	0	61	22.70163328125006
n243	230	0	0	61	22.86856687500006
n242	229	0	0	65	22.82182546875006
n238	236	0	0	68	22.381120781250054
n250	238	0	0	56	23.505585468750063
n245	232	0	0	61	23.07422906250006
n247	235	0	0	61	23.24249812500006
n249	237	0	0	61	23.416109062500063
n248	240	0	0	65	23.345329218750063
n264	248	0	0	46	23.62978406250006
n265	246	0	0	51	23.62577765625006
n266	244	0	0	55	23.620435781250062
n251	241	0	0	61	23.87951671875006
n255	247	0	0	61	24.22139671875006
n252	242	0	0	63	23.95029656250006
n254	245	0	0	63	24.143939531250062
n253	243	0	0	67	24.051792187500062
n239	252	0	0	70	23.68453828125006
n257	251	0	0	61	24.40034953125006
n261	253	0	0	61	24.79431281250006
n256	249	0	0	63	24.325563281250062
n258	250	0	0	63	24.50050968750006
n260	255	0	0	63	24.691481718750058
n259	254	0	0	67	24.58865062500006
n292	271	0	0	44	24.987955781250058
n293	272	0	0	51	24.963917343750058
n294	270	0	0	56	24.95857546875006
n270	259	0	0	61	25.62497437500006
n274	262	0	0	61	25.82663015625006
n276	265	0	0	61	26.227270781250063
n271	256	0	0	63	25.33117125000006
n273	258	0	0	63	25.530156093750062
n272	261	0	0	68	25.471395468750064
n267	257	0	0	73	25.058735625000054
n280	deletion
n275	260	0	0	63	25.751843906250063
n277	263	0	0	63	25.91610656250006
n279	266	0	0	63	26.14580718750006
n278	267	0	0	68	26.02695046875006
n268	264	0	0	71	25.99890562500006
n295	deletion
n296	deletion
n297	deletion
n281	268	0	0	59	26.574492656250065
n285	275	0	0	59	26.948423906250063
n282	269	0	0	63	26.670646406250068
n284	274	0	0	63	26.886992343750066
n283	273	0	0	68	26.784161250000068
n269	279	0	0	71	26.391533437500065
n287	277	0	0	59	27.17144718750006
n291	281	0	0	59	27.56541046875006
n286	276	0	0	63	27.045913125000062
n288	278	0	0	63	27.24489796875006
n290	280	0	0	63	27.45056015625006
n289	282	0	0	68	27.35574187500006
n322	296	0	0	52	27.76038890625006
n323	290	0	0	56	27.74836968750006
n301	283	0	0	59	27.954031875000062
n305	287	0	0	59	28.33063406250006
n302	284	0	0	64	28.055527500000064
n304	286	0	0	64	28.23848671875006
n303	285	0	0	68	28.142332968750065
n298	292	0	0	71	27.76172437500006
n307	289	0	0	59	28.526947968750058
n311	294	0	0	59	28.900879218750056
n306	288	0	0	64	28.42278140625006
n308	291	0	0	64	28.61375343750006
n310	293	0	0	64	28.802054531250057
n309	295	0	0	68	28.709907187500058
n324	303	0	0	51	28.998368437500055
n325	299	0	0	54	29.006381250000054
n312	297	0	0	59	29.169308437500057
n316	302	0	0	59	29.488485468750053
n313	298	0	0	63	29.24810109375006
n315	301	0	0	63	29.416370156250053
n314	304	0	0	66	29.329564687500056
n299	300	0	0	71	29.027748750000054
n326	311	0	0	49	29.655419062500055
n327	308	0	0	54	29.642064375000054
n328	307	0	0	58	29.634051562500055
n317	305	0	0	64	29.83837828125006
n321	310	0	0	64	30.20830312500006
n318	306	0	0	66	29.94254484375006
n320	312	0	0	66	30.09345281250006
n319	313	0	0	70	30.01599562500006
n300	309	0	0	73	29.675451093750056
n356	334	0	0	47	30.38725593750006
n357	331	0	0	54	30.404617031250062
n358	329	0	0	59	30.38458500000006
n333	314	0	0	64	30.698420156250062
n337	318	0	0	64	31.128441093750066
n334	315	0	0	66	30.79858031250006
n336	317	0	0	66	31.021603593750065
n335	320	0	0	71	30.929456250000065
n329	316	0	0	76	30.463377656250064
n343	deletion
n339	322	0	0	64	31.29537468750006
n338	319	0	0	66	31.184530781250064
n340	321	0	0	66	31.34478703125006
n342	326	0	0	66	31.586506875000058
n341	325	0	0	71	31.44895359375006
n330	323	0	0	75	31.450289062500058
n359	deletion
n360	deletion
n361	deletion
n345	327	0	0	63	32.13538453125005
n349	333	0	0	63	32.478600000000014
n346	328	0	0	66	32.198151562500044
n348	330	0	0	66	32.36909156250002
n347	332	0	0	71	32.28362156250003
n331	338	0	0	75	31.90835484375006
n351	336	0	0	63	32.70162328125001
n355	339	0	0	63	33.0982575
n350	335	0	0	66	32.57074734375001
n352	337	0	0	66	32.768396718750004
n354	341	0	0	66	32.975394375
n353	340	0	0	71	32.88858890625
n391	344	0	0	47	33.35333203125
n392	345	0	0	54	33.33730640625
n368	342	0	0	63	33.56700703124997
n372	348	0	0	63	33.92624812499996
n369	343	0	0	66	33.659154374999964
n371	347	0	0	66	33.83142984374995
n370	346	0	0	71	33.74328890624995
n362	352	0	0	75	33.377370468749994
n374	350	0	0	63	34.13858765624995
n378	354	0	0	63	34.484474062499956
n373	349	0	0	66	34.00637624999996
n375	351	0	0	66	34.20536109374995
n377	353	0	0	66	34.37763656249995
n376	355	0	0	71	34.29750843749995
n395	370	0	0	47	34.618020937499956
n393	362	0	0	56	34.618020937499956
n381	357	0	0	65	34.869089062499924
n384	361	0	0	65	35.150872968749916
n380	356	0	0	68	34.804986562499934
n383	360	0	0	68	35.056054687499916
n364	359	0	0	71	34.94921718749992
n363	358	0	0	75	34.623362812499956
n394	369	0	0	53	35.26038140624992
n387	364	0	0	61	35.49141749999988
n390	367	0	0	61	35.798575312499885
n386	363	0	0	65	35.3992701562499
n389	366	0	0	65	35.710434374999885
n366	368	0	0	68	35.60626781249989
n365	365	0	0	70	35.26972968749992
n425	374	0	0	46	35.974857187499886
n426	373	0	0	54	35.96684437499989
n402	371	0	0	61	36.173842031249876
n406	376	0	0	61	36.54109593749984
n403	372	0	0	66	36.294034218749864
n405	375	0	0	66	36.47432249999984
n404	377	0	0	70	36.356801249999855
n396	381	0	0	73	35.99756015624989
n408	379	0	0	61	36.74809359374984
n412	383	0	0	61	37.111341093749836
n407	378	0	0	66	36.67330734374984
n409	380	0	0	66	36.84157640624984
n411	382	0	0	66	37.021864687499836
n410	384	0	0	70	36.936394687499835
n429	399	0	0	47	37.23286874999984
n427	390	0	0	54	37.23286874999984
n415	387	0	0	63	37.4972915624998
n418	389	0	0	63	37.78308187499979
n414	386	0	0	66	37.379770312499815
n417	388	0	0	66	37.70428921874979
n398	391	0	0	71	37.56940687499979
n416	deletion
n397	385	0	0	73	37.248894374999836
n413	deletion
n428	394	0	0	56	37.88724843749977
n424	396	0	0	56	38.47351921874973
n421	395	0	0	59	38.12896828124973
n423	397	0	0	59	38.34932062499973
n420	393	0	0	63	38.02480171874975
n400	398	0	0	63	38.226457499999725
n422	deletion
n399	392	0	0	68	37.90327406249977
n419	deletion
n458	404	0	0	49	38.613743437499735
n435	400	0	0	54	38.78334796874971
n439	405	0	0	54	39.14258906249968
n441	407	0	0	54	39.388315312499685
n436	401	0	0	58	38.8688179687497
n438	403	0	0	58	39.058454531249694
n437	402	0	0	61	38.9769909374997
n430	409	0	0	66	38.58836953124973
n445	411	0	0	54	39.75423374999969
n440	406	0	0	58	39.26945859374968
n442	408	0	0	58	39.471114374999686
n444	410	0	0	58	39.66742828124969
n443	412	0	0	61	39.55658437499969
n459	413	0	0	37	39.71283421874969
n460	425	0	0	49	39.91315453124968
n463	deletion
n448	415	0	0	56	40.150867968749644
n451	419	0	0	56	40.42998093749964
n447	414	0	0	59	40.04937234374966
n450	418	0	0	59	40.35786562499964
n432	417	0	0	65	40.23366703124964
n449	deletion
n431	416	0	0	66	39.91983187499968
n446	deletion
n462	428	0	0	53	40.9107496874996
n461	421	0	0	54	40.57287609374964
n454	422	0	0	59	40.790557499999615
n457	427	0	0	59	41.1164118749996
n453	420	0	0	61	40.68906187499963
n456	426	0	0	61	41.0135807812496
n434	424	0	0	68	40.889382187499606
n455	deletion
n433	423	0	0	70	40.559521406249644
n452	deletion
n488	442	0	0	42	41.2846809374996
n489	437	0	0	49	41.2993710937496
n467	429	0	0	54	41.499691406249575
n471	433	0	0	54	41.88831281249956
n468	430	0	0	58	41.58649687499957
n470	432	0	0	58	41.77479796874955
n469	431	0	0	61	41.73206296874955
n464	438	0	0	66	41.319403124999596
n473	435	0	0	54	42.076613906249555
n477	439	0	0	54	42.48259640624956
n472	434	0	0	58	41.95909265624955
n474	436	0	0	58	42.164754843749556
n476	440	0	0	58	42.37442343749956
n475	441	0	0	61	42.28361156249956
n490	446	0	0	46	42.62949796874956
n491	445	0	0	49	42.64819453124956
n478	443	0	0	54	42.81779906249954
n482	448	0	0	54	43.16635640624952
n479	444	0	0	58	42.88323703124953
n481	449	0	0	58	43.07554453124952
n480	450	0	0	61	42.99541640624952
n465	447	0	0	66	42.64552359374956
n492	456	0	0	46	43.278535781249516
n493	454	0	0	49	43.281206718749516
n483	451	0	0	55	43.4307792187495
n487	457	0	0	55	43.83809718749948
n484	452	0	0	58	43.521591093749485
n486	455	0	0	58	43.720575937499476
n485	458	0	0	61	43.635105937499475
n466	453	0	0	67	43.29856781249951
n518	471	0	0	49	44.04643031249948
n519	464	0	0	53	44.06112046874948
n496	460	0	0	56	44.34156890624946
n500	463	0	0	56	44.708822812499434
n497	459	0	0	61	44.43638718749945
n499	462	0	0	61	44.61934640624943
n498	461	0	0	65	44.532540937499434
n494	468	0	0	68	44.11053281249948
n502	466	0	0	56	44.90914312499943
n506	470	0	0	56	45.275061562499424
n501	465	0	0	61	44.81699578124943
n503	467	0	0	61	44.95721999999943
n505	469	0	0	61	45.185585156249424
n504	472	0	0	65	45.085424999999425
n522	483	0	0	46	45.42730499999942
n520	478	0	0	52	45.41395031249942
n523	484	0	0	55	45.39258281249943
n507	473	0	0	61	45.6823795312494
n511	477	0	0	61	46.03494328124938
n508	474	0	0	64	45.79188796874939
n510	476	0	0	64	45.95347968749938
n509	475	0	0	67	45.87201609374938
n495	485	0	0	70	45.49140749999942
n521	480	0	0	51	46.132432499999375
n513	482	0	0	61	46.26464390624936
n517	486	0	0	61	46.631897812499346
n512	479	0	0	63	46.16314828124937
n514	481	0	0	63	46.32741093749935
n516	488	0	0	63	46.51971843749934
n515	487	0	0	67	46.43959031249934
n553	501	0	0	44	46.83355359374934
n554	499	0	0	51	46.828211718749344
n549	493	0	0	55	46.818863437499346
n527	489	0	0	61	47.136704999999324
n531	494	0	0	61	47.47324312499929
n528	490	0	0	63	47.22351046874932
n530	491	0	0	63	47.3824312499993
n529	502	0	0	70	47.3223351562493
n524	492	0	0	73	46.915017187499345
n550	498	0	0	56	47.84183249999929
n537	deletion
n533	496	0	0	61	47.65887328124929
n532	495	0	0	63	47.56138406249929
n534	497	0	0	63	47.72164031249929
n536	505	0	0	63	47.97270843749929
n535	504	0	0	68	47.872548281249294
n525	500	0	0	71	47.83916156249929
n555	518	0	0	44	48.18504796874928
n551	508	0	0	51	48.17035781249928
n552	509	0	0	56	48.155667656249285
n538	507	0	0	59	48.41875499999925
n542	512	0	0	59	48.78734437499923
n539	506	0	0	63	48.52292156249924
n541	511	0	0	63	48.721906406249225
n540	510	0	0	68	48.61640437499923
n526	516	0	0	71	48.25449234374928
n556	520	0	0	42	49.292151562499235
n544	514	0	0	59	49.00369031249923
n548	519	0	0	59	49.388305312499234
n543	513	0	0	63	48.90353015624923
n545	515	0	0	63	49.071799218749234
n547	517	0	0	63	49.254758437499234
n546	521	0	0	68	49.18397859374923
n582	533	0	0	40	49.57527093749923
n560	522	0	0	59	49.81699078124922
n564	526	0	0	59	50.193592968749186
n561	523	0	0	64	49.94252484374921
n563	525	0	0	64	50.096103749999195
n562	524	0	0	68	50.01063374999921
n557	530	0	0	71	49.619341406249234
n566	528	0	0	59	50.39658421874918
n570	532	0	0	59	50.751818906249184
n565	527	0	0	64	50.30977874999918
n567	529	0	0	64	50.46068671874918
n569	531	0	0	64	50.658336093749185
n568	534	0	0	68	50.570195156249184
n583	538	0	0	39	50.89872046874919
n585	deletion
n571	535	0	0	59	51.09770531249917
n575	540	0	0	59	51.444927187499154
n572	536	0	0	63	51.18985265624916
n574	539	0	0	63	51.355450781249154
n573	542	0	0	66	51.27131624999915
n558	537	0	0	71	50.94813281249919
n599	552	0	0	35	52.2889434374991
n584	541	0	0	37	51.59316421874915
n588	545	0	0	37	51.920354062499115
n590	548	0	0	37	52.071262031249105
n594	551	0	0	37	52.1994670312491
n596	554	0	0	37	52.3971164062491
n592	deletion
n586	deletion
n598	deletion
n587	543	0	0	39	51.83488406249913
n589	547	0	0	39	52.01250140624911
n591	550	0	0	39	52.1340290624991
n595	deletion
n593	deletion
n597	deletion
n577	544	0	0	64	51.88563187499912
n581	553	0	0	64	52.2755887499991
n578	546	0	0	66	52.00315312499911
n580	556	0	0	66	52.1754285937491
n579	555	0	0	70	52.067255624999106
n559	549	0	0	73	51.666614999999155
n628	572	0	0	35	52.59209484374909
n600	deletion
n605	557	0	0	64	52.852511249999054
n609	561	0	0	64	53.44145296874902
n606	558	0	0	66	52.99139999999905
n608	560	0	0	66	53.34262828124902
n607	565	0	0	73	53.21175234374902
n601	559	0	0	76	52.62681703124909
n615	deletion
n611	563	0	0	64	53.61372843749902
insertion	567	0	0	64	54.03440109374903
n610	562	0	0	66	53.53360031249902
n612	564	0	0	66	53.70053390624902
n614	569	0	0	66	53.96629218749903
n613	568	0	0	71	53.81939062499902
n602	566	0	0	75	53.814048749999024
n617	570	0	0	63	54.465757499999015
n621	575	0	0	63	54.84903703124899
n618	571	0	0	66	54.55523390624901
n620	574	0	0	66	54.735522187498994
n619	573	0	0	71	54.651387656249
n603	578	0	0	75	54.25742437499903
n623	577	0	0	63	55.040009062498996
n627	580	0	0	63	55.582209374998996
n622	576	0	0	66	54.93317156249899
n624	579	0	0	66	55.129485468748996
n626	582	0	0	66	55.409933906248995
n625	581	0	0	71	55.275051562498994
n659	585	0	0	47	55.91607656249899
n660	586	0	0	54	55.914741093748994
n636	583	0	0	63	56.09770031249898
n640	590	0	0	63	56.51436656249894
n642	592	0	0	63	56.71335140624895
n637	584	0	0	66	56.20053140624896
n639	588	0	0	66	56.39150343749895
n641	591	0	0	66	56.56912078124894
n638	587	0	0	71	56.28466593749895
n630	589	0	0	75	55.897379999998996
n646	595	0	0	63	57.09796640624894
n643	593	0	0	66	56.83220812499894
n645	594	0	0	66	56.999141718748945
n644	599	0	0	71	56.89631062499895
n663	611	0	0	47	57.20480390624895
n661	604	0	0	56	57.20346843749895
n649	598	0	0	65	57.485252343748925
n652	602	0	0	65	57.840487031248905
n648	597	0	0	68	57.382421249998934
n651	600	0	0	68	57.76035890624892
n632	601	0	0	74	57.64016671874893
n650	deletion
n631	596	0	0	75	57.226171406248945
n647	deletion
n662	610	0	0	53	57.932634374998905
n658	608	0	0	61	58.50688593749886
n655	606	0	0	62	58.18236703124888
n654	605	0	0	65	58.07686499999889
n657	607	0	0	65	58.39470656249886
n634	609	0	0	68	58.27317890624888
n656	deletion
n633	603	0	0	71	57.96067921874891
n653	deletion
n693	615	0	0	46	58.64443921874886
n694	614	0	0	54	58.63108453124886
n670	612	0	0	61	58.847430468748826
n674	618	0	0	61	59.214684374998804
n671	613	0	0	66	58.94491968749882
n673	617	0	0	66	59.1131887499988
n672	619	0	0	70	59.0410734374988
n664	616	0	0	73	58.656458437498856
n676	622	0	0	61	59.40565640624881
n680	624	0	0	61	59.79160687499881
n675	620	0	0	66	59.32686374999881
n677	621	0	0	66	59.48979093749881
n679	623	0	0	66	59.72349796874881
n678	625	0	0	70	59.61532499999881
n698	633	0	0	47	59.93316656249881
n695	629	0	0	55	59.914469999998815
n696	634	0	0	56	60.24700171874878
n683	628	0	0	63	60.176221874998774
n686	631	0	0	63	60.46868953124874
n682	627	0	0	67	60.07071984374879
n685	630	0	0	68	60.37787765624876
n666	632	0	0	71	60.261691874998775
n684	deletion
n665	626	0	0	73	59.922482812498814
n681	deletion
n699	642	0	0	48	60.9240843749987
n697	640	0	0	51	60.57419156249873
n692	638	0	0	56	61.17648796874867
n689	637	0	0	59	60.8185823437487
n691	639	0	0	60	61.068314999998684
n688	636	0	0	63	60.73311234374871
n668	641	0	0	63	60.9174070312487
n690	deletion
n667	635	0	0	68	60.59422359374873
n687	deletion
n728	645	0	0	49	61.29000281249867
n705	643	0	0	54	61.47963937499865
n709	648	0	0	54	61.83487406249862
n711	650	0	0	54	62.06056828124862
n706	644	0	0	58	61.55309015624864
n708	647	0	0	58	61.753410468748626
n707	646	0	0	61	61.66526953124863
n700	652	0	0	66	61.29534468749867
n715	654	0	0	54	62.46120890624862
n710	649	0	0	58	61.95907265624862
n712	651	0	0	58	62.16607031249862
n714	653	0	0	58	62.35837781249862
n713	655	0	0	61	62.26623046874862
n729	656	0	0	37	62.38642265624862
n730	667	0	0	49	62.578730156248625
n733	deletion
n718	658	0	0	56	62.85250124999859
n721	662	0	0	56	63.143633437498586
n717	657	0	0	59	62.749670156248605
n720	661	0	0	59	63.07953093749858
n702	660	0	0	65	62.95666781249859
n719	deletion
n701	659	0	0	66	62.624136093748625
n716	deletion
n732	671	0	0	53	63.61371843749855
n731	664	0	0	54	63.27183843749859
n724	665	0	0	59	63.50554546874855
n727	670	0	0	59	63.85143187499851
n723	663	0	0	61	63.40137890624857
n726	669	0	0	61	63.752607187498526
n704	668	0	0	68	63.627073124998546
n725	deletion
n703	666	0	0	70	63.278515781248586
n722	deletion
n759	686	0	0	42	64.01970093749851
n760	691	0	0	49	64.03038468749851
n736	672	0	0	54	64.25073703124848
n740	676	0	0	54	64.64069390624844
n737	673	0	0	58	64.34288437499848
n739	674	0	0	58	64.53385640624845
n738	675	0	0	61	64.46708296874846
n734	699	0	0	66	64.0624359374985
n742	679	0	0	54	64.85436890624845
n746	682	0	0	54	65.24165484374844
n748	685	0	0	54	65.45265890624843
n741	677	0	0	58	64.74352499999844
n743	678	0	0	58	64.94250984374845
n745	681	0	0	58	65.15752031249845
n744	680	0	0	61	65.04400546874845
n752	689	0	0	54	65.83860937499843
n747	683	0	0	58	65.35650515624843
n749	684	0	0	58	65.55682546874843
n751	687	0	0	58	65.75046843749843
n750	688	0	0	61	65.64630187499843
n761	698	0	0	41	65.9815045312484
n762	695	0	0	50	65.9681498437484
n754	693	0	0	54	66.13241249999838
n758	697	0	0	54	66.56643984374834
n753	690	0	0	58	66.0375942187484
n755	692	0	0	58	66.20853421874837
n757	696	0	0	58	66.43957031249835
n756	694	0	0	62	66.33273281249835
n787	705	0	0	39	66.90030703124833
n788	704	0	0	51	66.88161046874833
n765	700	0	0	58	67.11932390624831
n769	706	0	0	58	67.48657781249828
n771	708	0	0	58	67.71093656249829
n766	701	0	0	63	67.23150328124831
n768	703	0	0	63	67.4037787499983
n767	702	0	0	66	67.31964421874831
n763	710	0	0	70	66.89763609374833
n789	715	0	0	39	67.90858593749829
n790	714	0	0	41	67.99004953124829
n791	711	0	0	42	68.09154515624827
n792	720	0	0	42	68.24913046874828
n775	713	0	0	58	68.11825453124827
n770	707	0	0	63	67.61878921874829
n772	709	0	0	63	67.7817164062483
n774	712	0	0	63	68.02610718749828
n773	716	0	0	66	67.91392781249829
n776	717	0	0	58	68.47215374999824
n780	722	0	0	58	68.84875593749821
n782	724	0	0	58	69.04640531249822
n777	718	0	0	63	68.55895921874824
n779	721	0	0	63	68.75260218749823
n778	719	0	0	66	68.65644843749824
n764	730	0	0	70	68.28785906249827
n793	727	0	0	42	69.22535812499822
n794	732	0	0	44	69.31750546874822
n795	729	0	0	46	69.41098828124821
n828	744	0	0	46	69.5485415624982
n786	731	0	0	58	69.40965281249821
n781	723	0	0	63	68.94090328124821
n783	725	0	0	63	69.12519796874822
n785	728	0	0	63	69.31750546874822
n784	726	0	0	66	69.22669359374822
n835	764	0	0	46	71.0001960937481
n829	736	0	0	59	69.99325265624816
n805	733	0	0	62	69.72215249999817
n806	734	0	0	65	69.84768656249817
n808	737	0	0	65	70.20158578124814
n809	738	0	0	68	70.30041046874814
n796	735	0	0	70	69.5845992187482
n804	deletion
n797	741	0	0	77	70.05869062499816
n807	deletion
n831	748	0	0	53	70.67033531249811
n830	739	0	0	56	70.38988687499814
n811	740	0	0	65	70.48336968749813
n814	746	0	0	65	70.8412753124981
n812	742	0	0	68	70.59020718749811
n815	747	0	0	68	70.9334226562481
n799	745	0	0	71	70.68636093749811
n800	751	0	0	71	71.0188926562481
n813	deletion
n798	743	0	0	74	70.38320953124814
n810	deletion
n832	756	0	0	50	71.0082089062481
n817	749	0	0	65	71.16045234374809
n820	752	0	0	65	71.47562296874806
n818	750	0	0	68	71.27930906249807
n821	754	0	0	68	71.57444765624804
n801	753	0	0	70	71.36477906249807
n819	deletion
n816	deletion
n833	762	0	0	48	72.12332531249798
n834	763	0	0	50	72.20478890624798
n823	755	0	0	58	71.80548374999802
n826	760	0	0	58	72.11264156249798
n824	757	0	0	65	71.921669531248
n827	761	0	0	65	72.22081453124798
n803	759	0	0	68	72.00446859374799
n825	deletion
n802	758	0	0	70	71.68929796874804
n822	deletion
n867	771	0	0	51	72.33165843749798
n846	765	0	0	58	72.44917968749796
n849	767	0	0	58	72.76167937499791
n847	766	0	0	63	72.56135906249794
n850	768	0	0	63	72.86851687499791
n838	770	0	0	66	72.66285468749793
n848	deletion
n837	769	0	0	68	72.34634859374798
n840	775	0	0	68	73.32658265624785
n854	deletion
n845	deletion
n868	778	0	0	44	73.0007282812479
n852	772	0	0	56	73.13961703124788
n855	776	0	0	56	73.44811031249785
n853	773	0	0	59	73.21974515624787
n856	777	0	0	59	73.52690296874785
n839	774	0	0	65	72.9887090624979
n851	deletion
n869	785	0	0	46	73.68849468749784
n857	779	0	0	51	73.92754359374781
n861	782	0	0	51	74.2774364062478
n858	780	0	0	54	73.9983234374978
n860	783	0	0	54	74.17059890624779
n859	784	0	0	58	74.09447718749779
n841	781	0	0	63	73.75526812499784
n872	794	0	0	41	74.84233968749774
n871	792	0	0	42	74.77155984374775
n870	791	0	0	44	74.67139968749777
n862	786	0	0	50	74.48977593749777
n863	787	0	0	53	74.57658140624777
n865	790	0	0	53	74.78224359374775
n864	789	0	0	58	74.68074796874777
n842	788	0	0	62	74.38160296874779
n844	793	0	0	70	74.88240374999774
n873	804	0	0	70	75.09874968749774
n874	820	0	0	70	76.39548984374771
n866	deletion
n898	797	0	0	39	75.05334374999774
n876	795	0	0	58	75.26034140624772
n880	800	0	0	58	75.6663239062477
n877	796	0	0	63	75.36984984374772
n879	798	0	0	63	75.5648282812477
n878	799	0	0	66	75.46733906249771
n899	805	0	0	39	76.05227437499772
n900	809	0	0	41	76.14308624999772
n901	806	0	0	42	76.2432464062477
n902	813	0	0	42	76.39415437499771
n882	802	0	0	58	75.87732796874772
n886	807	0	0	58	76.23656906249771
n881	801	0	0	63	75.77716781249771
n883	803	0	0	63	75.95344968749772
n885	808	0	0	63	76.15777640624772
n884	810	0	0	66	76.04025515624772
n887	811	0	0	58	76.54105593749769
n891	815	0	0	58	76.92166453124767
n893	818	0	0	58	77.13133312499767
n888	812	0	0	63	76.63854515624769
n890	814	0	0	63	76.84554281249767
n889	817	0	0	66	76.73336343749769
n903	826	0	0	42	77.29158937499766
n904	825	0	0	44	77.41044609374764
n905	823	0	0	46	77.50259343749762
n897	824	0	0	58	77.51327718749762
n892	816	0	0	63	77.03785031249767
n894	819	0	0	63	77.22348046874767
n896	822	0	0	63	77.43314906249763
n895	821	0	0	66	77.39442046874764
n875	827	0	0	71	77.32764703124765
n938	838	0	0	46	77.68421718749761
n946	862	0	0	46	79.1746003124975
n939	829	0	0	59	78.12759281249757
n915	828	0	0	62	77.82844781249759
n918	831	0	0	65	78.40537031249754
n921	834	0	0	65	78.70451531249752
n924	840	0	0	65	78.9876346874975
n927	843	0	0	65	79.30280531249748
n916	deletion
n919	832	0	0	68	78.48149203124753
n906	830	0	0	70	77.7029137499976
n910	844	0	0	70	79.1786067187475
n912	856	0	0	70	79.91311453124742
n914	deletion
n932	deletion
n907	836	0	0	77	78.19703718749757
n917	deletion
n941	842	0	0	53	78.85675874999752
n940	833	0	0	56	78.55761374999753
n922	835	0	0	68	78.79265624999752
n925	841	0	0	68	79.0904657812475
n909	839	0	0	71	78.86610703124752
n923	deletion
n908	837	0	0	74	78.55093640624753
n920	deletion
n942	846	0	0	50	79.1532328124975
n930	847	0	0	65	79.63667249999745
n928	845	0	0	68	79.42967484374746
n931	849	0	0	68	79.72347796874743
n926	deletion
n911	848	0	0	71	79.50179015624747
n929	deletion
n944	859	0	0	48	80.38186406249736
n943	850	0	0	50	79.84634109374743
n945	861	0	0	50	80.45932124999734
n933	852	0	0	58	80.07470624999739
n936	858	0	0	58	80.37518671874736
n934	853	0	0	65	80.17753734374737
n937	860	0	0	65	80.45798578124734
n913	857	0	0	68	80.26434281249738
n935	deletion
n978	868	0	0	51	80.61557109374733
n956	863	0	0	58	80.75045343749731
n959	865	0	0	58	81.0322373437473
n957	864	0	0	63	80.83992984374731
n960	867	0	0	63	81.1404103124973
n949	869	0	0	66	80.93875453124731
n958	deletion
n948	866	0	0	68	80.62759031249733
n955	deletion
n979	876	0	0	44	81.26861531249729
n962	870	0	0	56	81.39548484374727
n963	871	0	0	59	81.47427749999726
n965	875	0	0	59	81.82550578124722
n950	872	0	0	65	81.25659609374729
n961	deletion
n966	deletion
n951	873	0	0	71	81.59046328124724
n964	deletion
n980	883	0	0	46	81.97240734374721
n967	877	0	0	51	82.19142421874719
n971	881	0	0	51	82.57603921874717
n968	878	0	0	54	82.28357156249717
n970	880	0	0	54	82.47053718749716
n969	882	0	0	58	82.37972531249716
n952	879	0	0	63	82.03250343749721
n981	892	0	0	38	83.02876312499711
n972	885	0	0	50	82.78570781249714
n982	888	0	0	50	83.01407296874712
n973	886	0	0	53	82.85915859374713
n974	887	0	0	58	82.86182953124712
n976	890	0	0	58	83.1356006249971
n953	884	0	0	62	82.68955406249715
n977	891	0	0	65	83.23308984374708
n954	889	0	0	70	83.02208578124711
n975	deletion
n1011	895	0	0	39	83.34526921874708
n1012	893	0	0	51	83.36263031249707
n990	894	0	0	58	83.50151906249705
n993	897	0	0	58	83.84740546874703
n991	896	0	0	63	83.62571765624703
n994	898	0	0	63	83.93821734374703
n984	900	0	0	66	83.72587781249703
n992	deletion
n983	899	0	0	68	83.36663671874707
n989	deletion
n1013	908	0	0	32	84.14254406249702
n1014	904	0	0	44	84.16925343749702
n996	901	0	0	56	84.308142187497
n997	903	0	0	59	84.41364421874698
n999	906	0	0	59	84.67138968749697
n985	902	0	0	64	84.15589874999702
n1000	907	0	0	64	84.78356906249698
n995	deletion
n986	905	0	0	71	84.54051374999698
n998	deletion
n1015	912	0	0	30	84.95450906249697
n1016	916	0	0	42	84.95050265624697
n1001	909	0	0	51	85.14013921874695
n1005	913	0	0	51	85.51407046874692
n1002	910	0	0	54	85.24430578124694
n1004	915	0	0	54	85.45130343749692
n1003	914	0	0	59	85.32844031249692
n987	911	0	0	63	85.00392140624697
n1017	923	0	0	40	85.70504249999692
n1006	917	0	0	49	85.8546149999969
n1010	921	0	0	49	86.31000984374688
n1007	918	0	0	54	85.95343968749688
n1009	920	0	0	54	86.16444374999688
n1008	919	0	0	58	86.03890968749687
n988	922	0	0	61	85.67966859374692
n1044	936	0	0	39	86.61850312499688
n1022	924	0	0	54	86.88559687499684
n1026	928	0	0	54	87.34232718749683
n1023	925	0	0	59	87.00845999999683
n1025	927	0	0	59	87.23415421874682
n1024	926	0	0	63	87.11796843749681
n1018	932	0	0	66	86.61983859374688
n1028	930	0	0	54	87.55867312499684
n1032	934	0	0	54	88.01273249999686
n1027	929	0	0	59	87.45317109374685
n1029	931	0	0	59	87.63880124999685
n1031	933	0	0	59	87.90455953124686
n1030	935	0	0	63	87.76166437499685
n1045	949	0	0	37	88.14761484374685
n1033	937	0	0	54	88.33458046874684
n1037	941	0	0	54	88.71652453124682
n1034	938	0	0	58	88.42272140624682
n1036	940	0	0	58	88.6110224999968
n1035	942	0	0	64	88.50685593749681
n1019	939	0	0	66	88.16230499999685
n1039	944	0	0	58	88.9729345312468
n1043	948	0	0	58	89.3775815624968
n1040	deletion
n1042	947	0	0	64	89.27608593749679
n1021	946	0	0	66	89.16257109374679
n1054	951	0	0	66	90.00792281249673
n1056	952	0	0	66	90.17752734374672
n1058	954	0	0	66	90.37517671874672
n1041	deletion
n1020	943	0	0	68	88.82069109374682
n1038	deletion
n1076	963	0	0	35	89.63532703124679
n1053	950	0	0	63	89.91043359374675
n1057	953	0	0	63	90.27234562499672
n1055	958	0	0	71	90.10541203124671
n1046	957	0	0	75	89.66871374999678
n1059	956	0	0	63	90.45530484374672
n1063	961	0	0	63	90.9000159374967
n1060	955	0	0	66	90.56881968749671
n1062	960	0	0	67	90.8265651562467
n1047	959	0	0	73	90.66630890624671
n1077	975	0	0	40	91.0135307812467
n1066	965	0	0	59	91.26593437499666
n1069	967	0	0	59	91.57309218749663
n1065	964	0	0	68	91.17245156249668
n1068	966	0	0	68	91.46625468749664
n1049	968	0	0	71	91.34606249999666
n1067	deletion
n1048	962	0	0	73	91.0135307812467
n1064	deletion
n1075	974	0	0	56	92.27020687499657
n1072	971	0	0	59	91.91096578124659
n1074	deletion
n1071	970	0	0	64	91.8335085937466
n1051	972	0	0	64	92.02314515624658
n1073	deletion
n1050	969	0	0	68	91.69461984374662
n1070	deletion
n1107	978	0	0	42	92.39173453124658
n1084	976	0	0	51	92.57736468749656
n1088	981	0	0	51	92.95129593749651
n1085	977	0	0	54	92.70156328124654
n1087	979	0	0	54	92.85781312499651
n1086	982	0	0	59	92.75898843749653
n1078	980	0	0	63	92.39974734374658
n1090	984	0	0	51	93.17832562499653
n1094	988	0	0	51	93.50551546874652
n1089	983	0	0	54	93.06881718749652
n1091	985	0	0	54	93.26246015624653
n1093	987	0	0	54	93.45743859374653
n1092	986	0	0	59	93.37063312499654
n1079	989	0	0	63	93.37330406249654
n1108	997	0	0	42	93.70583578124652
n1109	998	0	0	49	93.68713921874652
n1096	990	0	0	58	93.8901304687465
n1099	994	0	0	58	94.18660453124646
n1097	991	0	0	61	93.99696796874649
n1100	995	0	0	61	94.31881593749644
n1081	993	0	0	66	94.08911531249647
n1098	deletion
n1080	992	0	0	68	93.75124171874653
n1095	deletion
n1110	1001	0	0	52	94.79557828124642
n1102	996	0	0	54	94.59125156249642
n1105	1003	0	0	54	94.93446703124641
n1103	1000	0	0	58	94.75417874999643
n1106	1004	0	0	58	95.02661437499641
n1083	1002	0	0	61	94.81694578124642
n1104	deletion
n1082	999	0	0	64	94.44301453124642
n1101	deletion
n1135	1015	0	0	35	95.2723406249964
n1117	1008	0	0	47	95.91870749999636
n1119	1010	0	0	47	96.13238249999637
n1123	1012	0	0	47	96.66924093749638
n1124	1016	0	0	47	97.20743484374636
n1128	1020	0	0	47	97.62677203124633
n1130	1022	0	0	47	97.83777609374634
n1113	deletion
n1114	1005	0	0	51	95.58083390624637
n1116	1007	0	0	51	95.81854734374635
n1115	1006	0	0	54	95.73174187499635
n1111	1011	0	0	59	95.2883662499964
n1118	1009	0	0	51	96.03355781249637
n1120	1014	0	0	51	96.45957234374639
n1122	deletion
n1121	1013	0	0	54	96.35941218749637
n1136	1029	0	0	31	96.96571499999638
n1125	1017	0	0	52	97.31827874999634
n1127	1019	0	0	52	97.54797937499633
n1126	1018	0	0	55	97.41710343749634
n1112	1024	0	0	59	96.97372781249638
n1137	deletion
n1138	1030	0	0	33	98.13959203124634
n1139	1026	0	0	35	98.24242312499634
n1164	1039	0	0	35	98.42538234374634
n1134	1027	0	0	47	98.25577781249633
n1129	1021	0	0	52	97.72159031249633
n1131	1023	0	0	52	97.93259437499634
n1133	1025	0	0	52	98.12890828124634
n1132	1028	0	0	55	98.01806437499634
n1143	1032	0	0	47	98.6230317187463
n1147	1035	0	0	47	99.00631124999629
n1144	1031	0	0	51	98.7111726562463
n1146	1034	0	0	51	98.90080921874628
n1145	1033	0	0	54	98.81400374999629
n1140	1041	0	0	59	98.43072421874633
n1165	1040	0	0	37	99.3802424999963
n1166	1042	0	0	39	99.4643770312463
n1167	1043	0	0	40	99.56453718749628
n1168	1047	0	0	42	99.65534906249628
n1149	1037	0	0	47	99.2159798437463
n1153	1044	0	0	47	99.64867171874629
n1148	1036	0	0	51	99.10647140624629
n1150	1038	0	0	51	99.3094626562463
n1152	1045	0	0	51	99.5097829687463
n1151	1046	0	0	54	99.4176356249963
n1169	1053	0	0	43	99.81827624999627
n1154	1048	0	0	47	100.00390640624624
n1158	1052	0	0	47	100.37650218749621
n1155	1049	0	0	50	100.09071187499623
n1157	1051	0	0	50	100.29236765624621
n1156	1054	0	0	53	100.18820109374622
n1141	1050	0	0	59	99.85032749999627
n1170	1055	0	0	42	100.56747421874621
n1159	1056	0	0	49	100.75844624999618
n1163	1060	0	0	49	101.14973859374615
n1160	1057	0	0	52	100.85459999999617
n1162	1061	0	0	52	101.05358484374615
n1161	1059	0	0	54	100.95743109374615
n1142	1058	0	0	58	100.57548703124621
n1195	1074	0	0	35	101.34338156249616
n1173	1062	0	0	47	101.53301812499613
n1177	1066	0	0	47	101.93365874999608
n1174	1063	0	0	51	101.63451374999613
n1176	1065	0	0	51	101.8375049999961
n1175	1064	0	0	54	101.78141531249611
n1171	1070	0	0	59	101.36341359374616
n1179	1069	0	0	47	102.1580174999961
n1183	1071	0	0	47	102.69354046874612
n1178	1067	0	0	51	102.06186374999609
n1180	1068	0	0	51	102.2675259374961
n1182	1072	0	0	51	102.50924578124612
n1181	1073	0	0	54	102.40374374999611
n1196	1089	0	0	32	103.04877515624612
n1184	1075	0	0	47	103.35326203124609
n1188	1079	0	0	47	103.85139187499605
n1185	1076	0	0	52	103.48146703124607
n1187	1077	0	0	52	103.74455437499606
n1186	1078	0	0	56	103.62703312499606
n1172	1083	0	0	59	103.08483281249612
n1197	deletion
n1198	1088	0	0	34	104.37756656249606
n1199	1084	0	0	35	104.50042968749605
n1224	1098	0	0	35	104.72612390624606
n1190	1081	0	0	47	104.07441515624605
n1194	1085	0	0	47	104.53248093749605
n1189	1080	0	0	52	103.94487468749605
n1191	1082	0	0	52	104.14653046874605
n1193	1086	0	0	52	104.37756656249606
n1192	1087	0	0	56	104.25870984374605
n1203	1090	0	0	47	104.91843140624604
n1207	1094	0	0	47	105.32040749999601
n1204	1091	0	0	51	105.04930734374604
n1206	1093	0	0	51	105.21891187499601
n1205	1092	0	0	54	105.12142265624603
n1200	1100	0	0	59	104.73413671874606
n1225	1099	0	0	37	105.71971265624602
n1226	1101	0	0	39	105.83055656249601
n1227	1102	0	0	40	105.916026562496
n1228	1106	0	0	42	106.009509374996
n1209	1096	0	0	47	105.54610171874602
n1213	1103	0	0	47	105.973451718746
n1208	1095	0	0	51	105.433922343746
n1210	1097	0	0	51	105.65160374999601
n1212	1105	0	0	51	105.85058859374601
n1211	1104	0	0	54	105.75977671874601
n1229	1112	0	0	44	106.17777843749599
n1214	1108	0	0	47	106.37008593749596
n1218	1111	0	0	47	106.76939109374592
n1215	1109	0	0	50	106.45021406249596
n1217	1110	0	0	50	106.66923093749593
n1216	1113	0	0	53	106.56239343749594
n1201	1107	0	0	59	106.19647499999598
n1230	1114	0	0	42	106.94300203124592
n1219	1115	0	0	49	107.13798046874591
n1223	1119	0	0	49	107.62008468749588
n1220	1116	0	0	52	107.2341342187459
n1222	1118	0	0	52	107.43712546874588
n1221	1120	0	0	54	107.34230718749588
n1202	1117	0	0	58	106.95902765624592
n1259	1140	0	0	35	107.85913359374588
n1236	1121	0	0	47	108.08883421874586
n1240	1125	0	0	47	108.49348124999582
n1242	1127	0	0	47	108.72451734374584
n1237	1122	0	0	51	108.19300078124584
n1239	1124	0	0	51	108.38931468749583
n1238	1123	0	0	54	108.28648359374583
n1231	1129	0	0	59	107.88050109374588
n1246	1131	0	0	47	109.12916437499585
n1241	1126	0	0	51	108.61367343749583
n1243	1128	0	0	51	108.82868390624584
n1245	1130	0	0	51	109.04770078124585
n1244	1132	0	0	54	108.94754062499585
n1248	1134	0	0	51	109.41361921874584
n1249	1135	0	0	54	109.51511484374583
n1251	1137	0	0	54	109.71543515624582
n1232	1133	0	0	59	109.26404671874585
n1247	1136	0	0	59	109.53381140624583
n1252	1138	0	0	59	109.80224062499582
n1233	1139	0	0	63	109.59657843749582
n1250	deletion
n1254	1144	0	0	59	110.04663140624581
n1255	1141	0	0	63	110.16148171874579
n1257	1146	0	0	63	110.40053062499577
n1234	1142	0	0	66	109.92109734374581
n1258	1145	0	0	66	110.51538093749576
n1253	deletion
n1235	1143	0	0	71	110.26030640624577
n1256	deletion
n1286	1153	0	0	44	110.75175890624575
n1264	1147	0	0	59	111.00950437499571
n1268	1151	0	0	59	111.37542281249569
n1270	1154	0	0	59	111.57173671874568
n1265	1148	0	0	62	111.1203482812457
n1267	1149	0	0	62	111.31265578124568
n1266	1150	0	0	65	111.20715374999568
n1261	1156	0	0	71	110.79983578124575
n1287	1162	0	0	44	111.77606343749568
n1288	1160	0	0	46	111.87755906249568
n1289	1157	0	0	47	111.96837093749568
n1290	1168	0	0	47	112.15667203124568
n1274	1158	0	0	59	111.97504828124568
n1269	1152	0	0	62	111.49160859374568
n1271	1155	0	0	62	111.66388406249568
n1273	1159	0	0	62	111.90026203124567
n1272	1161	0	0	65	111.78274078124568
n1275	1163	0	0	56	112.31692828124565
n1279	1169	0	0	56	112.7603039062456
n1276	1164	0	0	62	112.40239828124564
n1278	1167	0	0	62	112.66281468749561
n1277	1166	0	0	65	112.52793234374562
n1263	1173	0	0	68	112.50923578124562
n1262	1165	0	0	70	112.14732374999568
n1291	1175	0	0	47	113.13557062499558
n1292	1178	0	0	49	113.22771796874558
n1293	1176	0	0	50	113.32520718749556
n1320	1187	0	0	50	113.49748265624555
n1281	1171	0	0	56	112.96463062499558
n1285	1179	0	0	56	113.34657468749556
n1280	1170	0	0	62	112.87248328124558
n1282	1172	0	0	62	113.05410703124558
n1284	1177	0	0	62	113.25442734374558
n1283	1174	0	0	65	113.15026078124558
n1298	1182	0	0	56	113.63236499999553
n1302	1185	0	0	56	114.09844359374546
n1299	1181	0	0	58	113.72050593749552
n1301	1184	0	0	58	113.99961890624547
n1300	1183	0	0	59	113.8540528124955
n1295	1190	0	0	65	113.8540528124955
n1294	1180	0	0	66	113.48679890624555
n1321	1191	0	0	50	114.43097531249545
n1322	1193	0	0	51	114.53247093749543
n1323	1192	0	0	53	114.65132765624543
n1324	1197	0	0	53	114.8276095312454
n1304	1188	0	0	56	114.27606093749544
n1308	1194	0	0	56	114.67135968749542
n1303	1186	0	0	58	114.18124265624544
n1305	1189	0	0	58	114.36687281249544
n1307	1195	0	0	58	114.55918031249543
n1306	1196	0	0	59	114.46970390624544
n1309	1199	0	0	56	114.94112437499538
n1313	1203	0	0	56	115.36847437499533
n1310	1198	0	0	58	115.03861359374537
n1312	1202	0	0	58	115.25896593749535
n1311	1201	0	0	59	115.16281218749536
n1297	1207	0	0	62	115.16281218749536
n1296	1200	0	0	63	114.8035710937454
n1325	1212	0	0	41	115.81051453124527
n1315	1206	0	0	56	115.61152968749529
n1319	1210	0	0	56	116.00949937499527
n1314	1204	0	0	58	115.49267296874531
n1316	1205	0	0	58	115.72103812499527
n1318	1209	0	0	58	115.93471312499527
n1317	1208	0	0	59	115.82386921874527
n1358	1215	0	0	42	116.16574921874526
n1335	1213	0	0	54	116.34336656249523
n1338	1217	0	0	54	116.6425115624952
n1336	1214	0	0	58	116.43017203124522
n1339	1218	0	0	58	116.74534265624521
n1327	1219	0	0	63	116.51297109374521
n1337	deletion
n1326	1216	0	0	65	116.18043937499526
n1334	deletion
n1359	1225	0	0	38	116.84950921874521
n1341	1220	0	0	56	116.9683659374952
n1344	1222	0	0	56	117.29154937499517
n1342	1221	0	0	59	117.09523546874517
n1345	1223	0	0	59	117.37434843749517
n1329	1226	0	0	65	117.18471187499517
n1343	deletion
n1328	1224	0	0	66	116.84016093749521
n1340	deletion
n1360	1233	0	0	39	117.51457265624516
n1347	1227	0	0	58	117.68284171874514
n1350	1230	0	0	58	117.99400593749513
n1348	1228	0	0	63	117.78967921874514
n1351	1231	0	0	63	118.13556562499512
n1331	1232	0	0	66	117.88983937499513
n1349	deletion
n1330	1229	0	0	68	117.52659187499516
n1333	1237	0	0	68	118.57359937499506
n1355	deletion
n1346	deletion
n1361	1240	0	0	32	118.20901640624511
n1353	1234	0	0	56	118.37862093749509
n1356	1238	0	0	56	118.71115265624505
n1354	1236	0	0	59	118.51617421874506
n1357	1239	0	0	59	118.80329999999505
n1332	1235	0	0	65	118.23572578124511
n1352	deletion
n1388	1246	0	0	34	118.96355624999504
n1366	1241	0	0	51	119.155863749995
n1370	1245	0	0	51	119.53513687499496
n1367	1242	0	0	54	119.27338499999499
n1369	1244	0	0	54	119.47236984374496
n1368	1243	0	0	58	119.34950671874498
n1362	1254	0	0	63	118.99827843749503
n1390	1249	0	0	33	119.78086312499494
n1394	1258	0	0	33	120.22824515624487
n1391	1251	0	0	34	119.90105531249492
n1393	1253	0	0	34	120.11339484374489
n1392	1252	0	0	35	120.0012154687449
n1372	1248	0	0	51	119.81692078124493
n1376	1255	0	0	51	120.21756140624487
n1371	1247	0	0	54	119.67135468749495
n1373	1250	0	0	54	119.89304249999492
n1375	1256	0	0	54	120.12942046874488
n1374	1257	0	0	58	120.0065573437449
n1395	1262	0	0	34	120.35912109374486
n1377	1259	0	0	50	120.49934531249485
n1381	1265	0	0	50	120.87995390624481
n1378	1260	0	0	53	120.61953749999483
n1380	1264	0	0	53	120.78647109374482
n1379	1263	0	0	58	120.69031734374482
n1363	1261	0	0	62	120.37247578124486
n1396	1271	0	0	34	121.31131031249481
n1397	1269	0	0	46	121.31131031249481
n1383	1268	0	0	58	121.1270156249948
n1384	1267	0	0	62	121.22717578124481
n1386	1272	0	0	62	121.46088281249479
n1364	1266	0	0	65	121.0054879687448
n1387	1273	0	0	65	121.58241046874477
n1382	deletion
n1365	1270	0	0	70	121.32733593749481
n1399	1293	0	0	70	123.15292171874472
n1385	deletion
n1423	1276	0	0	32	121.76937609374477
n1424	1279	0	0	44	121.76536968749477
n1401	1274	0	0	59	122.01643781249473
n1405	1280	0	0	59	122.41040109374471
n1402	1275	0	0	62	122.11125609374473
n1404	1278	0	0	62	122.31024093749471
n1403	1277	0	0	65	122.22343546874473
n1398	1284	0	0	71	121.81611749999476
n1425	1285	0	0	44	122.80169343749472
n1426	1286	0	0	46	122.89250531249472
n1427	1288	0	0	47	122.97931078124472
n1407	1282	0	0	59	122.6133923437447
n1411	1289	0	0	59	122.98465265624472
n1406	1281	0	0	62	122.50388390624471
n1408	1283	0	0	62	122.69218499999471
n1410	1287	0	0	62	122.89784718749472
n1409	1290	0	0	65	122.79501609374472
n1428	1295	0	0	35	123.15559265624472
n1429	deletion
n1412	1291	0	0	56	123.3185198437447
n1416	1297	0	0	56	123.75655359374463
n1413	1292	0	0	62	123.42135093749468
n1415	1296	0	0	62	123.65238703124464
n1414	1294	0	0	65	123.51082734374467
n1400	1301	0	0	68	123.50815640624467
n1430	1302	0	0	47	124.11178828124463
n1431	1304	0	0	49	124.21862578124463
n1432	1306	0	0	50	124.31344406249461
n1418	1299	0	0	56	123.95687390624462
n1422	1307	0	0	56	124.32145687499461
n1417	1298	0	0	62	123.85270734374463
n1419	1300	0	0	62	124.04501484374462
n1421	1305	0	0	62	124.23064499999462
n1420	1303	0	0	65	124.13315578124462
n1459	1312	0	0	38	124.44431999999459
n1460	deletion
n1437	1310	0	0	56	124.58053781249457
n1441	1314	0	0	56	125.03059078124451
n1438	1309	0	0	58	124.68737531249455
n1440	1313	0	0	58	124.94244984374453
n1439	1311	0	0	59	124.79821921874455
n1434	1317	0	0	65	124.80356109374455
n1433	1308	0	0	66	124.44832640624459
n1461	1319	0	0	50	125.3764771874945
n1462	1321	0	0	51	125.47797281249449
n1463	1331	0	0	53	125.59549406249447
n1443	1316	0	0	56	125.22690468749451
n1447	1322	0	0	56	125.58481031249447
n1442	1315	0	0	58	125.13208640624451
n1444	1318	0	0	58	125.32172296874451
n1446	1323	0	0	58	125.50334671874448
n1449	1325	0	0	58	125.99880562499442
n1451	1328	0	0	58	126.2378545312444
n1453	1332	0	0	58	126.45954234374436
n1455	deletion
n1445	1320	0	0	59	125.4138703124945
n1464	1329	0	0	41	125.75307937499446
n1465	deletion
n1448	1326	0	0	56	125.87861343749444
n1452	1330	0	0	56	126.32599546874438
n1450	1327	0	0	59	126.06157265624441
n1436	1334	0	0	62	126.1163268749944
n1435	1324	0	0	63	125.74640203124446
n1466	1338	0	0	41	126.76803562499435
n1454	1333	0	0	56	126.53566406249435
n1458	1337	0	0	56	127.00040718749435
n1457	1336	0	0	58	126.92562093749434
n1456	1335	0	0	59	126.80142234374435
n1499	1342	0	0	42	127.16466984374435
n1476	1339	0	0	54	127.36231921874432
n1479	1343	0	0	54	127.65745781249429
n1477	1341	0	0	58	127.4371054687443
n1480	1344	0	0	58	127.77497906249428
n1468	1346	0	0	63	127.52524640624429
n1478	deletion
n1467	1340	0	0	65	127.18870828124435
n1475	deletion
n1500	1345	0	0	38	127.87513921874428
n1482	1348	0	0	56	128.09014968749426
n1485	1352	0	0	56	128.38795921874421
n1483	1350	0	0	59	128.17561968749425
n1486	1356	0	0	59	128.4400424999942
n1470	1358	0	0	65	128.28112171874423
n1484	deletion
n1469	1354	0	0	66	127.90451953124428
n1472	1365	0	0	66	128.92748859374413
n1490	deletion
n1481	deletion
n1501	1364	0	0	39	128.62834359374418
n1488	1359	0	0	58	128.72583281249416
n1491	1361	0	0	58	129.0530226562441
n1489	1360	0	0	63	128.82465749999415
n1492	1363	0	0	63	129.1424990624941
n1471	1362	0	0	68	128.58694406249418
n1474	deletion
n1487	deletion
n1502	1372	0	0	32	129.3161099999941
n1494	1366	0	0	56	129.51108843749407
n1495	1367	0	0	59	129.63795796874405
n1497	1370	0	0	59	129.873000468744
n1473	1368	0	0	64	129.3695287499941
n1498	1371	0	0	64	129.995863593744
n1493	deletion
n1496	deletion
n1527	1379	0	0	34	130.201525781244
n1505	1373	0	0	51	130.43256187499395
n1509	1377	0	0	51	130.8064931249939
n1506	1374	0	0	54	130.51936734374394
n1508	1375	0	0	54	130.7303714062439
n1507	1376	0	0	58	130.62887578124392
n1503	1386	0	0	63	130.24826718749398
n1529	1382	0	0	33	131.08560609374385
n1533	1390	0	0	33	131.51829796874378
n1530	1383	0	0	34	131.17775343749383
n1532	1385	0	0	34	131.4007767187438
n1531	1384	0	0	35	131.30328749999381
n1511	1380	0	0	51	131.07892874999385
n1515	1387	0	0	51	131.52764624999378
n1510	1378	0	0	54	130.95339468749387
n1512	1381	0	0	54	131.18175984374383
n1514	1388	0	0	54	131.3994412499938
n1513	1389	0	0	58	131.28058453124382
n1534	1398	0	0	34	131.69457984374375
n1516	1391	0	0	50	131.84548781249373
n1520	1395	0	0	50	132.2942053124937
n1517	1392	0	0	53	131.9590026562437
n1519	1394	0	0	53	132.1553165624937
n1518	1393	0	0	58	132.0551564062437
n1504	1396	0	0	62	131.68923796874375
n1535	1404	0	0	32	132.3943654687437
n1522	1399	0	0	50	132.54660890624368
n1526	1402	0	0	50	133.09148015624362
n1521	1397	0	0	53	132.4170684374937
n1523	1400	0	0	53	132.68683312499365
n1525	1401	0	0	53	132.92588203124362
n1524	1403	0	0	58	132.77230312499364
n1561	1409	0	0	31	133.6256676562436
n1562	1418	0	0	43	133.6176548437436
n1540	1406	0	0	58	133.92881906249355
n1544	1410	0	0	58	134.3575045312435
n1546	1412	0	0	58	134.57251499999347
n1541	1405	0	0	63	134.06637234374352
n1543	1408	0	0	63	134.26535718749352
n1545	1411	0	0	63	134.4763612499935
n1542	1407	0	0	67	134.1625260937435
n1536	1414	0	0	70	133.6456996874936
n1550	1416	0	0	58	134.99051671874346
n1547	1413	0	0	63	134.67935249999348
n1549	1415	0	0	63	134.89035656249345
n1548	1417	0	0	67	134.78618999999347
n1563	1430	0	0	41	135.13341187499344
n1555	1423	0	0	58	135.69430874999335
n1551	deletion
n1552	1419	0	0	62	135.3764671874934
n1554	1422	0	0	62	135.57678749999337
n1553	1421	0	0	68	135.4726209374934
n1537	1420	0	0	70	135.12539906249344
n1556	1424	0	0	62	135.9854409374933
n1560	1429	0	0	62	136.35536578124325
n1557	1426	0	0	68	136.0535498437433
n1559	1428	0	0	68	136.24051546874327
n1539	1427	0	0	70	136.15905187499328
n1571	1432	0	0	70	136.94831390624321
n1573	1433	0	0	70	137.13127312499319
n1575	1435	0	0	70	137.33292890624315
n1558	deletion
n1538	1425	0	0	72	135.82117828124333
n1592	1443	0	0	39	136.60776937499324
n1570	1431	0	0	67	136.85349562499323
n1574	1434	0	0	67	137.19003374999318
n1572	1438	0	0	75	137.0204292187432
n1564	1439	0	0	79	136.61711765624324
n1576	1436	0	0	67	137.41038609374314
n1579	1441	0	0	67	137.86711640624307
n1577	1437	0	0	70	137.49452062499313
n1578	1442	0	0	71	137.7589434374931
n1565	1440	0	0	77	137.6334093749931
n1593	1456	0	0	44	137.98597312499305
n1582	1445	0	0	63	138.21300281249302
n1585	1449	0	0	63	138.51882515624297
n1581	1444	0	0	72	138.09548156249303
n1584	1448	0	0	72	138.382607343743
n1567	1447	0	0	75	138.281111718743
n1583	deletion
n1566	1446	0	0	77	137.96193468749306
n1580	deletion
n1591	1454	0	0	60	139.18655953124292
n1588	1451	0	0	63	138.82731843749292
n1590	deletion
n1587	1450	0	0	68	138.73917749999293
n1569	1453	0	0	68	138.9515170312429
n1589	deletion
n1568	1452	0	0	72	138.61364343749295
n1586	deletion
n1623	1460	0	0	46	139.32945468749293
n1600	1457	0	0	55	139.5404587499929
n1604	1463	0	0	55	139.92908015624283
n1601	1458	0	0	58	139.63260609374288
n1603	1459	0	0	58	139.81690078124285
n1602	1462	0	0	63	139.73143078124286
n1594	1461	0	0	67	139.34548031249292
n1606	1465	0	0	55	140.1654581249928
n1610	1470	0	0	55	140.53004109374274
n1605	1464	0	0	58	140.02656937499282
n1607	1466	0	0	58	140.22956062499279
n1609	1467	0	0	58	140.44724203124275
n1608	1468	0	0	63	140.36043656249277
n1595	1469	0	0	67	140.33639812499277
n1626	1480	0	0	46	140.67560718749274
n1624	1477	0	0	53	140.66091703124275
n1612	1471	0	0	62	140.8705856249927
n1615	1474	0	0	62	141.15771140624267
n1613	1473	0	0	65	140.9480428124927
n1616	1475	0	0	65	141.28458093749265
n1597	1476	0	0	70	141.0482029687427
n1614	deletion
n1596	1472	0	0	72	140.69430374999274
n1611	deletion
n1625	1481	0	0	56	141.6999117187426
n1618	1478	0	0	58	141.51962343749264
n1621	1484	0	0	58	141.8655098437426
n1619	1479	0	0	62	141.64382203124262
n1622	1485	0	0	62	141.98970843749257
n1599	1483	0	0	65	141.7386403124926
n1620	deletion
n1598	1482	0	0	68	141.39141843749263
n1617	deletion
n1651	1498	0	0	39	142.14061640624254
n1629	1486	0	0	51	142.3636396874925
n1633	1490	0	0	51	142.73222906249245
n1630	1487	0	0	55	142.4290776562425
n1632	1489	0	0	55	142.62939796874247
n1631	1488	0	0	58	142.54259249999248
n1627	1493	0	0	63	142.15263562499254
n1635	1492	0	0	51	142.9806262499924
n1639	1494	0	0	51	143.39061515624238
n1634	1491	0	0	55	142.87913062499243
n1636	deletion
n1638	1495	0	0	55	143.2624101562424
n1637	1496	0	0	58	143.1715982812424
n1652	1504	0	0	37	143.56155515624238
n1640	1497	0	0	51	143.76588187499235
n1644	1502	0	0	51	144.1331357812423
n1641	1499	0	0	55	143.82197156249234
n1643	1501	0	0	55	144.0476657812423
n1642	1500	0	0	58	143.93949281249232
n1628	1507	0	0	63	143.55754874999238
n1655	1513	0	0	37	144.7795026562422
n1654	1510	0	0	39	144.6793424999922
n1653	1508	0	0	40	144.56048578124222
n1646	1505	0	0	51	144.39221671874225
n1650	1511	0	0	51	144.7768317187422
n1645	1503	0	0	55	144.27736640624227
n1647	1506	0	0	55	144.47501578124223
n1649	1509	0	0	55	144.7007099999922
n1648	1512	0	0	58	144.55781484374222
n1680	1526	0	0	35	144.93041062499216
n1658	1514	0	0	51	145.08131859374214
n1662	1518	0	0	51	145.46059171874208
n1659	1515	0	0	56	145.18281421874212
n1661	1517	0	0	56	145.3938182812421
n1660	1516	0	0	59	145.2776324999921
n1656	1522	0	0	63	144.91705593749217
n1664	1520	0	0	51	145.71433078124204
n1668	1523	0	0	51	146.060217187492
n1663	1519	0	0	56	145.58746124999206
n1665	1521	0	0	56	145.76507859374203
n1667	1524	0	0	56	145.970740781242
n1666	1525	0	0	59	145.87458703124202
n1681	1532	0	0	34	146.236499062492
n1669	1527	0	0	51	146.41545187499196
n1673	1531	0	0	51	146.8080796874919
n1670	1528	0	0	55	146.49958640624195
n1672	1529	0	0	55	146.7132614062419
n1671	1530	0	0	61	146.60375296874193
n1657	1538	0	0	63	146.24451187499199
n1684	1537	0	0	34	147.14061140624185
n1687	1543	0	0	34	147.4691367187418
n1683	1535	0	0	35	147.02442562499186
n1686	1540	0	0	35	147.3582928124918
n1685	1539	0	0	37	147.24744890624183
n1675	1534	0	0	51	147.06448968749186
n1679	1542	0	0	51	147.4704721874918
n1674	1533	0	0	55	146.93361374999188
n1676	1536	0	0	55	147.18735281249184
n1678	1541	0	0	55	147.3636346874918
n1677	1544	0	0	61	147.27015187499183
n1712	1551	0	0	32	147.60668999999177
n1714	deletion
n1690	1546	0	0	51	147.78030093749175
n1694	1549	0	0	51	148.19028984374168
n1691	1545	0	0	56	147.88446749999173
n1693	1548	0	0	56	148.1021489062417
n1692	1547	0	0	59	147.9913049999917
n1688	1557	0	0	63	147.60802546874177
n1696	1552	0	0	51	148.42533234374164
n1700	1556	0	0	51	148.79792812499159
n1695	1550	0	0	56	148.29445640624166
n1697	1553	0	0	56	148.49744765624163
n1699	1555	0	0	56	148.7017743749916
n1698	1554	0	0	59	148.61229796874161
n1713	1558	0	0	30	149.00492578124158
n1717	deletion
n1723	1560	0	0	30	149.46566249999154
n1729	1564	0	0	30	149.6499571874915
n1721	deletion
n1725	deletion
n1715	deletion
n1719	deletion
n1727	deletion
n1720	1559	0	0	32	149.32944468749156
n1718	deletion
n1722	deletion
n1726	1563	0	0	32	149.54445515624153
n1724	deletion
n1730	1566	0	0	32	149.7220724999915
n1728	deletion
n1716	deletion
n1701	1561	0	0	56	149.34547031249156
n1705	1569	0	0	56	149.81288437499148
n1707	1576	0	0	56	150.07864265624144
n1711	1581	0	0	56	150.3297107812414
n1702	1562	0	0	59	149.48836546874153
n1704	1567	0	0	59	149.7033759374915
n1703	1565	0	0	62	149.60455124999152
n1689	1584	0	0	68	149.0984085937416
n1744	1582	0	0	29	150.2883112499914
n1731	1568	0	0	30	149.80086515624149
n1733	1571	0	0	30	149.92907015624147
n1735	1574	0	0	30	150.05861062499145
n1737	1579	0	0	30	150.19349296874142
n1741	1583	0	0	30	150.3911423437414
n1739	deletion
n1743	deletion
n1732	1570	0	0	32	149.86763859374148
n1734	1573	0	0	32	149.99450812499146
n1736	1577	0	0	32	150.12137765624144
n1740	deletion
n1738	deletion
n1742	deletion
n1706	1572	0	0	59	149.90636718749147
n1708	1575	0	0	59	150.06261703124144
n1710	1580	0	0	59	150.24824718749142
n1709	1578	0	0	62	150.17346093749143
n1771	1587	0	0	29	150.6114946874914
n1745	deletion
n1772	1590	0	0	41	150.5807789062414
n1748	1585	0	0	59	150.87191109374135
n1752	1591	0	0	59	151.2685453124913
n1754	1594	0	0	59	151.47821390624128
n1758	1596	0	0	59	151.99904671874128
n1760	1602	0	0	59	152.40903562499125
n1764	1605	0	0	59	153.0874537499912
n1766	1609	0	0	59	153.54551953124115
n1770	1616	0	0	59	154.8703045312411
n1749	deletion
n1751	deletion
n1750	1588	0	0	68	151.07490234374134
n1746	1613	0	0	71	150.66224249999138
n1776	deletion
n1777	1598	0	0	44	151.49958140624128
n1778	1599	0	0	47	151.7105854687413
n1779	1601	0	0	49	151.8988865624913
n1753	deletion
n1755	deletion
n1757	deletion
n1756	1597	0	0	68	151.7252756249913
n1762	1606	0	0	68	152.74023187499122
n1780	1611	0	0	41	152.16998671874128
n1774	1607	0	0	50	152.18200593749128
n1759	1600	0	0	62	152.23408921874127
n1763	1604	0	0	62	152.9178492187412
n1761	1603	0	0	62	152.55860812499122
insertion	1592	0	0	62	151.3633635937413
n1775	1612	0	0	49	153.2957868749912
n1765	1608	0	0	61	153.3211607812412
n1767	1610	0	0	61	153.76052999999112
n1769	1614	0	0	61	154.37751656249108
n1768	1615	0	0	68	154.0703587499911
n1805	1619	0	0	42	156.136328906241
n1806	1618	0	0	49	156.122974218741
n1788	1621	0	0	58	156.9563067187409
n1790	1624	0	0	58	157.16463984374087
n1794	1627	0	0	58	157.5586031249908
n1795	1629	0	0	58	157.9285279687408
n1800	1638	0	0	58	158.56554656249074
n1784	deletion
n1785	1617	0	0	61	156.63045234374096
n1789	1623	0	0	61	157.08050531249089
n1791	1625	0	0	61	157.26613546874086
n1793	deletion
n1787	1620	0	0	61	156.86015296874092
n1796	1630	0	0	61	158.0113270312408
n1786	1622	0	0	66	156.75865734374094
n1792	1628	0	0	66	157.40235328124083
n1781	1626	0	0	70	156.128316093741
n1807	1631	0	0	42	157.7575879687408
n1808	1632	0	0	49	157.7348849999908
n1799	1634	0	0	58	158.27975624999075
n1798	1635	0	0	61	158.19562171874077
n1797	1636	0	0	66	158.11015171874078
n1782	1633	0	0	70	157.7335495312408
n1809	1639	0	0	42	158.43199968749076
n1810	1637	0	0	49	158.42932874999076
n1804	1643	0	0	58	158.93547140624068
n1801	1640	0	0	61	158.64701015624073
n1803	1642	0	0	61	158.8313048437407
n1802	1644	0	0	66	158.7351510937407
n1783	1641	0	0	70	158.40261937499076
n1835	1657	0	0	39	159.12243703124068
n1836	1658	0	0	51	159.11709515624068
n1813	1645	0	0	58	159.33744749999065
n1817	1649	0	0	58	159.74476546874058
n1814	1646	0	0	63	159.45363328124063
n1816	1648	0	0	63	159.6379279687406
n1815	1647	0	0	66	159.5377678124906
n1811	1651	0	0	70	159.15181734374067
n1819	1653	0	0	58	159.95176312499055
n1823	1655	0	0	58	160.34038453124052
n1818	1650	0	0	63	159.84626109374057
n1820	1652	0	0	63	160.05592968749056
n1822	1656	0	0	63	160.28830124999052
n1821	1654	0	0	66	160.14139968749055
n1824	1659	0	0	54	160.6782581249905
n1828	1663	0	0	54	160.99342874999047
n1825	1660	0	0	58	160.74636703124048
n1827	1662	0	0	58	160.92932624999048
n1826	1661	0	0	63	160.82248874999047
n1812	1667	0	0	66	160.4725959374905
n1830	1666	0	0	54	161.24049046874043
n1834	1669	0	0	54	161.66116312499042
n1829	1664	0	0	58	161.12964656249045
n1831	1665	0	0	58	161.34198609374045
n1833	1668	0	0	58	161.53162265624042
n1832	1670	0	0	63	161.43680437499043
n1867	1674	0	0	35	161.86548984374042
n1868	1673	0	0	47	161.84011593749042
n1844	1671	0	0	56	162.08584218749039
n1848	1677	0	0	56	162.46377984374033
n1845	1672	0	0	59	162.18600234374037
n1847	1676	0	0	59	162.37163249999034
n1846	1675	0	0	63	162.27147234374036
n1839	1678	0	0	68	161.87483812499042
n1850	1680	0	0	56	162.6921449999903
n1854	1682	0	0	56	163.07675999999026
n1849	1679	0	0	59	162.5679464062403
n1851	1681	0	0	59	162.78963421874028
n1853	deletion
n1852	1683	0	0	63	162.87376874999026
n1869	1686	0	0	37	163.23033890624026
n1870	1689	0	0	49	163.21564874999027
n1856	1684	0	0	56	163.39460156249024
n1859	1687	0	0	56	163.74048796874018
n1857	1685	0	0	59	163.47873609374022
n1860	1688	0	0	59	163.82729343749017
n1841	1693	0	0	65	163.6042701562402
n1858	deletion
n1840	1694	0	0	66	163.24369359374026
n1855	deletion
n1871	1698	0	0	47	164.2265985937401
n1872	1695	0	0	49	164.2533079687401
n1865	1696	0	0	53	164.36949374999008
n1862	1691	0	0	56	164.06767781249013
n1866	1697	0	0	56	164.48434406249007
n1863	1692	0	0	59	164.15047687499012
n1843	1699	0	0	61	164.2426242187401
n1864	deletion
n1842	1690	0	0	63	163.91142796874016
n1861	deletion
n1898	1707	0	0	46	164.60453624999005
n1899	1704	0	0	49	164.63258109374004
n1877	1700	0	0	54	164.78883093749002
n1881	1705	0	0	54	165.10400156248997
n1878	1701	0	0	58	164.86094624999
n1880	1703	0	0	58	165.01318968748998
n1879	1702	0	0	61	164.92237781249
n1873	1706	0	0	66	164.61254906249005
n1900	1711	0	0	42	165.28963171873994
n1901	1710	0	0	51	165.27894796873994
n1882	1709	0	0	60	165.4792682812399
n1886	1714	0	0	60	165.85587046873988
n1883	deletion
n1885	deletion
n1884	1713	0	0	66	165.65555015623988
n1874	1712	0	0	70	165.28295437498994
n1902	1715	0	0	37	165.9867464062399
n1903	1725	0	0	53	166.37670328123983
n1887	1716	0	0	56	166.44080578123982
n1891	deletion
n1888	1717	0	0	61	166.5382949999898
n1890	1718	0	0	61	166.70923499998977
n1889	1719	0	0	65	166.64246156248979
n1875	1722	0	0	68	166.08690656248987
n1893	1721	0	0	56	167.00303812498973
n1897	1726	0	0	57	167.62803749998972
n1892	1720	0	0	61	166.88418140623975
n1894	1723	0	0	61	167.10720468748974
n1896	1727	0	0	61	167.45843296873971
n1895	1728	0	0	65	167.33556984373973
n1876	1724	0	0	69	167.31019593748974
n1928	1731	0	0	42	167.92451156248973
n1929	1732	0	0	49	167.91783421873973
n1907	1729	0	0	58	168.1181545312397
n1911	1734	0	0	58	168.47873109373964
n1913	1737	0	0	58	168.6924060937396
n1908	1730	0	0	61	168.20228906248968
n1910	1733	0	0	61	168.37990640623966
n1912	1736	0	0	61	168.60426515623962
n1909	1735	0	0	66	168.31313296873967
n1904	1739	0	0	70	167.88978937498973
n1917	1740	0	0	58	169.08503390623954
n1914	1738	0	0	61	168.8125982812396
n1916	1741	0	0	61	168.99956390623956
n1915	1742	0	0	66	168.89005546873958
n1930	1745	0	0	42	169.24662562498955
n1931	1746	0	0	49	169.26131578123955
n1918	1743	0	0	58	169.41088828123952
n1922	1748	0	0	58	169.76745843748947
n1919	1744	0	0	61	169.4683134374895
n1921	1749	0	0	61	169.67531109373948
n1920	1752	0	0	66	169.5764864062395
n1905	1747	0	0	70	169.23059999998955
n1932	1751	0	0	42	169.89966984373947
n1933	1750	0	0	49	169.92637921873947
n1923	1753	0	0	58	170.06793890623945
n1927	1757	0	0	58	170.4391992187394
n1924	1754	0	0	61	170.15073796873943
n1926	1756	0	0	61	170.3336971874894
n1925	1758	0	0	66	170.23887890623942
n1906	1755	0	0	70	169.91970187498947
n1958	1770	0	0	39	170.6435259374894
n1959	1767	0	0	51	170.6154810937394
n1937	1759	0	0	58	170.88391031248935
n1941	1763	0	0	58	171.2711962499893
n1938	1760	0	0	63	170.99074781248933
n1940	1762	0	0	63	171.1510040624893
n1939	1761	0	0	66	171.08690156248932
n1934	1766	0	0	70	170.67290624998938
n1943	1765	0	0	58	171.45682640623926
n1947	1771	0	0	58	171.88150546873922
n1942	1764	0	0	63	171.36734999998927
n1944	1768	0	0	63	171.57968953123924
n1946	1772	0	0	63	171.7893581249892
n1945	1769	0	0	66	171.65447578123923
n1948	1773	0	0	54	172.1606184374892
n1952	1776	0	0	54	172.51051124998918
n1949	1774	0	0	58	172.2313982812392
n1951	1777	0	0	58	172.4330540624892
n1950	1778	0	0	63	172.33022296873918
n1935	1775	0	0	66	171.9950203124892
n1962	1785	0	0	34	172.66542562498918
n1963	1783	0	0	46	172.6453935937392
n1953	1779	0	0	53	172.81766906248916
n1957	1784	0	0	53	173.1688973437391
n1954	deletion
n1956	deletion
n1955	1782	0	0	62	172.98860906248913
n1936	1781	0	0	65	172.66008374998918
n1992	1794	0	0	35	173.2824121874891
n1993	1789	0	0	47	173.2824121874891
n1970	1787	0	0	51	173.46537140623906
n1974	1793	0	0	51	173.79923859373903
n1971	1788	0	0	54	173.54683499998904
n1973	1792	0	0	54	173.74047796873904
n1972	1791	0	0	59	173.63631140623903
n1964	1790	0	0	63	173.30244421873908
n1994	1796	0	0	32	173.94480468748904
n1995	1797	0	0	44	173.94346921873904
n1975	1795	0	0	56	174.135776718739
n1979	1801	0	0	56	174.547101093739
n1976	1799	0	0	59	174.230594999989
n1978	1800	0	0	59	174.430915312489
n1977	1802	0	0	63	174.32407781248898
n1965	1798	0	0	68	173.97284953123904
n1996	1816	0	0	37	174.64993218748901
n1997	1811	0	0	49	174.64459031248902
n1981	1804	0	0	56	174.90100031248897
n1984	1807	0	0	56	175.24555124998892
n1982	1803	0	0	59	174.815530312489
n1985	1806	0	0	59	175.15473937498894
n1967	1808	0	0	65	175.00249593748896
n1983	deletion
n1966	1805	0	0	66	174.660615937489
n1980	deletion
n1987	1810	0	0	56	175.53668343748888
n1990	1814	0	0	56	175.88123437498885
n1988	1809	0	0	59	175.4485424999889
n1991	1813	0	0	59	175.81178999998886
n1968	1812	0	0	63	175.3296857812389
n1986	deletion
n1969	1815	0	0	65	175.68358499998888
n1989	deletion
n2022	1832	0	0	42	176.08956749998885
n2023	1831	0	0	49	176.09357390623884
n2000	1817	0	0	59	176.3446420312388
n2004	1820	0	0	59	176.73459890623874
n2001	1818	0	0	61	176.4234346874888
n2003	1819	0	0	61	176.63043234373876
n2002	1821	0	0	65	176.54362687498877
n1998	1825	0	0	68	176.10959953123884
n2006	1823	0	0	59	176.9576221874887
n2010	1827	0	0	59	177.3756239062387
n2005	1822	0	0	61	176.85345562498873
n2007	1824	0	0	61	177.05110499998872
n2009	1828	0	0	61	177.2781346874887
n2008	1826	0	0	65	177.1779745312387
n2011	1829	0	0	54	177.77759999998864
n2015	1835	0	0	54	178.16355046873858
n2012	1830	0	0	58	177.86173453123862
n2014	1834	0	0	58	178.0286681249886
n2013	1833	0	0	61	177.9485399999886
n1999	1842	0	0	66	177.55057031248867
n2017	1837	0	0	54	178.36253531248855
n2021	1841	0	0	54	178.8419685937385
n2016	1836	0	0	58	178.26504609373856
n2018	1838	0	0	58	178.45334718748853
n2020	1840	0	0	58	178.71776999998852
n2019	1839	0	0	61	178.5842231249885
n2050	1856	0	0	49	179.1878549999885
n2051	1849	0	0	53	179.1624810937385
n2028	1843	0	0	56	179.38149796873847
n2032	1847	0	0	56	179.7581001562384
n2034	1850	0	0	56	179.97444609373838
n2029	1844	0	0	61	179.49634828123845
n2031	1846	0	0	61	179.66995921873843
n2030	1845	0	0	65	179.60051484373844
n2026	1852	0	0	68	179.1464554687385
n2038	1854	0	0	56	180.32033249998833
n2033	1848	0	0	61	179.8622667187384
n2035	1851	0	0	61	180.05056781248837
n2037	1853	0	0	61	180.22952062498834
n2036	1855	0	0	65	180.14939249998835
n2054	1868	0	0	46	180.4765823437383
n2052	1862	0	0	52	180.4592212499883
n2055	1867	0	0	55	180.4565503124883
n2039	1857	0	0	61	180.7116248437383
n2043	1861	0	0	61	181.08956249998823
n2040	1858	0	0	64	180.82113328123828
n2042	1860	0	0	64	180.98406046873825
n2041	1859	0	0	67	180.91862249998826
n2027	1869	0	0	70	180.5406848437383
n2053	1864	0	0	51	181.16434874998822
n2045	1866	0	0	61	181.3045729687382
n2049	1870	0	0	61	181.68117515623814
n2044	1863	0	0	63	181.2164320312382
n2046	1865	0	0	63	181.3887074999882
n2048	1872	0	0	63	181.58368593748816
n2047	1871	0	0	67	181.49020312498817
n2085	1884	0	0	44	181.85879249998814
n2086	1882	0	0	51	181.85345062498814
n2081	1877	0	0	55	181.84143140623814
n2059	1873	0	0	61	182.14057640623813
n2063	1878	0	0	61	182.53587515623806
n2060	1874	0	0	63	182.2661104687381
n2062	1876	0	0	63	182.43838593748808
n2061	1886	0	0	70	182.3595932812381
n2056	1875	0	0	73	181.94693343748813
n2082	1883	0	0	56	182.91648374998803
n2069	deletion
n2065	1881	0	0	61	182.73218906248803
n2064	1879	0	0	63	182.62668703123805
n2066	1880	0	0	63	182.79896249998802
n2068	1888	0	0	63	183.06472078123804
n2071	1891	0	0	63	183.61493390623795
n2073	1895	0	0	63	183.82994437498792
n2067	1889	0	0	68	182.93250937498803
n2057	1885	0	0	71	182.90847093748803
n2087	1901	0	0	44	183.258363749988
n2083	1892	0	0	51	183.266376562488
n2084	1893	0	0	56	183.246344531238
n2070	1890	0	0	59	183.49474171873797
n2074	1896	0	0	59	183.8833631249879
n2072	1894	0	0	68	183.72043593748793
n2058	1900	0	0	71	183.330479062488
n2088	1904	0	0	42	184.5123689062379
n2076	1899	0	0	59	184.1090573437379
n2080	1902	0	0	59	184.6405739062379
n2092	1906	0	0	59	185.28026343748786
n2096	1910	0	0	59	185.76503859373778
n2098	1912	0	0	59	185.93998499998776
n2102	1916	0	0	59	186.32326453123773
n2103	1919	0	0	59	186.6063839062377
n2075	1897	0	0	63	183.99954890623792
n2077	1898	0	0	63	184.20254015623792
n2079	1903	0	0	63	184.4389181249879
n2078	1905	0	0	68	184.36680281248792
n2114	1918	0	0	40	185.0465564062379
n2093	1907	0	0	64	185.40846843748784
n2095	1908	0	0	64	185.6274853124878
n2094	1909	0	0	68	185.52866062498782
n2089	1914	0	0	71	185.0358726562379
n2097	1911	0	0	64	185.85852140623777
n2099	1913	0	0	64	186.06017718748777
n2101	1915	0	0	64	186.23645906248774
n2100	1917	0	0	68	186.13629890623776
n2115	1924	0	0	39	186.41941828123774
n2119	1927	0	0	39	187.2340542187376
n2117	deletion
n2107	1923	0	0	59	186.90953531248766
n2104	1920	0	0	63	186.6664799999877
n2106	1922	0	0	63	186.82540078123768
n2105	1926	0	0	66	186.7452726562377
n2090	1921	0	0	71	186.43277296873774
n2131	1936	0	0	35	187.70413921873754
n2116	1925	0	0	37	187.03506937498764
n2120	1928	0	0	37	187.3315434374876
n2124	1932	0	0	37	187.50114796873757
n2126	1935	0	0	37	187.62668203123755
n2128	1938	0	0	37	187.80697031248755
n2122	deletion
n2118	deletion
n2130	deletion
n2121	1931	0	0	39	187.42369078123758
n2125	1933	0	0	39	187.56925687498756
n2123	deletion
n2127	deletion
n2129	deletion
n2109	1929	0	0	64	187.3115114062376
n2113	1937	0	0	64	187.70146828123754
n2110	1930	0	0	66	187.43036812498758
n2112	1939	0	0	66	187.59463078123756
n2111	1940	0	0	70	187.49179968748757
n2091	1934	0	0	73	187.09382999998763
n2160	1957	0	0	35	187.99927781248755
n2132	deletion
n2137	1941	0	0	64	188.2343203124875
n2141	1945	0	0	64	188.78586890623743
n2138	1942	0	0	66	188.3464996874875
n2140	1944	0	0	66	188.68437328123744
n2139	1948	0	0	73	188.55349734373746
n2133	1943	0	0	76	188.02732265623754
n2147	deletion
n2143	1947	0	0	64	188.9554734374874
insertion	1950	0	0	64	189.39751359373733
n2142	1946	0	0	66	188.8713389062374
n2146	1952	0	0	66	189.31070812498734
n2150	1954	0	0	66	189.94104937498727
n2152	1956	0	0	66	190.10664749998725
n2154	1959	0	0	66	190.3203224999872
n2144	deletion
n2145	1951	0	0	71	189.15579374998737
n2134	1949	0	0	75	189.15045187498737
n2149	1953	0	0	63	189.8515729687373
n2153	1958	0	0	63	190.20547218748723
n2151	1955	0	0	71	190.01450015623726
n2135	1962	0	0	75	189.62854968748732
n2155	1960	0	0	63	190.4231535937372
n2159	1963	0	0	63	190.9025868749872
n2156	1961	0	0	66	190.5286556249872
n2158	1964	0	0	66	190.7516789062372
n2157	1965	0	0	71	190.6314867187372
n2191	1968	0	0	47	191.1870417187372
n2192	1969	0	0	54	191.1897126562372
n2168	1966	0	0	63	191.3700009374872
n2172	1973	0	0	63	191.76663515623713
n2174	1975	0	0	63	191.9763037499871
n2169	1967	0	0	66	191.47149656248718
n2171	1972	0	0	66	191.67048140623714
n2173	1974	0	0	66	191.8627889062371
n2170	1971	0	0	71	191.55296015623716
n2162	1970	0	0	75	191.1883771874872
n2178	1978	0	0	63	192.34222218748707
n2175	1976	0	0	66	192.05776734373708
n2177	1977	0	0	66	192.23939109373705
n2176	1979	0	0	71	192.16193390623707
n2195	1994	0	0	47	192.48111093748707
n2193	1986	0	0	56	192.48912374998707
n2181	1980	0	0	65	192.76155937498703
n2184	1985	0	0	65	193.12080046873697
n2180	1981	0	0	68	192.70279874998704
n2183	1984	0	0	68	193.040672343737
n2164	1983	0	0	71	192.892435312487
n2182	deletion
n2163	1982	0	0	75	192.48912374998707
n2179	deletion
n2194	1993	0	0	53	193.21161234373696
n2187	1988	0	0	61	193.47069328123692
n2190	1991	0	0	61	193.76983828123693
n2186	1987	0	0	65	193.37053312498693
n2189	1990	0	0	65	193.69772296873694
n2166	1992	0	0	68	193.56150515623693
n2188	deletion
n2165	1989	0	0	70	193.23030890623696
n2185	deletion
n2225	1999	0	0	46	193.90472062498694
n2226	1997	0	0	54	193.88468859373694
n2202	1995	0	0	61	194.1037054687369
n2206	2000	0	0	61	194.47763671873685
n2203	1996	0	0	66	194.2132139062369
n2205	1998	0	0	66	194.36145093748686
n2204	2002	0	0	70	194.30269031248687
n2196	2005	0	0	73	193.93142999998693
n2208	2003	0	0	61	194.6979890624868
n2212	2007	0	0	61	195.09061687498678
n2207	2001	0	0	66	194.56978406248683
n2209	2004	0	0	66	194.80082015623682
n2211	2006	0	0	66	195.0024759374868
n2210	2008	0	0	70	194.8983093749868
n2229	2023	0	0	47	195.19344796873676
n2227	2013	0	0	54	195.19077703123676
n2215	2011	0	0	63	195.45653531248672
n2218	2014	0	0	63	195.7463320312367
n2214	2010	0	0	66	195.34435593748674
n2217	2012	0	0	66	195.66887484373672
n2198	2015	0	0	71	195.5273151562367
n2216	deletion
n2197	2009	0	0	73	195.19745437498676
n2213	deletion
n2228	2018	0	0	56	195.8478276562367
n2224	2020	0	0	56	196.43543390623665
n2221	2019	0	0	59	196.10557312498665
n2223	2021	0	0	59	196.30856437498664
n2220	2017	0	0	63	195.98404546873667
n2200	2022	0	0	63	196.19104312498663
n2222	deletion
n2199	2016	0	0	68	195.86652421873669
n2219	deletion
n2242	2026	0	0	49	196.55696156248663
n2231	2024	0	0	54	196.7385853124866
n2235	2029	0	0	54	197.10450374998655
n2237	2031	0	0	54	197.3368753124865
n2232	2025	0	0	58	196.8133715624866
n2234	2028	0	0	58	196.99900171873657
n2233	2027	0	0	61	196.94024109373657
n2230	2033	0	0	66	196.55161968748664
n2241	2035	0	0	54	197.7375159374865
n2236	2030	0	0	58	197.21668312498653
n2238	2032	0	0	58	197.44237734373652
n2240	2034	0	0	58	197.63735578123652
n2239	2036	0	0	61	197.5211699999865
n2259	2037	0	0	37	197.67875531248652
n2260	2047	0	0	49	197.88041109373648
n2263	deletion
n2249	2039	0	0	56	198.11144718748645
n2252	2043	0	0	56	198.38922468748643
n2248	2038	0	0	59	198.03532546873646
n2251	2042	0	0	59	198.30642562498645
n2244	2041	0	0	65	198.19558171873643
n2250	deletion
n2243	2040	0	0	66	197.87640468748648
n2247	deletion
n2262	2052	0	0	53	198.86331609373636
n2261	2045	0	0	54	198.5174296874864
n2255	2046	0	0	59	198.74045296873638
n2258	2050	0	0	59	199.06630734373633
n2254	2044	0	0	61	198.6523120312364
n2257	2049	0	0	61	198.95145703123634
n2246	2051	0	0	68	198.85530328123636
n2256	deletion
n2245	2048	0	0	70	198.5174296874864
n2253	deletion
n2290	2065	0	0	51	199.2546084374863
n2291	2059	0	0	54	199.2599503124863
n2267	2053	0	0	59	199.46561249998626
n2271	2057	0	0	59	199.8609112499862
n2268	2054	0	0	63	199.58847562498624
n2270	2056	0	0	63	199.77944765623621
n2269	2055	0	0	66	199.67661656248623
n2264	2062	0	0	71	199.2826532812363
n2273	2060	0	0	59	200.06924437498617
n2277	2064	0	0	59	200.39776968748612
n2272	2058	0	0	63	199.9570649999862
n2274	2061	0	0	63	200.14536609373616
n2276	2063	0	0	63	200.32565437498613
n2275	2066	0	0	66	200.22950062498614
n2292	2075	0	0	54	200.5313165624861
n2293	2074	0	0	58	200.5313165624861
n2279	2067	0	0	64	200.73163687498607
n2283	2070	0	0	64	201.093548906236
n2280	2068	0	0	66	200.83046156248605
n2282	2071	0	0	66	200.99338874998602
n2281	2072	0	0	70	200.92127343748604
n2265	2069	0	0	73	200.5633678124861
n2285	2073	0	0	64	201.404713124986
n2289	2078	0	0	64	201.78932812498596
n2286	2076	0	0	66	201.46614468748598
n2288	2079	0	0	66	201.66112312498595
n2287	2080	0	0	70	201.58233046873596
n2266	2077	0	0	74	201.22976671873602
n2323	2084	0	0	47	201.92688140623594
n2324	2086	0	0	54	201.95359078123593
n2325	2083	0	0	59	201.94691343748593
n2300	2081	0	0	63	202.1913042187359
n2304	2087	0	0	63	202.56523546873584
n2301	2082	0	0	66	202.29947718748588
n2303	2085	0	0	66	202.47175265623585
n2302	2088	0	0	71	202.36625062498587
n2294	2092	0	0	75	201.99231937498593
n2295	2096	0	0	75	203.43195468748573
n2311	deletion
n2306	2091	0	0	63	202.7922651562358
n2310	2094	0	0	63	203.22762796873573
n2305	2089	0	0	66	202.65738281248582
n2307	2090	0	0	66	202.8683868749858
n2309	2093	0	0	66	203.07538453123576
n2308	2095	0	0	71	202.99659187498577
n2328	2110	0	0	47	203.43462562498573
n2326	2103	0	0	56	203.41993546873573
n2313	2098	0	0	65	203.73777703123568
n2316	2101	0	0	65	204.16646249998564
n2312	2097	0	0	68	203.6162493749857
n2315	2099	0	0	68	204.09167624998565
n2296	2100	0	0	74	203.93409093748568
n2314	deletion
n2327	2109	0	0	53	204.27730640623562
n2322	2107	0	0	61	204.88761562498556
n2319	2105	0	0	62	204.55641937498558
n2318	2104	0	0	65	204.4415690624856
n2321	2106	0	0	65	204.76875890623555
n2298	2108	0	0	68	204.64723124998557
n2320	deletion
n2297	2102	0	0	71	204.30535124998562
n2317	deletion
n2358	2113	0	0	46	205.08392953123555
n2359	2114	0	0	54	205.06389749998556
n2335	2111	0	0	61	205.28157890623552
n2339	2117	0	0	61	205.68221953123546
n2336	2112	0	0	66	205.3884164062355
n2338	2115	0	0	66	205.55935640623548
n2337	2116	0	0	70	205.4832346874855
n2329	2121	0	0	73	205.09995515623555
n2341	2120	0	0	61	205.87586249998543
n2345	2123	0	0	61	206.2658193749854
n2340	2118	0	0	66	205.79974078123544
n2342	2119	0	0	66	205.97068078123544
n2344	2122	0	0	66	206.1910331249854
n2343	2124	0	0	70	206.07751828123543
n2363	2133	0	0	47	206.4007017187354
n2360	2128	0	0	55	206.3873470312354
n2361	2132	0	0	56	206.73857531248535
n2348	2127	0	0	63	206.66378906248536
n2351	2130	0	0	63	206.96026312498532
n2347	2126	0	0	67	206.52623578123539
n2350	2129	0	0	68	206.86143843748533
n2331	2131	0	0	71	206.73991078123535
n2349	deletion
n2330	2125	0	0	73	206.3860115624854
n2346	deletion
n2364	2141	0	0	48	207.42233531248525
n2362	2139	0	0	51	207.0724424999853
n2357	2138	0	0	56	207.6693970312352
n2354	2136	0	0	59	207.31416234373526
n2356	2137	0	0	60	207.56255953123522
n2353	2135	0	0	63	207.21266671873528
n2333	2140	0	0	63	207.41832890623525
n2355	deletion
n2332	2134	0	0	68	207.0857971874853
n2352	deletion
n2393	2144	0	0	49	207.79493109373522
n2370	2142	0	0	54	208.00459968748518
n2374	2147	0	0	54	208.36384078123513
n2376	2149	0	0	54	208.6109024999851
n2371	2143	0	0	58	208.07404406248517
n2373	2146	0	0	58	208.26501609373514
n2372	2145	0	0	61	208.18488796873515
n2365	2151	0	0	66	207.8082857812352
n2380	2153	0	0	54	208.98884015623509
n2375	2148	0	0	58	208.4773556249851
n2377	2150	0	0	58	208.7097271874851
n2379	2152	0	0	58	208.8793317187351
n2378	2154	0	0	61	208.7871843749851
n2394	2155	0	0	37	208.9688081249851
n2395	2169	0	0	49	209.17179937498508
n2398	deletion
n2383	2157	0	0	56	209.43088031248504
n2386	2161	0	0	56	209.707322343735
n2382	2156	0	0	59	209.32671374998506
n2385	2160	0	0	59	209.648561718735
n2367	2159	0	0	65	209.52169218748503
n2384	deletion
n2366	2158	0	0	66	209.17847671873508
n2381	deletion
n2397	2170	0	0	53	210.21747140623495
n2396	2163	0	0	54	209.860901249985
n2389	2164	0	0	59	210.10395656248497
n2392	2168	0	0	59	210.4471720312349
n2388	2162	0	0	61	209.98910624998499
n2391	2167	0	0	61	210.33632812498493
n2369	2166	0	0	68	210.21613593748495
n2390	deletion
n2368	2165	0	0	70	209.859565781235
n2387	deletion
n2423	2185	0	0	42	210.6274603124849
n2401	2171	0	0	54	210.84781265623488
n2405	2175	0	0	54	211.24044046873482
n2402	2172	0	0	58	210.94263093748486
n2404	2173	0	0	58	211.12559015623484
n2403	2174	0	0	61	211.04679749998485
n2399	2179	0	0	66	210.6688598437349
n2407	2177	0	0	54	211.45678640623478
n2411	2180	0	0	54	211.85475609373478
n2406	2176	0	0	58	211.3299168749848
n2408	2178	0	0	58	211.5676303124848
n2410	2181	0	0	58	211.73857031248477
n2409	2182	0	0	61	211.65844218748478
n2424	2188	0	0	40	212.01367687498478
n2412	2183	0	0	54	212.21533265623475
n2416	2189	0	0	54	212.6119668749847
n2413	2184	0	0	58	212.29946718748474
n2415	2187	0	0	58	212.4824264062347
n2414	2186	0	0	61	212.38360171873472
n2400	2193	0	0	66	212.02168968748478
n2418	2191	0	0	54	212.83231921873465
n2422	2195	0	0	54	213.20357953123462
n2417	2190	0	0	58	212.72548171873467
n2419	2192	0	0	58	212.92446656248464
n2421	2194	0	0	58	213.11543859373464
n2420	2196	0	0	61	213.02329124998462
n2451	2202	0	0	38	213.36116484373463
n2429	2197	0	0	54	213.5614851562346
n2433	2201	0	0	54	213.94610015623454
n2430	2198	0	0	59	213.64829062498458
n2432	2200	0	0	59	213.86330109373455
n2431	2199	0	0	62	213.75379265623457
n2425	2206	0	0	66	213.37986140623462
n2435	2205	0	0	54	214.1571042187345
n2439	2208	0	0	54	214.52836453123447
n2434	2203	0	0	59	214.05026671873452
n2436	2204	0	0	59	214.2746254687345
n2438	2207	0	0	59	214.4442299999845
n2437	2211	0	0	62	214.3600954687345
n2453	2210	0	0	37	214.67927249998448
n2461	2213	0	0	37	215.01848156248442
n2463	2218	0	0	37	215.1600412499844
n2459	deletion
n2465	deletion
n2467	2221	0	0	37	215.31762656248438
n2469	deletion
n2455	deletion
n2457	deletion
n2454	2209	0	0	38	214.46559749998448
n2458	2212	0	0	38	214.90630218748444
n2460	deletion
n2462	2216	0	0	38	215.0919323437344
n2466	2219	0	0	38	215.2334920312344
n2464	deletion
n2468	2223	0	0	38	215.36303249998437
n2470	deletion
n2452	deletion
n2456	deletion
n2440	2214	0	0	54	214.94235984373444
n2444	2222	0	0	54	215.29759453123438
n2441	2215	0	0	58	215.03317171873442
n2443	2220	0	0	58	215.2228082812344
n2442	2227	0	0	64	215.1213126562344
n2426	2217	0	0	66	214.76340703123446
n2484	2235	0	0	35	215.8785234374843
n2471	2224	0	0	37	215.44716703123436
n2473	2229	0	0	37	215.57937843748434
n2475	deletion
n2477	2233	0	0	37	215.7356282812343
n2479	deletion
n2483	2237	0	0	37	215.98803187498427
n2485	deletion
n2481	deletion
n2472	2226	0	0	38	215.49925031248435
n2476	2230	0	0	38	215.65550015623433
n2474	deletion
n2478	deletion
n2480	deletion
n2482	deletion
n2446	2232	0	0	54	215.54732718748434
n2450	2236	0	0	54	215.93861953123428
n2445	2225	0	0	58	215.41645124998436
n2447	2231	0	0	58	215.65416468748433
n2449	2238	0	0	58	215.8491431249843
n2448	2239	0	0	64	215.7663440624843
n2428	2234	0	0	66	215.7556603124843
n2427	2228	0	0	67	215.40443203123436
n2510	2252	0	0	35	216.12825609373428
n2488	2240	0	0	54	216.33258281248425
n2492	2244	0	0	54	216.76661015623424
n2489	2241	0	0	59	216.45010406248426
n2491	2243	0	0	59	216.66511453123425
n2490	2242	0	0	62	216.54759328123424
n2486	2248	0	0	66	216.16564921873427
n2494	2246	0	0	54	216.97227234373423
n2498	2251	0	0	54	217.39160953123422
n2493	2245	0	0	59	216.86009296873422
n2495	2247	0	0	59	217.07643890623424
n2497	2250	0	0	59	217.2700818749842
n2496	2249	0	0	62	217.17125718748423
n2511	2265	0	0	38	217.57723968748422
n2499	2253	0	0	48	217.86970734373418
n2503	2257	0	0	48	218.2983928124841
n2500	2254	0	0	54	217.97921578123416
n2502	2256	0	0	54	218.17953609373413
n2501	2255	0	0	57	218.08605328123414
n2487	2261	0	0	60	217.6426776562342
n2505	2260	0	0	48	218.53343531248407
n2509	2263	0	0	48	219.10768687498404
n2504	2258	0	0	54	218.4292687499841
n2506	2259	0	0	54	218.65896937498408
n2508	2262	0	0	54	218.93941781248404
n2507	2264	0	0	57	218.81388374998406
n2540	2269	0	0	37	219.43354124998402
n2517	2266	0	0	49	219.64053890623399
n2521	2271	0	0	49	220.04652140623392
n2523	2273	0	0	49	220.2575254687339
n2518	2267	0	0	54	219.72867984373397
n2520	2270	0	0	54	219.92499374998394
n2522	2272	0	0	54	220.1693845312339
n2519	2268	0	0	58	219.85554937498395
n2512	2275	0	0	61	219.39080624998402
n2527	2278	0	0	49	220.67686265623385
n2524	2274	0	0	54	220.3723757812339
n2526	2277	0	0	54	220.57136062498387
n2525	2276	0	0	58	220.46986499998388
n2541	2282	0	0	37	220.80239671873383
n2542	2284	0	0	49	221.18300531248377
n2545	deletion
n2529	2279	0	0	53	220.9733367187338
n2530	2281	0	0	56	221.0481229687338
n2532	2283	0	0	59	221.33658421873378
n2513	2280	0	0	61	220.82643515623383
n2528	deletion
n2533	2285	0	0	61	221.43273796873376
n2514	2286	0	0	71	221.18434078123377
n2531	deletion
n2543	2288	0	0	53	221.52622078123375
n2544	2291	0	0	56	221.88813281248372
n2535	2287	0	0	59	221.66778046873375
n2538	2292	0	0	59	221.9989767187337
n2536	2289	0	0	61	221.80266281248373
n2539	2294	0	0	61	222.11249156248368
n2516	2293	0	0	65	221.88145546873372
n2537	deletion
n2515	2290	0	0	68	221.51420156248375
n2534	deletion
n2570	2309	0	0	42	222.2433674999837
n2548	2295	0	0	54	222.45303609373366
n2552	2299	0	0	54	222.8416574999836
n2549	2296	0	0	58	222.54651890623364
n2551	2298	0	0	58	222.7374909374836
n2550	2297	0	0	61	222.64934999998363
n2546	2303	0	0	66	222.2740832812337
n2554	2301	0	0	54	223.07135812498356
n2558	2304	0	0	54	223.46799234373353
n2553	2300	0	0	58	222.96852703123358
n2555	2302	0	0	58	223.17018281248357
n2557	2305	0	0	58	223.36249031248354
n2556	2306	0	0	61	223.28503312498356
n2571	2311	0	0	40	223.66297078123353
n2559	2307	0	0	54	223.83257531248353
n2563	2312	0	0	54	224.20650656248347
n2560	2308	0	0	58	223.9460901562335
n2562	2310	0	0	58	224.14106859373348
n2561	2313	0	0	61	224.0115281249835
n2547	2317	0	0	66	223.65495796873353
n2565	2315	0	0	54	224.44956187498343
n2569	2319	0	0	54	224.84886703123337
n2564	2314	0	0	58	224.34005343748345
n2566	2316	0	0	58	224.53636734373342
n2568	2318	0	0	58	224.75671968748338
n2567	2320	0	0	61	224.6445403124834
n2596	2326	0	0	38	224.99576859373337
n2598	2335	0	0	38	226.14961359373325
n2600	deletion
n2574	2321	0	0	54	225.19341796873334
n2578	2325	0	0	54	225.5967295312333
n2575	2322	0	0	59	225.31761656248332
n2577	2324	0	0	59	225.53262703123332
n2576	2323	0	0	62	225.4044220312333
n2572	2330	0	0	66	225.01446515623337
n2580	2328	0	0	54	225.82910109373327
n2584	2332	0	0	54	226.18834218748324
n2585	2338	0	0	54	226.6931493749832
n2589	2347	0	0	54	227.11782843748313
n2591	2352	0	0	54	227.3341743749831
n2595	2359	0	0	54	227.66937703123304
n2579	2327	0	0	59	225.7142507812333
n2581	2329	0	0	59	225.90655828123326
n2583	2331	0	0	59	226.09753031248326
n2582	2333	0	0	62	226.00538296873324
n2597	2334	0	0	36	226.39533984373324
n2607	2337	0	0	36	226.77461296873318
n2611	2341	0	0	36	226.94955937498315
n2615	2345	0	0	36	227.08043531248313
n2617	2348	0	0	36	227.2073048437331
n2619	2350	0	0	36	227.3328389062331
n2621	2354	0	0	36	227.45837296873307
n2623	2358	0	0	36	227.58657796873305
n2627	2362	0	0	36	227.79357562498302
n2603	deletion
n2609	deletion
n2625	deletion
n2599	deletion
n2601	deletion
n2605	deletion
n2602	2336	0	0	38	226.6544207812332
n2608	2339	0	0	38	226.85474109373317
n2614	2343	0	0	38	227.01499734373314
n2616	2346	0	0	38	227.13518953123312
n2618	2349	0	0	38	227.2700718749831
n2620	2351	0	0	38	227.40228328123308
n2622	2355	0	0	38	227.52247546873306
n2604	deletion
n2610	deletion
n2626	deletion
n2606	deletion
n2612	deletion
n2588	2340	0	0	57	226.82669624998317
n2590	2344	0	0	57	227.01232640623314
n2586	deletion
n2587	2342	0	0	62	226.93219828123316
n2573	2361	0	0	66	226.48748718748323
n2628	2360	0	0	34	227.69742187498304
n2613	deletion
n2624	deletion
n2592	2353	0	0	57	227.2153176562331
n2594	2357	0	0	57	227.57455874998305
n2593	2356	0	0	62	227.49576609373307
n2642	2375	0	0	34	227.933799843733
n2629	deletion
n2631	2363	0	0	55	228.12744281248297
n2635	2367	0	0	55	228.5320898437329
n2637	2369	0	0	55	228.74843578123287
n2632	2364	0	0	58	228.23027390623295
n2634	2365	0	0	58	228.42391687498292
n2636	2368	0	0	58	228.6415982812329
n2633	2366	0	0	62	228.33844687498294
n2630	2371	0	0	67	227.964515624983
n2641	2373	0	0	55	229.1744503124828
n2638	2370	0	0	58	228.82856390623286
n2640	2374	0	0	58	229.05158718748282
n2639	2372	0	0	62	228.94207874998284
n2655	2387	0	0	38	229.4121637499828
n2644	2376	0	0	48	229.71264421873275
n2648	2380	0	0	48	230.2414898437327
n2645	2377	0	0	54	229.84752656248276
n2647	2378	0	0	54	230.08924640623272
n2646	2379	0	0	57	229.95837046873274
n2643	2384	0	0	60	229.4682534374828
n2650	2382	0	0	48	230.4992353124827
n2654	2385	0	0	48	231.2711362499827
n2649	2381	0	0	54	230.3536692187327
n2651	2383	0	0	54	230.64880781248272
n2653	2388	0	0	54	231.01873265623271
n2652	2386	0	0	57	230.8384443749827
n2684	2393	0	0	37	231.73187296873266
n2661	2390	0	0	49	231.98294109373262
n2665	2394	0	0	49	232.43165859373255
n2667	2396	0	0	49	232.6827267187325
n2662	2389	0	0	54	232.0844367187326
n2664	2392	0	0	54	232.31013093748257
n2666	2395	0	0	54	232.54917984373253
n2663	2391	0	0	58	232.21531265623258
n2656	2398	0	0	61	231.71050546873266
n2671	2401	0	0	49	233.12076046873244
n2668	2397	0	0	54	232.7935706249825
n2670	2400	0	0	54	233.02060031248246
n2669	2399	0	0	58	232.89907265623248
n2685	2405	0	0	37	233.29971328123244
n2686	2407	0	0	49	233.7965076562324
n2689	deletion
n2673	2402	0	0	53	233.4933562499824
n2674	2404	0	0	56	233.6095420312324
n2676	2406	0	0	59	233.9834732812324
n2657	2403	0	0	61	233.34378374998244
n2672	deletion
n2677	2409	0	0	61	234.0929817187324
n2658	2408	0	0	71	233.8298943749824
n2675	deletion
n2687	2411	0	0	53	234.2024901562324
n2688	2414	0	0	56	234.52166718748236
n2679	2410	0	0	59	234.3213468749824
n2682	deletion
n2680	2413	0	0	61	234.43619718748238
n2683	2416	0	0	61	234.77674171873235
n2660	2415	0	0	65	234.52033171873236
n2681	deletion
n2659	2412	0	0	68	234.1811226562324
n2678	deletion
n2728	2432	0	0	42	234.86755359373234
n2718	2423	0	0	46	235.26552328123228
n2719	2421	0	0	49	235.26952968748228
n2695	2417	0	0	54	235.0718803124823
n2698	2419	0	0	54	235.36301249998226
n2696	2418	0	0	58	235.1693695312323
n2699	2420	0	0	58	235.49522390623227
n2697	2422	0	0	61	235.25216859373228
n2690	2435	0	0	66	234.91162406248233
n2722	2430	0	0	46	235.9519542187322
n2720	2426	0	0	47	235.62075796873225
n2723	2429	0	0	49	235.9666443749822
n2721	2425	0	0	51	235.59538406248225
n2701	2424	0	0	54	235.73827921873223
n2704	2431	0	0	54	236.06146265623218
n2705	2434	0	0	58	236.18432578123216
n2702	2427	0	0	59	235.8464521874822
n2703	2433	0	0	61	235.9439414062322
n2700	2428	0	0	63	235.59538406248225
n2724	2438	0	0	37	236.29249874998214
n2725	2440	0	0	49	236.6717718749821
n2729	deletion
n2707	2437	0	0	59	236.45275499998212
n2710	2441	0	0	59	236.80531874998212
n2708	2439	0	0	61	236.5275412499821
n2711	2442	0	0	61	236.8921242187321
n2691	2436	0	0	65	236.30852437498214
n2706	deletion
n2692	2443	0	0	71	236.6650945312321
n2709	deletion
n2726	2445	0	0	53	236.9896134374821
n2727	2448	0	0	56	237.33015796873204
n2713	2444	0	0	59	237.14052140623207
n2716	2449	0	0	59	237.45035015623202
n2714	2446	0	0	61	237.20996578123206
n2717	2451	0	0	61	237.534484687482
n2694	2450	0	0	65	237.31680328123204
n2715	deletion
n2693	2447	0	0	68	237.0029681249821
n2712	deletion
n2768	2467	0	0	42	237.684057187482
n2758	2456	0	0	46	238.02193078123196
n2759	2458	0	0	49	238.02193078123196
n2735	2452	0	0	54	237.824281406232
n2738	2454	0	0	54	238.13544562498194
n2741	2459	0	0	54	238.53742171873188
n2736	2453	0	0	58	237.92444156248197
n2739	2455	0	0	58	238.24495406248192
n2737	2457	0	0	61	238.01658890623196
n2730	2470	0	0	66	237.690734531232
n2762	2465	0	0	46	238.76979328123187
n2760	2461	0	0	47	238.3971974999819
n2763	2464	0	0	49	238.77513515623187
n2765	2476	0	0	49	239.64452531248176
n2769	2484	0	0	49	240.1146103124817
n2761	2460	0	0	51	238.3838428124819
n2744	2466	0	0	54	238.86995343748185
n2745	2469	0	0	58	238.99148109373184
n2742	2462	0	0	59	238.6455946874819
n2747	2471	0	0	59	239.2746004687318
n2743	2468	0	0	61	238.75777406248187
n2748	2473	0	0	61	239.40547640623177
n2740	2463	0	0	63	238.4025393749819
n2764	2474	0	0	37	239.11701515623182
n2731	2472	0	0	65	239.1303698437318
n2746	deletion
n2750	2477	0	0	65	239.87689687498172
n2751	2478	0	0	68	239.9837343749817
n2732	2475	0	0	75	239.71263421873175
n2749	deletion
n2766	2482	0	0	56	240.19340296873168
n2767	2483	0	0	59	240.71557124998162
n2753	2480	0	0	61	240.35633015623165
n2756	2486	0	0	61	240.94660734373159
n2754	2481	0	0	65	240.51925734373162
n2757	2487	0	0	65	241.22839124998154
n2734	2485	0	0	68	240.74628703123162
n2755	deletion
n2733	2479	0	0	71	240.15333890623168
n2752	deletion
n2796	2490	0	0	42	241.88811281248155
n2797	2491	0	0	49	241.88277093748155
n2773	2489	0	0	54	242.25536671873152
n2777	2494	0	0	54	242.84697937498146
n2779	2497	0	0	54	243.07801546873142
n2774	2488	0	0	58	242.3782298437315
n2776	2492	0	0	58	242.66802656248146
n2778	2495	0	0	58	242.95648781248144
n2780	2496	0	0	58	243.20087859373143
n2782	2499	0	0	58	243.44393390623142
n2784	2501	0	0	58	243.7390724999814
n2786	2504	0	0	58	244.02886921873136
n2788	deletion
n2775	2493	0	0	61	242.55050531248148
n2770	2498	0	0	66	241.89211921873155
n2783	2500	0	0	54	243.5814871874814
n2785	2503	0	0	54	243.91134796873138
n2781	2502	0	0	61	243.3143934374814
n2798	2506	0	0	42	243.7457498437314
n2799	2505	0	0	49	243.7310596874814
n2789	2508	0	0	54	244.39745859373133
n2787	2510	0	0	61	244.16508703123134
n2771	2507	0	0	66	243.7377370312314
n2800	2513	0	0	42	244.62715921873132
n2801	2514	0	0	49	244.62715921873132
n2791	2511	0	0	54	244.7994346874813
n2795	2517	0	0	54	245.45247890623128
n2802	2521	0	0	54	245.9425959374813
n2805	2534	0	0	54	247.84430343748113
n2790	2509	0	0	58	244.61647546873132
n2792	2512	0	0	58	244.91962687498128
n2794	2516	0	0	58	245.25215859373125
n2803	2526	0	0	58	245.9185574999813
n2806	2537	0	0	58	247.84964531248113
n2793	2518	0	0	61	245.08255406248125
n2772	2515	0	0	66	244.61781093748132
n2812	2520	0	0	42	246.20167687498125
n2824	2538	0	0	42	248.0072306249811
n2816	2523	0	0	42	246.79061859373118
n2818	2529	0	0	42	247.03100296873117
n2813	2519	0	0	46	246.38062968748122
n2815	2522	0	0	46	246.6797746874812
n2814	2527	0	0	49	246.5115056249812
n2804	2524	0	0	66	245.9225639062313
n2822	2531	0	0	42	247.62662203123114
n2817	2525	0	0	46	246.9241654687312
n2819	2528	0	0	46	247.19660109373115
n2825	2536	0	0	46	248.18084156248108
n2821	2530	0	0	46	247.49307515623116
n2820	2533	0	0	49	247.31946421873116
n2826	2539	0	0	49	248.37448453123105
n2828	2541	0	0	42	248.77245421873104
n2823	2532	0	0	46	247.83762609373113
n2827	2540	0	0	46	248.54141812498105
n2807	2535	0	0	66	247.83762609373113
n2834	2550	0	0	34	250.72357406248094
n2831	2546	0	0	37	249.51764578123095
n2833	2549	0	0	37	250.22010234373093
n2830	2543	0	0	42	249.257229374981
n2832	2547	0	0	42	249.85284843748093
n2829	2542	0	0	46	249.01283859373103
n2808	2544	0	0	54	249.03153515623103
n2809	2548	0	0	58	249.01818046873103
n2810	2545	0	0	66	249.01550953123103
n2841	2551	0	0	30	252.20060249998093
n2842	2553	0	0	37	252.20594437498093
n2843	2552	0	0	42	252.19659609373093
n2835	2554	0	0	54	252.18457687498093
n2836	2556	0	0	58	252.18858328123093
n2837	2555	0	0	66	252.18324140623093
insertion	171	0	0	58	16.654630781250024
insertion	324	0	0	64	31.68666703125006
insertion	503	0	0	61	48.062184843749286
insertion	855	0	0	50	80.16151171874738
insertion	851	0	0	51	80.0426549999974
insertion	854	0	0	51	80.25232359374738
insertion	874	0	0	56	81.71733281249722
insertion	945	0	0	64	89.07710109374679
insertion	973	0	0	59	92.15268562499658
insertion	1211	0	0	53	114.96916921874538
insertion	1349	0	0	38	128.21835468749424
insertion	1353	0	0	38	128.3973074999942
insertion	1357	0	0	38	128.4961321874942
insertion	1347	0	0	39	128.09549156249426
insertion	1351	0	0	39	128.27711531249423
insertion	1355	0	0	36	128.4360360937442
insertion	1369	0	0	71	129.75547921874403
insertion	1455	0	0	63	139.0823929687429
insertion	1586	0	0	62	150.97073578124136
insertion	1589	0	0	62	151.16304328124133
insertion	1593	0	0	62	151.5930642187413
insertion	1595	0	0	62	151.8614934374913
insertion	1708	0	0	66	165.20549718748995
insertion	1780	0	0	58	172.89512624998915
insertion	1786	0	0	58	173.07808546873912
insertion	1887	0	0	61	183.12348140623803
