xml_id	midi_id	track	channel	pitch	onset
n9	6	1	0	40	0.5333333333333333
n11	10	1	0	45	3.3468750000000025
n12	9	1	0	51	3.339583333333336
n10	3	1	0	52	0.5333333333333333
n7	4	1	0	59	0.5208333333333334
n8	8	1	0	59	3.3302083333333354
n2	1	1	0	66	1.6572916666666668
n5	7	1	0	66	3.3166666666666687
n1	0	1	0	68	0.5
n3	2	1	0	68	1.9520833333333338
n4	5	1	0	69	2.5541666666666676
n24	16	1	0	44	6.189583333333334
n25	17	1	0	52	6.163541666666668
n21	14	1	0	59	6.1677083333333345
n15	12	1	0	63	7.208333333333333
n14	11	1	0	64	6.1364583333333345
n16	13	1	0	64	7.493749999999997
n30	25	1	0	64	12.009375000000027
n34	deletion
n17	15	1	0	66	8.117708333333333
n26	19	1	0	42	8.928125000000007
n27	22	1	0	51	8.93333333333334
n22	18	1	0	57	8.956250000000008
n23	20	1	0	59	8.946875000000007
n20	23	1	0	59	11.285416666666693
n18	21	1	0	63	8.918750000000006
n47	34	1	0	45	13.896875000000042
n45	29	1	0	51	12.680208333333365
n46	32	1	0	52	13.250000000000037
n44	28	1	0	56	12.026041666666693
n48	35	1	0	57	13.896875000000042
n29	24	1	0	59	12.037500000000026
n31	26	1	0	59	12.670833333333364
n33	30	1	0	59	13.250000000000037
n36	37	1	0	61	13.883333333333375
n32	27	1	0	66	12.662500000000032
n37	33	1	0	66	13.917708333333376
n40	40	1	0	66	14.688541666666714
n35	31	1	0	68	13.240625000000037
n38	36	1	0	69	13.867708333333375
n52	45	1	0	45	16.676041666666727
n49	41	1	0	47	14.721875000000047
n53	43	1	0	54	16.658333333333392
n50	38	1	0	59	14.721875000000047
n39	39	1	0	63	14.70833333333338
n42	44	1	0	63	16.676041666666727
n43	42	1	0	71	16.660416666666727
n70	55	1	0	40	18.650000000000066
n68	52	1	0	42	18.052083333333396
n72	58	1	0	45	19.315625000000075
n66	deletion
n69	50	1	0	51	18.04791666666673
n71	56	1	0	52	18.6270833333334
n74	63	1	0	54	19.580208333333406
n67	46	1	0	56	17.412500000000055
n73	62	1	0	57	19.292708333333408
n56	51	1	0	59	18.03229166666673
n58	54	1	0	59	18.612500000000065
n60	60	1	0	61	19.292708333333408
n54	49	1	0	64	17.42604166666672
n59	57	1	0	68	18.604166666666732
n57	53	1	0	69	18.011458333333398
n62	61	1	0	69	19.536458333333407
n55	47	1	0	71	17.403125000000056
n61	59	1	0	73	19.256250000000072
n75	66	1	0	47	20.056250000000073
n76	67	1	0	51	20.045833333333405
n63	64	1	0	59	20.045833333333405
n64	65	1	0	66	20.017708333333406
n86	73	1	0	42	23.0552083333334
n87	75	1	0	54	23.060416666666733
n84	69	1	0	61	23.073958333333398
n79	70	1	0	68	24.092708333333405
n78	68	1	0	69	23.0520833333334
n80	71	1	0	69	24.37708333333341
n81	74	1	0	71	24.98645833333341
n88	78	1	0	47	25.753125000000082
n89	79	1	0	53	25.74791666666675
n85	76	1	0	61	25.73854166666675
n82	77	1	0	68	25.708333333333417
n102	84	1	0	45	28.46145833333341
n103	85	1	0	49	28.475000000000076
n104	83	1	0	57	28.46145833333341
n99	86	1	0	61	28.448958333333408
n92	81	1	0	65	29.408333333333417
n91	80	1	0	66	28.418750000000074
n93	82	1	0	66	29.69166666666675
n94	87	1	0	68	30.293750000000088
n105	92	1	0	44	31.080208333333424
n106	93	1	0	49	31.09375000000009
n109	97	1	0	54	33.238541666666784
n107	91	1	0	56	31.09375000000009
n100	88	1	0	59	31.07187500000009
n101	89	1	0	61	31.08437500000009
n110	94	1	0	61	33.23333333333345
n97	96	1	0	64	33.218750000000114
n95	90	1	0	65	31.053125000000094
n98	95	1	0	70	33.198958333333444
n127	101	1	0	47	34.428125000000136
n130	105	1	0	52	35.705208333333495
n128	99	1	0	59	34.457291666666805
n131	102	1	0	59	35.72187500000016
n116	104	1	0	62	35.72187500000016
n113	100	1	0	63	34.457291666666805
n117	103	1	0	68	35.693750000000165
n114	98	1	0	71	34.4229166666668
n134	109	1	0	45	37.01354166666682
n137	111	1	0	45	38.28333333333351
n135	107	1	0	57	37.022916666666816
n138	110	1	0	57	38.31354166666684
n120	108	1	0	61	37.00208333333348
n123	113	1	0	61	38.30937500000017
n124	112	1	0	66	38.27395833333351
n121	106	1	0	69	36.96458333333348
n150	120	1	0	47	39.10729166666685
n146	115	1	0	56	39.11666666666686
n147	117	1	0	57	40.35520833333353
n139	114	1	0	59	39.093750000000185
n141	119	1	0	63	40.40729166666686
n140	116	1	0	64	39.093750000000185
n142	118	1	0	66	40.35520833333353
n151	121	1	0	40	41.91250000000019
n152	122	1	0	52	41.88645833333352
n154	128	1	0	52	44.25833333333354
n155	126	1	0	58	44.23958333333354
n148	123	1	0	59	41.90312500000019
n143	125	1	0	64	41.89166666666686
n144	124	1	0	68	41.87291666666685
n171	134	1	0	50	46.798958333333566
n168	130	1	0	51	45.512500000000216
n172	135	1	0	56	46.79062500000023
n169	129	1	0	59	45.512500000000216
n156	127	1	0	66	44.92916666666688
n158	132	1	0	71	46.183333333333564
n157	133	1	0	78	44.91666666666688
n159	131	1	0	83	46.16458333333357
n175	139	1	0	49	48.12395833333359
n176	138	1	0	57	48.12395833333359
n161	136	1	0	64	47.45625000000025
n163	140	1	0	69	49.0395833333336
n162	137	1	0	76	47.442708333333584
n164	141	1	0	81	49.0177083333336
n183	146	1	0	66	53.221875000000274
n181	144	1	0	68	52.44062500000025
n182	145	1	0	69	52.77708333333359
n179	142	1	0	72	51.69062500000026
n180	143	1	0	73	52.15208333333359
n189	148	1	0	35	53.52604166666694
n190	150	1	0	47	53.516666666666936
n186	149	1	0	54	53.5083333333336
n187	151	1	0	57	53.520833333333606
n184	147	1	0	61	53.48437500000027
n185	152	1	0	63	54.8864583333336
n207	155	1	0	40	56.87500000000031
n208	159	1	0	52	56.865625000000314
n192	153	1	0	64	57.28437500000033
n197	160	1	0	64	58.69583333333368
n200	164	1	0	64	59.585416666667015
n193	156	1	0	67	57.58750000000035
n194	154	1	0	71	57.87916666666702
n196	158	1	0	71	58.411458333333684
n198	161	1	0	71	58.96666666666701
n195	157	1	0	72	58.15000000000035
n209	168	1	0	43	59.293750000000344
n210	162	1	0	55	59.29895833333368
n205	169	1	0	64	60.951041666667045
n201	165	1	0	67	59.86666666666703
n202	163	1	0	71	60.13541666666704
n204	167	1	0	71	60.67500000000038
n206	170	1	0	71	61.228125000000375
n203	166	1	0	72	60.40520833333371
n227	172	1	0	42	61.55937500000037
n228	176	1	0	54	61.55104166666704
n212	174	1	0	63	61.83854166666705
n217	178	1	0	63	63.18958333333374
n213	173	1	0	69	62.104166666667055
n214	171	1	0	71	62.3687500000004
n216	175	1	0	71	62.911458333333734
n218	179	1	0	71	63.46770833333373
n215	177	1	0	72	62.63541666666706
n229	186	1	0	45	63.7781250000004
n230	182	1	0	57	63.76354166666707
n220	181	1	0	63	64.06041666666707
n225	188	1	0	63	65.41770833333364
n221	183	1	0	66	64.31666666666702
n222	180	1	0	71	64.59375000000033
n224	185	1	0	71	65.13645833333364
n226	187	1	0	71	65.68020833333364
n223	184	1	0	72	64.86145833333366
n247	189	1	0	43	66.0343750000003
n248	190	1	0	55	66.0343750000003
n232	193	1	0	64	66.31979166666693
n238	197	1	0	64	68.00729166666687
n233	192	1	0	67	66.59687500000025
n237	196	1	0	67	67.72187500000024
n234	191	1	0	71	66.86354166666693
n236	195	1	0	71	67.39791666666693
n235	194	1	0	72	67.14166666666692
n250	198	1	0	83	67.71458333333358
n241	201	1	0	66	68.87708333333352
n243	204	1	0	67	69.42187500000014
n240	199	1	0	69	68.54583333333352
n245	208	1	0	69	69.97604166666677
n244	205	1	0	71	69.69375000000012
n242	202	1	0	72	69.13020833333348
n246	209	1	0	72	70.28020833333343
n254	207	1	0	78	69.97083333333345
n253	206	1	0	79	69.40729166666681
n252	203	1	0	81	68.83541666666686
n251	200	1	0	84	68.29791666666685
n271	213	1	0	43	70.6739583333334
n272	215	1	0	55	70.68750000000007
n256	212	1	0	62	70.99479166666667
n262	218	1	0	62	72.60624999999987
n257	211	1	0	67	71.2645833333333
n261	217	1	0	67	72.33229166666655
n258	210	1	0	71	71.5166666666666
n260	216	1	0	71	72.05520833333323
n259	214	1	0	72	71.79687499999991
n273	225	1	0	47	72.96666666666653
n274	222	1	0	59	72.95937499999987
n264	219	1	0	62	73.23958333333316
n270	227	1	0	62	74.85624999999973
n269	226	1	0	67	74.5833333333331
n265	deletion
n267	223	1	0	73	74.03854166666643
n266	221	1	0	74	73.7958333333331
n268	224	1	0	74	74.31562499999977
n291	231	1	0	45	75.1916666666664
n292	233	1	0	57	75.1822916666664
n276	229	1	0	66	75.46145833333306
n282	236	1	0	66	77.07604166666631
n277	228	1	0	69	75.73229166666633
n281	235	1	0	69	76.80624999999964
n279	232	1	0	71	76.26979166666632
n278	230	1	0	72	75.98854166666632
n280	234	1	0	72	76.53333333333298
n293	242	1	0	48	77.43124999999964
n294	238	1	0	60	77.42499999999964
n284	241	1	0	66	77.70833333333296
n290	245	1	0	66	79.37499999999959
n285	240	1	0	69	77.97916666666625
n289	244	1	0	69	79.06458333333292
n287	239	1	0	74	78.5218749999996
n286	237	1	0	75	78.25208333333293
n288	243	1	0	75	78.79270833333293
n311	246	1	0	47	79.71770833333291
n312	247	1	0	59	79.71041666666625
n296	248	1	0	62	80.04270833333287
n297	249	1	0	67	80.3187499999995
n302	255	1	0	67	81.732291666666
n298	250	1	0	71	80.57604166666616
n301	253	1	0	71	81.44999999999938
n299	251	1	0	73	80.86249999999946
n300	252	1	0	74	81.1406249999994
n314	254	1	0	86	81.43124999999938
n303	256	1	0	66	82.01458333333267
n305	259	1	0	67	82.59479166666596
n304	257	1	0	69	82.29583333333264
n307	262	1	0	69	83.1395833333326
n306	260	1	0	71	82.86354166666594
n309	266	1	0	71	83.71770833333255
n308	263	1	0	72	83.40937499999924
n310	267	1	0	74	84.01666666666588
n318	265	1	0	79	83.71249999999922
n317	264	1	0	81	83.13124999999926
n316	261	1	0	83	82.56979166666596
n315	258	1	0	84	82.01145833333267
n335	268	1	0	48	84.38749999999922
n336	269	1	0	60	84.37604166666588
n320	270	1	0	64	84.67916666666585
n321	271	1	0	69	84.94999999999916
n326	276	1	0	69	86.3687499999991
n322	272	1	0	72	85.21249999999917
n325	275	1	0	72	86.09374999999909
n323	274	1	0	75	85.49270833333247
n324	273	1	0	76	85.77291666666578
n338	277	1	0	88	86.0718749999991
n327	278	1	0	68	86.6645833333324
n329	281	1	0	69	87.2385416666657
n328	279	1	0	71	86.93749999999906
n331	284	1	0	71	87.78645833333236
n330	282	1	0	72	87.50208333333237
n333	289	1	0	72	88.34374999999902
n332	285	1	0	74	88.02916666666569
n334	288	1	0	76	88.64687499999899
n342	287	1	0	81	88.33229166666568
n341	286	1	0	83	87.79166666666569
n340	283	1	0	84	87.21770833333237
n339	280	1	0	86	86.65104166666573
n359	295	1	0	50	89.02708333333231
n344	291	1	0	59	89.32499999999894
n349	296	1	0	59	90.69166666666557
n345	293	1	0	62	89.59999999999891
n346	290	1	0	67	89.85624999999892
n348	294	1	0	67	90.41666666666558
n350	297	1	0	67	90.9822916666656
n347	292	1	0	69	90.13958333333225
n360	302	1	0	38	91.2989583333323
n361	304	1	0	50	91.28749999999896
n352	298	1	0	57	91.5718749999989
n357	305	1	0	57	92.96145833333215
n353	300	1	0	60	91.84791666666554
n354	299	1	0	66	92.09895833333219
n356	303	1	0	66	92.65624999999885
n358	306	1	0	66	93.28333333333214
n355	301	1	0	67	92.40520833333218
n378	307	1	0	43	93.66145833333208
n363	308	1	0	59	94.00104166666539
n368	315	1	0	59	95.49687499999861
n364	310	1	0	62	94.33541666666538
n365	309	1	0	67	94.59687499999868
n367	313	1	0	67	95.18124999999861
n369	316	1	0	67	95.75208333333192
n366	312	1	0	69	94.89687499999863
n379	311	1	0	73	94.33541666666538
n380	314	1	0	74	95.4718749999986
n381	317	1	0	47	96.07083333333192
n371	318	1	0	59	96.37395833333188
n376	326	1	0	59	97.81145833333188
n372	320	1	0	62	96.69270833333188
n373	319	1	0	67	96.96041666666522
n375	321	1	0	67	97.51874999999856
n377	325	1	0	67	98.08229166666518
n374	323	1	0	69	97.25104166666522
n382	322	1	0	78	96.68437499999855
n383	324	1	0	79	97.81145833333188
n400	327	1	0	48	98.41979166666519
n385	328	1	0	57	98.7333333333318
n390	336	1	0	57	100.17708333333181
n386	330	1	0	64	99.03958333333179
n387	329	1	0	67	99.31249999999845
n389	331	1	0	67	99.8802083333318
n391	335	1	0	67	100.47395833333175
n388	332	1	0	69	99.61145833333178
n401	333	1	0	75	99.03958333333179
n402	334	1	0	76	100.18229166666514
n403	337	1	0	49	100.77708333333173
n393	338	1	0	57	101.08645833333169
n398	345	1	0	57	102.55312499999832
n394	340	1	0	64	101.43541666666502
n395	339	1	0	67	101.70312499999835
n397	343	1	0	67	102.24479166666502
n399	346	1	0	67	102.8562499999983
n396	342	1	0	69	101.98020833333169
n404	341	1	0	87	101.39791666666503
n405	344	1	0	88	102.52812499999834
n421	347	1	0	50	103.17187499999828
n407	348	1	0	59	103.46770833333157
n412	356	1	0	59	104.89895833333155
n408	350	1	0	62	103.78124999999824
n409	349	1	0	67	104.04166666666491
n411	352	1	0	67	104.60833333333157
n413	355	1	0	67	105.19270833333148
n410	353	1	0	69	104.3322916666649
n422	351	1	0	73	103.7697916666649
n423	354	1	0	74	104.89374999999822
n424	357	1	0	50	105.48229166666479
n415	359	1	0	57	105.78333333333141
n419	363	1	0	57	107.27083333333135
n416	358	1	0	60	106.3864583333314
n418	360	1	0	60	106.96874999999807
n420	364	1	0	60	107.58749999999799
n426	362	1	0	62	107.27083333333135
n425	361	1	0	63	106.10208333333141
n417	365	1	0	66	106.67916666666476
n443	366	1	0	47	108.01354166666461
n428	367	1	0	59	108.34270833333123
n433	374	1	0	59	109.82083333333122
n429	369	1	0	62	108.6968749999979
n430	368	1	0	67	108.9656249999979
n432	371	1	0	67	109.51874999999791
n434	375	1	0	67	110.08958333333118
n431	372	1	0	69	109.2593749999979
n444	370	1	0	73	108.68541666666457
n445	373	1	0	74	109.82083333333122
n446	376	1	0	47	110.3979166666645
n436	377	1	0	59	110.69895833333112
n441	384	1	0	59	112.17187499999775
n437	379	1	0	62	111.0489583333311
n438	378	1	0	67	111.32812499999777
n440	381	1	0	67	111.87291666666442
n442	385	1	0	67	112.44166666666439
n439	380	1	0	69	111.6145833333311
n448	383	1	0	74	112.16249999999776
n447	382	1	0	79	111.01562499999777
n465	386	1	0	48	112.7906249999977
n450	387	1	0	57	113.10208333333101
n455	394	1	0	57	114.56041666666432
n451	389	1	0	64	113.44166666666435
n452	388	1	0	67	113.71041666666434
n454	391	1	0	67	114.267708333331
n456	395	1	0	67	114.84479166666429
n453	392	1	0	69	113.98645833333102
n466	390	1	0	75	113.41041666666435
n467	393	1	0	76	114.56979166666432
n468	396	1	0	49	115.13645833333095
n458	398	1	0	57	115.4499999999976
n463	404	1	0	57	116.91979166666424
n459	399	1	0	64	115.81666666666426
n460	397	1	0	67	116.06874999999759
n462	401	1	0	67	116.62291666666425
n464	405	1	0	67	117.18124999999753
n461	400	1	0	69	116.36770833333092
n470	403	1	0	76	116.9020833333309
n469	402	1	0	79	115.7843749999976
n485	406	1	0	50	117.5260416666642
n472	408	1	0	59	117.82083333333082
n476	413	1	0	59	119.24999999999741
n486	410	1	0	61	118.14374999999748
n487	412	1	0	62	119.26666666666408
n473	407	1	0	67	118.41666666666416
n475	409	1	0	67	118.95624999999747
n477	414	1	0	67	119.55312499999737
n474	411	1	0	69	118.69479166666416
n488	415	1	0	50	119.847916666664
n479	417	1	0	57	120.13854166666397
n483	421	1	0	57	121.61874999999726
n480	416	1	0	60	120.78020833333065
n482	418	1	0	60	121.32187499999728
n484	422	1	0	60	121.91562499999722
n490	420	1	0	62	121.63229166666393
n489	419	1	0	63	120.47499999999731
n481	423	1	0	66	121.06458333333065
n507	430	1	0	43	122.28124999999721
n508	424	1	0	55	122.25520833333054
n492	426	1	0	59	122.56979166666385
n497	431	1	0	59	123.96041666666382
n493	427	1	0	62	122.85208333333048
n494	425	1	0	67	123.12083333333047
n496	429	1	0	67	123.68645833333048
n498	432	1	0	67	124.25624999999715
n495	428	1	0	69	123.41562499999714
n509	438	1	0	42	124.55312499999714
n510	435	1	0	54	124.55312499999714
n500	433	1	0	57	124.83645833333043
n505	440	1	0	57	126.26666666666361
n501	434	1	0	59	125.10833333333038
n502	436	1	0	63	125.38645833333035
n504	439	1	0	63	125.9677083333303
n506	441	1	0	63	126.59687499999694
n503	437	1	0	64	125.68645833333034
n527	450	1	0	40	127.18437499999695
n512	444	1	0	55	127.61354166666358
n517	451	1	0	55	129.04062499999694
n513	445	1	0	59	127.91770833333024
n514	443	1	0	64	128.18333333333024
n516	449	1	0	64	128.75624999999695
n518	452	1	0	64	129.32812499999693
n515	448	1	0	66	128.46874999999693
n528	462	1	0	31	129.6781249999969
n529	459	1	0	43	129.6562499999969
n520	453	1	0	55	130.01249999999692
n525	463	1	0	55	131.40104166666364
n521	456	1	0	59	130.28645833333027
n522	455	1	0	64	130.55729166666362
n524	461	1	0	64	131.11770833333028
n526	464	1	0	64	131.6708333333303
n523	458	1	0	66	130.85104166666363
n546	467	1	0	30	132.0677083333303
n547	473	1	0	42	132.05416666666363
n531	465	1	0	57	132.3770833333303
n536	471	1	0	57	133.76458333333025
n532	466	1	0	60	132.6583333333303
n533	468	1	0	63	132.93749999999696
n535	470	1	0	63	133.50208333333026
n537	472	1	0	63	134.05312499999692
n534	469	1	0	64	133.20729166666362
n548	479	1	0	33	134.44374999999692
n549	477	1	0	45	134.42708333333024
n539	474	1	0	60	134.75416666666365
n544	480	1	0	60	136.12708333333038
n540	476	1	0	63	135.03333333333032
n541	475	1	0	66	135.29479166666366
n543	478	1	0	66	135.8635416666637
n545	482	1	0	66	136.43124999999702
n542	481	1	0	67	135.565624999997
n566	483	1	0	32	136.89166666666378
n567	484	1	0	44	136.87916666666376
n551	485	1	0	59	137.19791666666382
n557	491	1	0	59	138.93437499999737
n552	486	1	0	62	137.5104166666639
n556	490	1	0	62	138.67083333333068
n554	488	1	0	64	138.07812499999727
n553	487	1	0	65	137.78333333333055
n555	489	1	0	65	138.35729166666397
n569	492	1	0	77	138.644791666664
n560	495	1	0	56	139.83854166666407
n562	498	1	0	57	140.39270833333072
n559	494	1	0	59	139.52916666666408
n564	502	1	0	62	140.97395833333076
n563	499	1	0	64	140.67083333333073
n561	497	1	0	65	140.10416666666407
n565	503	1	0	68	141.26979166666413
n573	501	1	0	71	140.9854166666641
n572	500	1	0	72	140.38854166666405
n571	496	1	0	74	139.8093749999974
n570	493	1	0	76	139.2489583333307
n590	507	1	0	33	141.74062499999752
n591	510	1	0	45	141.71874999999753
n575	506	1	0	57	142.0927083333309
n581	513	1	0	57	143.74166666666426
n576	504	1	0	60	142.36979166666427
n580	512	1	0	60	143.45937499999758
n577	505	1	0	64	142.63124999999758
n579	511	1	0	64	143.18333333333092
n578	508	1	0	65	142.89583333333093
n592	521	1	0	36	144.08958333333092
n593	516	1	0	48	144.07708333333093
n583	515	1	0	57	144.38854166666434
n589	523	1	0	57	146.07291666666444
n584	514	1	0	60	144.66874999999771
n588	522	1	0	60	145.79687499999775
n585	517	1	0	64	144.95312499999773
n587	520	1	0	64	145.5104166666644
n586	519	1	0	65	145.23437499999773
n610	527	1	0	35	146.41666666666447
n611	530	1	0	47	146.40520833333113
n595	525	1	0	56	146.71249999999785
n601	533	1	0	56	148.3885416666646
n596	526	1	0	62	146.99687499999789
n600	532	1	0	62	148.10208333333125
n597	524	1	0	64	147.28333333333123
n599	531	1	0	64	147.82604166666457
n598	529	1	0	65	147.54479166666457
n612	543	1	0	38	148.7729166666646
n613	539	1	0	50	148.75937499999793
n603	534	1	0	56	149.09479166666466
n609	544	1	0	56	150.75729166666483
n604	535	1	0	59	149.35833333333136
n608	542	1	0	59	150.47083333333148
n605	538	1	0	64	149.6385416666647
n607	541	1	0	64	150.1791666666648
n606	540	1	0	65	149.90729166666475
n630	545	1	0	37	151.23124999999825
n631	548	1	0	49	151.20520833333157
n615	546	1	0	55	151.5520833333316
n616	547	1	0	58	151.83854166666498
n621	553	1	0	61	153.27812499999845
n617	549	1	0	64	152.12187499999834
n620	552	1	0	64	152.98958333333175
n618	550	1	0	66	152.39479166666501
n619	551	1	0	67	152.66145833333172
n633	554	1	0	79	152.9541666666651
n624	557	1	0	58	154.17916666666528
n626	560	1	0	59	154.7343749999986
n623	556	1	0	61	153.85937499999858
n628	564	1	0	64	155.32812499999864
n627	561	1	0	66	155.0104166666653
n625	559	1	0	67	154.4343749999986
n629	565	1	0	70	155.60937499999872
n637	563	1	0	73	155.3072916666653
n636	562	1	0	74	154.71041666666528
n635	558	1	0	76	154.14374999999862
n634	555	1	0	78	153.55833333333183
n654	569	1	0	38	156.07604166666542
n655	572	1	0	50	156.06041666666542
n639	566	1	0	59	156.42916666666545
n644	573	1	0	59	157.8218749999988
n640	567	1	0	62	156.71874999999883
n641	568	1	0	66	156.9822916666655
n642	570	1	0	70	157.27083333333218
n643	571	1	0	71	157.5406249999988
n645	574	1	0	71	158.12395833333215
n656	581	1	0	42	158.45208333333215
n657	577	1	0	54	158.44583333333216
n647	575	1	0	59	158.76979166666553
n648	576	1	0	62	159.0562499999989
n652	582	1	0	62	160.16249999999891
n650	579	1	0	70	159.60937499999892
n649	578	1	0	71	159.3312499999989
n651	580	1	0	71	159.89687499999891
n653	583	1	0	71	160.4354166666656
n674	588	1	0	40	160.78124999999892
n675	590	1	0	52	160.7635416666656
n659	586	1	0	60	161.04687499999892
n664	591	1	0	60	162.43958333333228
n660	585	1	0	67	161.34583333333225
n661	584	1	0	71	161.59479166666557
n663	589	1	0	71	162.1635416666656
n665	592	1	0	71	162.73437499999895
n662	587	1	0	72	161.89270833333225
n676	599	1	0	43	163.07604166666562
n677	598	1	0	55	163.06041666666562
n667	593	1	0	60	163.36979166666566
n668	594	1	0	64	163.65416666666565
n672	600	1	0	64	164.75416666666567
n669	595	1	0	71	163.92291666666566
n671	597	1	0	71	164.4802083333323
n673	601	1	0	71	165.05104166666567
n670	596	1	0	72	164.20833333333232
n694	602	1	0	42	165.49687499999905
n695	603	1	0	54	165.4770833333324
n679	604	1	0	60	165.82499999999914
n680	605	1	0	63	166.12083333333254
n684	609	1	0	63	167.279166666666
n681	606	1	0	69	166.40520833333255
n683	608	1	0	69	166.94479166666602
n685	610	1	0	69	167.52812499999936
n682	607	1	0	72	166.69374999999926
n697	611	1	0	84	167.235416666666
n688	614	1	0	63	168.43437499999948
n690	617	1	0	64	168.98229166666613
n687	613	1	0	66	168.1302083333328
n692	620	1	0	69	169.5458333333328
n691	618	1	0	71	169.2833333333328
n689	616	1	0	72	168.67604166666612
n693	621	1	0	75	169.85312499999952
n701	622	1	0	78	169.53437499999947
n700	619	1	0	79	168.95937499999945
n699	615	1	0	81	168.4114583333328
n698	612	1	0	83	167.84583333333273
n720	632	1	0	47	172.00104166666634
n721	629	1	0	59	172.00104166666634
n703	624	1	0	64	170.56979166666622
n708	630	1	0	64	172.02291666666633
n704	625	1	0	67	170.8520833333329
n706	627	1	0	75	171.40624999999963
n718	623	1	0	76	170.21249999999952
n705	626	1	0	76	171.12187499999956
n707	628	1	0	76	171.69479166666633
n709	631	1	0	76	172.31770833333306
n728	646	1	0	40	174.32499999999987
n726	643	1	0	42	173.73541666666642
n724	638	1	0	43	173.18749999999974
n722	634	1	0	45	172.60937499999972
n729	644	1	0	52	174.3083333333332
n727	640	1	0	54	173.7166666666664
n725	636	1	0	55	173.18333333333308
n723	633	1	0	57	172.60416666666637
n711	635	1	0	64	172.90624999999974
n716	647	1	0	64	174.32916666666654
n712	637	1	0	67	173.18749999999974
n714	642	1	0	75	173.7333333333331
n713	639	1	0	76	173.44895833333308
n715	641	1	0	76	174.0104166666665
n717	645	1	0	76	174.63124999999988
n746	648	1	0	34	175.0656249999999
n747	649	1	0	46	175.04583333333323
n731	652	1	0	58	175.41458333333327
n732	650	1	0	61	175.6958333333333
n737	656	1	0	61	177.12395833333346
n733	651	1	0	64	175.97916666666666
n736	655	1	0	64	176.85312500000012
n734	653	1	0	66	176.2666666666667
n735	654	1	0	67	176.55729166666677
n749	657	1	0	79	176.83645833333344
n739	659	1	0	58	177.72500000000016
n744	667	1	0	58	179.22916666666683
n740	662	1	0	61	178.05104166666683
n742	663	1	0	66	178.62708333333347
n741	660	1	0	67	178.30208333333348
n743	665	1	0	67	178.90208333333348
n745	668	1	0	67	179.50833333333352
n752	664	1	0	75	178.60833333333346
n751	661	1	0	76	178.0395833333335
n753	666	1	0	76	179.1833333333335
n750	658	1	0	78	177.45000000000016
n770	669	1	0	47	179.8958333333335
n755	670	1	0	63	180.26666666666688
n761	677	1	0	63	182.04791666666702
n756	671	1	0	66	180.63958333333355
n760	676	1	0	66	181.754166666667
n758	673	1	0	70	181.1875000000002
n757	672	1	0	71	180.90104166666688
n759	679	1	0	71	181.47500000000022
n772	675	1	0	75	181.76562500000034
n771	674	1	0	76	180.60208333333355
n773	678	1	0	59	182.35520833333368
n769	deletion
n763	680	1	0	63	182.70104166666707
n764	681	1	0	66	183.04270833333374
n768	687	1	0	66	184.16562500000046
n766	deletion
n765	682	1	0	69	183.3031250000004
n767	685	1	0	69	183.84479166666708
n775	686	1	0	83	184.1302083333338
n774	684	1	0	84	183.01354166666707
n792	689	1	0	59	184.76458333333392
n777	691	1	0	64	185.08125000000064
n783	698	1	0	64	186.7760416666673
n778	690	1	0	67	185.41562500000063
n782	697	1	0	67	186.5093750000006
n780	693	1	0	70	185.93854166666728
n779	692	1	0	71	185.65625000000063
n781	695	1	0	71	186.19479166666727
n794	696	1	0	79	186.4750000000006
n793	694	1	0	81	185.36875000000063
n795	699	1	0	59	187.08437500000068
n785	700	1	0	64	187.4041666666674
n791	708	1	0	64	189.1270833333342
n786	701	1	0	67	187.7166666666674
n788	703	1	0	67	188.27500000000077
n790	707	1	0	67	188.84270833333414
n787	702	1	0	73	188.0041666666674
n789	706	1	0	73	188.56041666666746
n797	705	1	0	76	188.81458333333416
n796	704	1	0	78	187.69583333333406
n814	709	1	0	47	189.4927083333342
n816	716	1	0	59	191.28541666666786
n815	714	1	0	60	190.1322916666677
n799	710	1	0	63	189.806250000001
n805	718	1	0	63	191.5906250000012
n800	711	1	0	66	190.1697916666677
n804	717	1	0	66	191.3187500000012
n802	deletion
n801	712	1	0	69	190.44895833333445
n803	715	1	0	69	190.9958333333345
n817	719	1	0	47	191.89062500000125
n807	723	1	0	59	192.19687500000128
n813	728	1	0	59	193.94062500000132
n808	721	1	0	66	192.55416666666795
n812	727	1	0	66	193.76041666666796
n810	722	1	0	68	193.11458333333465
n809	720	1	0	69	192.8187500000013
n811	726	1	0	69	193.36770833333463
n819	725	1	0	75	193.63854166666795
n818	724	1	0	76	192.52916666666795
n836	729	1	0	47	194.26145833333467
n821	732	1	0	59	194.53229166666804
n827	738	1	0	59	196.25833333333472
n822	730	1	0	64	194.88645833333473
n826	737	1	0	64	196.01875000000138
n824	733	1	0	66	195.4208333333347
n823	731	1	0	67	195.1552083333347
n825	735	1	0	67	195.69375000000136
n838	736	1	0	76	195.98229166666803
n837	734	1	0	78	194.85208333333472
n839	739	1	0	47	196.57083333333472
n829	740	1	0	61	196.8687500000014
n835	748	1	0	61	198.67500000000146
n830	741	1	0	64	197.26666666666807
n834	747	1	0	64	198.4010416666681
n832	743	1	0	66	197.81875000000142
n831	742	1	0	67	197.55833333333476
n833	745	1	0	67	198.08229166666808
n841	746	1	0	70	198.36875000000143
n840	744	1	0	79	197.24583333333473
n858	757	1	0	47	199.06250000000145
n860	758	1	0	54	200.8843750000016
n859	755	1	0	59	199.71145833333483
n848	deletion
n843	749	1	0	63	199.3906250000015
n844	752	1	0	66	199.71666666666817
n846	751	1	0	70	200.28333333333495
n845	750	1	0	71	199.99791666666826
n847	753	1	0	71	200.5635416666683
n849	756	1	0	71	201.15312500000158
n863	767	1	0	42	203.23125000000175
n862	768	1	0	47	202.09375000000173
n861	759	1	0	51	201.47708333333495
n851	763	1	0	59	201.77604166666836
n852	deletion
n856	deletion
n854	762	1	0	70	202.65937500000177
n853	760	1	0	71	202.36770833333512
n855	764	1	0	71	202.92187500000176
n857	766	1	0	71	203.52812500000175
n867	772	1	0	71	204.81666666666848
n869	774	1	0	71	205.39895833333514
n881	778	1	0	35	204.4854166666685
n880	769	1	0	39	203.86041666666844
n882	777	1	0	39	205.71145833333517
n865	770	1	0	59	204.1687500000018
n866	771	1	0	63	204.53958333333514
insertion	765	1	0	63	203.23125000000175
n870	775	1	0	63	205.71562500000184
n871	776	1	0	71	206.02708333333524
n868	773	1	0	73	205.09375000000182
n883	779	1	0	42	206.3562500000019
n884	785	1	0	47	207.07708333333528
n885	788	1	0	51	208.58125000000203
n873	780	1	0	59	206.68958333333526
n878	786	1	0	59	208.58125000000203
n874	782	1	0	63	207.08125000000194
n879	deletion
n875	784	1	0	69	208.11250000000197
n877	787	1	0	69	209.0864583333354
insertion	781	1	0	69	207.38958333333528
n876	783	1	0	71	207.75416666666862
n894	795	1	0	40	210.20000000000212
n895	793	1	0	52	210.20833333333545
n892	792	1	0	59	210.20416666666878
n887	790	1	0	66	211.3875000000022
n886	789	1	0	68	210.17395833333546
n888	791	1	0	68	211.65833333333552
n889	794	1	0	69	212.32708333333557
n896	799	1	0	45	213.19062500000234
n897	798	1	0	51	213.17708333333567
n893	797	1	0	59	213.163541666669
n890	796	1	0	66	213.15104166666902
n909	805	1	0	44	216.10625000000255
n910	806	1	0	52	216.09375000000256
n906	804	1	0	59	216.10208333333588
n900	801	1	0	63	217.19270833333593
n899	800	1	0	64	216.07916666666924
n901	802	1	0	64	217.48020833333598
n915	814	1	0	64	222.2791666666698
n919	deletion
n902	803	1	0	66	218.12916666666933
n911	810	1	0	42	218.99895833333608
n912	811	1	0	51	219.02604166666944
n907	807	1	0	57	219.02500000000276
n908	808	1	0	59	219.00625000000275
n905	812	1	0	59	221.47291666666968
n903	809	1	0	63	218.99062500000275
n932	823	1	0	45	224.1927083333367
n930	818	1	0	51	222.9270833333366
n931	821	1	0	52	223.53125000000333
n929	817	1	0	56	222.29583333333647
n933	824	1	0	57	224.1927083333367
n914	813	1	0	59	222.30000000000314
n916	815	1	0	59	222.93229166666995
n918	819	1	0	59	223.55208333333667
n921	826	1	0	61	224.18229166667004
n917	816	1	0	66	222.9270833333366
n922	822	1	0	66	224.2114583333367
n925	829	1	0	66	224.95833333333675
n920	820	1	0	68	223.53854166667
n923	825	1	0	69	224.16562500000336
n937	833	1	0	45	227.07291666667015
n934	830	1	0	47	224.99375000000342
n938	831	1	0	54	227.08229166667016
n935	827	1	0	59	224.98958333333675
n924	828	1	0	63	225.02291666667008
n927	834	1	0	63	227.08854166667015
n928	832	1	0	71	227.06562500000348
n955	844	1	0	40	229.04166666667027
n953	840	1	0	42	228.44062500000356
n957	848	1	0	45	229.70833333333692
n960	855	1	0	47	230.45937500000366
n951	deletion
n954	839	1	0	51	228.4427083333369
n956	845	1	0	52	229.03020833333693
n959	852	1	0	54	229.99062500000363
n952	835	1	0	56	227.8291666666702
n958	851	1	0	57	229.70312500000358
n941	841	1	0	59	228.44791666667024
n943	843	1	0	59	229.04583333333693
n945	849	1	0	61	229.70312500000358
n939	838	1	0	64	227.84791666667022
n944	846	1	0	68	229.03020833333693
n942	842	1	0	69	228.4302083333369
n947	850	1	0	69	229.97187500000362
n940	836	1	0	71	227.81562500000354
n946	847	1	0	73	229.68541666667025
n961	856	1	0	51	230.47187500000365
n948	853	1	0	59	230.45937500000366
n949	854	1	0	66	230.43854166667032
n971	861	1	0	42	233.46770833333716
n972	863	1	0	54	233.4729166666705
n969	860	1	0	61	233.49583333333717
n964	858	1	0	68	234.55937500000397
n963	857	1	0	69	233.46770833333716
n965	859	1	0	69	234.8510416666707
n966	862	1	0	71	235.45625000000405
n973	867	1	0	47	236.2500000000042
n974	866	1	0	53	236.2343750000042
n970	865	1	0	61	236.2343750000042
n967	864	1	0	68	236.2031250000042
n987	872	1	0	45	239.1250000000044
n988	874	1	0	49	239.14270833333774
n989	871	1	0	57	239.1250000000044
n984	875	1	0	61	239.11354166667107
n977	869	1	0	65	240.13958333333778
n976	868	1	0	66	239.07708333333773
n978	870	1	0	66	240.4500000000045
n979	873	1	0	68	241.0802083333379
n990	879	1	0	44	241.908333333338
n991	881	1	0	49	241.90416666667133
n994	885	1	0	54	244.27187500000483
n992	880	1	0	56	241.8916666666713
n985	876	1	0	59	241.898958333338
n986	877	1	0	61	241.92187500000466
n995	882	1	0	61	244.27187500000483
n982	884	1	0	64	244.28020833333815
n980	878	1	0	65	241.89375000000464
n983	883	1	0	70	244.25625000000483
n1012	889	1	0	47	245.5312500000049
n1015	893	1	0	52	246.8114583333384
n1013	887	1	0	59	245.55937500000488
n1016	890	1	0	59	246.81979166667173
n1001	892	1	0	62	246.80416666667173
n998	888	1	0	63	245.56354166667154
n1002	891	1	0	68	246.7833333333384
n999	886	1	0	71	245.52708333333823
n1019	897	1	0	45	248.08437500000514
n1022	899	1	0	45	249.50416666667198
n1020	895	1	0	57	248.07708333333846
n1023	898	1	0	57	249.54583333333866
n1005	896	1	0	61	248.07187500000512
n1008	901	1	0	61	249.50937500000532
n1009	900	1	0	66	249.4906250000053
n1006	894	1	0	69	248.05208333333846
n1035	908	1	0	47	250.3437500000054
n1031	903	1	0	56	250.35104166667207
n1032	905	1	0	57	251.71666666667218
n1024	902	1	0	59	250.33020833333873
n1026	907	1	0	63	251.74791666667218
n1025	904	1	0	64	250.32291666667206
n1027	906	1	0	66	251.70520833333885
n1036	910	1	0	40	253.18958333333893
n1037	909	1	0	52	253.17604166667226
n1039	914	1	0	52	255.85416666667246
n1040	915	1	0	58	255.83958333333914
n1033	911	1	0	59	253.18958333333893
n1028	913	1	0	64	253.19583333333892
n1029	912	1	0	68	253.1718750000056
n1056	922	1	0	50	258.4447916666724
n1053	918	1	0	51	257.13229166667253
n1057	923	1	0	56	258.44270833333906
n1054	917	1	0	59	257.1291666666725
n1041	916	1	0	66	256.49687500000584
n1043	920	1	0	71	257.78229166667245
n1042	921	1	0	78	256.48750000000587
n1044	919	1	0	83	257.7729166666725
n1060	927	1	0	49	259.723958333339
n1061	926	1	0	57	259.733333333339
n1046	924	1	0	64	259.08333333333906
n1048	929	1	0	69	260.63333333333895
n1047	925	1	0	76	259.0718750000057
n1049	928	1	0	81	260.6010416666723
n1068	934	1	0	66	264.7677083333391
n1066	932	1	0	68	264.03020833333903
n1067	933	1	0	69	264.34895833333906
n1064	930	1	0	72	263.21562500000573
n1065	931	1	0	73	263.70833333333906
n1074	939	1	0	35	265.03645833333906
n1075	940	1	0	47	265.0500000000057
n1071	937	1	0	54	265.0500000000057
n1072	936	1	0	57	265.06666666667235
n1069	935	1	0	61	265.0270833333391
n1070	938	1	0	63	266.4291666666723
n1094	947	1	0	35	269.4947916666721
n1092	945	1	0	36	268.4281250000055
n1096	951	1	0	36	269.76666666667205
n1098	958	1	0	38	270.39479166667195
n1095	948	1	0	47	269.47812500000543
n1093	942	1	0	48	268.4239583333388
n1097	952	1	0	48	269.7552083333387
n1084	946	1	0	50	269.46875000000546
n1099	957	1	0	50	270.3864583333386
n1090	964	1	0	50	271.1187500000053
n1082	943	1	0	52	268.4239583333388
n1086	954	1	0	52	269.75104166667205
n1088	960	1	0	53	270.38229166667196
n1083	944	1	0	55	268.4239583333388
n1085	949	1	0	55	269.5000000000054
n1087	956	1	0	55	269.7552083333387
n1089	961	1	0	55	270.3864583333386
n1091	965	1	0	55	271.122916666672
n1077	950	1	0	62	269.47395833333877
n1076	941	1	0	64	268.4239583333388
n1078	955	1	0	64	269.7552083333387
n1079	959	1	0	65	270.37708333333865
n1100	962	1	0	35	271.135416666672
n1101	963	1	0	47	271.1187500000053
n1080	966	1	0	62	271.122916666672
n1121	972	1	0	36	274.9781250000054
n1119	970	1	0	38	273.9552083333387
n1123	976	1	0	38	275.25625000000537
n1125	982	1	0	40	275.89895833333867
n1122	973	1	0	48	274.96979166667205
n1120	969	1	0	50	273.9458333333387
n1124	977	1	0	50	275.23750000000535
n1126	981	1	0	52	275.8802083333387
n1109	971	1	0	55	273.9500000000054
n1111	974	1	0	55	274.9583333333387
n1113	979	1	0	55	275.2281250000054
n1115	984	1	0	55	275.8802083333387
n1110	967	1	0	59	273.95937500000537
n1114	978	1	0	59	275.254166666672
n1116	985	1	0	60	275.89895833333867
n1118	989	1	0	60	276.7437500000054
n1131	991	1	0	60	280.27500000000555
n1136	998	1	0	60	281.7000000000056
n1139	1000	1	0	60	282.5854166666724
n1112	deletion
n1104	975	1	0	64	274.95416666667205
n1103	968	1	0	65	273.9500000000054
n1105	980	1	0	65	275.2333333333387
n1106	983	1	0	67	275.87604166667205
n1127	990	1	0	36	276.68958333333876
n1128	987	1	0	48	276.6822916666721
n1117	986	1	0	55	276.6822916666721
n1107	988	1	0	64	276.67604166667206
n1146	992	1	0	36	279.94895833333885
n1147	997	1	0	48	279.9218750000055
n1132	994	1	0	64	280.58020833333893
n1133	993	1	0	67	280.8552083333389
n1135	996	1	0	67	281.4000000000056
n1137	999	1	0	67	281.96875000000557
n1134	995	1	0	69	281.1500000000056
n1148	1006	1	0	40	282.28437500000564
n1149	1003	1	0	52	282.26875000000564
n1144	1007	1	0	60	283.96250000000583
n1140	1002	1	0	64	282.85833333333915
n1141	1001	1	0	67	283.1208333333392
n1143	1005	1	0	67	283.67187500000585
n1145	1008	1	0	67	284.23437500000585
n1142	1004	1	0	69	283.41562500000583
n1166	1010	1	0	38	284.5489583333392
n1167	1017	1	0	50	284.5375000000059
n1151	1009	1	0	59	284.83750000000606
n1156	1015	1	0	59	286.1937500000061
n1152	1012	1	0	65	285.1166666666728
n1153	1011	1	0	68	285.36250000000615
n1155	1014	1	0	68	285.9031250000061
n1157	1016	1	0	68	286.4854166666728
n1154	1013	1	0	69	285.6437500000061
n1168	1022	1	0	44	286.8062500000061
n1169	1024	1	0	56	286.80208333333945
n1159	1018	1	0	62	287.10625000000607
n1164	1025	1	0	62	288.4666666666727
n1160	1020	1	0	65	287.3843750000061
n1161	1019	1	0	71	287.6562500000061
n1163	1023	1	0	71	288.1833333333394
n1165	1026	1	0	71	288.7510416666727
n1162	1021	1	0	72	287.92916666667276
n1186	1030	1	0	45	289.10000000000593
n1187	1032	1	0	57	289.0864583333393
n1171	1027	1	0	60	289.39166666667256
n1172	1028	1	0	64	289.6645833333393
n1176	1034	1	0	64	290.7343750000059
n1174	1031	1	0	71	290.2072916666726
n1173	1029	1	0	72	289.92812500000593
n1175	1033	1	0	72	290.4760416666726
n1177	1035	1	0	72	291.00729166667253
n1188	1040	1	0	46	291.3677083333393
n1189	1042	1	0	58	291.3604166666726
n1179	1036	1	0	64	291.68020833333924
n1185	1044	1	0	64	293.30937500000584
n1180	1037	1	0	67	291.96145833333924
n1184	1043	1	0	67	293.0510416666726
n1182	1039	1	0	75	292.4968750000059
n1181	1038	1	0	76	292.2281250000059
n1183	1041	1	0	76	292.76562500000585
n1206	1050	1	0	47	293.67500000000587
n1207	1046	1	0	59	293.6708333333392
n1191	1045	1	0	64	293.9854166666725
n1197	1053	1	0	64	295.64375000000587
n1192	1047	1	0	68	294.2437500000059
n1196	1052	1	0	68	295.3489583333392
n1194	1049	1	0	70	294.80520833333924
n1193	1048	1	0	71	294.5229166666726
n1195	1051	1	0	71	295.0729166666726
n1208	1056	1	0	35	295.98229166667244
n1209	1060	1	0	47	295.9781250000058
n1199	1058	1	0	57	296.2739583333391
n1205	1062	1	0	57	297.96979166667245
n1200	1054	1	0	63	296.5791666666724
n1204	1061	1	0	63	297.70520833333904
n1202	1057	1	0	65	297.14895833333907
n1201	1055	1	0	66	296.8510416666725
n1203	1059	1	0	66	297.41041666667235
n1226	1063	1	0	40	298.3697916666725
n1211	1064	1	0	56	298.7270833333392
n1216	1071	1	0	56	300.26145833333925
n1212	1066	1	0	59	299.1052083333392
n1213	1065	1	0	64	299.3937500000059
n1215	1068	1	0	64	299.93333333333925
n1217	1072	1	0	64	300.518750000006
n1214	1070	1	0	66	299.6791666666726
n1227	1067	1	0	75	299.07812500000585
n1228	1069	1	0	76	300.22812500000595
n1229	1073	1	0	50	300.84791666667263
n1219	1074	1	0	56	301.16354166667264
n1224	1080	1	0	56	302.6437500000059
n1220	1076	1	0	59	301.51562500000597
n1221	1075	1	0	64	301.7822916666726
n1223	1077	1	0	64	302.3239583333393
n1225	1081	1	0	64	302.90937500000604
n1222	1082	1	0	66	302.05104166667263
n1231	1079	1	0	76	302.63958333333926
n1230	1078	1	0	78	301.4895833333393
n1248	1083	1	0	49	303.265625000006
n1233	1084	1	0	57	303.546875000006
n1238	1090	1	0	57	305.006250000006
n1234	1085	1	0	61	303.91250000000605
n1235	1086	1	0	64	304.1822916666727
n1237	1087	1	0	64	304.71562500000607
n1239	1092	1	0	64	305.3010416666726
n1236	1091	1	0	66	304.4552083333394
n1249	1088	1	0	84	303.8885416666727
n1250	1089	1	0	85	305.0020833333393
n1251	1093	1	0	49	305.60833333333926
n1241	1094	1	0	58	305.906250000006
n1246	1101	1	0	58	307.40729166667273
n1242	1096	1	0	61	306.2416666666727
n1243	1095	1	0	64	306.5364583333394
n1245	1097	1	0	64	307.0843750000061
n1247	1102	1	0	64	307.6843750000061
n1244	1098	1	0	66	306.8281250000061
n1252	1099	1	0	87	306.2364583333394
n1253	1100	1	0	88	307.38750000000607
n1268	1103	1	0	47	308.0760416666728
n1259	1110	1	0	56	309.84791666667263
n1255	1104	1	0	59	308.3802083333394
n1256	1105	1	0	64	308.97708333333935
n1258	1108	1	0	64	309.53437500000604
n1260	1111	1	0	64	310.1020833333393
n1257	1106	1	0	68	309.2645833333393
n1269	1107	1	0	70	308.6885416666727
n1270	1109	1	0	71	309.8197916666727
n1271	1112	1	0	47	310.4187500000059
n1262	1113	1	0	57	310.74895833333926
n1266	1119	1	0	57	312.2229166666725
n1273	1118	1	0	59	312.2020833333392
n1272	1115	1	0	60	311.0625000000059
n1263	1114	1	0	63	311.36145833333927
n1265	1116	1	0	63	311.93750000000585
n1267	1120	1	0	63	312.55416666667253
n1264	1117	1	0	66	311.64166666667256
n1290	1121	1	0	52	312.9510416666726
n1275	1122	1	0	56	313.2864583333393
n1280	1129	1	0	56	314.7645833333393
n1276	1124	1	0	59	313.612500000006
n1277	1123	1	0	64	313.90625000000597
n1279	1126	1	0	64	314.45729166667263
n1281	1130	1	0	64	315.0104166666726
n1278	1128	1	0	66	314.19375000000593
n1291	1125	1	0	70	313.6177083333393
n1292	1127	1	0	71	314.7395833333393
n1293	1131	1	0	50	315.32083333333924
n1283	1132	1	0	56	315.66979166667255
n1288	1140	1	0	56	317.1291666666726
n1284	1134	1	0	59	315.9906250000059
n1285	1133	1	0	64	316.26354166667255
n1287	1135	1	0	64	316.81041666667255
n1289	1139	1	0	64	317.38437500000583
n1286	1138	1	0	66	316.5458333333392
n1295	1137	1	0	76	317.1072916666726
n1294	1136	1	0	78	315.9708333333392
n1312	1141	1	0	49	317.72500000000576
n1297	1143	1	0	57	318.0135416666724
n1302	1149	1	0	57	319.42604166667235
n1298	1144	1	0	61	318.36145833333904
n1299	1142	1	0	64	318.6093750000057
n1301	1145	1	0	64	319.12604166667234
n1303	1150	1	0	64	319.71979166667234
n1300	1147	1	0	66	318.86562500000565
n1313	1146	1	0	72	318.31979166667236
n1314	1148	1	0	73	319.42604166667235
n1315	1151	1	0	49	320.058333333339
n1305	1153	1	0	55	320.36875000000566
n1310	1159	1	0	55	321.927083333339
n1306	1154	1	0	58	320.748958333339
n1307	1152	1	0	64	321.048958333339
n1309	1155	1	0	64	321.59687500000564
n1311	1160	1	0	64	322.1989583333389
n1308	1157	1	0	66	321.32187500000566
n1317	1158	1	0	76	321.89687500000565
n1316	1156	1	0	78	320.74375000000566
n1332	1161	1	0	47	322.5645833333388
n1319	1163	1	0	56	322.8854166666721
n1323	1169	1	0	56	324.4052083333387
n1320	1162	1	0	64	323.51145833333874
n1322	1166	1	0	64	324.07916666667205
n1324	1168	1	0	64	324.66666666667203
n1321	1164	1	0	66	323.8208333333387
n1333	1165	1	0	70	323.2375000000054
n1334	1167	1	0	71	324.3875000000054
n1335	1170	1	0	47	325.0093750000054
n1326	1171	1	0	57	325.28645833333866
n1330	1177	1	0	57	326.7718750000053
n1337	1175	1	0	59	326.75416666667195
n1336	1173	1	0	60	325.613541666672
n1327	1172	1	0	63	325.88750000000533
n1329	1174	1	0	63	326.466666666672
n1331	1178	1	0	63	327.09479166667194
n1328	1176	1	0	66	326.166666666672
n1353	1179	1	0	47	327.4343750000053
n1339	1180	1	0	56	327.78541666667195
n1344	1188	1	0	56	329.3114583333386
n1340	1182	1	0	59	328.13645833333857
n1341	1181	1	0	64	328.4291666666719
n1343	1183	1	0	64	328.9750000000052
n1345	1187	1	0	64	329.56250000000523
n1342	1186	1	0	66	328.7218750000052
n1354	1184	1	0	75	328.1270833333386
n1355	1185	1	0	76	329.2770833333386
n1356	1189	1	0	47	329.8885416666719
n1347	1191	1	0	57	330.1927083333386
n1351	1196	1	0	57	331.7114583333388
n1358	1195	1	0	59	331.69687500000543
n1357	1192	1	0	60	330.5302083333387
n1348	deletion
n1350	deletion
n1352	deletion
n1349	1194	1	0	66	331.110416666672
n1375	1205	1	0	40	332.3895833333389
n1376	1203	1	0	52	332.37187500000556
n1360	1198	1	0	56	332.74062500000565
n1361	1199	1	0	59	333.02500000000566
n1362	1200	1	0	64	333.320833333339
n1364	1204	1	0	64	333.8843750000058
n1363	1201	1	0	68	333.6072916666724
n1366	1206	1	0	68	334.4729166666726
n1365	1202	1	0	71	334.1822916666725
n1368	1208	1	0	71	335.0197916666725
n1367	1207	1	0	76	334.75208333333916
n1370	1210	1	0	76	335.6822916666726
n1374	1214	1	0	78	337.2406250000058
n1369	1209	1	0	80	335.34375000000585
n1373	1213	1	0	81	336.8916666666725
n1372	1212	1	0	82	336.5656250000058
n1371	1211	1	0	83	336.1229166666725
n1386	1220	1	0	64	337.88333333333924
n1387	1219	1	0	71	337.86250000000587
n1380	1216	1	0	78	339.05416666667253
n1379	1215	1	0	80	337.8645833333392
n1381	1217	1	0	80	339.3166666666725
n1382	1218	1	0	81	339.9843750000058
n1388	1223	1	0	69	340.886458333339
n1389	1224	1	0	71	340.86979166667237
n1383	1221	1	0	75	340.9166666666723
n1384	1222	1	0	78	340.86979166667237
n1402	1231	1	0	68	343.75104166667245
n1403	1232	1	0	71	343.7156250000058
n1394	1228	1	0	75	344.93333333333914
n1391	1225	1	0	76	343.70104166667244
n1393	1227	1	0	76	344.8072916666725
n1395	1229	1	0	76	345.2312500000058
n1392	1226	1	0	78	344.7052083333392
n1397	1233	1	0	78	345.80625000000566
n1396	1230	1	0	80	345.52708333333914
n1404	1236	1	0	66	346.19479166667224
n1405	1235	1	0	69	346.21250000000555
n1401	1238	1	0	71	348.84687500000575
n1399	1237	1	0	75	346.8885416666723
n1398	1234	1	0	76	346.1729166666723
n1438	1250	1	0	57	350.9177083333392
n1434	1243	1	0	63	349.7406250000057
n1436	1247	1	0	64	350.2916666666724
n1435	1242	1	0	66	349.73125000000573
n1439	1253	1	0	66	350.9125000000059
n1433	1240	1	0	68	349.09583333333904
n1437	1246	1	0	68	350.3020833333391
n1420	1241	1	0	71	349.5562500000057
n1422	1245	1	0	71	350.11666666667236
n1424	1249	1	0	71	350.6812500000059
n1425	1252	1	0	73	350.9302083333392
n1419	1239	1	0	76	349.1125000000057
n1421	1244	1	0	78	349.73125000000573
n1423	1248	1	0	80	350.2916666666724
n1426	1251	1	0	81	350.88333333333924
n1443	1261	1	0	57	353.5447916666724
n1440	1256	1	0	59	351.6645833333392
n1441	1257	1	0	63	351.6937500000058
n1444	1260	1	0	66	353.5447916666724
n1427	1255	1	0	71	351.65937500000587
n1430	1258	1	0	75	353.3531250000057
n1432	1264	1	0	76	353.9447916666725
n1428	1254	1	0	78	351.63750000000584
n1431	1259	1	0	83	353.5229166666724
n1468	1271	1	0	52	355.24687500000573
n1466	1268	1	0	54	354.6947916666724
n1464	1265	1	0	56	354.14062500000574
n1470	1275	1	0	57	355.9510416666725
n1467	1269	1	0	63	354.6947916666724
n1469	1272	1	0	64	355.2416666666724
n1472	1279	1	0	66	356.46666666667255
n1465	1262	1	0	68	354.13333333333907
n1471	1277	1	0	69	355.9437500000058
n1454	1266	1	0	71	354.52083333333906
n1456	1270	1	0	71	355.0468750000057
n1458	1274	1	0	73	355.6541666666724
n1457	1273	1	0	80	355.2260416666724
n1455	1267	1	0	81	354.6697916666724
n1460	1278	1	0	81	356.43020833333924
n1453	1263	1	0	83	354.0989583333391
n1459	1276	1	0	85	355.94166666667246
n1473	1282	1	0	59	356.8041666666726
n1474	1283	1	0	63	356.8166666666726
n1461	1281	1	0	71	356.7947916666726
n1462	1280	1	0	78	356.7760416666726
n1489	1292	1	0	54	359.78854166667253
n1490	1291	1	0	61	359.8062500000059
n1491	1289	1	0	66	359.78229166667256
n1485	1287	1	0	69	359.7833333333392
n1486	1290	1	0	73	359.8062500000059
n1477	1285	1	0	80	360.88958333333915
n1476	1284	1	0	81	359.7687500000059
n1478	1286	1	0	81	361.13645833333914
n1479	1288	1	0	83	361.75104166667245
n1492	1298	1	0	56	362.60937500000574
n1493	1297	1	0	61	362.60208333333907
n1494	1294	1	0	64	362.59583333333904
n1482	1301	1	0	67	365.0468750000057
n1487	1296	1	0	68	362.5760416666724
n1488	1293	1	0	73	362.58020833333904
n1483	1303	1	0	73	365.06145833333903
n1484	1302	1	0	79	365.0468750000057
n1480	1295	1	0	80	362.5572916666724
n1506	1300	1	0	45	365.37708333333904
n1507	1304	1	0	49	365.3916666666724
n1508	1299	1	0	57	365.3656250000057
n1509	1307	1	0	44	367.6020833333392
n1510	1305	1	0	48	367.6802083333392
n1511	1310	1	0	51	367.77291666667253
n1512	1309	1	0	56	367.88229166667253
n1514	1316	1	0	66	370.1145833333391
n1499	1306	1	0	68	367.74479166667254
n1500	1308	1	0	72	367.7958333333392
n1515	1313	1	0	73	370.12916666667246
n1501	1311	1	0	75	367.8614583333392
n1504	1315	1	0	76	370.0906250000058
n1502	1312	1	0	80	367.9020833333392
n1505	1314	1	0	82	370.0656250000058
n1532	1320	1	0	59	371.35104166667236
n1535	1324	1	0	64	372.64375000000564
n1533	1318	1	0	71	371.39791666667236
n1536	1321	1	0	71	372.6718750000056
n1521	1323	1	0	74	372.63437500000566
n1518	1319	1	0	75	371.3416666666724
n1522	1322	1	0	80	372.60416666667237
n1519	1317	1	0	83	371.30520833333907
n1539	1328	1	0	57	373.955208333339
n1540	1327	1	0	69	373.989583333339
n1525	1326	1	0	73	373.9531250000056
n1529	1330	1	0	78	375.94270833333917
n1526	1325	1	0	81	373.9260416666723
n1528	1329	1	0	81	375.4291666666725
n1562	1345	1	0	59	376.18958333333916
n1563	1346	1	0	66	376.21250000000583
n1564	1343	1	0	69	376.20833333333917
n1553	deletion
n1542	1331	1	0	73	376.16979166667255
n1552	1333	1	0	73	376.4333333333392
n1554	1335	1	0	73	376.6489583333392
n1559	1341	1	0	73	377.71354166667265
n1550	deletion
n1551	1332	1	0	75	376.3510416666725
n1555	deletion
n1544	1337	1	0	75	377.1958333333393
n1545	1338	1	0	75	377.39270833333927
n1556	1340	1	0	75	377.650000000006
n1558	1342	1	0	75	377.81145833333926
n1560	deletion
n1543	1336	1	0	76	376.7875000000059
n1557	1339	1	0	76	377.546875000006
n1547	1347	1	0	76	378.5625000000059
n1548	1350	1	0	76	378.87187500000596
n1561	deletion
n1546	1344	1	0	78	378.0447916666726
n1569	1352	1	0	34	381.21770833333943
n1570	1353	1	0	46	381.2093750000061
n1565	1349	1	0	61	378.92395833333927
n1566	1351	1	0	64	378.8989583333393
n1567	1348	1	0	68	378.9145833333393
n1587	1360	1	0	32	383.86562500000645
n1584	1357	1	0	35	382.5968750000061
n1588	1361	1	0	44	383.84687500000643
n1585	1356	1	0	47	382.5843750000061
n1573	1359	1	0	63	383.23125000000624
n1571	1355	1	0	64	381.984375000006
n1574	1358	1	0	75	383.2093750000062
n1572	1354	1	0	76	381.9791666666727
n1591	1364	1	0	33	385.22291666667337
n1592	1365	1	0	45	385.20937500000673
n1578	1366	1	0	61	386.1145833333402
n1576	1363	1	0	62	384.5625000000066
n1580	1369	1	0	72	387.06145833334034
n1579	1367	1	0	73	386.0979166666735
n1577	1362	1	0	74	384.53229166667325
n1581	1368	1	0	84	387.031250000007
n1600	1377	1	0	66	389.662500000007
n1596	1373	1	0	68	388.450000000007
n1598	1375	1	0	69	389.056250000007
n1594	1371	1	0	73	387.834375000007
n1601	1376	1	0	78	389.63020833334036
n1597	1372	1	0	80	388.43333333334033
n1599	1374	1	0	81	389.03750000000707
n1595	1370	1	0	85	387.79687500000705
n1611	1388	1	0	47	390.3114583333403
n1612	1387	1	0	54	390.3322916666736
n1613	1384	1	0	57	390.32083333334026
n1606	1382	1	0	61	391.65833333334024
n1604	1381	1	0	63	391.0520833333403
n1608	1385	1	0	63	392.2812500000069
n1602	1379	1	0	64	390.31562500000695
n1607	1383	1	0	73	391.62187500000687
n1605	1380	1	0	75	391.018750000007
n1609	1386	1	0	75	392.2437500000069
n1603	1378	1	0	76	390.3020833333403
n1623	1393	1	0	52	392.9916666666735
n1624	1392	1	0	56	392.9822916666735
n1614	1390	1	0	64	392.9770833333402
n1616	1391	1	0	71	393.73333333334017
n1617	1394	1	0	71	394.32291666667356
n1618	1395	1	0	71	394.93333333334033
n1615	1389	1	0	76	392.9552083333402
n1628	1401	1	0	42	396.5708333333404
n1626	1399	1	0	44	395.67812500000707
n1630	1404	1	0	44	396.88750000000704
n1632	1407	1	0	45	397.51979166667365
n1629	1400	1	0	51	396.5739583333404
n1627	1397	1	0	52	395.6322916666738
n1631	1403	1	0	52	396.8604166666737
n1633	1405	1	0	54	397.500000000007
n1619	1396	1	0	71	395.66041666667377
n1620	1398	1	0	71	396.3083333333404
n1621	1402	1	0	71	396.881250000007
n1622	1406	1	0	71	397.515625000007
n1642	1411	1	0	42	398.19687500000714
n1643	1410	1	0	51	398.16354166667384
n1634	1408	1	0	71	398.1833333333405
n1635	1409	1	0	71	398.75937500000714
n1636	1412	1	0	71	399.3343750000073
n1637	1413	1	0	71	399.9375000000072
n1647	1418	1	0	51	401.5520833333406
n1645	1416	1	0	52	400.68541666667386
n1649	1420	1	0	52	401.8500000000073
n1648	1419	1	0	54	401.5572916666739
n1651	1423	1	0	54	402.4739583333407
n1646	1415	1	0	56	400.6666666666739
n1650	1421	1	0	56	401.83854166667396
n1652	1425	1	0	57	402.4489583333407
n1638	1414	1	0	71	400.6812500000072
n1639	1417	1	0	71	401.29583333334057
n1640	1422	1	0	71	401.84583333334064
n1641	1424	1	0	71	402.45416666667404
n1671	1427	1	0	51	403.14791666667395
n1672	1428	1	0	54	403.11770833334066
n1653	1426	1	0	71	403.12708333334064
n1654	1430	1	0	71	403.95625000000734
n1656	1432	1	0	71	404.5677083333408
n1658	1433	1	0	71	405.21354166667413
n1655	1429	1	0	83	403.92708333334065
n1657	1431	1	0	83	404.5677083333408
n1659	1434	1	0	83	405.1916666666741
n1674	1444	1	0	56	406.01875000000746
n1675	1443	1	0	64	406.01875000000746
n1669	1438	1	0	82	406.4125000000074
n1660	1435	1	0	83	406.0020833333408
n1668	1437	1	0	83	406.3291666666741
n1670	1439	1	0	83	406.50104166667404
n1666	deletion
n1665	1445	1	0	84	409.0208333333407
n1667	1436	1	0	85	406.2406250000074
n1664	1442	1	0	85	408.71666666667403
n1663	1441	1	0	87	408.3708333333407
n1661	1440	1	0	88	406.838541666674
n1687	1448	1	0	57	409.5500000000074
n1688	1447	1	0	64	409.53645833334076
n1677	1449	1	0	85	410.61562500000747
n1676	1446	1	0	87	409.5291666666741
n1685	deletion
n1679	1450	1	0	85	414.28020833334085
n1682	1452	1	0	85	414.5520833333409
insertion	1454	1	0	85	414.71770833334085
n1684	1456	1	0	85	414.8927083333408
n1686	1458	1	0	85	415.0552083333408
n1683	1453	1	0	87	414.6468750000075
insertion	1457	1	0	87	414.9729166666741
n1680	1459	1	0	87	415.1083333333408
n1681	1460	1	0	88	415.9927083333408
n1690	1461	1	0	47	417.4302083333406
n1699	1468	1	0	35	420.89479166667377
n1700	1469	1	0	45	420.89479166667377
n1692	1462	1	0	49	421.40729166667387
n1693	1463	1	0	51	421.75625000000724
n1698	1470	1	0	51	423.3375000000073
n1701	1471	1	0	51	424.15937500000734
n1694	1464	1	0	52	422.0510416666739
n1695	1465	1	0	54	422.3510416666739
n1696	1466	1	0	56	422.6531250000073
n1697	1467	1	0	57	422.9656250000073
n1705	1475	1	0	40	424.2062500000074
n1706	1473	1	0	45	424.1708333333407
n1702	1472	1	0	54	424.1333333333407
n1707	deletion
n1708	1476	1	0	44	428.50833333334083
n1703	1474	1	0	52	428.45416666667415
insertion	48	1	0	44	17.421875000000053
insertion	72	1	0	61	24.083333333333407
insertion	220	1	0	67	73.52499999999978
insertion	446	1	0	55	128.46874999999693
insertion	442	1	0	30	127.27708333333028
insertion	447	1	0	28	127.19687499999695
insertion	454	1	0	55	130.53437499999694
insertion	457	1	0	55	130.8458333333303
insertion	460	1	0	66	131.16354166666363
insertion	509	1	0	65	143.21354166666424
insertion	518	1	0	57	145.23437499999773
insertion	528	1	0	56	147.5906249999979
insertion	536	1	0	56	149.6291666666647
insertion	537	1	0	56	149.93541666666474
insertion	688	1	0	63	184.4416666666672
insertion	683	1	0	67	183.58541666666707
insertion	713	1	0	67	190.72812500000117
insertion	754	1	0	63	200.86979166666828
insertion	761	1	0	63	202.09895833333508
insertion	837	1	0	44	227.8197916666702
insertion	953	1	0	39	269.8583333333387
insertion	1190	1	0	63	330.81562500000535
insertion	1193	1	0	63	331.3989583333387
insertion	1197	1	0	63	332.02395833333884
insertion	1334	1	0	71	376.5531250000059
insertion	1451	1	0	87	414.4281250000075
insertion	1455	1	0	87	414.8218750000075
