xml_id	midi_id	track	channel	pitch	onset
n11	3	1	0	62	2.9046445312499998
n13	5	1	0	62	3.1089712499999997
n12	4	1	0	63	3.00881109375
n10	2	1	0	65	2.8084907812499997
n9	1	1	0	67	2.6789503125
n8	0	1	0	68	2.5427325
n1	24	1	0	71	2.00720953125
n2	26	1	0	74	2.00988046875
n3	27	1	0	77	2.013886875
n4	25	1	0	79	2.0178932812499997
n5	23	1	0	83	2.00720953125
n15	7	1	0	55	3.2799112499999996
n17	9	1	0	55	3.4428384374999994
n16	8	1	0	56	3.3533620312499997
n14	6	1	0	59	3.19577671875
n19	11	1	0	50	3.6084365624999992
n21	13	1	0	50	3.779376562499999
n20	12	1	0	51	3.673874531249999
n18	10	1	0	53	3.5243020312499995
n31	15	1	0	43	3.9449746874999985
n33	17	1	0	43	4.11190828125
n32	16	1	0	44	4.027773749999999
n30	14	1	0	47	3.862175624999999
n35	19	1	0	38	4.282848281250001
n37	21	1	0	38	4.444440000000001
n36	20	1	0	39	4.360305468750001
n34	18	1	0	41	4.194707343750001
n39	28	1	0	31	4.648766718750002
n41	30	1	0	31	4.887815625000003
n38	22	1	0	36	4.541929218750001
n40	29	1	0	36	4.754268750000002
n43	35	1	0	31	5.136212812500003
n45	42	1	0	31	5.387280937500001
n42	31	1	0	36	4.9973240625000015
n44	38	1	0	36	5.256405000000002
n28	39	1	0	67	5.375261718750001
n24	33	1	0	68	4.979962968750002
n25	36	1	0	75	4.982633906250002
n26	34	1	0	77	4.985304843750002
n29	40	1	0	79	5.3779326562500005
n27	32	1	0	80	4.982633906250002
n51	43	1	0	35	5.61831703125
n53	45	1	0	67	6.177878437500003
n52	44	1	0	68	6.068370000000002
n46	68	1	0	74	5.624994374999999
n47	69	1	0	77	5.626329843749999
n48	70	1	0	79	5.633007187499999
n49	67	1	0	86	5.62098796875
n55	47	1	0	62	6.3728568750000045
n57	49	1	0	62	6.5478032812500055
n56	48	1	0	63	6.454320468750004
n54	46	1	0	65	6.280709531250004
n59	51	1	0	55	6.714736875000008
n61	53	1	0	55	6.870986718750008
n60	52	1	0	56	6.792194062500007
n58	50	1	0	59	6.627931406250007
n63	55	1	0	50	7.04192671875001
n65	57	1	0	50	7.19417015625001
n64	56	1	0	51	7.11671296875001
n62	54	1	0	53	6.9658050000000085
n75	60	1	0	43	7.363774687500009
n77	62	1	0	43	7.52803734375001
n76	61	1	0	44	7.45058015625001
n74	59	1	0	47	7.28631750000001
n79	64	1	0	38	7.710996562500011
n81	66	1	0	38	7.880601093750011
n80	65	1	0	39	7.80447937500001
n78	63	1	0	41	7.61617828125001
n83	72	1	0	31	8.07825046875001
n85	74	1	0	31	8.30260921875001
n82	71	1	0	36	7.9727484375000115
n84	73	1	0	36	8.18241703125001
n87	78	1	0	31	8.559019218750013
n89	85	1	0	31	8.81676468750001
n86	75	1	0	36	8.41478859375001
n88	82	1	0	36	8.673869531250013
n72	84	1	0	67	8.924937656250009
insertion	81	1	0	67	8.81008734375001
n68	77	1	0	68	8.404104843750012
n69	80	1	0	75	8.410782187500011
n70	79	1	0	77	8.41478859375001
n73	83	1	0	79	8.80474546875001
n71	76	1	0	80	8.406775781250012
n108	86	1	0	35	9.069168281250011
n90	87	1	0	77	9.069168281250011
n91	88	1	0	79	9.069168281250011
n110	93	1	0	79	9.700845000000012
n109	91	1	0	80	9.569969062500011
n92	90	1	0	86	9.067832812500011
n93	89	1	0	89	9.05982000000001
n95	94	1	0	91	9.688825781250012
n94	92	1	0	92	9.55527890625001
n112	97	1	0	74	9.919861875000015
n114	100	1	0	74	10.077447187500017
n113	99	1	0	75	9.999990000000016
n111	95	1	0	77	9.819701718750014
n97	98	1	0	86	9.913184531250014
n99	102	1	0	86	10.080118125000016
n98	101	1	0	87	9.993312656250016
n96	96	1	0	89	9.821037187500014
n116	105	1	0	67	10.247051718750019
n118	108	1	0	67	10.39795968750002
n117	107	1	0	68	10.32450890625002
n115	103	1	0	71	10.165588125000017
n101	106	1	0	79	10.245716250000019
n103	110	1	0	79	10.40597250000002
n102	109	1	0	80	10.32985078125002
n100	104	1	0	83	10.166923593750017
n120	113	1	0	62	10.572906093750015
n122	116	1	0	62	10.721143125000015
n121	115	1	0	63	10.643685937500015
n119	111	1	0	65	10.490107031250018
n105	114	1	0	74	10.568899687500016
n107	118	1	0	74	10.730491406250016
n106	117	1	0	75	10.647692343750014
n104	112	1	0	77	10.487436093750018
n140	121	1	0	55	10.902766875000014
n142	124	1	0	55	11.044326562500014
n141	123	1	0	56	10.981559531250015
n139	119	1	0	59	10.819967812500014
n124	122	1	0	67	10.902766875000014
n126	126	1	0	67	11.063023125000013
n125	125	1	0	68	10.985565937500015
n123	120	1	0	71	10.815961406250015
n144	129	1	0	50	11.220608437500012
n146	132	1	0	50	11.376858281250009
n145	131	1	0	51	11.291388281250011
n143	127	1	0	53	11.140480312500014
n128	130	1	0	62	11.22728578125001
n130	134	1	0	62	11.388877500000008
n129	133	1	0	63	11.304742968750011
n127	128	1	0	65	11.152499531250013
n148	137	1	0	43	11.543791875000007
n150	140	1	0	43	11.701377187500006
n149	139	1	0	44	11.630597343750006
n147	135	1	0	47	11.458321875000008
n132	138	1	0	55	11.559817500000007
n134	142	1	0	55	11.726751093750005
n133	141	1	0	56	11.645287500000006
n131	136	1	0	59	11.469005625000008
n152	145	1	0	38	11.903032968750006
n154	149	1	0	38	12.114037031250003
n153	147	1	0	39	12.008535000000004
n151	143	1	0	41	11.808214687500005
n136	146	1	0	50	11.913716718750004
n138	150	1	0	50	12.106024218750004
n137	148	1	0	51	12.009870468750004
n135	144	1	0	53	11.825575781250006
n172	154	1	0	35	12.331718437500003
n171	152	1	0	36	12.216868125000003
n174	157	1	0	41	12.498652031250003
n173	155	1	0	43	12.402498281250004
n156	153	1	0	47	12.335724843750002
n155	151	1	0	48	12.216868125000003
n158	158	1	0	53	12.508000312500004
n157	156	1	0	55	12.417188437500005
n176	161	1	0	38	12.684282187500003
n178	165	1	0	38	12.825841875000004
n175	159	1	0	39	12.580115625000005
n177	163	1	0	39	12.731023593750004
n160	162	1	0	50	12.666921093750004
n162	166	1	0	50	12.825841875000004
n159	160	1	0	51	12.578780156250005
n161	164	1	0	51	12.728352656250005
n180	169	1	0	35	12.951375937500003
n179	168	1	0	36	12.947369531250004
n182	173	1	0	44	13.163715468750002
n181	171	1	0	46	13.099612968750002
n164	170	1	0	47	12.992775468750002
n163	167	1	0	48	12.901963593750004
n166	174	1	0	56	13.181076562500001
n165	172	1	0	58	13.095606562500002
n184	177	1	0	41	13.327978125000001
n186	181	1	0	41	13.494911718749998
n183	175	1	0	43	13.231824375
n185	179	1	0	43	13.4161190625
n168	178	1	0	53	13.34801015625
n170	182	1	0	53	13.518950156249998
n167	176	1	0	55	13.269217500000002
n169	180	1	0	55	13.4428284375
n204	186	1	0	38	13.67653546875
n203	184	1	0	39	13.593736406249999
n188	185	1	0	50	13.68187734375
n206	189	1	0	50	13.904900625
n187	183	1	0	51	13.593736406249999
n205	187	1	0	51	13.82610796875
n190	190	1	0	62	13.93161
n189	188	1	0	63	13.8327853125
n208	193	1	0	47	14.141278593750004
n210	197	1	0	47	14.301534843750005
n207	192	1	0	48	14.035776562500002
n209	195	1	0	48	14.237432343750005
n192	194	1	0	59	14.133265781250005
n194	198	1	0	59	14.318895937500006
n191	191	1	0	60	14.039782968750002
n193	196	1	0	60	14.238767812500004
n212	201	1	0	43	14.472474843750007
n214	205	1	0	43	14.615370000000006
n213	203	1	0	44	14.577976875000008
n211	deletion
n196	202	1	0	55	14.497848750000006
n198	206	1	0	55	14.675466093750007
n195	200	1	0	56	14.408372343750006
n197	204	1	0	56	14.598008906250007
n216	210	1	0	39	14.826374062500006
n218	213	1	0	39	15.052068281250007
n215	207	1	0	41	14.710188281250007
n217	211	1	0	41	14.943895312500006
n200	209	1	0	51	14.851747968750006
n202	214	1	0	51	15.062752031250007
n199	208	1	0	53	14.742239531250007
n201	212	1	0	53	14.943895312500006
n223	215	1	0	36	15.20431171875001
n224	217	1	0	43	15.452708906250011
n219	216	1	0	48	15.26173687500001
n225	218	1	0	48	15.568894687500013
n226	219	1	0	50	15.645016406250013
n227	220	1	0	51	15.735828281250013
n228	221	1	0	55	15.818627343750013
n229	222	1	0	60	15.908103750000013
n230	223	1	0	62	15.994909218750012
n232	225	1	0	62	16.19255859375001
n234	227	1	0	55	16.376853281250007
n233	226	1	0	60	16.278028593750008
n231	224	1	0	63	16.07637281250001
n238	231	1	0	43	16.73208796875001
n237	230	1	0	48	16.65195984375001
n236	229	1	0	50	16.54378687500001
n235	228	1	0	51	16.448968593750006
n248	232	1	0	36	16.82289984375001
n249	233	1	0	43	16.907034375000013
n250	234	1	0	48	17.003188125000015
n251	235	1	0	50	17.100677343750018
n255	239	1	0	43	17.46526031250002
n257	241	1	0	43	17.63620031250002
n254	238	1	0	48	17.39715140625002
n253	237	1	0	50	17.27963015625002
n252	236	1	0	51	17.20083750000002
n256	240	1	0	36	17.56274953125002
n258	243	1	0	48	17.77642453125002
n259	246	1	0	50	17.897952187500017
n242	242	1	0	72	17.86189453125002
n243	244	1	0	84	17.85788812500002
n263	253	1	0	43	18.38406281250001
n262	250	1	0	48	18.28790906250001
n261	249	1	0	50	18.137001093750012
n260	248	1	0	51	18.020815312500012
n244	245	1	0	74	17.960719218750015
n246	251	1	0	75	18.408101250000005
n245	247	1	0	86	17.956712812500015
n247	252	1	0	87	18.404094843750006
n280	254	1	0	36	18.542983593750005
n281	255	1	0	43	18.660504843750005
n282	258	1	0	48	18.745974843750005
n283	259	1	0	50	18.836786718750005
n264	257	1	0	75	18.512267812500006
n265	256	1	0	87	18.505590468750007
n284	260	1	0	51	18.922256718750006
n285	261	1	0	55	19.003720312500004
n286	262	1	0	60	19.091861250000004
n287	263	1	0	62	19.184008593750008
n291	272	1	0	55	19.557939843750006
n290	267	1	0	60	19.45243781250001
n289	265	1	0	62	19.344264843750008
n288	264	1	0	63	19.254788437500007
n268	269	1	0	67	19.54191421875001
n269	270	1	0	72	19.54191421875001
n270	271	1	0	75	19.553933437500007
n271	268	1	0	79	19.545920625000008
n295	284	1	0	43	19.970599687500002
n294	279	1	0	48	19.887800625000004
n293	278	1	0	50	19.730215312500004
n292	277	1	0	51	19.632726093750005
n276	280	1	0	67	19.935877500000004
n272	deletion
n273	274	1	0	72	19.632726093750005
n277	283	1	0	72	19.955909531250004
n274	276	1	0	75	19.682138437500004
n278	282	1	0	75	19.943890312500002
n275	275	1	0	79	19.648751718750002
n279	281	1	0	79	19.939883906250003
n311	286	1	0	36	20.062747031249998
n312	287	1	0	43	20.141539687499993
n313	288	1	0	48	20.265738281249995
n314	289	1	0	50	20.364562968749997
n296	290	1	0	68	20.076101718749996
n297	298	1	0	72	20.058740625
n298	296	1	0	75	20.0614115625
n299	291	1	0	80	20.0293603125
n318	295	1	0	43	20.737158749999995
n317	294	1	0	48	20.647682343749995
n316	293	1	0	50	20.5368384375
n315	292	1	0	51	20.450032968749998
n319	300	1	0	36	20.848002656249996
n320	301	1	0	43	20.926795312499994
n321	302	1	0	48	21.028290937499992
n322	305	1	0	50	21.140470312499993
n300	297	1	0	67	20.843996249999996
n305	303	1	0	72	21.17385703124999
n303	299	1	0	79	20.839989843749997
n306	304	1	0	84	21.16985062499999
n326	314	1	0	43	21.614561718749997
n325	311	1	0	48	21.525085312499996
n324	310	1	0	50	21.379519218749994
n323	309	1	0	51	21.278023593749992
n307	307	1	0	74	21.276688124999993
n309	312	1	0	75	21.710715468749996
n308	308	1	0	86	21.275352656249993
n310	313	1	0	87	21.709379999999996
n343	315	1	0	36	21.820223906249993
n344	316	1	0	43	21.933738749999993
n345	317	1	0	48	22.017873281249994
n346	320	1	0	50	22.10334328124999
n327	319	1	0	75	21.810875624999994
n328	318	1	0	87	21.810875624999994
n347	321	1	0	51	22.184806874999992
n348	322	1	0	55	22.260928593749995
n349	323	1	0	60	22.355746874999994
n350	324	1	0	62	22.443887812499995
n354	332	1	0	55	22.817819062499993
n353	327	1	0	60	22.709646093749992
n352	326	1	0	62	22.618834218749992
n351	325	1	0	63	22.525351406249992
n331	328	1	0	67	22.820489999999992
n332	329	1	0	72	22.82583187499999
n333	331	1	0	75	22.82850281249999
n334	330	1	0	79	22.823160937499992
n358	344	1	0	43	23.20510499999998
n357	339	1	0	48	23.11829953124998
n356	338	1	0	50	23.000778281249985
n355	335	1	0	51	22.893940781249988
n335	334	1	0	67	22.917979218749988
n339	340	1	0	67	23.19575671874998
n336	337	1	0	72	22.90863093749999
n340	343	1	0	72	23.20376953124998
n360	deletion
n337	336	1	0	75	22.917979218749988
n341	342	1	0	75	23.20376953124998
n338	333	1	0	79	22.923321093749987
n342	341	1	0	79	23.19575671874998
n363	345	1	0	36	23.295916874999975
n364	346	1	0	42	23.398747968749976
n365	347	1	0	48	23.512262812499976
n366	348	1	0	50	23.604410156249976
n359	356	1	0	69	23.287904062499976
n361	358	1	0	75	23.279891249999977
n362	359	1	0	81	23.285233124999976
n370	352	1	0	42	23.958309374999974
n369	351	1	0	48	23.875510312499973
n368	350	1	0	50	23.796717656249974
n367	349	1	0	51	23.693886562499976
n371	353	1	0	36	24.049121249999974
n372	354	1	0	42	24.138597656249978
n373	355	1	0	48	24.229409531249978
n374	357	1	0	50	24.33090515624998
n378	363	1	0	42	24.66610781249998
n377	362	1	0	48	24.58197328124998
n376	361	1	0	50	24.51252890624998
n375	360	1	0	51	24.41904609374998
n397	366	1	0	35	24.784964531249983
n398	368	1	0	47	25.114825312499978
n399	369	1	0	50	25.24703671874998
n400	370	1	0	55	25.35520968749998
n379	367	1	0	74	24.881118281249982
n380	365	1	0	81	24.879782812499982
n381	364	1	0	86	24.879782812499982
n404	374	1	0	47	25.73982468749998
n403	373	1	0	50	25.616961562499977
n402	372	1	0	55	25.564878281249978
n401	371	1	0	62	25.46204718749998
n383	376	1	0	67	25.44201515624998
n384	379	1	0	74	25.44067968749998
n385	375	1	0	79	25.44067968749998
n405	377	1	0	34	25.83597843749998
n406	378	1	0	46	25.969525312499982
n407	383	1	0	49	26.09105296874998
n408	384	1	0	55	26.197890468749975
n388	380	1	0	67	26.14180078124998
n389	381	1	0	73	26.14580718749998
n390	382	1	0	79	26.13779437499998
n412	393	1	0	46	26.567815312499977
n411	390	1	0	49	26.440945781249976
n410	389	1	0	55	26.364824062499974
n409	387	1	0	61	26.290037812499975
n394	392	1	0	67	26.531757656249976
n391	388	1	0	68	26.248638281249974
n392	385	1	0	73	26.248638281249974
n395	394	1	0	73	26.529086718749976
n396	391	1	0	79	26.530422187499976
n393	386	1	0	80	26.251309218749974
n433	398	1	0	33	26.700026718749978
n434	399	1	0	45	26.84292187499998
n435	403	1	0	48	26.972462343749978
n436	404	1	0	53	27.096660937499976
n413	395	1	0	67	26.69735578124998
n414	396	1	0	72	26.69602031249998
n416	400	1	0	72	26.87630859374998
n415	397	1	0	79	26.704033124999977
n417	401	1	0	84	26.87497312499998
n440	408	1	0	45	27.486617812499976
n439	407	1	0	48	27.382451249999978
n438	406	1	0	53	27.296981249999977
n437	405	1	0	60	27.198156562499978
n419	410	1	0	65	27.184801874999977
n420	412	1	0	72	27.183466406249977
n421	409	1	0	77	27.184801874999977
n441	411	1	0	32	27.58277156249998
n442	413	1	0	44	27.698957343749978
n443	415	1	0	48	27.833839687499978
n444	418	1	0	53	27.929993437499974
n424	414	1	0	65	27.913967812499976
n425	416	1	0	72	27.921980624999975
n426	417	1	0	77	27.909961406249977
n448	425	1	0	44	28.372033593749972
n447	424	1	0	48	28.19975812499997
n446	423	1	0	53	28.12363640624997
n445	421	1	0	60	28.028818124999972
n430	427	1	0	65	28.360014374999974
n427	420	1	0	67	28.01279249999997
n428	419	1	0	72	28.007450624999972
n431	428	1	0	72	28.369362656249972
n432	426	1	0	77	28.360014374999974
n429	422	1	0	79	28.01012156249997
n457	429	1	0	31	28.540302656249974
n458	430	1	0	43	28.66850765624997
n460	433	1	0	47	28.882182656249974
n459	432	1	0	48	28.792706249999974
n449	444	1	0	64	28.536296249999975
n450	445	1	0	72	28.538967187499974
n451	446	1	0	76	28.536296249999975
n462	435	1	0	48	29.081167499999975
n461	434	1	0	49	28.981007343749972
n464	437	1	0	49	29.262791249999974
n463	436	1	0	50	29.177321249999974
n466	439	1	0	50	29.424382968749978
n465	438	1	0	51	29.341583906249976
n468	441	1	0	51	29.611348593749977
n467	440	1	0	52	29.52587859374998
n470	443	1	0	52	29.810333437499978
n469	442	1	0	53	29.724863437499977
n472	449	1	0	53	30.05338874999998
n471	447	1	0	54	29.92651921874998
n455	deletion
n456	448	1	0	75	30.02801484374998
n480	451	1	0	54	30.36722390624998
n479	450	1	0	55	30.247031718749977
n482	456	1	0	55	30.567544218749976
n481	454	1	0	56	30.46871953124998
n475	452	1	0	63	30.25905093749998
n473	455	1	0	71	30.27774749999998
n476	453	1	0	75	30.237683437499978
n486	460	1	0	53	30.950823749999977
n485	459	1	0	55	30.856005468749974
n484	458	1	0	56	30.746497031249977
n483	457	1	0	58	30.66770437499998
n477	468	1	0	62	30.671710781249978
n478	472	1	0	74	30.63698859374998
n490	464	1	0	47	31.26065249999998
n489	463	1	0	48	31.204562812499983
n488	462	1	0	50	31.12710562499998
n487	461	1	0	51	31.02961640624998
n494	469	1	0	38	31.613216249999976
n493	467	1	0	41	31.539765468749977
n492	466	1	0	43	31.448953593749977
n491	465	1	0	44	31.351464374999978
n496	470	1	0	36	31.746763124999976
n497	471	1	0	43	31.96444453124998
n498	473	1	0	48	32.08196578124998
n499	474	1	0	50	32.19280968749998
n500	475	1	0	51	32.27427328124998
n501	476	1	0	55	32.35840781249998
n502	477	1	0	60	32.43319406249998
n503	478	1	0	62	32.528012343749964
n505	480	1	0	62	32.68693312499995
n507	482	1	0	55	32.92197562499995
n506	481	1	0	60	32.817809062499954
n504	479	1	0	63	32.61615328124996
n511	486	1	0	43	33.293235937499944
n510	485	1	0	48	33.18773390624994
n509	484	1	0	50	33.104934843749945
n508	483	1	0	51	32.99409093749995
n521	487	1	0	36	33.36935765624993
n522	488	1	0	43	33.45616312499992
n523	489	1	0	48	33.542968593749904
n524	490	1	0	50	33.66048984374989
n528	494	1	0	43	34.067807812499865
n527	493	1	0	48	33.96097031249987
n526	492	1	0	50	33.84077812499988
n525	491	1	0	51	33.749966249999886
n529	495	1	0	36	34.16396156249985
n530	496	1	0	43	34.24275421874984
n531	497	1	0	48	34.33490156249982
n532	498	1	0	50	34.46577749999982
n515	deletion
n516	499	1	0	84	34.513854374999816
n536	505	1	0	43	35.00931328124976
n535	502	1	0	48	34.887785624999765
n534	501	1	0	50	34.73954859374978
n533	500	1	0	51	34.6046662499998
n517	deletion
n519	506	1	0	75	35.14953749999976
n518	503	1	0	86	34.644730312499796
n520	504	1	0	87	35.11882171874976
n553	507	1	0	36	35.231001093749754
n554	508	1	0	43	35.36454796874974
n555	509	1	0	48	35.451353437499726
n556	510	1	0	50	35.53682343749971
n537	515	1	0	75	35.24702671874975
n538	513	1	0	87	35.23233656249975
n557	511	1	0	51	35.62763531249971
n558	512	1	0	55	35.71577624999971
n559	514	1	0	60	35.803917187499714
n560	516	1	0	62	35.91476109374971
n564	524	1	0	55	36.2900278124997
n563	519	1	0	60	36.169835624999706
n562	518	1	0	62	36.04830796874971
n561	517	1	0	63	35.97218624999971
n541	522	1	0	67	36.272666718749704
n542	523	1	0	72	36.2820149999997
n543	521	1	0	75	36.2780085937497
n544	520	1	0	79	36.265989374999705
n568	536	1	0	43	36.72004874999968
n567	531	1	0	48	36.63457874999968
n566	530	1	0	50	36.48767718749968
n565	529	1	0	51	36.35947218749969
n545	527	1	0	67	36.36748499999969
n549	532	1	0	67	36.667965468749685
n546	525	1	0	72	36.38083968749969
n550	534	1	0	72	36.667965468749685
n547	526	1	0	75	36.38217515624969
n551	535	1	0	75	36.669300937499685
n548	528	1	0	79	36.36748499999969
n552	533	1	0	79	36.663959062499686
n584	538	1	0	36	36.82688624999966
n585	539	1	0	43	36.91636265624965
n586	540	1	0	48	37.02052921874964
n587	541	1	0	50	37.11801843749962
n569	537	1	0	68	36.77880937499967
n570	549	1	0	72	36.801512343749664
n571	548	1	0	75	36.801512343749664
n572	543	1	0	80	36.76144828124967
n591	547	1	0	43	37.515988124999616
n590	546	1	0	48	37.42116984374962
n589	545	1	0	50	37.294300312499615
n588	544	1	0	51	37.22352046874962
n592	552	1	0	36	37.606799999999616
n593	553	1	0	43	37.69494093749962
n594	554	1	0	48	37.791094687499616
n595	557	1	0	50	37.90327406249961
n573	550	1	0	67	37.617483749999614
n578	555	1	0	72	37.93265437499961
n576	551	1	0	79	37.609470937499616
n579	556	1	0	84	37.92731249999961
n599	565	1	0	43	38.30792109374959
n598	562	1	0	48	38.21844468749959
n597	561	1	0	50	38.0995879687496
n596	560	1	0	51	38.0127824999996
n580	558	1	0	74	38.0381564062496
n582	564	1	0	75	38.35599796874959
n581	559	1	0	86	38.0328145312496
n583	563	1	0	87	38.35332703124959
n616	566	1	0	36	38.444138906249584
n617	567	1	0	43	38.55498281249957
n618	568	1	0	48	38.631104531249555
n619	569	1	0	50	38.75797406249954
n600	574	1	0	75	38.444138906249584
n601	573	1	0	87	38.436126093749586
n620	571	1	0	51	38.81139281249954
n621	572	1	0	55	38.90754656249953
n622	575	1	0	60	38.99835843749953
n623	576	1	0	62	39.09851859374953
n627	584	1	0	55	39.44574046874953
n626	579	1	0	60	39.34825124999952
n625	578	1	0	62	39.25076203124952
n624	577	1	0	63	39.16796296874953
n604	581	1	0	67	39.46977890624953
n605	580	1	0	72	39.47244984374953
n606	582	1	0	75	39.47512078124953
n607	583	1	0	79	39.46977890624953
n631	596	1	0	43	39.889116093749514
n630	591	1	0	48	39.80498156249951
n629	589	1	0	50	39.660750937499515
n628	585	1	0	51	39.541894218749526
n608	590	1	0	67	39.57394546874952
n612	592	1	0	67	39.929180156249515
n609	586	1	0	72	39.56593265624952
n613	593	1	0	72	39.95455406249952
n610	588	1	0	75	39.56593265624952
n614	595	1	0	75	39.923838281249516
n611	587	1	0	79	39.57260999999952
n615	594	1	0	79	39.927844687499515
n636	598	1	0	36	40.04937234374952
n637	599	1	0	41	40.20829312499951
n638	600	1	0	48	40.33649812499949
n639	601	1	0	50	40.440664687499485
n632	610	1	0	69	40.07875265624952
n633	614	1	0	75	40.08676546874952
n634	615	1	0	77	40.08409453124952
n635	611	1	0	81	40.08275906249952
n643	605	1	0	41	40.79589937499949
n645	607	1	0	41	40.974852187499465
n642	604	1	0	48	40.70508749999949
n641	603	1	0	50	40.610269218749494
n640	602	1	0	51	40.53281203124949
n644	606	1	0	36	40.89071765624948
n646	608	1	0	48	41.10572812499946
n647	609	1	0	50	41.18852718749946
n651	617	1	0	41	41.54376187499946
n650	616	1	0	48	41.45695640624946
n649	613	1	0	50	41.35679624999946
n648	612	1	0	51	41.27666812499946
n664	618	1	0	38	41.67730874999946
n665	619	1	0	46	41.977789218749436
n667	621	1	0	46	42.19814156249941
n666	620	1	0	47	42.06993656249942
n652	623	1	0	70	41.84424234374944
n653	622	1	0	77	41.83890046874944
n654	625	1	0	82	41.81619749999945
n669	626	1	0	46	42.414487499999396
n671	628	1	0	46	42.66288468749939
n670	627	1	0	47	42.515983124999394
n668	624	1	0	58	42.3009726562494
n655	630	1	0	70	42.52666687499939
n656	632	1	0	77	42.53601515624939
n657	631	1	0	82	42.5012929687494
n672	629	1	0	39	42.78841874999938
n673	633	1	0	46	42.90460453124936
n675	635	1	0	46	43.10091843749933
n674	634	1	0	47	42.99808734374935
n658	638	1	0	70	43.03681593749934
n659	637	1	0	79	43.03681593749934
n660	639	1	0	82	43.02880312499934
n677	640	1	0	46	43.28788406249933
n679	642	1	0	46	43.51224281249931
n678	641	1	0	47	43.404069843749326
n676	636	1	0	58	43.19173031249933
n661	643	1	0	71	43.42276640624932
n662	649	1	0	79	43.42276640624932
n663	645	1	0	83	43.417424531249324
n699	644	1	0	40	43.601719218749295
n700	646	1	0	46	43.708556718749286
n702	652	1	0	46	43.896857812499285
n701	647	1	0	48	43.78601390624928
n683	648	1	0	72	43.851451874999285
n684	deletion
n685	651	1	0	82	43.854122812499284
n686	650	1	0	84	43.848780937499285
n704	654	1	0	46	44.09984906249928
n706	656	1	0	46	44.31485953124927
n705	655	1	0	48	44.20802203124928
n703	653	1	0	58	44.00903718749928
n687	659	1	0	73	44.232060468749275
n688	658	1	0	82	44.238737812499274
n689	660	1	0	85	44.222712187499276
n707	657	1	0	41	44.41501968749926
n708	661	1	0	46	44.531205468749256
n710	666	1	0	46	44.75422874999923
n709	662	1	0	58	44.650062187499245
n690	663	1	0	74	44.67677156249924
n691	665	1	0	82	44.67944249999924
n692	664	1	0	86	44.67276515624924
n711	667	1	0	42	44.867743593749225
n712	671	1	0	46	44.98259390624921
n714	676	1	0	46	45.166888593749206
n713	672	1	0	58	45.081418593749206
n693	668	1	0	75	44.88376921874922
n696	674	1	0	76	45.0547092187492
n694	670	1	0	82	44.88911109374922
n697	675	1	0	82	45.0533737499992
n695	669	1	0	87	44.88376921874922
n698	673	1	0	88	45.0560446874992
n728	677	1	0	41	45.2763970312492
n729	678	1	0	46	45.43398234374919
n730	679	1	0	50	45.50476218749918
n731	680	1	0	53	45.60759328124918
n715	686	1	0	77	45.3111192187492
n716	684	1	0	82	45.3097837499992
n717	682	1	0	86	45.3137901562492
n718	681	1	0	89	45.3124546874992
n732	683	1	0	58	45.73713374999918
n733	685	1	0	62	45.85064859374918
n735	688	1	0	65	46.11640687499918
n734	687	1	0	67	45.98953734374918
n739	695	1	0	55	46.51571203124914
n738	693	1	0	58	46.420893749999145
n737	691	1	0	62	46.32473999999916
n736	689	1	0	65	46.26998578124917
n719	690	1	0	74	46.26197296874917
n720	702	1	0	77	46.25796656249917
n726	deletion
n721	694	1	0	82	46.25796656249917
n722	692	1	0	86	46.25396015624917
n743	703	1	0	41	46.972442343749115
n742	699	1	0	48	46.83221812499911
n741	698	1	0	51	46.72938703124912
n740	696	1	0	53	46.65059437499913
n725	700	1	0	75	46.675968281249126
n727	701	1	0	81	46.67463281249913
n724	704	1	0	84	47.00983546874911
n723	697	1	0	86	46.66795546874913
n750	705	1	0	34	47.1086601562491
n753	708	1	0	47	47.49594609374905
n752	707	1	0	48	47.439856406249056
n751	706	1	0	49	47.34770906249907
n744	714	1	0	74	47.1220148437491
n745	715	1	0	77	47.1059892187491
n746	717	1	0	82	47.1140020312491
n754	709	1	0	46	47.60278359374903
n757	712	1	0	46	47.86319999999901
n760	718	1	0	46	48.167686874998985
n756	711	1	0	47	47.75235609374902
n759	716	1	0	47	48.07687499999899
n755	710	1	0	48	47.66555062499903
n758	713	1	0	45	47.988734062499
n761	719	1	0	45	48.30524015624896
n762	720	1	0	44	48.36132984374896
n765	723	1	0	44	48.68050687499893
n764	722	1	0	45	48.550966406248946
n763	721	1	0	46	48.444128906248956
n776	724	1	0	32	48.944929687498906
n777	725	1	0	43	49.33889296874885
n778	726	1	0	44	49.419021093748846
n766	734	1	0	71	49.06779281249889
n767	732	1	0	75	49.086489374998884
n768	733	1	0	80	49.05577359374889
n769	731	1	0	83	49.02772874999889
n781	729	1	0	46	49.68077296874881
n779	727	1	0	47	49.49781374999884
n782	730	1	0	47	49.8049715624988
n780	728	1	0	51	49.601980312498824
n785	737	1	0	50	50.11880671874875
n783	735	1	0	51	49.91047359374878
n786	738	1	0	51	50.18424468749874
n784	736	1	0	56	50.01464015624877
n789	744	1	0	55	50.58488531249869
n787	740	1	0	56	50.377887656248724
n790	745	1	0	56	50.68237453124868
n788	742	1	0	59	50.48071874999871
n770	741	1	0	63	50.35251374999873
n774	747	1	0	65	50.72510953124868
n771	743	1	0	68	50.313785156248734
n772	739	1	0	71	50.34717187499873
n773	748	1	0	75	50.33114624999873
n775	746	1	0	77	50.70374203124868
n799	749	1	0	39	50.90272687499866
n801	751	1	0	53	51.27398718749864
n802	752	1	0	54	51.37681828124864
n800	750	1	0	63	51.15245953124864
n791	759	1	0	66	50.954810156248655
n792	762	1	0	70	50.949468281248656
n793	757	1	0	75	50.91207515624866
n794	761	1	0	78	50.90673328124866
n805	755	1	0	50	51.657266718748616
n806	756	1	0	51	51.75208499999861
n803	753	1	0	58	51.47564296874863
n804	754	1	0	63	51.53707453124862
n809	763	1	0	45	52.0432171874986
n810	765	1	0	46	52.155396562498595
n807	758	1	0	54	51.862928906248605
n808	760	1	0	58	51.931037812498595
n813	deletion
n814	770	1	0	42	52.50796031249857
n811	764	1	0	51	52.210150781248586
n812	766	1	0	54	52.30496906249857
n795	767	1	0	66	52.25555671874858
n797	769	1	0	68	52.564049999998566
n796	772	1	0	78	52.22884734374858
n798	771	1	0	80	52.56271453124857
n825	773	1	0	30	52.67489390624855
n826	774	1	0	41	52.98872906249853
n827	775	1	0	42	53.10090843749852
n815	783	1	0	69	52.69091953124855
n816	780	1	0	73	52.69091953124855
n817	781	1	0	78	52.68691312499855
n818	779	1	0	81	52.68290671874855
n830	778	1	0	44	53.32126078124849
n828	776	1	0	45	53.169017343748514
n831	782	1	0	45	53.44011749999847
n829	777	1	0	49	53.2625001562485
n834	787	1	0	48	53.75128171874845
n832	784	1	0	49	53.541613124998456
n835	788	1	0	49	53.81671968749845
n833	785	1	0	54	53.65245703124845
n838	794	1	0	53	54.117200156248416
n836	792	1	0	54	53.95026656249844
n839	795	1	0	54	54.179967187498406
n837	793	1	0	57	54.051762187498426
n819	790	1	0	61	53.95160203124844
n823	797	1	0	63	54.234721406248404
n820	791	1	0	66	53.95694390624844
n821	789	1	0	69	53.95694390624844
n822	798	1	0	73	53.930234531248445
n824	796	1	0	75	54.225373124998406
n848	799	1	0	37	54.32419781249839
n850	803	1	0	51	54.59129156249837
n851	804	1	0	52	54.67008421874837
n849	802	1	0	61	54.50181515624837
n840	801	1	0	64	54.34289437499839
n841	800	1	0	68	54.33087515624839
n842	813	1	0	73	54.33488156249839
n843	810	1	0	76	54.33087515624839
n854	807	1	0	48	54.949197187498335
n855	808	1	0	49	55.02932531249832
n852	805	1	0	56	54.76089609374836
n853	806	1	0	61	54.85170796874835
n858	812	1	0	43	55.33247671874829
n859	814	1	0	44	55.37921812499829
n856	809	1	0	52	55.12948546874831
n857	811	1	0	56	55.21896187499829
n862	820	1	0	39	55.79721984374825
n863	823	1	0	40	55.90939921874825
n860	817	1	0	49	55.504752187498276
n861	818	1	0	52	55.61158968749826
n844	815	1	0	64	55.53279703124827
n846	821	1	0	66	55.90939921874825
n845	816	1	0	76	55.512764999998275
n847	822	1	0	78	55.89604453124825
n874	824	1	0	36	56.05095890624823
n876	deletion
n877	827	1	0	56	56.4970054687482
n875	825	1	0	63	56.2926787499982
n864	835	1	0	68	56.07633281249823
n865	844	1	0	75	56.09502937499823
n866	833	1	0	78	56.06164265624823
n867	836	1	0	80	56.06030718749823
n881	831	1	0	52	56.877614062498175
n880	830	1	0	54	56.79882140624819
n879	829	1	0	56	56.695990312498196
n878	828	1	0	57	56.5878173437482
n885	838	1	0	45	57.25688718749814
n884	deletion
n883	834	1	0	49	57.056566874998154
n882	832	1	0	51	56.97643874999817
n888	843	1	0	39	57.5747287499981
n886	839	1	0	43	57.34769906249813
n887	842	1	0	44	57.45320109374811
n889	848	1	0	44	57.6949209374981
n868	841	1	0	68	57.369066562498126
n872	846	1	0	70	57.6521859374981
n869	deletion
n870	850	1	0	78	57.76302984374809
n871	845	1	0	80	57.36506015624813
n873	847	1	0	82	57.6575278124981
n904	849	1	0	38	57.78172640624809
n906	856	1	0	57	58.08487781249808
n907	858	1	0	58	58.19572171874807
n905	852	1	0	65	57.99940781249808
n890	853	1	0	71	57.78439734374809
n891	855	1	0	77	57.966021093748076
n892	854	1	0	80	57.78973921874809
n893	851	1	0	83	57.78172640624809
n911	862	1	0	54	58.56431109374801
n910	861	1	0	56	58.48284749999802
n909	860	1	0	58	58.402719374998036
n908	859	1	0	59	58.31591390624805
n894	868	1	0	70	58.31190749999805
n895	873	1	0	77	58.32259124999805
n899	deletion
n896	872	1	0	80	58.30790109374805
n897	869	1	0	82	58.31591390624805
n915	871	1	0	47	58.94091328124798
n914	866	1	0	50	58.836746718747996
n913	864	1	0	51	58.744599374998
n912	863	1	0	53	58.645774687498005
n918	880	1	0	41	59.304160781247944
n916	870	1	0	45	58.95293249999798
n917	878	1	0	46	59.19999421874795
n919	884	1	0	46	59.444384999997936
n898	876	1	0	70	59.09449218749797
n902	881	1	0	72	59.447055937497936
n900	875	1	0	80	59.130549843747964
n901	877	1	0	82	59.10384046874797
n903	882	1	0	84	59.44037859374794
n928	885	1	0	40	59.59395749999793
n930	892	1	0	59	59.94652124999791
n931	893	1	0	60	60.0440104687479
n929	887	1	0	67	59.83968374999791
n920	889	1	0	73	59.603305781247926
n921	890	1	0	79	59.603305781247926
n922	891	1	0	82	59.61799593749792
n923	886	1	0	85	59.604641249997925
n935	897	1	0	56	60.42061265624786
n934	896	1	0	58	60.32712984374787
n933	895	1	0	60	60.228305156247885
n932	894	1	0	61	60.1321514062479
n924	916	1	0	72	60.1468415624979
n925	919	1	0	82	60.1495124999979
n926	917	1	0	84	60.1441706249979
n938	900	1	0	52	60.699725624997846
n937	899	1	0	53	60.61959749999786
n936	898	1	0	55	60.51275999999786
n939	901	1	0	55	60.811904999997836
n943	905	1	0	48	61.15779140624783
n942	904	1	0	49	61.034928281247836
n941	903	1	0	52	60.97883859374784
n940	902	1	0	53	60.89470406249784
n945	906	1	0	47	61.241925937497825
n946	907	1	0	48	61.356776249997814
n948	909	1	0	48	61.5637739062478
n947	908	1	0	49	61.45292999999781
n952	913	1	0	41	61.923014999997804
n951	912	1	0	43	61.828196718747805
n950	911	1	0	44	61.72002374999781
n949	910	1	0	46	61.639895624997806
n956	923	1	0	35	62.29293984374776
n955	920	1	0	36	62.196786093747775
n954	915	1	0	37	62.08594218749779
n953	914	1	0	40	61.984446562497794
n960	927	1	0	31	62.67221296874776
n959	926	1	0	32	62.590749374997756
n958	925	1	0	34	62.49860203124775
n957	924	1	0	36	62.39844187499775
n971	928	1	0	29	62.85517218749775
n972	929	1	0	36	63.06083437499775
n973	931	1	0	41	63.17034281249774
n974	935	1	0	43	63.26649656249775
n961	933	1	0	80	62.83781109374775
n962	934	1	0	84	62.84048203124775
n963	932	1	0	89	62.83781109374775
n964	930	1	0	92	62.83647562499775
n975	936	1	0	44	63.384017812497746
n976	937	1	0	48	63.46147499999774
n977	938	1	0	53	63.57098343749774
n978	942	1	0	55	63.675149999997736
n979	943	1	0	56	63.79667765624773
n980	944	1	0	60	63.87279937499773
n981	945	1	0	65	64.01302359374773
n982	946	1	0	67	64.11184828124773
n965	939	1	0	77	63.70853671874774
n966	941	1	0	84	63.71387859374774
n967	940	1	0	89	63.70319484374774
n986	953	1	0	60	64.47376031249772
n985	952	1	0	65	64.37493562499772
n984	950	1	0	67	64.29480749999772
n983	949	1	0	68	64.21601484374773
n968	948	1	0	72	64.13588671874773
n969	951	1	0	77	64.12787390624773
n970	947	1	0	84	64.12653843749773
n997	957	1	0	56	64.93583249999766
n994	954	1	0	61	64.60196531249771
n996	956	1	0	61	64.84368515624767
n995	955	1	0	65	64.73818312499769
n987	961	1	0	70	64.62600374999771
n988	966	1	0	77	64.6340165624977
n989	963	1	0	82	64.61932640624771
n1001	962	1	0	41	65.33113124999764
n1000	960	1	0	44	65.22028734374764
n999	959	1	0	49	65.12146265624764
n998	958	1	0	53	65.04266999999766
n1003	968	1	0	32	65.55014812499762
n1002	964	1	0	37	65.44598156249764
n1004	969	1	0	37	65.65832109374762
n1005	970	1	0	41	65.74913296874762
n990	965	1	0	68	65.47536187499763
n992	967	1	0	80	65.46467812499763
n1007	972	1	0	32	65.95746609374761
n1006	971	1	0	37	65.87199609374761
n1008	973	1	0	37	66.06563906249761
n1009	974	1	0	41	66.12439968749761
n1020	975	1	0	29	66.33139734374761
n1021	976	1	0	36	66.46761515624762
n1022	978	1	0	41	66.55575609374762
n1023	982	1	0	43	66.6639290624976
n1010	980	1	0	80	66.33006187499761
n1011	981	1	0	84	66.33273281249761
n1012	979	1	0	89	66.33406828124761
n1013	977	1	0	92	66.33006187499761
n1024	983	1	0	44	66.7614182812476
n1025	984	1	0	48	66.8415464062476
n1026	985	1	0	53	66.9430420312476
n1027	990	1	0	55	67.0418667187476
n1028	991	1	0	56	67.1219948437476
n1029	992	1	0	60	67.20612937499759
n1030	993	1	0	65	67.32498609374758
n1031	994	1	0	67	67.43582999999758
n1014	987	1	0	77	67.1032982812476
n1015	989	1	0	84	67.1113110937476
n1016	988	1	0	89	67.1019628124976
n1035	1001	1	0	60	67.83112874999755
n1034	1000	1	0	65	67.71894937499755
n1033	999	1	0	67	67.61878921874757
n1032	995	1	0	68	67.53866109374756
n1017	996	1	0	72	67.49993249999757
n1018	998	1	0	77	67.49993249999757
n1019	997	1	0	84	67.49592609374757
n1047	1005	1	0	60	68.39469656249751
n1044	1002	1	0	62	68.06082937499754
n1046	1004	1	0	62	68.28785906249752
n1045	1003	1	0	65	68.20906640624752
n1036	1013	1	0	72	68.03144906249754
n1037	1017	1	0	77	68.03679093749754
n1038	1014	1	0	84	68.03411999999754
n1051	1011	1	0	48	68.72989921874749
n1050	1009	1	0	50	68.63240999999749
n1049	1008	1	0	53	68.5683074999975
n1048	1006	1	0	56	68.44010249999751
n1055	1018	1	0	36	69.09581765624748
n1057	1022	1	0	36	69.41365921874744
n1054	1016	1	0	38	69.00367031249748
n1053	deletion
n1052	1012	1	0	44	68.78865984374748
n1056	1019	1	0	32	69.26141578124746
n1058	1027	1	0	38	69.56590265624745
n1059	1025	1	0	44	69.70746234374745
n1039	1021	1	0	71	69.26809312499746
n1042	1024	1	0	72	69.70479140624745
n1040	1026	1	0	77	69.26275124999746
n1041	1028	1	0	83	69.26542218749746
n1062	deletion
n1043	1023	1	0	84	69.70479140624745
n1065	1030	1	0	31	69.93983390624743
n1066	1031	1	0	43	69.94250484374743
n1068	1033	1	0	67	70.66899984374739
n1067	1032	1	0	68	70.54480124999739
n1060	1051	1	0	74	69.90778265624743
n1061	1054	1	0	77	69.90110531249744
n1063	1052	1	0	86	69.91178906249743
n1070	1035	1	0	62	70.91205515624736
n1072	1037	1	0	62	71.10436265624735
n1071	1036	1	0	63	71.00954437499736
n1069	1034	1	0	65	70.79987578124738
n1074	1039	1	0	55	71.27930906249732
n1076	1041	1	0	55	71.46493921874732
n1075	1040	1	0	56	71.38614656249732
n1073	1038	1	0	59	71.19918093749733
n1078	1043	1	0	50	71.6345437499973
n1080	1045	1	0	50	71.83753499999729
n1079	1044	1	0	51	71.73470390624729
n1077	1042	1	0	53	71.55975749999732
n1090	1047	1	0	43	72.00847499999728
n1092	1049	1	0	43	72.19276968749726
n1091	1048	1	0	44	72.12599624999726
n1089	1046	1	0	47	71.92434046874729
n1094	1053	1	0	38	72.37439343749725
n1096	1056	1	0	38	72.57604921874723
n1095	1055	1	0	39	72.48256640624723
n1093	1050	1	0	41	72.28091062499726
n1098	1058	1	0	31	72.78571781249723
n1100	1061	1	0	31	73.04212781249723
n1097	1057	1	0	36	72.66819656249723
n1099	1060	1	0	36	72.91125187499722
n1102	1066	1	0	31	73.3092215624972
n1104	1073	1	0	31	73.6137084374972
n1101	1062	1	0	36	73.15297171874721
n1103	1071	1	0	36	73.4507812499972
n1087	1072	1	0	67	73.62839859374719
insertion	1068	1	0	67	73.5162192187472
n1083	1064	1	0	68	73.11424312499722
n1084	1067	1	0	75	73.11691406249722
n1085	1065	1	0	77	73.12359140624721
n1088	1069	1	0	79	73.5135482812472
n1086	1063	1	0	80	73.11691406249722
n1110	1075	1	0	35	73.81669968749718
n1112	1077	1	0	67	74.34821624999715
n1111	1076	1	0	68	74.24404968749715
n1105	1099	1	0	77	73.80200953124718
n1106	1098	1	0	79	73.80468046874718
n1107	1097	1	0	86	73.80334499999718
n1108	1095	1	0	89	73.79800312499718
n1114	1079	1	0	62	74.52983999999714
n1116	1081	1	0	62	74.73550218749713
n1115	1080	1	0	63	74.64602578124713
n1113	1078	1	0	65	74.45772468749715
n1118	1084	1	0	55	74.93181609374712
n1120	1086	1	0	55	75.1121043749971
n1119	1085	1	0	56	75.0186215624971
n1117	1082	1	0	59	74.83699781249713
n1122	1088	1	0	50	75.28037343749709
n1124	1090	1	0	50	75.46867453124709
n1123	1089	1	0	51	75.38320453124709
n1121	1087	1	0	53	75.2029162499971
n1134	1092	1	0	43	75.62492437499706
n1136	1094	1	0	43	75.82791562499705
n1135	1093	1	0	44	75.74378109374705
n1133	1091	1	0	47	75.55280906249708
n1138	1100	1	0	38	76.00953937499703
n1140	1102	1	0	38	76.211195156247
n1139	1101	1	0	39	76.12706062499701
n1137	1096	1	0	41	75.92540484374703
n1142	1104	1	0	31	76.404838124997
n1144	1106	1	0	31	76.67193187499699
n1141	1103	1	0	36	76.310019843747
n1143	1105	1	0	36	76.535714062497
n1146	1110	1	0	31	76.96573499999695
n1148	1117	1	0	31	77.26220906249695
n1145	1107	1	0	36	76.80547874999696
n1147	1116	1	0	36	77.10996562499696
n1131	1113	1	0	67	77.24885437499695
n1127	1109	1	0	68	76.81883343749696
n1128	1112	1	0	75	76.82283984374696
n1129	1111	1	0	77	76.82684624999696
n1132	1114	1	0	79	77.24484796874695
n1130	1108	1	0	80	76.82283984374696
n1167	deletion
n1149	1119	1	0	77	77.56402499999693
n1150	1120	1	0	79	77.56268953124693
n1169	1126	1	0	79	78.3199003124969
n1168	1124	1	0	80	78.16498593749691
n1151	1121	1	0	86	77.56135406249693
n1152	1122	1	0	91	77.56001859374693
n1154	1127	1	0	91	78.3078810937469
n1153	1123	1	0	92	78.14495390624691
insertion	1125	1	0	92	78.3345904687469
n1171	1130	1	0	74	78.54559453124688
n1173	1134	1	0	74	78.74190843749686
n1172	1132	1	0	75	78.68581874999687
n1170	1129	1	0	77	78.45077624999688
n1156	1131	1	0	86	78.55360734374688
n1158	1135	1	0	86	78.74725031249686
n1157	1133	1	0	87	78.64976109374687
n1155	1128	1	0	89	78.44543437499688
n1175	1138	1	0	67	78.92887406249685
n1177	1141	1	0	67	79.11450421874684
n1176	1140	1	0	68	79.03437609374684
n1174	1136	1	0	71	78.86076515624686
n1160	1139	1	0	79	78.94489968749684
n1162	1143	1	0	79	79.12652343749684
n1161	1142	1	0	80	79.03971796874684
n1159	1137	1	0	83	78.85675874999686
n1179	1146	1	0	62	79.26674765624682
n1181	1149	1	0	62	79.4523778124968
n1180	1148	1	0	63	79.37892703124682
n1178	1144	1	0	65	79.19596781249683
n1164	1147	1	0	74	79.31081812499681
n1166	1152	1	0	74	79.4790871874968
n1165	1150	1	0	75	79.39495265624682
n1163	1145	1	0	77	79.22401265624683
n1199	1155	1	0	55	79.62732421874678
n1201	1159	1	0	55	79.82096718749675
n1200	1158	1	0	56	79.73282624999676
n1198	1153	1	0	59	79.58993109374678
n1183	1157	1	0	67	79.66338187499677
n1185	1161	1	0	67	79.84634109374674
n1184	1160	1	0	68	79.75419374999676
n1182	1154	1	0	71	79.57390546874679
n1203	1164	1	0	50	79.97988796874672
n1205	1167	1	0	50	80.1748664062467
n1204	1166	1	0	51	80.0880609374967
n1202	1162	1	0	53	79.90643718749673
n1187	1165	1	0	62	80.02262296874672
n1189	1169	1	0	62	80.19356296874669
n1188	1168	1	0	63	80.1080929687467
n1186	1163	1	0	65	79.94249484374673
n1207	1172	1	0	43	80.32844531249667
n1209	1175	1	0	43	80.51273999999665
n1208	1174	1	0	44	80.45932124999666
n1206	deletion
n1191	1173	1	0	55	80.37785765624666
n1193	1178	1	0	55	80.55814593749665
n1192	1177	1	0	56	80.46599859374666
n1190	1171	1	0	59	80.27903296874668
n1211	1181	1	0	38	80.70638296874662
n1213	1185	1	0	38	80.96279296874661
n1212	1183	1	0	39	80.86263281249663
n1210	1179	1	0	41	80.60755828124664
n1195	1182	1	0	50	80.73309234374662
n1197	1186	1	0	50	80.9961796874966
n1196	1184	1	0	51	80.87331656249663
n1194	1180	1	0	53	80.64895781249663
n1231	1189	1	0	35	81.24190593749657
n1230	1188	1	0	36	81.11637187499659
n1233	1193	1	0	41	81.47961937499655
n1232	1191	1	0	43	81.36877546874656
n1215	1190	1	0	47	81.25392515624657
n1214	1187	1	0	48	81.12972656249659
n1217	1194	1	0	53	81.49831593749654
n1216	1192	1	0	55	81.39281390624656
n1235	1197	1	0	38	81.66524953124652
n1237	1201	1	0	38	81.82283484374649
n1234	1195	1	0	39	81.54906374999653
n1236	1199	1	0	39	81.7333584374965
n1219	1198	1	0	50	81.67593328124651
n1221	1202	1	0	50	81.84954421874649
n1218	1196	1	0	51	81.58111499999653
n1220	1200	1	0	51	81.7507195312465
n1239	1205	1	0	35	81.99778124999646
n1238	1204	1	0	36	81.98976843749647
n1241	deletion
n1240	1207	1	0	46	82.15403109374645
n1223	1206	1	0	47	82.03918078124646
n1222	1203	1	0	48	81.94436249999647
n1225	1210	1	0	56	82.24083656249645
n1224	1208	1	0	58	82.14868921874645
n1243	1213	1	0	41	82.41578296874643
n1245	1218	1	0	41	82.5934003124964
n1242	1211	1	0	43	82.29959718749645
n1244	1215	1	0	43	82.51327218749641
n1227	1214	1	0	53	82.42379578124643
n1229	1217	1	0	53	82.5974067187464
n1226	1212	1	0	55	82.33966124999644
n1228	1216	1	0	55	82.52529140624641
n1263	1222	1	0	38	82.80039796874637
n1262	1220	1	0	39	82.69356046874638
n1247	1221	1	0	50	82.78971421874637
n1265	1227	1	0	50	83.01807937499635
n1246	1219	1	0	51	82.68688312499638
n1264	1224	1	0	51	82.94195765624636
n1249	1226	1	0	62	83.04078234374634
n1248	1225	1	0	63	82.92993843749636
n1267	1230	1	0	47	83.27181843749631
n1269	1234	1	0	47	83.46679687499629
n1266	1229	1	0	48	83.15296171874633
n1268	1232	1	0	48	83.37732046874629
n1251	1231	1	0	59	83.26914749999631
n1253	1235	1	0	59	83.47213874999629
n1250	1228	1	0	60	83.15696812499633
n1252	1233	1	0	60	83.37999140624629
n1271	1238	1	0	43	83.59500187499627
n1273	1242	1	0	43	83.81401874999624
n1270	1236	1	0	44	83.57630531249627
n1272	1241	1	0	44	83.72587781249625
n1255	1240	1	0	55	83.66978812499626
n1257	1244	1	0	55	83.86209562499623
n1254	1239	1	0	56	83.56695703124628
n1256	1243	1	0	56	83.78196749999624
n1275	1248	1	0	39	84.0076617187462
n1277	1251	1	0	39	84.24136874999618
n1274	1245	1	0	41	83.89014046874622
n1276	1249	1	0	41	84.1385376562462
n1259	1247	1	0	51	84.06642234374621
n1261	1252	1	0	51	84.26941359374618
n1258	1246	1	0	53	83.96893312499621
n1260	1250	1	0	53	84.1505568749962
n1282	1254	1	0	36	84.40296046874616
n1283	1255	1	0	43	84.69275718749613
n1278	1253	1	0	48	84.47774671874615
n1284	1256	1	0	48	84.8423296874961
n1285	1257	1	0	50	84.9398189062461
n1286	1258	1	0	51	85.0506628124961
n1287	1259	1	0	55	85.1508229687461
n1288	1260	1	0	60	85.2456412499961
n1289	1261	1	0	62	85.3444659374961
n1291	1263	1	0	62	85.5327670312461
n1293	1264	1	0	55	85.73575828124609
n1292	1269	1	0	60	85.65028828124609
n1290	1262	1	0	63	85.4339423437461
n1297	1268	1	0	43	86.14040531249609
n1296	1267	1	0	48	86.04024515624609
n1295	1266	1	0	50	85.93073671874609
n1294	1265	1	0	51	85.83591843749609
n1309	1270	1	0	36	86.22320437499609
n1310	1271	1	0	43	86.31935812499607
n1311	1272	1	0	48	86.40749906249607
n1312	1273	1	0	50	86.51967843749607
n1314	1275	1	0	50	86.71599234374607
n1316	1277	1	0	43	86.94168656249607
n1315	1276	1	0	48	86.85488109374607
n1313	1274	1	0	51	86.62384499999607
n1317	1278	1	0	36	87.02982749999607
n1318	1280	1	0	43	87.11529749999606
n1319	1281	1	0	48	87.25151531249605
n1320	1283	1	0	50	87.38506218749605
n1301	1282	1	0	72	87.41978437499604
n1302	1284	1	0	84	87.41577796874604
n1324	1294	1	0	43	88.20503999999603
n1323	1291	1	0	48	88.07416406249604
n1322	1290	1	0	50	87.89921765624604
n1321	1286	1	0	51	87.66016874999605
n1303	1285	1	0	73	87.69622640624604
n1305	1287	1	0	74	87.89788218749604
n1307	1292	1	0	75	88.31187749999603
n1304	1288	1	0	85	87.69489093749604
n1306	1289	1	0	86	87.90188859374604
n1308	1293	1	0	87	88.31054203124603
n1341	1295	1	0	36	88.42672781249601
n1342	1297	1	0	43	88.560274687496
n1343	1299	1	0	48	88.659099374996
n1344	1300	1	0	50	88.765936874996
n1325	1296	1	0	75	88.41470859374601
n1326	1298	1	0	87	88.40936671874601
n1345	1301	1	0	51	88.866097031246
n1346	1302	1	0	55	88.955573437496
n1347	1303	1	0	60	89.053062656246
n1348	1304	1	0	62	89.16791296874601
n1352	1312	1	0	55	89.57389546874602
n1351	1307	1	0	60	89.45770968749602
n1350	1306	1	0	62	89.34953671874601
n1349	1305	1	0	63	89.25605390624601
n1329	1308	1	0	67	89.52181218749602
n1330	1310	1	0	72	89.52314765624602
n1331	1309	1	0	75	89.52982499999602
n1332	1311	1	0	79	89.52581859374602
n1356	1324	1	0	43	89.99456812499596
n1355	1319	1	0	48	89.89173703124598
n1354	1317	1	0	50	89.74750640624599
n1353	1316	1	0	51	89.62731421874601
n1333	1313	1	0	67	89.60995312499601
n1337	1320	1	0	67	89.93714296874597
n1334	1318	1	0	72	89.61262406249601
n1338	1323	1	0	72	89.94782671874597
n1335	1314	1	0	75	89.633991562496
n1339	1321	1	0	75	89.94114937499597
n1336	1315	1	0	79	89.61796593749601
n1340	1322	1	0	79	89.93981390624597
n1379	1325	1	0	36	90.07603171874595
n1380	1326	1	0	43	90.16283718749594
n1381	1327	1	0	48	90.25631999999592
n1382	1330	1	0	50	90.3698348437459
n1384	1332	1	0	50	90.58885171874587
n1357	1328	1	0	68	90.03730312499596
n1358	1334	1	0	72	90.05332874999596
n1359	1335	1	0	75	90.02795484374596
n1360	1329	1	0	80	90.03196124999596
n1386	1336	1	0	43	90.80119124999585
n1385	1333	1	0	48	90.69301828124586
n1383	1331	1	0	51	90.49670437499589
n1387	1339	1	0	36	90.89868046874585
n1388	1340	1	0	43	91.00418249999585
n1389	1342	1	0	48	91.12971656249584
n1390	1346	1	0	50	91.28329546874583
n1361	1337	1	0	67	90.87998390624585
n1365	1341	1	0	71	91.13372296874584
n1367	1345	1	0	72	91.33938515624583
n1364	1338	1	0	79	90.87464203124586
n1366	1343	1	0	83	91.13238749999584
n1368	1347	1	0	84	91.33671421874583
n1394	1358	1	0	43	91.8789145312458
n1393	1355	1	0	48	91.7787543749958
n1392	1353	1	0	50	91.6345237499958
n1391	1350	1	0	51	91.49697046874581
n1372	1349	1	0	73	91.50898968749581
n1374	1352	1	0	74	91.65856218749579
n1377	1356	1	0	75	91.9897584374958
n1373	1351	1	0	85	91.51166062499581
n1375	1354	1	0	86	91.65322031249579
n1378	1357	1	0	87	91.9857520312458
n1411	1359	1	0	36	92.07789937499578
n1412	1363	1	0	43	92.21278171874576
n1413	1365	1	0	48	92.30893546874574
n1414	1366	1	0	50	92.38906359374575
n1395	1360	1	0	75	92.08457671874578
n1396	1361	1	0	87	92.08190578124578
n1415	1367	1	0	51	92.47987546874575
n1416	1368	1	0	55	92.57202281249575
n1417	1369	1	0	60	92.65482187499575
n1418	1370	1	0	62	92.76833671874574
n1422	1378	1	0	55	93.14493890624574
n1421	1373	1	0	60	93.04611421874574
n1420	1372	1	0	62	92.96732156249574
n1419	1371	1	0	63	92.86849687499574
n1399	1374	1	0	67	93.11822953124575
n1400	1375	1	0	72	93.11822953124575
n1401	1376	1	0	75	93.11956499999575
n1402	1377	1	0	79	93.12223593749574
n1426	1390	1	0	43	93.5282184374957
n1425	1385	1	0	48	93.4320646874957
n1424	1383	1	0	50	93.31587890624571
n1423	1379	1	0	51	93.20503499999573
n1403	1380	1	0	67	93.20369953124573
n1407	1386	1	0	67	93.4908253124957
n1404	1384	1	0	72	93.20503499999573
n1408	1388	1	0	72	93.4961671874957
n1405	1381	1	0	75	93.20637046874573
n1409	1389	1	0	75	93.4988381249957
n1410	1387	1	0	79	93.4908253124957
n1406	deletion
n1431	1391	1	0	36	93.59632734374568
n1432	1392	1	0	42	93.70182937499567
n1433	1393	1	0	48	93.84071812499566
n1434	1394	1	0	50	93.92885906249566
n1427	1403	1	0	69	93.58697906249569
n1428	1402	1	0	72	93.58831453124569
n1429	1405	1	0	75	93.58430812499569
n1430	1408	1	0	81	93.58297265624569
n1438	1398	1	0	42	94.28142281249563
n1440	1400	1	0	42	94.45503374999561
n1446	deletion
n1437	1397	1	0	48	94.18793999999563
n1436	1396	1	0	50	94.15188234374564
n1435	1395	1	0	51	94.04504484374564
n1439	1399	1	0	36	94.35620906249562
n1441	1401	1	0	48	94.5485165624956
n1445	1407	1	0	48	94.92111234374559
n1442	1404	1	0	50	94.6606959374956
n1444	deletion
n1443	1406	1	0	51	94.7688689062456
n1476	1414	1	0	35	95.04397546874559
n1477	1415	1	0	47	95.42725499999555
n1478	1417	1	0	50	95.57949843749556
n1479	1418	1	0	55	95.69969062499555
n1447	1409	1	0	69	95.09338781249558
n1448	1410	1	0	74	95.17218046874557
n1449	1412	1	0	81	95.24028937499557
n1450	1413	1	0	86	95.30572734374556
n1483	1422	1	0	47	96.14573718749554
n1482	1421	1	0	50	96.01886765624555
n1481	1420	1	0	55	95.92404937499555
n1480	1419	1	0	62	95.81587640624556
n1452	1424	1	0	67	95.89199812499555
n1453	1426	1	0	74	95.89600453124555
n1454	1423	1	0	79	95.89199812499555
n1484	1425	1	0	34	96.25391015624554
n1485	1427	1	0	46	96.43152749999551
n1486	1431	1	0	49	96.5637389062455
n1487	1441	1	0	55	96.7119759374955
n1456	1428	1	0	67	96.52501031249551
n1459	1432	1	0	67	96.6946148437455
n1457	1430	1	0	73	96.52501031249551
n1460	1434	1	0	73	96.6959503124955
n1458	1429	1	0	79	96.52901671874551
n1461	1433	1	0	79	96.6999567187455
n1491	1447	1	0	46	97.11662296874546
n1490	1442	1	0	49	96.97372781249548
n1489	deletion
n1488	1439	1	0	61	96.84685828124549
n1466	1436	1	0	67	96.83083265624549
n1473	1448	1	0	67	97.17271265624547
n1492	1452	1	0	67	97.27420828124545
n1469	1446	1	0	68	96.95102484374549
n1467	1437	1	0	73	96.83083265624549
n1470	1444	1	0	73	96.95770218749549
n1474	1450	1	0	73	97.17271265624547
n1468	1438	1	0	79	96.83884546874549
n1475	1449	1	0	79	97.17671906249547
n1494	1453	1	0	79	97.28489203124545
n1471	1445	1	0	80	96.96037312499548
n1523	1454	1	0	33	97.26485999999545
n1524	1455	1	0	45	97.35300093749544
n1525	1459	1	0	48	97.47586406249542
n1526	1460	1	0	53	97.60273359374541
n1528	1462	1	0	53	97.8124021874954
n1493	1451	1	0	72	97.27554374999545
n1495	1457	1	0	72	97.42511624999543
n1496	1456	1	0	84	97.40909062499543
n1530	1464	1	0	45	98.00470968749539
n1529	1463	1	0	48	97.8831820312454
n1527	1461	1	0	60	97.70289374999541
n1498	1466	1	0	65	97.7416223437454
n1499	1468	1	0	72	97.7376159374954
n1500	1467	1	0	77	97.7389514062454
n1531	1469	1	0	32	98.12757281249539
n1532	1470	1	0	44	98.31186749999537
n1533	1477	1	0	48	98.44274343749537
n1534	1479	1	0	53	98.62436718749537
n1502	1471	1	0	65	98.41603406249537
n1505	1475	1	0	65	98.61368343749537
n1503	1473	1	0	72	98.42004046874537
n1506	1476	1	0	72	98.61635437499537
n1504	1472	1	0	77	98.41603406249537
n1507	1474	1	0	77	98.61368343749537
n1538	1494	1	0	44	99.1825931249953
n1537	1490	1	0	48	99.02500781249532
n1536	1489	1	0	53	98.90481562499534
n1535	1483	1	0	60	98.78195249999536
n1511	1480	1	0	64	98.78328796874536
n1514	1485	1	0	65	98.90481562499534
n1520	1495	1	0	65	99.27474046874529
n1517	1493	1	0	67	99.02901421874532
n1512	1481	1	0	72	98.78595890624536
n1515	1488	1	0	72	98.90348015624534
n1521	1497	1	0	72	99.27874687499529
n1540	1504	1	0	72	99.38691984374528
n1518	deletion
n1513	1482	1	0	76	98.78595890624536
n1516	1487	1	0	77	98.91282843749534
n1522	1496	1	0	77	99.28008234374529
n1519	1492	1	0	79	99.02500781249532
n1549	1499	1	0	31	99.37222968749528
n1550	1500	1	0	43	99.60059484374526
n1552	1505	1	0	47	99.85032749999525
n1551	1503	1	0	48	99.72879984374525
n1539	1501	1	0	64	99.38558437499528
n1541	1506	1	0	76	99.38024249999528
n1554	1508	1	0	48	100.07602171874522
n1553	1507	1	0	49	99.97185515624524
n1556	1510	1	0	49	100.2803484374952
n1555	1509	1	0	50	100.1988848437452
n1542	1522	1	0	63	99.98654531249524
n1548	1520	1	0	72	99.99989999999524
n1543	1519	1	0	75	99.98387437499524
n1558	1513	1	0	50	100.45529484374518
n1557	1511	1	0	51	100.3564701562452
n1560	1515	1	0	51	100.62089296874517
n1559	1514	1	0	52	100.54744218749516
n1562	1518	1	0	52	100.80385218749514
n1561	1517	1	0	53	100.72773046874515
n1564	1524	1	0	53	101.01218531249512
n1563	1521	1	0	54	100.90534781249514
n1546	deletion
n1547	1523	1	0	75	101.08697156249511
n1572	1526	1	0	54	101.34071062499507
n1571	1525	1	0	55	101.21384109374509
n1574	1530	1	0	55	101.55972749999503
n1573	1529	1	0	56	101.43419343749505
n1567	1528	1	0	63	101.19781546874509
n1565	1539	1	0	71	101.24188593749508
n1568	1527	1	0	75	101.20048640624509
n1578	1534	1	0	53	101.95502624999497
n1577	1533	1	0	55	101.83616953124499
n1576	1532	1	0	56	101.73333843749501
n1575	1531	1	0	58	101.64920390624502
n1569	1542	1	0	62	101.65187484374502
n1570	1545	1	0	74	101.63584921874502
n1582	1538	1	0	47	102.26886140624494
n1581	1537	1	0	48	102.20609437499495
n1580	1536	1	0	50	102.12997265624496
n1579	1535	1	0	51	102.01645781249498
n1586	1544	1	0	38	102.6174187499949
n1585	1543	1	0	41	102.5319487499949
n1584	1541	1	0	43	102.44781421874491
n1583	1540	1	0	44	102.35166046874492
n1588	1546	1	0	36	102.75497203124489
n1589	1547	1	0	43	102.94594406249487
n1590	1548	1	0	48	103.09551656249488
n1591	1550	1	0	50	103.17831562499487
n1592	1551	1	0	51	103.30384968749486
n1593	1552	1	0	55	103.39599703124486
n1594	1553	1	0	60	103.47211874999486
n1595	1554	1	0	62	103.58029171874486
n1597	1556	1	0	62	103.74588984374486
n1599	1558	1	0	55	103.99028062499485
n1598	1557	1	0	60	103.88077218749486
n1596	1555	1	0	63	103.67911640624486
n1603	1562	1	0	43	104.36688281249484
n1602	1561	1	0	48	104.26672265624484
n1601	1560	1	0	50	104.16522703124485
n1600	1559	1	0	51	104.05438312499486
n1620	1563	1	0	36	104.44033359374482
n1621	1564	1	0	43	104.53114546874481
n1622	1565	1	0	48	104.6179509374948
n1623	1566	1	0	50	104.73413671874481
n1625	1568	1	0	50	104.90774765624481
n1627	1570	1	0	43	105.1120743749948
n1626	1569	1	0	48	105.0412945312448
n1624	1567	1	0	51	104.8383032812448
n1628	1571	1	0	36	105.19220249999479
n1629	1572	1	0	43	105.27900796874478
n1630	1574	1	0	48	105.38985187499479
n1631	1579	1	0	50	105.53141156249478
n1606	1573	1	0	71	105.42590953124478
n1608	1578	1	0	72	105.62622984374478
n1607	1577	1	0	83	105.42190312499478
n1609	1581	1	0	84	105.62222343749478
n1635	1588	1	0	43	106.11901781249472
n1634	1587	1	0	48	106.02019312499473
n1633	1583	1	0	50	105.87462703124476
n1632	1580	1	0	51	105.72371906249477
n1613	1582	1	0	73	105.84391124999476
n1615	1584	1	0	74	106.00283203124474
n1618	1589	1	0	75	106.33269281249471
n1614	1585	1	0	85	105.83856937499476
n1616	1586	1	0	86	105.99615468749474
n1619	1590	1	0	87	106.32868640624471
n1652	1591	1	0	36	106.31800265624472
n1653	1592	1	0	43	106.49695546874469
n1654	1595	1	0	48	106.60779937499468
n1655	1596	1	0	50	106.71196593749468
n1636	1593	1	0	75	106.4275110937447
n1637	1594	1	0	87	106.4261756249947
n1656	1597	1	0	51	106.80277781249468
n1657	1598	1	0	55	106.89358968749468
n1658	1599	1	0	60	106.99642078124468
n1659	1600	1	0	62	107.09658093749469
n1663	1608	1	0	55	107.47986046874469
n1662	1603	1	0	60	107.3650101562447
n1661	1602	1	0	62	107.2514953124947
n1660	1601	1	0	63	107.18739281249469
n1640	1604	1	0	67	107.47184765624469
n1641	1605	1	0	72	107.47852499999469
n1642	1607	1	0	75	107.48386687499469
n1643	1606	1	0	79	107.47852499999469
n1667	1619	1	0	43	107.90587499999467
n1666	1614	1	0	48	107.80972124999467
n1665	1613	1	0	50	107.65881328124466
n1664	1612	1	0	51	107.54796937499468
n1644	1610	1	0	67	107.57200781249468
n1648	1615	1	0	67	107.86046906249467
n1649	1617	1	0	72	107.86714640624467
n1645	deletion
n1646	1611	1	0	75	107.58402703124467
n1650	1616	1	0	75	107.86180453124467
n1647	1609	1	0	79	107.57467874999467
n1651	1618	1	0	79	107.86714640624467
n1690	1620	1	0	36	107.98600312499465
n1691	1621	1	0	43	108.07280859374464
n1692	1622	1	0	48	108.15827859374463
n1693	1625	1	0	50	108.27312890624461
n1695	1627	1	0	50	108.4627654687446
n1668	1624	1	0	68	107.97398390624465
n1669	1630	1	0	72	107.96463562499466
n1670	1631	1	0	75	107.95929374999466
n1671	1623	1	0	80	107.96730656249466
n1697	1629	1	0	43	108.66308578124459
n1696	1628	1	0	48	108.5829576562446
n1694	1626	1	0	51	108.3959920312446
n1698	1634	1	0	36	108.75790406249459
n1699	1635	1	0	43	108.87809624999457
n1700	1640	1	0	48	108.99695296874457
n1701	1643	1	0	50	109.13717718749454
n1672	1632	1	0	67	108.75389765624459
n1676	1638	1	0	71	108.98092734374457
n1678	1641	1	0	72	109.17189937499454
n1675	1633	1	0	79	108.74855578124459
n1677	1639	1	0	83	108.97692093749457
n1679	1642	1	0	84	109.16789296874454
n1705	1657	1	0	43	109.71677062499451
n1704	1654	1	0	48	109.60993312499451
n1703	1651	1	0	50	109.46837343749452
n1702	1647	1	0	51	109.34283937499454
n1682	1645	1	0	73	109.32147187499454
n1684	1649	1	0	74	109.44834140624452
n1706	1655	1	0	75	109.90106531249451
n1688	deletion
n1686	1652	1	0	77	109.57788187499452
n1683	1646	1	0	85	109.32280734374454
n1685	1650	1	0	86	109.45101234374452
n1707	1656	1	0	87	109.90373624999451
n1689	deletion
n1687	1653	1	0	89	109.57120453124452
n1722	1658	1	0	36	109.9317810937445
n1723	1659	1	0	43	110.0746762499945
n1724	1660	1	0	48	110.1588107812445
n1725	1662	1	0	50	110.2549645312445
n1726	1663	1	0	51	110.3284153124945
n1727	1664	1	0	55	110.4205626562445
n1728	1665	1	0	60	110.5140454687445
n1729	1666	1	0	62	110.6288957812445
n1733	1674	1	0	55	111.00683343749448
n1732	1669	1	0	60	110.89999593749448
n1731	1668	1	0	62	110.7918229687445
n1730	1667	1	0	63	110.7090239062445
n1710	1670	1	0	67	110.99882062499448
n1711	1671	1	0	72	110.99882062499448
n1712	1673	1	0	75	111.00549796874448
n1713	1672	1	0	79	111.00282703124448
n1737	1685	1	0	43	111.43284796874443
n1736	1681	1	0	48	111.33936515624443
n1735	1677	1	0	50	111.21249562499445
n1734	1675	1	0	51	111.08295515624447
n1714	1679	1	0	67	111.09497437499446
n1718	1682	1	0	67	111.48092484374442
n1715	1680	1	0	72	111.09363890624446
n1719	1706	1	0	72	111.48626671874442
n1716	1678	1	0	75	111.09096796874447
n1720	1684	1	0	75	111.48493124999442
n1717	1676	1	0	79	111.09630984374446
n1721	1683	1	0	79	111.48092484374442
n1741	1687	1	0	36	111.59844609374441
n1742	1688	1	0	42	111.72798656249441
n1743	1689	1	0	48	111.8561915624944
n1744	1690	1	0	50	111.97638374999441
n1738	1703	1	0	69	111.60645890624441
n1739	1709	1	0	75	111.60245249999441
n1740	1702	1	0	81	111.61046531249441
n1748	1695	1	0	42	112.3917145312444
n1750	1699	1	0	42	112.57200281249439
n1747	1693	1	0	48	112.26484499999441
n1746	1692	1	0	50	112.16735578124441
n1745	1691	1	0	51	112.07787937499441
n1749	1698	1	0	36	112.45848796874441
n1751	1700	1	0	48	112.66815656249439
n1752	1701	1	0	50	112.7950260937444
n1756	1710	1	0	42	113.23305984374439
n1755	1708	1	0	48	113.11286765624439
n1754	1705	1	0	50	112.9966818749944
n1753	1704	1	0	51	112.92590203124439
n1772	1711	1	0	37	113.58695906249437
n1773	1714	1	0	49	113.88877499999435
n1774	1716	1	0	54	114.04769578124434
n1775	1717	1	0	56	114.15987515624434
n1757	1713	1	0	70	113.57493984374437
n1758	1715	1	0	73	113.57493984374437
n1759	1712	1	0	82	113.57360437499437
n1779	1722	1	0	49	114.61660546874434
n1778	1721	1	0	54	114.47771671874435
n1777	1720	1	0	56	114.39625312499435
n1776	1719	1	0	58	114.28540921874435
n1780	1723	1	0	37	114.70608187499434
n1781	deletion
n1782	1726	1	0	54	114.96783374999433
n1783	1727	1	0	56	115.04796187499433
n1760	1725	1	0	68	114.69940453124434
n1761	1718	1	0	70	114.37622109374435
n1765	1736	1	0	70	114.69539812499434
n1762	1733	1	0	73	114.69673359374434
n1763	1724	1	0	80	114.69139171874434
n1787	1737	1	0	49	115.50869859374431
n1786	1732	1	0	54	115.36580343749432
n1785	1731	1	0	56	115.28968171874432
n1784	1728	1	0	58	115.17750234374432
n1768	1735	1	0	65	115.50736312499431
n1764	1729	1	0	66	115.18952156249432
n1789	1754	1	0	70	115.5995104687443
n1769	deletion
n1790	1757	1	0	73	115.6061878124943
n1770	deletion
n1766	deletion
n1771	1734	1	0	77	115.50602765624431
n1767	1730	1	0	78	115.17883781249432
n1796	1738	1	0	37	115.6315617187443
n1797	1739	1	0	49	115.73706374999428
n1798	1742	1	0	55	115.89064265624427
n1799	1743	1	0	58	115.97878359374425
n1788	1740	1	0	65	115.5995104687443
n1791	1741	1	0	77	115.6061878124943
n1803	1747	1	0	56	116.35137937499425
n1802	1746	1	0	58	116.26190296874425
n1801	1745	1	0	60	116.15773640624425
n1800	1744	1	0	61	116.07093093749425
n1807	1751	1	0	49	116.7840712499942
n1806	1750	1	0	52	116.65987265624422
n1805	1749	1	0	53	116.59443468749421
n1804	1748	1	0	55	116.47424249999423
n1792	1752	1	0	64	116.48893265624423
n1794	1771	1	0	76	116.47023609374423
n1814	deletion
n1811	1758	1	0	43	117.21809859374416
n1810	1756	1	0	44	117.10458374999416
n1809	1755	1	0	46	117.01644281249416
n1808	1753	1	0	48	116.89625062499418
n1828	1759	1	0	35	117.36500015624415
n1829	1760	1	0	47	117.6975318749941
n1830	1763	1	0	52	117.82840781249408
n1831	1765	1	0	54	117.95661281249407
n1812	1764	1	0	68	117.51056624999413
n1813	1762	1	0	71	117.52792734374412
n1815	1761	1	0	80	117.48519234374413
n1835	1769	1	0	47	118.29181546874406
n1834	1768	1	0	52	118.18230703124406
n1833	1767	1	0	54	118.11419812499408
n1832	1766	1	0	56	118.02605718749408
n1836	1770	1	0	35	118.41200765624406
n1837	1772	1	0	47	118.53887718749404
n1838	1775	1	0	52	118.66174031249402
n1839	1776	1	0	54	118.78460343749401
n1816	1774	1	0	66	118.42536234374406
n1817	1782	1	0	68	118.42402687499406
n1818	1783	1	0	71	118.41334312499406
n1819	1773	1	0	78	118.39998843749406
n1843	1787	1	0	47	119.11847062499398
n1842	1781	1	0	52	119.00495578124398
n1841	1780	1	0	54	118.95153703124399
n1840	1777	1	0	56	118.872744374994
n1824	1788	1	0	63	119.16120562499397
n1844	1791	1	0	63	119.24934656249395
n1820	1778	1	0	64	118.874079843744
n1825	1784	1	0	68	119.12381249999397
n1845	1805	1	0	68	119.24400468749396
n1821	deletion
n1826	1785	1	0	71	119.13583171874397
n1846	1807	1	0	71	119.26670765624395
n1822	deletion
n1827	1786	1	0	75	119.14785093749397
n1847	1792	1	0	75	119.24400468749396
n1823	1779	1	0	76	118.846034999994
n1852	1789	1	0	35	119.25068203124395
n1853	1790	1	0	47	119.36553234374394
n1854	1793	1	0	53	119.48438906249392
n1855	1794	1	0	56	119.59256203124392
n1859	1798	1	0	54	119.9718351562439
n1858	1797	1	0	56	119.87568140624391
n1857	1796	1	0	58	119.80089515624391
n1856	1795	1	0	59	119.68871578124391
n1863	1803	1	0	47	120.42856546874384
n1862	1801	1	0	50	120.27632203124385
n1861	1800	1	0	51	120.19886484374386
n1860	1799	1	0	53	120.08401453124388
n1848	1802	1	0	62	120.13476234374387
n1850	1809	1	0	74	120.09202734374388
n1867	1810	1	0	41	120.86793468749379
n1866	1808	1	0	42	120.7357232812438
n1865	1806	1	0	44	120.62354390624382
n1864	1804	1	0	46	120.53273203124382
n1871	1811	1	0	34	121.08027421874378
n1872	1812	1	0	46	121.43550890624373
n1873	1813	1	0	51	121.58508140624373
n1874	1814	1	0	53	121.67856421874373
n1868	1822	1	0	67	121.24854328124376
n1869	1829	1	0	75	121.22851124999376
n1870	1823	1	0	79	121.20313734374376
n1878	1818	1	0	46	122.07519843749371
n1880	1820	1	0	46	122.26483499999371
n1877	1817	1	0	51	121.94699343749372
n1876	1816	1	0	53	121.88689734374373
n1875	1815	1	0	55	121.79207906249373
n1879	1819	1	0	34	122.19939703124372
n1881	1821	1	0	51	122.3836917187437
n1882	1824	1	0	53	122.4811809374937
n1886	1828	1	0	46	122.84042203124368
n1885	1827	1	0	51	122.70687515624368
n1884	1826	1	0	53	122.65078546874369
n1883	1825	1	0	55	122.56397999999369
n1893	1830	1	0	35	122.95527234374367
n1894	1831	1	0	47	123.09950296874365
n1895	1833	1	0	50	123.21969515624363
n1896	1834	1	0	55	123.31985531249363
n1890	1832	1	0	67	122.99533640624367
n1892	1848	1	0	74	123.00201374999367
n1887	1849	1	0	79	122.97797531249367
n1900	1838	1	0	47	123.67375453124362
n1902	1840	1	0	47	123.90211968749358
n1899	1837	1	0	50	123.56558156249362
n1898	1836	1	0	55	123.50414999999363
n1897	1835	1	0	62	123.40265437499363
n1901	1839	1	0	35	123.7912757812436
n1903	1842	1	0	50	124.01964093749356
n1904	1843	1	0	55	124.12514296874356
n1891	1851	1	0	67	123.7538826562436
n1908	1850	1	0	47	124.51777078124353
n1907	1847	1	0	50	124.39357218749355
n1906	1846	1	0	55	124.31477953124354
n1905	1844	1	0	62	124.20794203124356
n1889	1852	1	0	77	124.41093328124354
n1913	1853	1	0	36	124.65398859374352
n1914	1854	1	0	43	124.91841140624351
n1915	1855	1	0	48	125.01189421874349
n1916	1856	1	0	50	125.10270609374348
n1911	1868	1	0	67	124.79154187499351
n1912	1869	1	0	72	124.82759953124351
n1909	1860	1	0	77	124.76483249999352
n1917	1857	1	0	51	125.19485343749346
n1918	1858	1	0	55	125.28566531249346
n1919	1859	1	0	60	125.37647718749345
n1920	1861	1	0	62	125.49666937499344
n1924	1865	1	0	55	125.8438912499934
n1923	1864	1	0	60	125.73438281249341
n1922	1863	1	0	62	125.63689359374342
n1921	1862	1	0	63	125.55676546874344
n1910	1872	1	0	75	125.48331468749345
n1928	deletion
n1927	1870	1	0	48	126.13502343749336
n1926	1867	1	0	50	126.02952140624338
n1925	1866	1	0	51	125.92401937499339
n1938	1873	1	0	29	126.37140140624336
n1939	1874	1	0	37	126.60243749999333
n1940	1876	1	0	41	126.68523656249332
n1941	1879	1	0	43	126.79608046874331
n1936	1893	1	0	65	126.26990578124335
n1937	1883	1	0	68	126.32198906249336
n1929	1875	1	0	75	126.42081374999336
n1931	1878	1	0	75	126.79741593749331
n1930	1877	1	0	77	126.72663609374331
n1942	1880	1	0	44	126.8882278124933
n1943	1881	1	0	49	126.97503328124328
n1944	1882	1	0	53	127.10190281249326
n1945	1884	1	0	55	127.19271468749325
n1947	1888	1	0	55	127.38101578124322
n1932	1885	1	0	73	126.8828859374933
n1933	1886	1	0	75	127.17268265624325
n1949	1890	1	0	49	127.59736171874319
n1948	1889	1	0	53	127.4918596874932
n1946	1887	1	0	56	127.29287484374323
n1934	1891	1	0	77	127.29287484374323
n1953	1896	1	0	32	128.2250320312431
n1952	1895	1	0	37	128.06611124999313
n1951	1894	1	0	41	127.92989343749313
n1950	1892	1	0	44	127.76028890624316
n1935	1897	1	0	68	127.76295984374316
n1956	1898	1	0	31	128.45873906249307
n1958	1900	1	0	39	128.959539843743
n1957	1899	1	0	40	128.834005781243
n1954	1924	1	0	63	128.58827953124305
n1955	1927	1	0	72	128.54821546874305
n1960	1902	1	0	40	129.13982812499296
n1959	1901	1	0	41	129.04901624999297
n1962	1904	1	0	41	129.33881296874293
n1961	1903	1	0	42	129.25601390624294
n1964	1906	1	0	42	129.5458106249929
n1963	1905	1	0	43	129.42695390624291
n1966	1908	1	0	43	129.70072499999287
n1965	1907	1	0	44	129.6045712499929
n1968	1910	1	0	44	129.89036156249284
n1967	1909	1	0	45	129.80622703124286
n1970	1912	1	0	45	130.04394046874282
n1969	1911	1	0	46	129.99185718749283
n1974	1914	1	0	46	130.2108740624928
n1973	1913	1	0	47	130.1267395312428
n1976	1916	1	0	47	130.36178203124277
n1975	1915	1	0	48	130.29634406249278
n1978	1918	1	0	48	130.52070281249274
n1977	1917	1	0	49	130.45125843749275
n1980	1920	1	0	49	130.7130103124927
n1979	1919	1	0	50	130.62219843749273
n1982	1922	1	0	50	130.90264687499268
n1981	1921	1	0	51	130.8145059374927
n1984	1925	1	0	51	131.08427062499266
n1983	1923	1	0	52	130.99212328124267
n1986	1928	1	0	52	131.24586234374263
n1985	1926	1	0	53	131.17641796874264
n1988	1930	1	0	53	131.4234796874926
n1987	1929	1	0	54	131.32999687499262
n1996	1932	1	0	54	131.72396015624255
n1995	1931	1	0	55	131.61845812499257
n1998	1934	1	0	55	131.92294499999252
n1997	1933	1	0	56	131.84815874999254
n1993	1960	1	0	62	131.61311624999257
n1994	1962	1	0	65	131.60376796874257
n1989	1937	1	0	72	131.56370390624258
n2002	1939	1	0	53	132.35430140624246
n2001	1938	1	0	55	132.24078656249247
n2000	1936	1	0	56	132.1165879687425
n1999	1935	1	0	58	132.0244406249925
n1990	1961	1	0	71	132.23544468749247
n2004	1941	1	0	50	132.58400203124242
n2003	1940	1	0	51	132.47849999999244
n2006	1943	1	0	51	132.80702531249239
n2005	1942	1	0	53	132.6761493749924
n1991	1957	1	0	74	132.47983546874244
n2010	1947	1	0	50	133.17294374999233
n2009	1946	1	0	51	133.06209984374235
n2008	1945	1	0	53	133.00601015624235
n2007	1944	1	0	55	132.91386281249237
n2013	1949	1	0	47	133.3331999999923
n2012	1948	1	0	48	133.2637556249923
n2015	1951	1	0	48	133.53084937499227
n2014	1950	1	0	50	133.44404390624229
n2019	1955	1	0	42	133.94618015624224
n2018	1954	1	0	43	133.85002640624225
n2017	1953	1	0	44	133.72582781249227
n2016	1952	1	0	47	133.63368046874228
n2022	1959	1	0	41	134.2399832812422
n2020	1956	1	0	43	134.03165015624222
n2023	1963	1	0	43	134.33213062499217
n2021	1958	1	0	44	134.1411585937422
n2026	1966	1	0	38	134.71808109374211
n2024	1964	1	0	39	134.46167109374215
n2027	1967	1	0	39	134.8943629687421
n2025	1965	1	0	41	134.62459828124213
n2033	1968	1	0	36	135.11605078124205
n2029	1969	1	0	60	135.29900999999202
n2035	1971	1	0	60	135.94270593749192
n2034	1970	1	0	61	135.82117828124194
n2028	2018	1	0	72	135.23223656249203
n2037	1973	1	0	55	136.2044578124919
n2039	1975	1	0	55	136.43148749999187
n2038	1974	1	0	56	136.3219790624919
n2036	1972	1	0	58	136.0856010937419
n2041	1977	1	0	48	136.62245953124184
n2043	1979	1	0	48	136.8441473437418
n2042	1978	1	0	49	136.73597437499183
n2040	1976	1	0	52	136.54500234374186
n2045	1981	1	0	43	137.04446765624178
n2047	1983	1	0	43	137.24078156249175
n2046	1982	1	0	44	137.14996968749176
n2044	1980	1	0	46	136.9309528124918
n2053	1985	1	0	36	137.5252364062417
n2055	1987	1	0	36	137.73223406249167
n2052	1984	1	0	41	137.38100578124173
n2054	1986	1	0	41	137.6227256249917
n2050	2001	1	0	65	137.38501218749172
n2051	1999	1	0	68	137.37699937499173
n2057	1989	1	0	36	137.93255437499164
n2059	1991	1	0	36	138.1515712499916
n2061	1993	1	0	36	138.38928468749157
n2056	1988	1	0	41	137.83105874999166
n2058	1990	1	0	41	138.02737265624162
n2063	1995	1	0	36	138.60295968749153
n2060	1992	1	0	41	138.27977624999158
n2062	1994	1	0	41	138.49879312499155
n2049	2000	1	0	74	138.1916353124916
n2065	1997	1	0	36	138.8580342187415
n2067	2002	1	0	36	139.12379249999145
n2064	1996	1	0	41	138.72181640624152
n2066	1998	1	0	41	138.97288453124148
n2071	2003	1	0	48	139.6659928124914
n2073	2005	1	0	60	140.26428281249133
n2072	2004	1	0	61	140.16812906249135
n2068	2016	1	0	64	139.6192514062414
n2069	2019	1	0	67	139.6018903124914
n2070	2015	1	0	76	139.5511424999914
n2075	2007	1	0	55	140.4806287499913
n2077	2009	1	0	55	140.66358796874127
n2076	2008	1	0	56	140.58078890624128
n2074	2006	1	0	58	140.3951587499913
n2079	2011	1	0	48	140.84788265624124
n2081	2013	1	0	48	141.0428610937412
n2080	2012	1	0	49	140.96139749999122
n2078	2010	1	0	52	140.75707078124125
n2083	2017	1	0	43	141.25386515624118
n2085	2021	1	0	43	141.43949531249115
n2084	2020	1	0	44	141.35135437499116
n2082	2014	1	0	46	141.1496985937412
n2094	2023	1	0	36	141.9215995312411
n2096	2025	1	0	36	142.19804156249108
n2098	2028	1	0	36	142.39969734374105
n2093	2022	1	0	41	141.7052535937411
n2095	2024	1	0	41	142.0778493749911
n2091	2043	1	0	60	141.6718668749911
n2089	2027	1	0	67	141.6812151562411
n2092	2036	1	0	68	141.6598476562411
n2086	2033	1	0	72	141.63848015624112
n2100	2030	1	0	36	142.61470781249105
n2102	2032	1	0	36	142.884472499991
n2097	2026	1	0	41	142.29285984374107
n2099	2029	1	0	41	142.48917374999104
n2104	2035	1	0	36	143.20364953124096
n2101	2031	1	0	41	142.73089359374103
n2103	2034	1	0	41	143.02736765624098
n2090	2039	1	0	65	142.82036999999102
n2106	2038	1	0	36	143.60829656249092
n2108	2044	1	0	36	143.92213171874087
n2105	2037	1	0	41	143.44136296874095
n2107	2040	1	0	41	143.7551981249909
n2087	2042	1	0	71	143.42266640624095
n2088	2041	1	0	74	143.38794421874096
n2127	2045	1	0	48	144.70070999999083
n2109	2046	1	0	64	144.62859468749085
n2110	2047	1	0	67	144.63660749999084
n2111	2049	1	0	72	144.63527203124085
n2112	2048	1	0	76	144.59387249999085
n2129	2052	1	0	79	145.9907728124908
n2128	2051	1	0	80	145.8265101562408
n2114	2053	1	0	91	145.9627279687408
n2113	2050	1	0	92	145.8038071874908
n2131	2056	1	0	72	146.22982171874077
n2133	2060	1	0	72	146.43815484374073
n2126	2078	1	0	72	147.19002374999062
n2132	2058	1	0	73	146.35402031249075
n2125	2077	1	0	73	147.09386999999063
n2130	2055	1	0	76	146.11897781249078
n2116	2057	1	0	84	146.21913796874077
n2118	2062	1	0	84	146.45284499999073
n2117	2061	1	0	85	146.33398828124075
n2115	2054	1	0	88	146.10695859374079
n2135	2065	1	0	67	146.6304623437407
n2137	2068	1	0	67	146.81075062499067
n2136	2067	1	0	68	146.7279515624907
n2134	2063	1	0	70	146.53697953124072
n2120	2066	1	0	79	146.6277914062407
n2122	2070	1	0	79	146.81742796874067
n2121	2069	1	0	80	146.7092549999907
n2119	2064	1	0	82	146.53430859374072
n2139	2073	1	0	60	146.98569703124065
n2141	2076	1	0	60	147.17399812499062
n2140	2075	1	0	61	147.09921187499063
n2138	2071	1	0	64	146.91224624999066
n2124	2074	1	0	72	146.99771624999065
n2123	2072	1	0	76	146.91091078124066
n2159	2081	1	0	55	147.3529509374906
n2161	2084	1	0	55	147.52389093749056
n2160	2083	1	0	56	147.44376281249058
n2158	2079	1	0	58	147.2634745312406
n2143	2082	1	0	67	147.3622992187406
n2145	2086	1	0	67	147.53457468749056
n2144	2085	1	0	68	147.44242734374058
n2142	2080	1	0	70	147.2741582812406
n2163	2089	1	0	48	147.68281171874054
n2165	2092	1	0	48	147.8871384374905
n2164	2091	1	0	49	147.81101671874052
n2162	2087	1	0	52	147.62538656249055
n2147	2090	1	0	60	147.71219203124053
n2149	2094	1	0	60	147.9111768749905
n2148	2093	1	0	61	147.81769406249052
n2146	2088	1	0	64	147.62271562499055
n2167	2097	1	0	43	148.07677499999048
n2169	2100	1	0	43	148.22100562499045
n2168	deletion
n2166	2095	1	0	46	147.9859631249905
n2151	2098	1	0	55	148.07944593749048
n2153	2105	1	0	55	148.26240515624045
n2152	2102	1	0	56	148.16892234374046
n2150	2096	1	0	58	147.9913049999905
n2171	2107	1	0	36	148.34386874999043
n2173	2111	1	0	36	148.5481954687404
n2172	2109	1	0	37	148.4867639062404
n2170	2104	1	0	40	148.30380468749044
n2155	2108	1	0	48	148.44536437499042
n2157	2112	1	0	48	148.65770390624039
n2156	2110	1	0	49	148.5481954687404
n2154	2106	1	0	52	148.34119781249044
n2182	2115	1	0	29	148.87538531249035
n2183	2114	1	0	41	148.86870796874035
n2174	2119	1	0	48	148.84333406249036
n2175	2118	1	0	53	148.85001140624036
n2176	2117	1	0	57	148.85401781249035
n2177	2116	1	0	60	148.84867593749036
n2184	2121	1	0	29	150.2616018749903
n2185	2120	1	0	41	150.2589309374903
n2178	2124	1	0	48	150.2108540624903
n2179	2125	1	0	53	150.2175314062403
n2180	2123	1	0	56	150.2135249999903
n2181	2122	1	0	60	150.2121895312403
n2194	2126	1	0	24	151.71592734374025
n2195	2127	1	0	36	151.71592734374025
n2186	2128	1	0	48	151.68521156249025
n2187	2131	1	0	53	151.69322437499025
n2188	2132	1	0	55	151.69455984374025
n2189	2129	1	0	60	151.68521156249025
n2196	2135	1	0	24	152.28083062499022
n2197	2136	1	0	36	152.28483703124022
n2190	2137	1	0	48	152.28083062499022
n2191	2139	1	0	52	152.28884343749021
n2192	2140	1	0	55	152.28884343749021
n2193	2138	1	0	60	152.28350156249022
insertion	37	1	0	38	5.308488281250002
insertion	41	1	0	34	5.42600953125
insertion	58	1	0	45	7.306349531250009
insertion	199	1	0	45	14.395017656250007
insertion	266	1	0	61	19.40169000000001
insertion	273	1	0	53	19.576636406250007
insertion	285	1	0	68	20.03336671875
insertion	306	1	0	80	21.241965937499995
insertion	402	1	0	47	26.888327812499977
insertion	431	1	0	47	28.791370781249974
insertion	542	1	0	68	36.82555078124966
insertion	570	1	0	48	38.782012499999546
insertion	597	1	0	80	40.12816499999951
insertion	768	1	0	45	52.33167843749857
insertion	786	1	0	47	53.76864281249845
insertion	819	1	0	38	55.80389718749825
insertion	826	1	0	54	56.3781487499982
insertion	837	1	0	47	57.15272062499814
insertion	840	1	0	41	57.375743906248125
insertion	857	1	0	74	57.78973921874809
insertion	865	1	0	52	58.790005312498
insertion	874	1	0	74	58.32392671874805
insertion	867	1	0	48	58.87013343749799
insertion	883	1	0	82	59.497803749997935
insertion	879	1	0	42	59.342889374997945
insertion	888	1	0	76	59.59796390624793
insertion	918	1	0	79	60.156189843747896
insertion	921	1	0	76	60.157525312497896
insertion	922	1	0	29	62.320984687497756
insertion	986	1	0	53	67.0872726562476
insertion	1007	1	0	55	68.5963523437475
insertion	1010	1	0	49	68.74726031249749
insertion	1015	1	0	40	68.92087124999748
insertion	1020	1	0	35	69.42701390624744
insertion	1029	1	0	34	69.97054968749742
insertion	1059	1	0	38	72.93796124999722
insertion	1070	1	0	78	73.54292859374719
insertion	1074	1	0	88	73.86210562499717
insertion	1083	1	0	53	74.94383531249711
insertion	1115	1	0	78	77.27289281249695
insertion	1118	1	0	35	77.56936687499693
insertion	1151	1	0	60	79.57123453124679
insertion	1156	1	0	57	79.66872374999677
insertion	1170	1	0	48	80.26300734374668
insertion	1176	1	0	41	80.54078484374665
insertion	1209	1	0	45	82.25953312499645
insertion	1223	1	0	37	82.82443640624636
insertion	1237	1	0	45	83.60301468749627
insertion	1279	1	0	42	87.18474187499605
insertion	1344	1	0	78	91.36475906249582
insertion	1348	1	0	82	91.53970546874581
insertion	1362	1	0	85	92.16604031249577
insertion	1364	1	0	45	92.25818765624575
insertion	1382	1	0	52	93.33190453124571
insertion	1411	1	0	78	95.29904999999556
insertion	1416	1	0	48	95.50471218749556
insertion	1435	1	0	51	96.6278414062455
insertion	1440	1	0	75	96.84952921874549
insertion	1443	1	0	75	97.00844999999548
insertion	1458	1	0	74	97.44114187499542
insertion	1465	1	0	43	98.04477374999539
insertion	1484	1	0	76	98.93152499999533
insertion	1478	1	0	52	98.63371546874536
insertion	1486	1	0	52	98.93286046874533
insertion	1491	1	0	75	99.07709109374531
insertion	1498	1	0	34	99.43099031249527
insertion	1502	1	0	50	99.73280624999525
insertion	1512	1	0	48	100.46731406249518
insertion	1516	1	0	52	100.75176890624515
insertion	1549	1	0	47	103.10085843749488
insertion	1575	1	0	79	105.45662531249478
insertion	1576	1	0	78	105.46864453124478
insertion	1636	1	0	78	109.02099140624456
insertion	1637	1	0	80	109.02366234374456
insertion	1644	1	0	82	109.35619406249454
insertion	1648	1	0	82	109.46703796874452
insertion	1661	1	0	47	110.19219749999449
insertion	1686	1	0	38	111.61447171874441
insertion	1694	1	0	47	112.2982317187444
insertion	1696	1	0	41	112.3903790624944
insertion	1697	1	0	40	112.43979140624441
insertion	1707	1	0	49	113.06612624999438
insertion	1841	1	0	52	124.02898921874356
insertion	1845	1	0	60	124.25201249999355
insertion	1871	1	0	45	126.22316437499336
insertion	2059	1	0	86	146.42079374999074
insertion	2099	1	0	42	148.17426421874046
insertion	2101	1	0	39	148.23302484374045
insertion	2103	1	0	38	148.29579187499044
insertion	2113	1	0	32	148.90476562499035
insertion	2130	1	0	31	151.75599140624024
insertion	2133	1	0	27	151.78670718749024
insertion	2134	1	0	57	151.81074562499023
