xml_id	midi_id	track	channel	pitch	onset
n4	3	1	0	60	0.9973958333333334
n2	1	1	0	65	0.6015625
n1	0	1	0	67	0.5
n3	2	1	0	67	0.7096354166666667
n8	6	1	0	67	1.299479166666667
n6	5	1	0	69	1.2382812500000002
n9	deletion
n7	7	1	0	67	1.7825520833333337
n12	9	1	0	64	2.7070312500000004
n11	8	1	0	65	2.579427083333334
n15	12	1	0	64	3.071614583333334
n13	10	1	0	65	2.821614583333334
n16	13	1	0	65	3.196614583333334
n14	11	1	0	67	2.9401041666666674
n18	14	1	0	62	3.3320312500000004
n20	16	1	0	64	3.5664062500000004
n19	15	1	0	65	3.4492187500000004
n21	17	1	0	65	3.6848958333333335
n24	20	1	0	65	4.071614583333333
n22	18	1	0	67	3.8216145833333335
n25	21	1	0	67	4.1796875
n23	19	1	0	69	3.9309895833333335
n33	23	1	0	62	4.423177083333334
n32	22	1	0	64	4.30859375
n34	24	1	0	64	4.550781250000001
n35	27	1	0	65	4.673177083333334
n29	26	1	0	71	4.653645833333334
n28	25	1	0	72	4.567708333333334
n38	32	1	0	62	5.046875000000002
n36	29	1	0	64	4.789062500000002
n39	33	1	0	64	5.179687500000002
n37	30	1	0	65	4.916666666666669
n31	31	1	0	67	5.022135416666669
n30	28	1	0	72	4.768229166666668
n44	37	1	0	59	5.417968750000002
n43	36	1	0	60	5.305989583333336
n45	38	1	0	60	5.544270833333335
n46	40	1	0	62	5.662760416666669
n51	35	1	0	74	5.325520833333336
n41	34	1	0	76	5.278645833333336
n52	39	1	0	76	5.372395833333336
n49	43	1	0	59	6.032552083333337
n47	41	1	0	60	5.783854166666669
n50	45	1	0	60	6.161458333333337
n48	42	1	0	62	5.898437500000003
n42	44	1	0	74	5.795572916666669
n60	46	1	0	57	6.302083333333336
n61	47	1	0	59	6.416666666666669
n62	48	1	0	60	6.549479166666669
n63	51	1	0	62	6.664062500000002
n55	50	1	0	71	6.671875000000002
n54	49	1	0	72	6.559895833333336
n64	52	1	0	64	6.782552083333335
n65	54	1	0	66	6.912760416666669
n66	60	1	0	67	7.032552083333336
n58	56	1	0	71	7.029947916666669
n56	53	1	0	72	6.800781250000002
n59	57	1	0	72	7.15494791666667
n57	55	1	0	74	6.914062500000002
n78	63	1	0	64	7.645833333333337
n77	62	1	0	66	7.52604166666667
n68	58	1	0	69	7.28385416666667
n70	61	1	0	71	7.528645833333337
n69	59	1	0	72	7.388020833333337
n71	64	1	0	72	7.649739583333337
n79	65	1	0	66	7.7421875000000036
n74	70	1	0	72	7.97916666666667
n72	66	1	0	74	7.786458333333337
n75	72	1	0	74	8.106770833333336
n73	68	1	0	76	7.8854166666666705
n92	78	1	0	53	8.605468750000002
n91	76	1	0	55	8.481770833333336
n89	84	1	0	67	8.243489583333336
n82	75	1	0	69	8.345052083333336
n81	74	1	0	71	8.243489583333336
n83	77	1	0	71	8.489583333333336
n84	79	1	0	72	8.596354166666668
n94	83	1	0	48	8.984375000000002
n93	80	1	0	55	8.729166666666668
n87	85	1	0	69	9.009114583333336
n85	81	1	0	71	8.721354166666668
n88	86	1	0	71	9.12760416666667
n86	82	1	0	72	8.863281250000002
n107	88	1	0	55	9.325520833333336
n105	87	1	0	57	9.26432291666667
n108	93	1	0	57	9.393229166666668
n100	90	1	0	64	9.368489583333336
n101	91	1	0	65	9.509114583333336
n96	92	1	0	69	9.632812500000002
n95	89	1	0	72	9.27604166666667
n106	98	1	0	55	9.773437500000002
n103	95	1	0	62	9.877604166666668
n104	96	1	0	64	10.005208333333334
n98	97	1	0	67	10.123697916666668
n97	94	1	0	70	9.770833333333336
n117	102	1	0	52	10.652343750000002
n116	101	1	0	53	10.526041666666668
n113	100	1	0	62	10.536458333333334
n109	99	1	0	69	10.276041666666668
n120	107	1	0	52	11.02994791666667
n118	105	1	0	53	10.761718750000002
n121	108	1	0	53	11.15885416666667
n119	106	1	0	55	10.886718750000004
n114	104	1	0	67	10.78385416666667
n110	103	1	0	71	10.774739583333336
n111	109	1	0	72	11.02604166666667
n130	111	1	0	50	11.296875000000004
n132	115	1	0	52	11.531250000000004
n131	113	1	0	53	11.411458333333337
n133	117	1	0	53	11.639322916666671
n125	110	1	0	65	11.300781250000004
n127	114	1	0	67	11.532552083333337
n126	112	1	0	69	11.391927083333337
n128	116	1	0	69	11.630208333333337
n123	119	1	0	72	11.528645833333337
n136	122	1	0	53	12.037760416666671
n134	118	1	0	55	11.781250000000005
n137	123	1	0	55	12.136718750000005
n135	120	1	0	57	11.898437500000005
n129	121	1	0	62	11.77083333333334
n124	124	1	0	71	12.014322916666671
n147	128	1	0	50	12.395833333333341
n146	127	1	0	52	12.277343750000005
n148	129	1	0	52	12.522135416666673
n149	131	1	0	53	12.639322916666673
n143	125	1	0	60	12.283854166666673
n138	126	1	0	72	12.27864583333334
n140	132	1	0	77	12.64192708333334
n139	130	1	0	79	12.54036458333334
n152	137	1	0	50	13.015625000000007
n150	134	1	0	52	12.742187500000007
n153	138	1	0	52	13.136718750000007
n151	135	1	0	53	12.865885416666673
n142	136	1	0	72	13.011718750000007
n141	133	1	0	79	12.764322916666673
n161	141	1	0	52	13.397135416666673
n160	139	1	0	53	13.270833333333341
n162	143	1	0	53	13.53255208333334
n163	145	1	0	55	13.65755208333334
n157	144	1	0	71	13.64583333333334
n156	142	1	0	72	13.545572916666673
n154	140	1	0	81	13.281250000000007
n166	151	1	0	52	14.029947916666673
n164	147	1	0	53	13.765625000000007
n167	152	1	0	53	14.158854166666671
n165	148	1	0	55	13.893229166666673
n159	150	1	0	67	14.014322916666673
n158	146	1	0	72	13.757812500000007
n155	149	1	0	79	13.764322916666673
n176	156	1	0	49	14.419270833333337
n175	153	1	0	50	14.298177083333337
n177	157	1	0	50	14.541666666666671
n178	160	1	0	52	14.657552083333337
n173	154	1	0	74	14.295572916666671
n168	155	1	0	78	14.290364583333337
n170	159	1	0	79	14.647135416666671
n169	158	1	0	81	14.554687500000005
n181	166	1	0	52	15.032552083333336
n179	163	1	0	54	14.777343750000004
n182	167	1	0	54	15.157552083333336
n180	164	1	0	55	14.911458333333336
n174	161	1	0	72	14.774739583333337
n172	165	1	0	74	15.015625000000002
n171	162	1	0	81	14.768229166666671
n191	171	1	0	54	15.39322916666667
n190	168	1	0	55	15.29947916666667
n192	172	1	0	55	15.535156250000002
n193	175	1	0	57	15.640625000000002
n185	169	1	0	71	15.302083333333336
n187	174	1	0	72	15.649739583333336
n186	173	1	0	74	15.554687500000002
n183	170	1	0	83	15.286458333333336
n196	181	1	0	53	16.015625
n194	177	1	0	55	15.770833333333334
n197	182	1	0	55	16.147135416666664
n195	178	1	0	57	15.880208333333334
n189	179	1	0	69	16.0234375
n188	176	1	0	74	15.779947916666668
n184	180	1	0	81	15.782552083333334
n206	186	1	0	50	16.410156249999993
n205	184	1	0	52	16.277343749999996
n207	187	1	0	52	16.536458333333325
n208	191	1	0	54	16.677083333333325
n203	183	1	0	76	16.30989583333333
n198	185	1	0	80	16.28645833333333
n200	189	1	0	81	16.627604166666657
n199	188	1	0	83	16.532552083333325
n211	196	1	0	54	17.014322916666657
n209	193	1	0	56	16.779947916666657
n212	197	1	0	56	17.14062499999999
n210	194	1	0	57	16.897135416666657
n204	190	1	0	74	16.755208333333325
n202	195	1	0	76	16.99999999999999
n201	192	1	0	83	16.747395833333325
n220	200	1	0	56	17.380208333333325
n219	198	1	0	57	17.26953124999999
n221	201	1	0	57	17.51171874999999
n222	204	1	0	59	17.615885416666657
n214	199	1	0	72	17.305989583333325
n216	203	1	0	74	17.631510416666657
n215	202	1	0	76	17.53124999999999
n213	211	1	0	84	17.272135416666657
n225	209	1	0	55	17.992187499999993
n223	206	1	0	57	17.73958333333332
n226	210	1	0	57	18.126302083333325
n224	207	1	0	59	17.845052083333325
n217	205	1	0	76	17.75520833333332
n218	208	1	0	81	17.992187499999993
n234	215	1	0	52	18.48958333333332
n232	212	1	0	54	18.255208333333325
n235	216	1	0	54	18.613281249999986
n233	213	1	0	55	18.369791666666657
n231	223	1	0	74	18.252604166666657
n228	214	1	0	84	18.49739583333332
n236	218	1	0	55	18.738281249999986
n239	222	1	0	55	19.10807291666665
n237	219	1	0	57	18.845052083333318
n238	221	1	0	59	18.970052083333318
n230	220	1	0	79	18.97916666666665
n229	217	1	0	83	18.738281249999986
n249	226	1	0	59	19.376302083333318
n248	224	1	0	60	19.25260416666665
n250	228	1	0	60	19.481770833333318
n251	230	1	0	62	19.59635416666665
n245	229	1	0	71	19.597656249999982
n244	227	1	0	72	19.48697916666665
n240	225	1	0	76	19.24088541666665
n254	235	1	0	59	19.955729166666654
n252	233	1	0	60	19.720052083333318
n255	236	1	0	60	20.067708333333318
n253	234	1	0	62	19.819010416666654
n246	231	1	0	69	19.712239583333318
n247	237	1	0	71	19.976562499999986
n241	232	1	0	78	19.714843749999986
n242	239	1	0	79	19.963541666666654
n270	238	1	0	62	20.22916666666665
n263	243	1	0	67	20.578124999999986
n262	240	1	0	69	20.477864583333318
n258	242	1	0	76	20.565104166666654
n257	241	1	0	78	20.484374999999986
n265	247	1	0	62	20.967447916666647
n264	244	1	0	69	20.708333333333318
n259	245	1	0	78	20.731770833333318
n267	248	1	0	78	20.843749999999982
n269	deletion
n266	246	1	0	79	20.781249999999982
n260	249	1	0	79	21.069010416666647
n271	253	1	0	79	21.22265624999998
n268	deletion
n277	251	1	0	55	21.23828124999998
n279	256	1	0	65	21.611979166666643
n278	255	1	0	67	21.48567708333331
n275	257	1	0	71	21.350260416666647
n272	254	1	0	76	21.47265624999998
n282	262	1	0	65	21.97916666666664
n280	259	1	0	67	21.736979166666643
n283	263	1	0	67	22.102864583333304
n276	252	1	0	69	21.27473958333331
n281	260	1	0	69	21.742187499999975
n273	258	1	0	73	21.73177083333331
n274	261	1	0	74	21.97526041666664
n299	264	1	0	64	22.230468749999968
n294	268	1	0	65	22.591145833333297
n293	267	1	0	67	22.475260416666632
n285	265	1	0	79	22.332031249999968
n287	269	1	0	81	22.578124999999964
n286	266	1	0	82	22.468749999999964
n297	275	1	0	65	22.9427083333333
n295	270	1	0	67	22.700520833333297
n298	276	1	0	67	23.033854166666632
n296	273	1	0	69	22.816406249999964
n291	277	1	0	74	23.0559895833333
n290	274	1	0	76	22.929687499999964
n289	272	1	0	77	22.817708333333297
n288	271	1	0	79	22.710937499999964
n312	284	1	0	62	23.446614583333304
n303	278	1	0	64	23.188802083333304
n305	281	1	0	65	23.42838541666664
n304	280	1	0	67	23.29947916666664
n306	283	1	0	67	23.545572916666636
n300	279	1	0	73	23.182291666666636
n301	282	1	0	74	23.43749999999997
n313	285	1	0	53	23.671874999999968
n314	288	1	0	57	23.914062499999964
n309	289	1	0	67	23.916666666666632
n307	286	1	0	69	23.674479166666636
n310	291	1	0	69	24.007812499999964
n308	287	1	0	70	23.7786458333333
n302	290	1	0	73	23.912760416666632
n328	294	1	0	50	24.179687499999964
n321	295	1	0	64	24.298177083333293
n320	292	1	0	65	24.180989583333297
n322	296	1	0	65	24.436197916666625
n323	299	1	0	67	24.56770833333329
n317	298	1	0	73	24.554687499999957
n316	297	1	0	74	24.446614583333293
n326	304	1	0	64	24.93098958333329
n324	301	1	0	65	24.671874999999954
n327	305	1	0	65	25.06510416666662
n325	302	1	0	67	24.80989583333329
n319	303	1	0	69	24.914062499999957
n318	300	1	0	74	24.665364583333286
n334	309	1	0	60	25.31901041666662
n333	307	1	0	62	25.210937499999957
n335	310	1	0	62	25.44010416666662
n336	312	1	0	64	25.55338541666662
n331	306	1	0	77	25.175781249999957
n339	315	1	0	60	25.940104166666618
n337	313	1	0	62	25.68619791666662
n340	317	1	0	62	26.048177083333286
n338	314	1	0	64	25.796874999999954
n332	316	1	0	76	25.67447916666662
n349	318	1	0	59	26.19140624999995
n350	319	1	0	60	26.307291666666615
n351	320	1	0	62	26.43489583333328
n352	323	1	0	64	26.55338541666661
n344	322	1	0	72	26.54557291666661
n343	321	1	0	74	26.43880208333328
n353	325	1	0	66	26.67838541666661
n354	326	1	0	68	26.79557291666661
n355	332	1	0	69	26.91276041666661
n347	328	1	0	72	26.91927083333328
n345	324	1	0	74	26.66536458333328
n348	329	1	0	74	27.019531249999947
n346	327	1	0	76	26.785156249999943
n367	336	1	0	66	27.54166666666661
n366	334	1	0	68	27.41145833333328
n357	330	1	0	71	27.175781249999947
n359	333	1	0	72	27.40885416666661
n358	331	1	0	74	27.28776041666661
n360	335	1	0	74	27.52994791666661
n368	337	1	0	68	27.652343749999943
n372	341	1	0	68	27.83463541666661
n374	344	1	0	68	28.007812499999943
n370	deletion
n371	339	1	0	69	27.74479166666661
n369	deletion
n373	deletion
n363	342	1	0	74	27.880208333333275
n361	338	1	0	76	27.65885416666661
n364	345	1	0	76	27.993489583333275
n362	340	1	0	77	27.769531249999947
n382	348	1	0	68	28.25260416666661
n381	347	1	0	69	28.132812499999943
n383	349	1	0	69	28.386718749999947
n384	352	1	0	71	28.502604166666618
n376	346	1	0	72	28.128906249999943
n378	351	1	0	74	28.494791666666618
n377	350	1	0	76	28.412760416666615
n387	357	1	0	67	28.86979166666662
n385	354	1	0	69	28.598958333333286
n388	358	1	0	69	28.99479166666662
n386	355	1	0	71	28.72786458333329
n380	356	1	0	72	28.867187499999954
n379	353	1	0	76	28.609374999999954
n395	361	1	0	64	29.266927083333286
n394	360	1	0	66	29.136718749999954
n396	362	1	0	66	29.391927083333286
n397	364	1	0	67	29.50390624999995
n391	363	1	0	72	29.364583333333286
n390	359	1	0	81	29.10677083333329
n400	369	1	0	64	29.847656249999954
n398	366	1	0	66	29.619791666666618
n401	370	1	0	66	29.972656249999954
n399	367	1	0	67	29.730468749999954
n392	365	1	0	69	29.602864583333286
n393	368	1	0	74	29.855468749999954
n409	373	1	0	66	30.24348958333329
n408	372	1	0	67	30.113281249999954
n410	374	1	0	67	30.374999999999954
n411	376	1	0	69	30.475260416666618
n403	371	1	0	71	30.11197916666662
n405	377	1	0	72	30.467447916666618
n404	375	1	0	74	30.374999999999954
n414	382	1	0	65	30.826822916666615
n412	379	1	0	67	30.582031249999947
n415	383	1	0	67	30.93619791666661
n413	380	1	0	69	30.700520833333282
n407	381	1	0	71	30.828124999999947
n406	378	1	0	74	30.574218749999947
n422	386	1	0	62	31.213541666666607
n421	385	1	0	64	31.065104166666607
n423	387	1	0	64	31.346354166666607
n424	388	1	0	65	31.46484374999994
n418	389	1	0	70	31.322916666666607
n417	384	1	0	79	31.07031249999994
n427	395	1	0	62	31.813802083333268
n425	391	1	0	64	31.576822916666604
n428	396	1	0	64	31.92708333333327
n426	393	1	0	65	31.686197916666604
n419	390	1	0	67	31.561197916666604
n420	394	1	0	72	31.809895833333268
n438	399	1	0	64	32.187499999999936
n437	398	1	0	65	32.0572916666666
n439	400	1	0	65	32.33072916666661
n440	403	1	0	67	32.441406249999936
n430	397	1	0	69	32.063802083333265
n432	402	1	0	72	32.43489583333327
n431	401	1	0	74	32.33333333333327
n443	408	1	0	64	32.7955729166666
n441	404	1	0	65	32.555989583333265
n444	410	1	0	65	32.88020833333327
n442	406	1	0	67	32.675781249999936
n435	409	1	0	72	32.786458333333265
n433	405	1	0	74	32.5533854166666
n436	411	1	0	74	32.89322916666661
n434	407	1	0	76	32.664062499999936
n454	412	1	0	62	33.02994791666661
n456	418	1	0	65	33.39713541666661
n455	416	1	0	67	33.28385416666661
n447	414	1	0	69	33.14973958333327
n446	413	1	0	71	33.02604166666661
n448	415	1	0	71	33.28645833333327
n449	417	1	0	72	33.38802083333327
n459	423	1	0	65	33.73307291666661
n457	420	1	0	67	33.51171874999994
n460	425	1	0	67	33.85156249999994
n458	421	1	0	69	33.63281249999994
n452	424	1	0	69	33.73437499999994
n450	419	1	0	71	33.49999999999994
n453	426	1	0	71	33.83854166666661
n451	422	1	0	72	33.60026041666661
n470	429	1	0	62	34.09374999999994
n469	428	1	0	64	33.96093749999994
n471	430	1	0	64	34.221354166666615
n472	433	1	0	65	34.34244791666662
n462	427	1	0	67	33.96093749999994
n464	432	1	0	71	34.337239583333286
n463	431	1	0	72	34.229166666666615
n475	439	1	0	62	34.68749999999995
n473	434	1	0	64	34.45312499999995
n476	440	1	0	64	34.813802083333286
n474	436	1	0	65	34.576822916666615
n467	438	1	0	70	34.68359374999995
n465	435	1	0	72	34.45312499999995
n468	441	1	0	72	34.79947916666662
n466	437	1	0	74	34.56770833333328
n486	442	1	0	60	34.92968749999996
n488	448	1	0	64	35.30729166666662
n487	446	1	0	65	35.178385416666615
n479	444	1	0	67	35.05078124999995
n478	443	1	0	69	34.92968749999996
n480	445	1	0	69	35.18749999999995
n481	447	1	0	70	35.290364583333286
n491	453	1	0	64	35.63671874999995
n489	449	1	0	65	35.41015624999995
n492	455	1	0	65	35.75781249999994
n490	451	1	0	67	35.52473958333328
n484	454	1	0	67	35.647135416666615
n482	450	1	0	69	35.41015624999995
n485	456	1	0	69	35.73567708333328
n483	452	1	0	70	35.51302083333328
n496	461	1	0	60	36.005208333333286
n495	458	1	0	62	35.87630208333328
n497	464	1	0	62	36.11588541666662
n498	466	1	0	64	36.22656249999996
n494	457	1	0	65	35.86848958333328
n504	460	1	0	65	35.99999999999995
n506	463	1	0	65	36.14713541666662
n508	467	1	0	65	36.27343749999996
n510	470	1	0	65	36.397135416666615
n503	459	1	0	67	35.92708333333328
n505	462	1	0	67	36.05859374999996
n507	465	1	0	67	36.20572916666662
n509	468	1	0	67	36.33072916666662
n501	474	1	0	60	36.55729166666661
n499	469	1	0	62	36.341145833333286
n502	477	1	0	62	36.67187499999994
n500	472	1	0	64	36.444010416666615
n519	481	1	0	57	36.88671874999994
n518	479	1	0	59	36.76953124999994
n520	482	1	0	59	37.00520833333327
n521	484	1	0	60	37.13802083333327
n526	480	1	0	65	36.76302083333328
n515	485	1	0	72	37.14583333333327
n514	483	1	0	74	37.02604166666661
n524	490	1	0	57	37.49218749999994
n522	487	1	0	59	37.24348958333328
n525	491	1	0	59	37.60286458333327
n523	488	1	0	60	37.36067708333328
n517	489	1	0	65	37.47656249999994
n516	486	1	0	74	37.24739583333328
n541	496	1	0	47	38.07291666666661
n540	494	1	0	48	37.97135416666661
n536	500	1	0	60	37.72916666666661
n529	493	1	0	62	37.84505208333327
n528	492	1	0	64	37.72395833333327
n530	495	1	0	64	37.97786458333327
n531	497	1	0	65	38.09765624999994
n543	503	1	0	43	38.48177083333328
n542	498	1	0	48	38.19661458333328
n538	506	1	0	59	38.48567708333328
n534	504	1	0	62	38.47656249999994
n532	499	1	0	64	38.21614583333328
n535	505	1	0	64	38.588541666666615
n533	501	1	0	65	38.33984374999994
n554	507	1	0	52	38.72656249999995
n550	511	1	0	57	38.973958333333286
n549	510	1	0	59	38.841145833333286
n544	509	1	0	60	38.75781249999995
n545	513	1	0	60	39.118489583333286
n555	518	1	0	50	39.25260416666662
n553	516	1	0	55	39.48437499999996
n552	515	1	0	57	39.36197916666662
n546	514	1	0	59	39.25651041666662
n547	517	1	0	59	39.60937499999996
n563	521	1	0	47	40.16145833333329
n562	519	1	0	48	40.0286458333333
n559	522	1	0	55	40.007812499999964
n556	520	1	0	57	39.761718749999964
n566	526	1	0	47	40.50520833333329
n564	523	1	0	48	40.263020833333286
n567	528	1	0	48	40.61979166666663
n565	525	1	0	50	40.38671874999996
n560	524	1	0	54	40.274739583333286
n561	527	1	0	55	40.53645833333329
n557	529	1	0	59	40.51302083333329
n575	530	1	0	45	40.75651041666662
n577	534	1	0	47	40.97656249999996
n576	532	1	0	48	40.86458333333329
n578	536	1	0	48	41.09244791666662
n573	535	1	0	52	41.07682291666662
n571	531	1	0	54	40.84374999999996
n572	533	1	0	55	40.97005208333329
n568	537	1	0	60	40.74609374999996
n581	541	1	0	48	41.466145833333286
n579	538	1	0	50	41.20703124999996
n582	542	1	0	50	41.584635416666615
n580	539	1	0	52	41.32421874999996
n574	543	1	0	54	41.21354166666662
n569	540	1	0	57	41.45963541666662
n588	544	1	0	47	41.721354166666615
n590	547	1	0	48	41.96354166666661
n589	545	1	0	50	41.82812499999994
n591	548	1	0	50	42.05859374999994
n586	546	1	0	59	41.95963541666661
n583	549	1	0	62	41.717447916666615
n594	553	1	0	50	42.44270833333328
n592	550	1	0	52	42.20312499999994
n595	554	1	0	52	42.55989583333327
n593	551	1	0	53	42.31770833333328
n587	555	1	0	55	42.21614583333328
n584	552	1	0	59	42.44661458333328
n605	556	1	0	48	42.7096354166666
n607	559	1	0	50	42.953124999999936
n606	557	1	0	52	42.817708333333265
n608	560	1	0	52	43.06119791666661
n600	558	1	0	60	42.9518229166666
n596	561	1	0	64	42.707031249999936
n603	565	1	0	52	43.44661458333328
n601	562	1	0	53	43.20833333333327
n604	566	1	0	53	43.55078124999995
n602	563	1	0	55	43.32421874999994
n598	567	1	0	57	43.20182291666661
n597	564	1	0	60	43.44270833333328
n614	568	1	0	50	43.705729166666615
n616	571	1	0	52	43.947916666666615
n615	569	1	0	53	43.81640624999995
n617	572	1	0	53	44.05598958333328
n612	570	1	0	62	43.947916666666615
n609	573	1	0	65	43.69921874999995
n620	577	1	0	53	44.434895833333286
n618	574	1	0	55	44.182291666666615
n621	578	1	0	55	44.545572916666615
n619	575	1	0	57	44.31119791666662
n613	579	1	0	59	44.19921874999995
n610	576	1	0	62	44.42968749999995
n630	581	1	0	50	44.791666666666615
n629	580	1	0	52	44.662760416666615
n631	583	1	0	52	44.916666666666615
n632	585	1	0	53	45.028645833333286
n626	584	1	0	59	44.920572916666615
n622	582	1	0	67	44.67968749999995
n635	591	1	0	50	45.41536458333329
n633	587	1	0	52	45.161458333333286
n636	593	1	0	52	45.53255208333329
n634	589	1	0	53	45.27734374999995
n627	586	1	0	60	45.180989583333286
n628	590	1	0	62	45.42317708333329
n623	588	1	0	69	45.16276041666662
n624	592	1	0	71	45.40624999999996
n643	595	1	0	48	45.68098958333329
n644	596	1	0	50	45.80598958333329
n646	600	1	0	50	46.019531249999964
n645	598	1	0	52	45.90494791666663
n638	594	1	0	64	45.68619791666663
n640	599	1	0	65	46.027343749999964
n639	597	1	0	67	45.929687499999964
n637	637	1	0	72	45.67447916666663
n650	608	1	0	43	46.518229166666636
n649	607	1	0	45	46.412760416666636
n648	604	1	0	46	46.28124999999997
n647	603	1	0	48	46.154947916666636
n642	606	1	0	60	46.401041666666636
n641	601	1	0	67	46.1536458333333
n655	612	1	0	40	46.779947916666636
n654	610	1	0	41	46.67187499999997
n656	613	1	0	41	46.901041666666636
n657	615	1	0	43	47.0286458333333
n652	609	1	0	69	46.654947916666636
n660	618	1	0	40	47.38932291666663
n658	616	1	0	41	47.158854166666636
n661	619	1	0	41	47.48567708333329
n659	617	1	0	43	47.2630208333333
n653	620	1	0	67	47.151041666666636
n670	621	1	0	38	47.609374999999964
n671	622	1	0	45	47.718749999999964
n672	623	1	0	47	47.847656249999964
n673	625	1	0	48	47.968749999999964
n665	626	1	0	64	47.972656249999964
n664	624	1	0	65	47.867187499999964
n674	627	1	0	50	48.093749999999964
n677	634	1	0	50	48.43229166666663
n675	629	1	0	52	48.210937499999964
n676	631	1	0	53	48.312499999999964
n668	632	1	0	64	48.33854166666663
n666	628	1	0	65	48.109374999999964
n669	633	1	0	65	48.44401041666663
n667	630	1	0	67	48.210937499999964
n688	666	1	0	55	48.57812499999996
n680	635	1	0	62	48.59244791666662
n682	638	1	0	64	48.83072916666662
n681	636	1	0	65	48.69921874999996
n683	639	1	0	65	48.94010416666662
n686	643	1	0	65	49.348958333333286
n684	640	1	0	67	49.07682291666662
n687	644	1	0	67	49.458333333333286
n685	642	1	0	69	49.22135416666662
n679	641	1	0	71	49.09635416666662
n694	646	1	0	62	49.69010416666663
n693	645	1	0	64	49.57812499999996
n695	647	1	0	64	49.79296874999996
n696	650	1	0	65	49.93229166666663
n690	649	1	0	71	49.91666666666663
n689	648	1	0	72	49.82942708333329
n699	655	1	0	62	50.29557291666663
n697	652	1	0	64	50.0442708333333
n700	656	1	0	64	50.425781249999964
n698	653	1	0	65	50.19401041666663
n692	654	1	0	67	50.27994791666663
n691	651	1	0	72	50.019531249999964
n705	660	1	0	59	50.66145833333329
n704	658	1	0	60	50.56119791666663
n706	661	1	0	60	50.76692708333329
n707	663	1	0	62	50.89453124999996
n702	657	1	0	76	50.51432291666663
n710	667	1	0	59	51.27213541666663
n708	664	1	0	60	51.00651041666662
n711	669	1	0	60	51.363281249999964
n709	665	1	0	62	51.13281249999996
n703	668	1	0	74	51.01562499999996
n720	670	1	0	57	51.49479166666663
n721	671	1	0	59	51.60937499999996
n722	672	1	0	60	51.71354166666662
n723	674	1	0	62	51.83072916666662
n715	675	1	0	71	51.85026041666662
n714	673	1	0	72	51.75260416666662
n729	680	1	0	59	52.200520833333286
n724	676	1	0	64	51.951822916666615
n725	678	1	0	66	52.05078124999995
n726	685	1	0	67	52.17838541666662
n718	682	1	0	71	52.18229166666662
n716	677	1	0	72	51.95312499999995
n719	683	1	0	72	52.30468749999995
n717	679	1	0	74	52.06119791666662
n742	688	1	0	57	52.64973958333329
n741	684	1	0	60	52.42447916666662
n739	692	1	0	67	52.65494791666663
n730	686	1	0	69	52.43229166666662
n732	689	1	0	71	52.66536458333329
n731	687	1	0	72	52.52213541666662
n733	690	1	0	72	52.77343749999996
n744	695	1	0	50	53.138020833333286
n743	691	1	0	62	52.89453124999996
n740	697	1	0	66	53.14843749999996
n736	696	1	0	72	53.14713541666662
n734	693	1	0	74	52.90494791666662
n737	698	1	0	74	53.23958333333329
n735	694	1	0	76	53.014322916666615
n753	702	1	0	42	53.549479166666636
n752	701	1	0	43	53.40494791666663
n754	704	1	0	43	53.6536458333333
n755	706	1	0	45	53.7630208333333
n750	700	1	0	67	53.38802083333329
n745	699	1	0	71	53.38671874999996
n747	705	1	0	72	53.7591145833333
n746	703	1	0	74	53.66796874999997
n758	711	1	0	45	54.144531249999964
n756	708	1	0	47	53.893229166666636
n759	712	1	0	47	54.2630208333333
n757	709	1	0	48	54.0208333333333
n749	710	1	0	67	54.13151041666663
n748	707	1	0	74	53.869791666666636
n768	715	1	0	47	54.50130208333329
n767	713	1	0	48	54.36588541666663
n769	717	1	0	48	54.61458333333329
n770	719	1	0	50	54.72786458333329
n764	718	1	0	65	54.73177083333329
n763	716	1	0	67	54.63671874999996
n760	714	1	0	76	54.38541666666663
n773	725	1	0	47	55.11197916666662
n771	721	1	0	48	54.85026041666663
n774	726	1	0	48	55.22005208333328
n772	722	1	0	50	54.97916666666662
n766	724	1	0	62	55.110677083333286
n765	720	1	0	67	54.85416666666663
n761	723	1	0	74	54.85807291666663
n783	730	1	0	44	55.48828124999995
n782	727	1	0	45	55.350260416666615
n784	731	1	0	45	55.60156249999996
n785	733	1	0	47	55.716145833333286
n780	728	1	0	69	55.36848958333328
n775	729	1	0	72	55.36848958333328
n777	734	1	0	74	55.716145833333286
n776	732	1	0	76	55.62760416666662
n788	740	1	0	47	56.076822916666615
n786	737	1	0	48	55.838541666666615
n789	741	1	0	48	56.213541666666615
n787	738	1	0	50	55.963541666666615
n781	735	1	0	67	55.82942708333328
n779	739	1	0	69	56.07031249999995
n778	736	1	0	76	55.819010416666615
n798	745	1	0	48	56.46484374999996
n797	742	1	0	50	56.341145833333286
n799	747	1	0	50	56.57812499999996
n800	749	1	0	52	56.68619791666662
n792	743	1	0	65	56.33984374999995
n794	748	1	0	67	56.68359374999996
n793	746	1	0	69	56.58333333333329
n790	744	1	0	77	56.32812499999995
n803	755	1	0	48	57.05338541666662
n801	751	1	0	50	56.80468749999995
n804	756	1	0	50	57.18229166666662
n802	752	1	0	52	56.927083333333286
n796	753	1	0	64	57.04947916666662
n795	750	1	0	69	56.802083333333286
n791	754	1	0	76	56.805989583333286
n813	760	1	0	45	57.4114583333333
n812	758	1	0	47	57.29427083333329
n814	761	1	0	47	57.52083333333331
n815	764	1	0	48	57.651041666666636
n810	757	1	0	71	57.29817708333329
n805	759	1	0	74	57.29296874999996
n807	763	1	0	76	57.62499999999997
n806	762	1	0	77	57.54427083333331
n818	770	1	0	48	57.9739583333333
n816	767	1	0	50	57.752604166666636
n819	771	1	0	50	58.11718749999997
n817	768	1	0	52	57.854166666666636
n811	765	1	0	69	57.752604166666636
n809	769	1	0	71	57.9817708333333
n808	766	1	0	77	57.7473958333333
n828	775	1	0	50	58.377604166666636
n827	772	1	0	52	58.24609374999997
n829	777	1	0	52	58.502604166666636
n830	779	1	0	53	58.61588541666664
n822	773	1	0	67	58.26562499999997
n824	778	1	0	69	58.59895833333331
n823	776	1	0	71	58.498697916666636
n820	774	1	0	79	58.248697916666636
n833	deletion
n831	781	1	0	52	58.72786458333331
n834	785	1	0	52	58.96093749999997
n832	782	1	0	53	58.846354166666636
n826	786	1	0	67	58.96874999999997
n825	780	1	0	71	58.72786458333331
n821	784	1	0	77	58.73046874999997
n841	790	1	0	47	59.35416666666664
n840	788	1	0	48	59.20052083333331
n842	792	1	0	48	59.46354166666664
n843	793	1	0	50	59.58984374999998
n838	789	1	0	72	59.22786458333331
n835	791	1	0	76	59.21484374999997
n836	794	1	0	77	59.47005208333331
n846	798	1	0	50	59.97265624999997
n844	795	1	0	52	59.73307291666664
n847	799	1	0	52	60.10546874999997
n845	796	1	0	53	59.83854166666664
n839	797	1	0	70	59.74479166666664
n837	804	1	0	79	59.72265624999998
n854	803	1	0	52	60.5598958333333
n851	800	1	0	53	60.217447916666636
n853	802	1	0	53	60.447916666666636
n852	801	1	0	55	60.3411458333333
n850	807	1	0	69	60.2200520833333
n858	809	1	0	45	61.050781249999964
n857	808	1	0	47	60.932291666666636
n856	806	1	0	48	60.8059895833333
n855	805	1	0	50	60.6927083333333
n849	814	1	0	77	60.687499999999964
n863	811	1	0	43	61.319010416666636
n864	812	1	0	45	61.4270833333333
n862	810	1	0	47	61.199218749999964
n865	813	1	0	47	61.5481770833333
n861	817	1	0	67	61.199218749999964
n868	818	1	0	47	61.8997395833333
n866	815	1	0	48	61.6653645833333
n869	819	1	0	48	62.015624999999964
n867	816	1	0	50	61.78124999999997
n860	822	1	0	76	61.6848958333333
n874	820	1	0	45	62.164062499999964
n876	823	1	0	47	62.402343749999964
n875	821	1	0	48	62.2825520833333
n877	824	1	0	48	62.50260416666663
n873	834	1	0	65	62.160156249999964
n878	826	1	0	50	62.632812499999964
n881	830	1	0	50	62.9700520833333
n879	827	1	0	52	62.738281249999964
n880	829	1	0	53	62.871093749999964
n872	828	1	0	72	62.86197916666663
n871	825	1	0	74	62.62760416666663
n889	836	1	0	53	63.35026041666664
n887	832	1	0	55	63.113281249999964
n890	837	1	0	55	63.45703124999998
n888	833	1	0	57	63.229166666666636
n883	835	1	0	67	63.34895833333331
n882	831	1	0	71	63.1067708333333
n893	841	1	0	55	63.832031249999986
n891	838	1	0	57	63.575520833333314
n894	842	1	0	57	63.942708333333314
n892	839	1	0	59	63.703124999999986
n886	840	1	0	64	63.59635416666665
n884	846	1	0	72	63.579427083333314
n904	847	1	0	52	64.32031249999997
n902	844	1	0	53	64.09765624999997
n905	849	1	0	53	64.4309895833333
n903	845	1	0	55	64.20963541666664
n897	848	1	0	62	64.06901041666664
n908	854	1	0	53	64.76302083333329
n906	850	1	0	55	64.5638020833333
n909	856	1	0	55	64.85937499999996
n907	852	1	0	57	64.67968749999996
n901	857	1	0	62	64.88281249999997
n900	855	1	0	64	64.77994791666663
n899	853	1	0	65	64.65104166666663
n896	851	1	0	71	64.54296874999997
n921	860	1	0	52	65.01171874999997
n922	862	1	0	53	65.26432291666663
n917	863	1	0	65	65.2630208333333
n915	858	1	0	67	65.01041666666664
n918	865	1	0	67	65.36328124999996
n916	861	1	0	69	65.13541666666664
n910	859	1	0	72	65.01171874999997
n911	864	1	0	74	65.25390624999997
n923	866	1	0	55	65.4778645833333
n924	870	1	0	56	65.71223958333329
n920	871	1	0	62	65.72005208333329
n919	868	1	0	64	65.49088541666663
n912	867	1	0	67	65.48307291666663
n914	872	1	0	71	65.83072916666663
n913	869	1	0	72	65.59505208333329
n934	874	1	0	45	66.00781249999997
n936	878	1	0	53	66.37890624999996
n935	876	1	0	55	66.2669270833333
n933	896	1	0	60	65.98828124999997
n928	879	1	0	62	66.36588541666663
n927	877	1	0	64	66.25651041666663
n926	875	1	0	65	66.13932291666663
n925	873	1	0	72	65.97265624999997
n938	883	1	0	48	66.73697916666663
n937	880	1	0	55	66.4817708333333
n931	884	1	0	62	66.75651041666663
n929	881	1	0	64	66.49088541666663
n932	885	1	0	64	66.88151041666663
n930	882	1	0	65	66.6223958333333
n948	886	1	0	57	67.01171874999996
n940	889	1	0	64	67.09244791666663
n939	887	1	0	65	67.00260416666663
n941	890	1	0	65	67.22135416666664
n942	892	1	0	67	67.36588541666664
n949	898	1	0	55	67.50781249999999
n945	895	1	0	64	67.75260416666664
n943	893	1	0	65	67.51171874999999
n946	897	1	0	65	67.87109374999997
n944	894	1	0	67	67.62499999999999
n961	903	1	0	52	68.3411458333333
n960	901	1	0	53	68.22395833333329
n951	900	1	0	60	68.11067708333329
n950	899	1	0	62	67.98958333333329
n952	902	1	0	62	68.23437499999996
n953	904	1	0	64	68.33463541666663
n963	908	1	0	50	68.68229166666663
n962	905	1	0	53	68.4427083333333
n956	909	1	0	60	68.6927083333333
n954	906	1	0	62	68.4583333333333
n957	910	1	0	62	68.80338541666664
n955	907	1	0	64	68.5716145833333
n975	911	1	0	55	68.92317708333331
n973	919	1	0	60	69.17057291666666
n965	915	1	0	62	69.02473958333333
n964	913	1	0	64	68.94791666666666
n966	916	1	0	64	69.16927083333333
n967	917	1	0	65	69.28645833333333
n976	914	1	0	53	68.97656249999999
n980	923	1	0	53	69.42447916666666
n986	931	1	0	53	70.24869791666663
n974	924	1	0	59	69.63932291666667
n970	925	1	0	62	69.65104166666667
n968	921	1	0	64	69.42447916666666
n971	926	1	0	64	69.75651041666666
n969	922	1	0	65	69.51953125
n984	928	1	0	50	70.02604166666664
n983	927	1	0	52	69.91015624999999
n985	930	1	0	52	70.14843749999997
n979	929	1	0	55	70.16015624999997
n977	920	1	0	60	69.42838541666666
n978	946	1	0	60	69.89453124999999
n982	936	1	0	48	70.60677083333331
n989	937	1	0	50	70.61848958333331
n987	933	1	0	52	70.37890624999997
n990	938	1	0	52	70.73958333333331
n988	935	1	0	53	70.49088541666664
n981	932	1	0	55	70.36718749999997
n995	942	1	0	52	70.97265624999997
n994	940	1	0	53	70.85156249999997
n996	943	1	0	53	71.07291666666664
n997	941	1	0	55	70.88671874999997
n993	945	1	0	55	71.20442708333331
n999	949	1	0	55	71.3450520833333
n992	939	1	0	57	70.85026041666664
n1000	948	1	0	52	71.56901041666664
n998	947	1	0	53	71.33203124999997
n1001	950	1	0	53	71.68489583333331
n1009	952	1	0	48	71.92187499999999
n1008	951	1	0	50	71.79817708333331
n1010	953	1	0	50	72.04687499999999
n1005	955	1	0	52	72.15364583333333
n1011	deletion
n1004	954	1	0	53	72.06119791666666
n1015	961	1	0	45	72.61848958333331
n1014	960	1	0	47	72.49869791666666
n1013	958	1	0	48	72.3828125
n1012	957	1	0	50	72.27473958333333
n1007	959	1	0	50	72.49869791666666
n1006	956	1	0	53	72.26953125
n1024	964	1	0	41	72.85416666666664
n1023	963	1	0	43	72.75651041666664
n1025	966	1	0	43	72.98437499999997
n1026	968	1	0	45	73.0950520833333
n1020	965	1	0	55	72.73307291666664
n1017	967	1	0	59	72.97916666666664
n1030	976	1	0	38	73.61718749999996
n1029	973	1	0	40	73.48958333333329
n1028	972	1	0	41	73.33593749999996
n1027	969	1	0	43	73.2200520833333
n1021	970	1	0	57	73.22526041666663
n1022	974	1	0	59	73.49348958333329
n1018	971	1	0	60	73.21874999999997
n1019	975	1	0	62	73.48828124999996
n1041	979	1	0	36	73.78515624999997
n1042	980	1	0	48	73.90885416666663
n1044	988	1	0	48	74.1692708333333
n1043	982	1	0	52	74.0325520833333
n1038	986	1	0	57	74.1809895833333
n1037	981	1	0	58	74.05729166666664
n1036	977	1	0	60	73.80468749999997
n1031	978	1	0	64	73.7942708333333
n1033	987	1	0	65	74.1692708333333
n1032	983	1	0	67	74.07291666666664
n1045	991	1	0	36	74.30338541666663
n1046	993	1	0	48	74.39453124999996
n1048	997	1	0	48	74.63932291666663
n1047	995	1	0	55	74.5325520833333
n1039	989	1	0	58	74.29166666666663
n1035	994	1	0	60	74.52734374999996
n1040	996	1	0	64	74.52994791666663
n1034	990	1	0	67	74.2825520833333
n1053	1000	1	0	36	74.79687499999996
n1054	1001	1	0	38	74.92057291666661
n1055	1003	1	0	40	75.04166666666661
n1056	1004	1	0	41	75.17317708333329
n1051	1002	1	0	65	74.77734374999996
n1049	998	1	0	69	74.77213541666663
n1057	1006	1	0	43	75.30208333333327
n1058	1007	1	0	45	75.41536458333326
n1059	1008	1	0	47	75.51822916666659
n1060	1011	1	0	48	75.63151041666659
n1052	1010	1	0	64	75.2994791666666
n1050	1009	1	0	67	75.28645833333327
n1065	1012	1	0	36	75.75260416666659
n1066	1013	1	0	48	75.87760416666659
n1068	1017	1	0	48	76.13020833333324
n1067	1014	1	0	50	76.00260416666659
n1062	1016	1	0	64	76.11458333333324
n1061	1015	1	0	65	76.01562499999991
n1069	1019	1	0	36	76.2343749999999
n1070	1020	1	0	48	76.3320312499999
n1072	1023	1	0	48	76.56901041666656
n1071	1022	1	0	53	76.46223958333323
n1064	1021	1	0	62	76.4648437499999
n1063	1018	1	0	65	76.22526041666657
n1082	1030	1	0	45	77.06770833333321
n1079	1024	1	0	47	76.72656249999989
n1081	1027	1	0	47	76.96354166666656
n1080	1025	1	0	48	76.84765624999989
n1076	1029	1	0	60	77.07421874999989
n1075	1026	1	0	62	76.98697916666656
n1073	1028	1	0	67	76.71744791666656
n1086	1037	1	0	38	77.54817708333324
n1085	1036	1	0	40	77.44401041666659
n1084	1033	1	0	41	77.30338541666659
n1083	1032	1	0	43	77.1874999999999
n1078	1034	1	0	55	77.43359374999991
n1077	1031	1	0	62	77.20052083333324
n1074	1035	1	0	65	77.19010416666657
n1098	1040	1	0	36	77.6874999999999
n1099	1041	1	0	48	77.81119791666656
n1101	1048	1	0	48	78.09114583333323
n1100	1045	1	0	50	77.93619791666656
n1095	1042	1	0	59	77.92708333333323
n1087	1038	1	0	60	77.6796874999999
n1088	1039	1	0	64	77.68098958333323
n1089	1044	1	0	65	77.92708333333323
n1090	1046	1	0	68	77.92317708333323
n1103	1053	1	0	48	78.31380208333323
n1105	1058	1	0	48	78.54036458333323
n1102	1052	1	0	52	78.19270833333323
n1104	1057	1	0	53	78.42447916666657
n1096	1049	1	0	60	78.1640624999999
n1097	1054	1	0	62	78.40104166666657
n1091	1050	1	0	64	78.1679687499999
n1092	1051	1	0	67	78.1679687499999
n1093	1055	1	0	68	78.4023437499999
n1094	1056	1	0	71	78.39713541666657
n1118	1063	1	0	48	78.79166666666654
n1120	1069	1	0	48	79.03776041666654
n1117	1062	1	0	55	78.66666666666656
n1119	1068	1	0	56	78.91145833333321
n1113	1064	1	0	59	78.89583333333321
n1108	1066	1	0	62	78.89583333333321
n1112	1059	1	0	64	78.65104166666656
n1110	1071	1	0	64	79.1458333333332
n1115	deletion
n1109	1067	1	0	65	78.88151041666654
n1106	1060	1	0	67	78.65234374999989
n1107	1061	1	0	72	78.64713541666656
n1123	1076	1	0	47	79.39843749999987
n1122	1073	1	0	48	79.27604166666654
n1124	1077	1	0	48	79.50651041666654
n1121	1072	1	0	55	79.16406249999987
n1114	1070	1	0	60	79.14843749999987
n1116	1075	1	0	64	79.41666666666654
n1111	1074	1	0	72	79.41276041666654
n1135	1080	1	0	41	79.70572916666653
n1131	1078	1	0	57	79.69791666666653
n1125	1079	1	0	62	79.6966145833332
n1129	deletion
n1126	1081	1	0	72	80.04166666666653
n1137	1085	1	0	43	80.43489583333319
n1133	1084	1	0	55	80.43489583333319
n1130	1082	1	0	62	80.41796874999986
n1127	1083	1	0	65	80.40624999999986
n1128	1086	1	0	71	80.83984374999986
n1143	1091	1	0	36	81.49088541666653
n1139	1089	1	0	60	81.46354166666653
n1140	1090	1	0	64	81.46744791666653
n1141	1088	1	0	67	81.46744791666653
n1142	1087	1	0	72	81.45312499999986
insertion	4	1	0	62	1.0052083333333335
insertion	71	1	0	64	8.00260416666667
insertion	69	1	0	66	7.9140625000000036
insertion	73	1	0	66	8.10416666666667
insertion	67	1	0	67	7.821614583333337
insertion	250	1	0	71	21.221354166666647
insertion	293	1	0	74	24.18229166666663
insertion	311	1	0	77	25.281249999999957
insertion	308	1	0	76	25.230468749999957
insertion	343	1	0	66	27.929687499999943
insertion	392	1	0	76	31.62890624999994
insertion	473	1	0	65	36.52473958333327
insertion	476	1	0	65	36.63671874999994
insertion	471	1	0	67	36.45703124999994
insertion	475	1	0	67	36.59244791666661
insertion	478	1	0	67	36.69270833333328
insertion	502	1	0	45	38.46354166666661
insertion	512	1	0	52	38.856770833333286
insertion	508	1	0	50	38.794270833333286
insertion	605	1	0	71	46.4466145833333
insertion	602	1	0	69	46.19921874999997
insertion	611	1	0	67	46.686197916666636
insertion	614	1	0	69	46.756510416666636
insertion	662	1	0	76	50.624999999999964
insertion	659	1	0	74	50.566406249999964
insertion	681	1	0	57	52.20182291666662
insertion	787	1	0	53	59.05208333333331
insertion	783	1	0	76	58.74218749999997
insertion	843	1	0	70	64.11197916666664
insertion	888	1	0	55	67.0638020833333
insertion	891	1	0	57	67.1302083333333
insertion	918	1	0	55	69.05078125
insertion	912	1	0	60	68.94531249999999
insertion	934	1	0	57	70.43229166666664
insertion	944	1	0	57	70.9544270833333
insertion	962	1	0	60	71.39062499999997
insertion	992	1	0	38	74.31249999999996
insertion	984	1	0	68	74.08984374999997
insertion	985	1	0	69	74.10156249999997
insertion	999	1	0	67	74.83593749999996
insertion	1005	1	0	69	74.88151041666661
insertion	1047	1	0	47	78.10677083333323
insertion	1043	1	0	48	77.95442708333323
insertion	1065	1	0	60	78.91796874999989
