xml_id	midi_id	track	channel	pitch	onset
n6	2	0	0	40	1.5277762500000003
n17	7	0	0	40	1.9217395312500005
n7	0	0	0	52	1.5237698437500002
n18	8	0	0	52	1.9097203125000004
n1	1	0	0	55	1.5224343750000002
n14	10	0	0	55	1.9070493750000004
n2	4	0	0	59	1.5264407812500003
n15	11	0	0	59	1.9190685937500005
n3	5	0	0	64	1.5291117187500003
n16	9	0	0	64	1.9097203125000004
n4	3	0	0	67	1.5157570312500002
n9	6	0	0	67	1.9043784375000004
n10	12	0	0	66	2.4011728125000005
n19	16	0	0	40	2.5747837499999995
n20	14	0	0	52	2.5654354687499996
n11	13	0	0	55	2.5667709374999994
n12	15	0	0	64	2.5614290625
n29	18	0	0	38	2.9874435937499992
n30	20	0	0	50	2.976759843749999
n22	17	0	0	57	2.9674115624999993
n23	21	0	0	66	2.971417968749999
n24	19	0	0	69	2.9647406249999992
n33	24	0	0	62	3.8648465624999986
n27	22	0	0	66	3.8808721874999987
n28	23	0	0	69	3.8207760937499984
n39	26	0	0	60	4.326918749999998
n40	25	0	0	62	4.302880312499998
n34	27	0	0	66	4.342944374999998
n35	28	0	0	69	4.2908610937499985
n41	30	0	0	59	4.863777187499998
n42	29	0	0	62	4.8464160937499985
n36	31	0	0	67	4.810358437499999
n43	33	0	0	57	4.998659531249999
n44	35	0	0	60	4.991982187499999
n37	32	0	0	66	5.006672343749999
n38	34	0	0	69	4.9879757812499985
n53	39	0	0	55	5.436693281249999
n54	38	0	0	59	5.436693281249999
n45	37	0	0	67	5.43402234375
n46	36	0	0	71	5.422003125
n56	45	0	0	43	6.1939040625
n57	41	0	0	55	6.1885621875
n48	40	0	0	59	6.17921390625
n49	42	0	0	62	6.18589125
n50	43	0	0	67	6.18188484375
n51	44	0	0	71	6.1778784375
n67	47	0	0	43	6.611905781249999
n68	46	0	0	55	6.599886562499999
n64	50	0	0	59	6.593209218749999
n65	51	0	0	62	6.601222031249999
n66	49	0	0	67	6.597215625
n59	48	0	0	71	6.589202812499999
n60	52	0	0	69	7.09534546875
n69	55	0	0	31	7.27162734375
n70	54	0	0	43	7.26495
n61	53	0	0	59	7.2609435937499995
n62	56	0	0	67	7.25293078125
n79	58	0	0	30	7.715002968749999
n80	59	0	0	42	7.704319218749999
n72	57	0	0	61	7.694970937499999
n73	61	0	0	70	7.693635468749999
n74	60	0	0	73	7.686958124999999
n83	64	0	0	66	8.641818281250004
n77	62	0	0	70	8.652502031250004
n78	63	0	0	73	8.633805468750003
n89	67	0	0	64	9.135941718750008
n90	65	0	0	66	9.098548593750008
n84	66	0	0	70	9.119916093750009
n85	68	0	0	73	9.099884062500008
n91	69	0	0	62	9.720877031250014
n92	71	0	0	66	9.659445468750013
n86	70	0	0	71	9.668793750000013
n93	72	0	0	61	9.885139687500015
n94	75	0	0	64	9.853088437500016
n87	73	0	0	70	9.873120468750015
n88	74	0	0	73	9.834391875000016
n99	78	0	0	59	10.319167031250018
n100	79	0	0	62	10.321837968750017
n95	76	0	0	71	10.345876406250019
n96	77	0	0	74	10.299135000000017
n98	80	0	0	74	11.193899062500028
n106	81	0	0	59	11.710725468750027
n108	82	0	0	62	11.714731875000027
n107	83	0	0	67	11.682680625000028
n104	86	0	0	79	12.061953750000034
n109	85	0	0	64	12.409175625000035
n105	84	0	0	76	12.399827343750035
n115	89	0	0	57	12.801803437500034
n110	87	0	0	74	12.797797031250035
n111	88	0	0	72	13.155702656250034
n117	90	0	0	63	13.560349687500038
n114	91	0	0	66	13.540317656250037
n112	92	0	0	72	13.533640312500037
n123	93	0	0	62	13.912913437500038
n119	94	0	0	81	14.25879984375004
n122	95	0	0	66	14.639408437500041
n120	96	0	0	72	14.63006015625004
n127	97	0	0	67	15.024023437500041
n125	98	0	0	71	15.399290156250041
n128	99	0	0	55	15.799930781250042
n126	100	0	0	71	15.779898750000042
n132	102	0	0	52	16.176532968750045
n130	101	0	0	67	16.55847703125005
n133	103	0	0	64	16.97380781250005
n131	105	0	0	67	16.959117656250047
n137	104	0	0	60	17.34373265625005
n135	106	0	0	64	17.741702343750053
n138	109	0	0	48	18.187748906250054
n136	107	0	0	64	18.158368593750055
n142	110	0	0	36	18.625782656250053
n140	108	0	0	55	19.08117750000006
n141	111	0	0	52	19.58064281250006
n148	112	0	0	35	20.256390000000057
n149	114	0	0	47	20.252383593750057
n144	113	0	0	51	20.263067343750055
n145	115	0	0	59	20.257725468750056
n146	117	0	0	76	22.686943125000067
n147	116	0	0	88	22.666911093750066
n157	120	0	0	43	23.19041484375007
n158	124	0	0	52	23.198427656250068
n159	123	0	0	59	23.18373750000007
n153	118	0	0	75	23.776685625000074
n154	119	0	0	87	23.739292500000072
n155	122	0	0	76	23.938277343750073
n156	121	0	0	88	23.923587187500072
n167	131	0	0	45	24.433736250000077
n160	126	0	0	60	24.428394375000078
n161	127	0	0	64	24.428394375000078
n162	125	0	0	66	24.437742656250077
n168	132	0	0	46	25.25772046875008
n163	130	0	0	61	25.25104312500008
n164	128	0	0	64	25.26172687500008
n165	129	0	0	66	25.24570125000008
n175	138	0	0	47	25.85601046875008
n173	133	0	0	57	25.87470703125008
n174	134	0	0	63	25.85066859375008
n169	135	0	0	66	25.860016875000078
n170	136	0	0	67	26.557131562500082
n172	139	0	0	67	26.909695312500077
n171	137	0	0	69	26.74009078125008
n180	143	0	0	48	27.11936390625008
n183	140	0	0	55	27.13672500000008
n176	141	0	0	66	27.107344687500078
n177	142	0	0	64	27.570752343750083
n182	145	0	0	45	28.26653156250008
n181	144	0	0	47	28.066211250000084
n178	149	0	0	76	28.062204843750084
n179	147	0	0	88	28.043508281250084
n192	153	0	0	43	28.61775984375008
n190	148	0	0	52	28.62043078125008
n191	146	0	0	59	28.61108250000008
n186	151	0	0	75	29.29484250000008
n187	150	0	0	87	29.27614593750008
n193	155	0	0	44	29.54190421875008
n188	154	0	0	76	29.54991703125008
n189	152	0	0	88	29.54858156250008
n200	159	0	0	45	30.214980468750074
n194	156	0	0	60	30.185600156250075
n195	157	0	0	64	30.186935625000075
n196	158	0	0	66	30.177587343750076
n201	162	0	0	46	31.448953593750083
n197	161	0	0	61	31.42090875000008
n198	160	0	0	64	31.42090875000008
n199	163	0	0	66	31.408889531250082
n208	168	0	0	35	32.037895312500076
n209	169	0	0	47	32.06594015625008
n206	164	0	0	57	32.039230781250076
n207	166	0	0	63	32.043237187500075
n202	165	0	0	66	32.01919875000008
n203	167	0	0	69	32.83650562500003
n205	171	0	0	66	33.4908853125
n204	170	0	0	67	33.13565062500003
n215	175	0	0	40	34.006376249999995
n216	172	0	0	52	34.011718124999994
n210	173	0	0	55	33.999698906249996
n211	174	0	0	64	33.97432499999999
n218	178	0	0	35	36.10306218749988
n225	179	0	0	47	36.52640578124985
n219	deletion
n213	176	0	0	59	36.10573312499988
n214	177	0	0	71	36.09772031249988
n224	180	0	0	35	36.51839296874985
n220	181	0	0	59	36.51438656249985
n221	182	0	0	71	36.51972843749985
n226	184	0	0	40	37.272932812499846
n227	185	0	0	52	37.280945624999845
n222	183	0	0	64	37.26091359374985
n223	186	0	0	76	37.24488796874985
n232	187	0	0	40	37.666896093749834
n233	188	0	0	52	37.67357343749983
n228	189	0	0	64	37.67223796874983
n229	190	0	0	76	37.661554218749835
n234	193	0	0	47	38.39472656249975
n235	192	0	0	59	38.39072015624975
n230	191	0	0	71	38.38270734374975
n231	194	0	0	83	38.358668906249754
n240	196	0	0	47	38.79803812499969
n241	197	0	0	59	38.784683437499694
n236	195	0	0	71	38.80204453124969
n237	198	0	0	83	38.787354374999694
n242	200	0	0	52	39.588635624999625
n243	202	0	0	64	39.587300156249626
n238	199	0	0	76	39.58062281249963
n239	201	0	0	88	39.56459718749963
n251	205	0	0	52	40.00797281249958
n252	206	0	0	64	40.00263093749958
n244	203	0	0	76	40.00263093749958
n245	204	0	0	88	39.990611718749584
n253	209	0	0	55	40.70108109374955
n254	214	0	0	59	40.70375203124955
n255	210	0	0	62	40.70375203124955
n256	208	0	0	65	40.69039734374955
n246	207	0	0	77	40.68505546874955
n247	212	0	0	83	40.69173281249955
n248	213	0	0	86	40.68906187499955
n249	211	0	0	89	40.678378124999554
n268	224	0	0	55	41.13377296874954
n269	222	0	0	59	41.13777937499954
n270	221	0	0	62	41.13911484374954
n271	219	0	0	65	41.12843109374954
n258	218	0	0	77	41.11908281249954
n259	220	0	0	83	41.12843109374954
n260	217	0	0	86	41.12709562499954
n261	223	0	0	89	41.12041828124954
n263	226	0	0	86	41.72672109374951
n262	225	0	0	88	41.661283124999514
n267	230	0	0	79	42.0218596874995
n266	229	0	0	81	41.9630990624995
n265	228	0	0	83	41.87495812499951
n264	227	0	0	84	41.81352656249951
n277	235	0	0	72	42.318333749999496
n276	234	0	0	74	42.2448829687495
n275	233	0	0	76	42.1674257812495
n274	231	0	0	77	42.091304062499496
n283	241	0	0	62	42.73499999999946
n282	240	0	0	64	42.68291671874946
n281	239	0	0	65	42.604124062499466
n280	238	0	0	67	42.53334421874948
n279	237	0	0	69	42.45989343749948
n278	236	0	0	71	42.379765312499494
n288	246	0	0	54	43.04082234374945
n287	245	0	0	55	42.99408093749945
n286	244	0	0	57	42.92864296874945
n285	243	0	0	59	42.851185781249455
n284	242	0	0	60	42.792425156249465
n290	247	0	0	55	43.100918437499445
n299	250	0	0	35	43.76197546874945
n300	249	0	0	47	43.75930453124945
n293	248	0	0	55	43.75129171874945
n294	251	0	0	62	43.75663359374945
n295	252	0	0	65	43.75129171874945
n312	255	0	0	36	44.15860968749944
n313	256	0	0	48	44.15326781249944
n302	253	0	0	55	44.146590468749444
n303	254	0	0	60	44.15193234374944
n304	257	0	0	64	44.142584062499445
n316	263	0	0	52	44.93985890624941
n317	265	0	0	56	44.93852343749941
n318	262	0	0	59	44.93585249999941
n319	259	0	0	62	44.923833281249415
n307	260	0	0	74	44.915820468749416
n308	264	0	0	80	44.923833281249415
n309	267	0	0	83	44.93318156249941
n310	261	0	0	86	44.915820468749416
n331	276	0	0	52	45.40994390624941
n332	274	0	0	56	45.41528578124941
n333	273	0	0	59	45.40994390624941
n334	272	0	0	62	45.40193109374941
n321	269	0	0	74	45.39792468749941
n322	271	0	0	80	45.40193109374941
n323	270	0	0	83	45.40326656249941
n324	275	0	0	86	45.39926015624941
n326	278	0	0	83	46.017582187499386
n325	277	0	0	84	45.938789531249384
n330	282	0	0	76	46.30871437499938
n329	281	0	0	78	46.249953749999385
n328	280	0	0	80	46.17917390624938
n327	279	0	0	81	46.07767828124938
n340	286	0	0	69	46.60785937499939
n339	285	0	0	71	46.541085937499396
n338	284	0	0	72	46.44893859374939
n337	283	0	0	74	46.376823281249386
n346	292	0	0	59	47.00716453124938
n345	291	0	0	60	46.94172656249938
n344	290	0	0	62	46.877624062499386
n343	289	0	0	64	46.81485703124939
n342	288	0	0	66	46.741406249999386
n341	287	0	0	68	46.68665203124939
n351	297	0	0	51	47.339696249999385
n350	296	0	0	52	47.26891640624938
n349	295	0	0	54	47.20080749999938
n348	294	0	0	56	47.167420781249376
n347	293	0	0	57	47.06859609374938
n353	298	0	0	52	47.40914062499938
n357	303	0	0	32	48.08755874999938
n358	302	0	0	44	48.08488781249938
n354	299	0	0	52	48.08221687499938
n355	301	0	0	62	48.08088140624938
n356	deletion
n364	308	0	0	33	48.530934374999376
n365	305	0	0	45	48.52425703124938
n359	306	0	0	52	48.529598906249376
n360	307	0	0	57	48.533605312499375
n361	309	0	0	60	48.526927968749376
n367	310	0	0	58	49.592632031249316
n363	311	0	0	82	49.57794187499932
n375	314	0	0	58	50.11880671874927
n368	312	0	0	82	50.11480031249927
n370	315	0	0	79	50.819927812499266
n369	313	0	0	81	50.70374203124927
n374	319	0	0	72	51.20587828124926
n373	318	0	0	74	51.12174374999926
n372	317	0	0	75	51.03360281249926
n371	316	0	0	77	50.93477812499926
n379	323	0	0	65	51.567790312499255
n378	322	0	0	67	51.47430749999926
n377	321	0	0	69	51.39551484374926
n376	320	0	0	70	51.30470296874926
n382	326	0	0	60	51.86827078124925
n381	325	0	0	62	51.76944609374925
n380	324	0	0	63	51.666614999999254
n383	327	0	0	58	52.01383687499926
n387	329	0	0	58	52.43718046874921
n390	328	0	0	64	53.21976515624921
n393	330	0	0	64	53.64577968749921
n394	331	0	0	58	54.35624906249921
n395	332	0	0	64	54.32019140624921
n392	333	0	0	67	54.32686874999921
n399	334	0	0	58	54.799624687499204
n400	336	0	0	64	54.8076374999992
n396	335	0	0	67	54.784934531249206
n401	339	0	0	58	55.516771406249205
n402	337	0	0	64	55.47937828124921
n397	338	0	0	67	55.50742312499921
n398	340	0	0	73	55.49006203124921
n408	343	0	0	58	55.938779531249196
n409	342	0	0	64	55.9147410937492
n403	341	0	0	67	55.9307667187492
n404	344	0	0	73	55.9107346874992
n411	350	0	0	58	56.63589421874919
n412	345	0	0	61	56.64791343749919
n413	347	0	0	64	56.64390703124919
n410	349	0	0	67	56.627881406249195
n405	351	0	0	73	56.634558749999194
n406	346	0	0	76	56.64390703124919
n407	348	0	0	79	56.6158621874992
n420	361	0	0	58	57.099301874999185
n421	362	0	0	61	57.089953593749186
n422	355	0	0	64	57.089953593749186
n418	352	0	0	67	57.08594718749919
n416	358	0	0	73	57.092624531249186
n417	354	0	0	76	57.12334031249919
n414	353	0	0	79	57.08194078124919
n419	356	0	0	66	57.81377765624917
n415	357	0	0	78	57.800422968749174
n429	360	0	0	65	58.22777296874917
n423	359	0	0	77	58.22777296874917
n434	368	0	0	58	58.93957781249916
n435	deletion
n436	367	0	0	64	58.94091328124916
n430	365	0	0	66	58.92755859374916
n427	363	0	0	73	58.92622312499916
n428	364	0	0	76	58.92488765624916
n424	366	0	0	78	58.91954578124916
n440	369	0	0	59	59.34422484374915
n443	373	0	0	59	59.53786781249915
n441	370	0	0	62	59.35090218749915
n444	374	0	0	62	59.55255796874915
n442	371	0	0	66	59.337547499999154
n445	372	0	0	66	59.53252593749915
n438	378	0	0	71	59.333541093749155
n439	380	0	0	74	59.337547499999154
n437	379	0	0	78	59.328199218749155
n446	376	0	0	59	59.71281421874913
n449	382	0	0	59	59.87173499999912
n447	377	0	0	62	59.71014328124913
n450	383	0	0	62	59.86238671874912
n448	375	0	0	66	59.691446718749134
n451	381	0	0	66	59.85704484374912
n452	386	0	0	59	60.01062374999911
n455	389	0	0	59	60.15218343749911
n453	385	0	0	62	60.01329468749911
n456	388	0	0	62	60.16019624999911
n454	384	0	0	66	60.002610937499114
n457	387	0	0	66	60.14684156249911
n461	391	0	0	50	60.363187499999114
n464	394	0	0	50	60.54214031249911
n462	392	0	0	54	60.39256781249911
n465	395	0	0	54	60.548817656249106
n463	390	0	0	59	60.357845624999115
n466	393	0	0	59	60.555494999999105
n459	400	0	0	71	60.348497343749116
n460	401	0	0	78	60.353839218749116
n458	399	0	0	83	60.349832812499116
n467	397	0	0	50	60.7050674999991
n470	402	0	0	50	60.86265281249909
n468	398	0	0	54	60.7197576562491
n471	404	0	0	54	60.88402031249909
n469	396	0	0	59	60.701061093749104
n472	403	0	0	59	60.86265281249909
n473	405	0	0	50	61.03092187499908
n476	408	0	0	50	61.20186187499907
n474	407	0	0	54	61.064308593749075
n477	410	0	0	54	61.216552031249066
n475	406	0	0	59	61.05095390624908
n478	409	0	0	59	61.19384906249907
n486	415	0	0	51	61.40084671874906
n489	418	0	0	51	61.55442562499905
n487	414	0	0	54	61.39283390624906
n490	417	0	0	54	61.54507734374905
n488	413	0	0	57	61.39416937499906
n491	416	0	0	57	61.53839999999905
n479	411	0	0	66	61.38215015624906
n480	412	0	0	71	61.37680828124906
n492	422	0	0	52	61.73471390624904
n494	423	0	0	52	61.88962828124904
n493	421	0	0	55	61.73337843749904
n495	424	0	0	55	61.88829281249904
n482	419	0	0	60	61.72937203124904
n483	420	0	0	72	61.72403015624904
n496	426	0	0	52	62.07659390624903
n498	428	0	0	52	62.242192031249026
n497	425	0	0	55	62.07125203124903
n499	427	0	0	55	62.22483093749903
n507	431	0	0	52	62.385087187499025
n510	434	0	0	52	62.54934984374901
n508	432	0	0	55	62.387758124999024
n511	436	0	0	55	62.545343437499014
n509	433	0	0	59	62.39844187499902
n512	435	0	0	59	62.544007968749014
n500	429	0	0	67	62.379745312499026
n501	430	0	0	72	62.36906156249903
n513	438	0	0	54	62.730973593749006
n515	442	0	0	54	62.904584531249
n514	440	0	0	57	62.72696718749901
n516	443	0	0	57	62.888558906249
n503	437	0	0	63	62.729638124999006
n504	439	0	0	75	62.72696718749901
n517	445	0	0	54	63.062169843749
n519	446	0	0	54	63.23177437499899
n518	444	0	0	57	63.064840781248996
n520	447	0	0	57	63.22776796874899
n528	450	0	0	54	63.39470156249898
n531	455	0	0	54	63.54694499999897
n529	452	0	0	57	63.38802421874898
n532	454	0	0	57	63.54828046874897
n530	449	0	0	60	63.38668874999898
n533	453	0	0	60	63.54694499999897
n521	448	0	0	69	63.38401781249898
n522	451	0	0	75	63.37867593749898
n534	459	0	0	55	63.72322687499896
n536	460	0	0	55	63.88748953124895
n535	458	0	0	59	63.72589781249896
n537	461	0	0	59	63.88748953124895
n524	456	0	0	64	63.72589781249896
n525	457	0	0	76	63.72589781249896
n538	463	0	0	55	64.05575859374895
n540	464	0	0	55	64.20266015624894
n539	462	0	0	59	64.05976499999895
n541	465	0	0	59	64.19865374999894
n549	469	0	0	56	64.38829031249894
n551	471	0	0	56	64.54988203124893
n550	468	0	0	59	64.37493562499894
n552	472	0	0	59	64.54320468749893
n553	470	0	0	62	64.53252093749893
n542	466	0	0	71	64.37092921874894
n543	467	0	0	76	64.36291640624894
n554	477	0	0	56	64.71681562499893
n557	478	0	0	56	64.8703945312489
n555	475	0	0	59	64.72215749999893
n558	479	0	0	59	64.8703945312489
n556	476	0	0	61	64.71013828124893
n559	480	0	0	61	64.85570437499891
n545	473	0	0	65	64.70613187499893
n546	474	0	0	77	64.70880281249893
n560	481	0	0	56	65.0253089062489
n563	485	0	0	56	65.21093906249888
n561	483	0	0	59	65.0386635937489
n564	486	0	0	59	65.19891984374888
n562	482	0	0	61	65.0333217187489
n565	484	0	0	61	65.18690062499888
n584	490	0	0	61	65.42461406249886
n585	491	0	0	61	65.64229546874884
n566	487	0	0	68	65.41125937499886
n569	492	0	0	68	65.63962453124884
n567	489	0	0	71	65.40992390624886
n570	493	0	0	71	65.64763734374884
n568	488	0	0	76	65.40458203124886
n571	494	0	0	77	65.62092796874884
n586	496	0	0	61	65.81189999999883
n587	499	0	0	61	65.97082078124882
n572	495	0	0	68	65.79988078124883
n575	500	0	0	68	65.95479515624882
n573	498	0	0	71	65.81590640624883
n576	501	0	0	71	65.98283999999882
n574	497	0	0	77	65.78251968749883
n577	502	0	0	77	65.93209218749882
n588	503	0	0	61	66.10436765624881
n589	508	0	0	61	66.2806495312488
n578	504	0	0	68	66.10169671874881
n581	509	0	0	68	66.2579465624988
n579	505	0	0	71	66.12840609374881
n582	507	0	0	71	66.2806495312488
n580	506	0	0	77	66.08967749999881
n583	510	0	0	77	66.2472628124988
n608	511	0	0	61	66.43823484374879
n609	515	0	0	61	66.59982656249879
n590	514	0	0	68	66.41820281249879
n593	517	0	0	68	66.5838009374988
n591	512	0	0	71	66.43689937499879
n594	518	0	0	71	66.59448468749879
n592	513	0	0	77	66.41820281249879
n595	516	0	0	77	66.5864718749988
n610	519	0	0	61	66.74138624999878
n611	523	0	0	61	66.89496515624879
n596	520	0	0	68	66.73604437499878
n599	524	0	0	68	66.89095874999879
n597	522	0	0	71	66.74005078124878
n600	526	0	0	71	66.89362968749879
n598	521	0	0	77	66.73604437499878
n601	525	0	0	77	66.88828781249879
n612	527	0	0	61	67.04987953124879
n613	534	0	0	61	67.2114712499988
n602	528	0	0	68	67.05388593749879
n605	531	0	0	68	67.2088003124988
n603	530	0	0	71	67.05255046874879
n606	532	0	0	71	67.2088003124988
n604	529	0	0	77	67.05255046874879
n607	533	0	0	77	67.2034584374988
n644	535	0	0	54	67.45853296874878
n648	544	0	0	54	67.68556265624876
n645	538	0	0	58	67.46654578124878
n649	548	0	0	58	67.68422718749876
n646	540	0	0	61	67.45185562499879
n650	550	0	0	61	67.67621437499876
n647	536	0	0	64	67.44384281249879
n651	545	0	0	64	67.66419515624877
n614	537	0	0	78	67.43850093749879
n619	546	0	0	79	67.67354343749876
n615	541	0	0	82	67.44784921874879
n620	551	0	0	82	67.68689812499876
n616	542	0	0	85	67.45319109374879
n621	553	0	0	85	67.69491093749876
n622	552	0	0	88	67.69891734374876
n627	562	0	0	88	67.86184453124875
n632	571	0	0	88	68.02210078124875
n637	580	0	0	88	68.17968609374874
n617	deletion
n618	539	0	0	90	67.43582999999879
n623	549	0	0	91	67.67220796874876
n652	554	0	0	54	67.85917359374875
n656	563	0	0	54	68.02877812499875
n653	557	0	0	58	67.86184453124875
n657	566	0	0	58	68.03411999999875
n654	558	0	0	61	67.85116078124875
n658	565	0	0	61	68.03679093749875
n655	555	0	0	64	67.83647062499875
n659	567	0	0	64	68.01275249999875
n624	556	0	0	79	67.84982531249875
n629	564	0	0	79	68.01275249999875
n625	560	0	0	82	67.86585093749875
n630	570	0	0	82	68.02610718749875
n626	559	0	0	85	67.86184453124875
n631	569	0	0	85	68.02877812499875
n628	561	0	0	91	67.84448343749875
n633	568	0	0	91	68.01275249999875
n660	573	0	0	54	68.19170531249874
n664	581	0	0	54	68.35196156249873
n661	576	0	0	58	68.19571171874874
n665	582	0	0	58	68.35863890624873
n662	572	0	0	61	68.19838265624874
n666	586	0	0	61	68.34795515624873
n700	591	0	0	61	68.54560453124871
n704	600	0	0	61	68.6898351562487
n708	deletion
n663	574	0	0	64	68.17567968749874
n667	583	0	0	64	68.33994234374873
n634	575	0	0	79	68.17167328124874
n639	584	0	0	79	68.33192953124873
n635	579	0	0	82	68.18769890624874
n640	589	0	0	82	68.35196156249873
n636	578	0	0	85	68.18369249999874
n641	587	0	0	85	68.34394874999873
n642	588	0	0	88	68.34528421874873
n638	577	0	0	91	68.16766687499874
n643	585	0	0	91	68.32658765624873
n698	595	0	0	54	68.52557249999872
n702	599	0	0	54	68.6898351562487
n699	590	0	0	58	68.53892718749871
n703	603	0	0	58	68.6898351562487
n701	592	0	0	64	68.51889515624872
n705	601	0	0	64	68.6858287499987
n668	593	0	0	79	68.52156609374872
n673	602	0	0	79	68.6858287499987
n669	598	0	0	82	68.54293359374871
n674	607	0	0	82	68.7098671874987
n670	597	0	0	85	68.53892718749871
n675	606	0	0	85	68.7071962499987
n671	596	0	0	88	68.54293359374871
n676	605	0	0	88	68.7152090624987
n681	609	0	0	88	68.90484562499869
n686	621	0	0	88	69.08246296874867
n691	deletion
n672	594	0	0	91	68.52023062499872
n677	604	0	0	91	68.6844932812487
n706	610	0	0	54	68.89950374999869
n710	619	0	0	54	69.06510187499867
n707	615	0	0	58	68.93689687499868
n711	622	0	0	58	69.11985609374867
n712	deletion
n709	608	0	0	64	68.88080718749869
n713	616	0	0	64	69.06243093749868
n678	613	0	0	79	68.87412984374869
n683	618	0	0	79	69.06109546874868
n679	611	0	0	82	68.90217468749869
n684	617	0	0	82	69.10115953124867
n680	614	0	0	85	68.89816828124869
n685	620	0	0	85	69.09715312499867
n682	612	0	0	91	68.87412984374869
n687	623	0	0	91	69.05842453124868
n714	626	0	0	54	69.31884093749863
n718	634	0	0	54	69.47776171874861
n715	625	0	0	58	69.29079609374864
n719	633	0	0	58	69.49645828124861
n716	deletion
n720	deletion
n717	624	0	0	64	69.26809312499864
n721	632	0	0	64	69.47375531249861
n688	628	0	0	79	69.27477046874864
n693	635	0	0	79	69.5098129687486
n689	627	0	0	82	69.29880890624864
n694	638	0	0	82	69.5285095312486
n690	630	0	0	85	69.29079609374864
n695	636	0	0	85	69.5431996874986
n696	631	0	0	88	69.34287937499863
n692	629	0	0	91	69.26809312499864
n697	637	0	0	91	69.49245187499861
n726	639	0	0	47	69.83967374999858
n728	642	0	0	54	70.14683156249856
n727	640	0	0	62	70.06536796874856
n729	deletion
n722	641	0	0	79	69.85970578124858
n723	645	0	0	91	69.84368015624858
n730	644	0	0	49	70.31109421874856
n732	647	0	0	54	70.54880765624854
n731	646	0	0	64	70.44597656249854
n733	deletion
n724	657	0	0	78	70.31510062499856
n725	648	0	0	90	70.29640406249857
n734	649	0	0	50	70.66365796874852
n736	650	0	0	54	70.74779249999851
n735	651	0	0	66	70.8225787499985
n737	deletion
n742	652	0	0	47	70.98283499999849
n744	656	0	0	54	71.22054843749846
n743	655	0	0	62	71.11237546874847
n745	deletion
n746	658	0	0	49	71.33539874999845
n748	661	0	0	54	71.58513140624844
n747	660	0	0	64	71.46894562499844
n749	deletion
n740	668	0	0	71	71.34875343749844
n741	659	0	0	83	71.32872140624845
n750	662	0	0	50	71.68128515624842
n752	663	0	0	54	71.7787743749984
n753	664	0	0	66	71.8615734374984
n751	deletion
n758	665	0	0	47	72.00580406249838
n760	667	0	0	54	72.24485296874836
n759	666	0	0	62	72.15938296874836
n761	deletion
n762	669	0	0	49	72.37572890624834
n764	672	0	0	54	72.62279062499832
n763	670	0	0	64	72.48924374999832
n765	deletion
n756	677	0	0	66	72.40510921874834
n757	671	0	0	78	72.37572890624834
n766	673	0	0	50	72.7456537499983
n768	674	0	0	54	72.84180749999828
n767	deletion
n769	deletion
n774	675	0	0	47	73.08085640624826
n776	deletion
n775	676	0	0	62	73.24111265624823
n777	deletion
n778	679	0	0	49	73.46146499999823
n780	681	0	0	54	73.68715921874819
n772	678	0	0	59	73.46280046874823
n779	680	0	0	64	73.58032171874821
n781	deletion
n773	690	0	0	71	73.45478765624823
n782	682	0	0	50	73.80468046874819
n784	685	0	0	54	73.96093031249818
n783	684	0	0	66	73.94356921874818
n788	694	0	0	66	74.88507468749815
n785	deletion
n789	686	0	0	52	74.15457328124818
n791	689	0	0	59	74.38961578124815
n790	687	0	0	62	74.30013937499817
n792	deletion
n793	688	0	0	53	74.55254296874816
n795	693	0	0	59	74.74752140624815
n794	691	0	0	62	74.64869671874816
n796	deletion
n787	692	0	0	67	74.52449812499816
n797	695	0	0	54	74.90777765624814
n799	697	0	0	59	75.11210437499814
n798	696	0	0	62	75.04666640624814
n800	deletion
n803	698	0	0	54	75.30174093749814
n805	700	0	0	59	75.55147359374813
n804	699	0	0	62	75.44864249999813
n806	deletion
n801	704	0	0	66	75.28571531249814
n807	701	0	0	54	75.67567218749811
n809	703	0	0	59	75.84794765624808
n808	702	0	0	62	75.7357682812481
n810	deletion
n811	705	0	0	54	76.00286203124806
n813	706	0	0	61	76.16578921874803
n812	707	0	0	64	76.13106703124804
n814	deletion
n802	708	0	0	70	76.01621671874805
n819	710	0	0	47	76.348748437498
n821	711	0	0	54	76.59714562499799
n820	712	0	0	62	76.53437859374799
n822	deletion
n816	713	0	0	79	76.51968843749799
n823	714	0	0	49	76.761408281248
n825	716	0	0	54	77.00579906249797
n824	715	0	0	64	76.90964531249799
n826	deletion
n817	718	0	0	91	76.770756562498
n827	717	0	0	50	77.11130109374795
n829	719	0	0	54	77.19276468749796
n830	720	0	0	66	77.29292484374795
n828	deletion
n818	721	0	0	90	77.27957015624796
n835	722	0	0	47	77.44383281249794
n837	724	0	0	54	77.68421718749795
n836	723	0	0	62	77.58272156249794
n838	deletion
n832	726	0	0	90	77.63747578124794
n839	725	0	0	49	77.81776406249796
n841	728	0	0	54	78.06482578124792
n840	727	0	0	64	77.93261437499794
n842	deletion
n833	730	0	0	85	77.83111874999796
n843	729	0	0	50	78.17166328124792
n845	731	0	0	54	78.25713328124792
n846	733	0	0	66	78.35595796874792
n844	deletion
n834	732	0	0	83	78.31188749999792
n851	734	0	0	47	78.5068659374979
n853	736	0	0	54	78.73790203124791
n852	735	0	0	62	78.64709015624791
n854	deletion
n848	738	0	0	83	78.6858187499979
n855	737	0	0	49	78.8807971874979
n857	740	0	0	54	79.13587171874788
n856	739	0	0	64	79.00232484374789
n858	deletion
n849	742	0	0	79	78.86343609374791
n859	741	0	0	50	79.22267718749787
n861	743	0	0	54	79.33886296874788
n862	745	0	0	66	79.41498468749786
n860	deletion
n850	744	0	0	78	79.39094624999787
n867	746	0	0	47	79.59527296874786
n869	748	0	0	54	79.85568937499785
n873	752	0	0	54	80.20424671874783
n877	756	0	0	54	80.39388328124782
n884	deletion
n868	747	0	0	62	79.71947156249786
n870	deletion
n864	750	0	0	78	79.75820015624785
n871	749	0	0	49	79.93715296874785
n872	751	0	0	64	80.05600968749785
n874	deletion
n865	754	0	0	73	79.95184312499785
n875	753	0	0	50	80.26834921874783
n876	757	0	0	66	80.46199218749781
n881	766	0	0	66	81.37411734374778
n878	deletion
n866	755	0	0	71	80.43661828124782
n882	deletion
n883	759	0	0	62	80.8038721874978
n885	763	0	0	62	81.1297265624978
n879	761	0	0	71	80.65029328124781
n886	deletion
n888	767	0	0	54	81.39682031249778
n887	deletion
n889	deletion
n880	764	0	0	67	81.0188826562478
n890	deletion
n900	770	0	0	54	81.73602937499778
n892	deletion
n894	771	0	0	66	81.76407421874778
n893	deletion
n891	deletion
n895	772	0	0	62	81.94970437499778
n897	774	0	0	55	82.27155234374777
n896	773	0	0	59	82.12465078124777
n901	776	0	0	30	82.45184062499777
n902	775	0	0	42	82.45317609374777
n898	777	0	0	54	82.46385984374777
n899	779	0	0	58	82.61476781249777
n906	780	0	0	35	82.80974624999777
n908	782	0	0	37	82.99270546874776
n907	778	0	0	47	82.80573984374777
n909	781	0	0	49	82.99136999999776
n903	785	0	0	59	82.80306890624777
n910	784	0	0	38	83.17700015624776
n912	787	0	0	40	83.32390171874775
n911	783	0	0	50	83.17700015624776
n913	786	0	0	52	83.31989531249775
n914	792	0	0	42	83.53089937499774
n915	791	0	0	54	83.52689296874775
n916	790	0	0	55	83.94623015624774
n917	793	0	0	59	83.94623015624774
n922	794	0	0	40	85.2029062499977
n923	795	0	0	52	85.2055771874977
n924	796	0	0	55	85.1975643749977
n920	797	0	0	60	85.1842096874977
n921	798	0	0	67	85.96145249999765
n930	800	0	0	42	86.41684734374765
n931	799	0	0	54	86.41684734374765
n927	803	0	0	58	86.41951828124765
n928	801	0	0	61	86.43687937499764
n929	802	0	0	64	86.42085374999765
n926	804	0	0	66	87.16070343749759
n936	806	0	0	35	87.5279573437476
n938	808	0	0	37	87.70290374999757
n937	805	0	0	47	87.5252864062476
n939	807	0	0	49	87.70290374999757
n932	813	0	0	59	87.5506603124976
n933	814	0	0	62	87.5466539062476
n934	815	0	0	66	87.5426474999976
n940	810	0	0	38	87.88452749999756
n942	812	0	0	40	88.02875812499755
n941	809	0	0	50	87.88185656249756
n943	811	0	0	52	88.02341624999755
n944	820	0	0	42	88.21171734374757
n945	819	0	0	54	88.20771093749757
n946	818	0	0	55	88.63773187499756
n947	821	0	0	59	88.63906734374756
n952	823	0	0	40	90.0426449999975
n953	824	0	0	52	90.03329671874751
n954	822	0	0	55	90.0386385937475
n950	825	0	0	60	90.02394843749751
n951	827	0	0	67	90.85193906249745
n960	832	0	0	42	91.32870140624745
n961	831	0	0	54	91.36208812499744
n957	829	0	0	58	91.30866937499745
n958	828	0	0	61	91.31401124999745
n959	826	0	0	64	91.31134031249745
n956	830	0	0	66	92.15402109374742
n964	833	0	0	67	93.2931759374974
n970	837	0	0	35	93.76192546874739
n971	838	0	0	47	93.77528015624739
n968	835	0	0	59	93.76326093749739
n969	834	0	0	62	93.78195749999739
n967	836	0	0	66	94.58724515624729
n974	843	0	0	67	95.66763937499718
n980	839	0	0	30	96.1630982812471
n981	841	0	0	42	96.1911431249971
n978	842	0	0	61	96.1630982812471
n979	840	0	0	64	96.1350534374971
n977	844	0	0	70	96.93767015624704
n987	849	0	0	35	97.52661187499703
n988	848	0	0	47	97.53462468749703
n982	847	0	0	59	97.54263749999703
n983	845	0	0	62	97.53596015624703
n984	846	0	0	71	97.51859906249703
n996	852	0	0	35	98.77794609374698
n997	850	0	0	47	98.79263624999697
n991	853	0	0	59	98.76993328124698
n992	854	0	0	62	98.77393968749698
n993	851	0	0	71	98.75524312499698
n1005	857	0	0	35	99.99589359374689
n1006	858	0	0	47	100.00390640624688
n1000	855	0	0	59	99.99188718749689
n1001	859	0	0	62	99.99188718749689
n1002	856	0	0	71	99.97986796874689
n1009	860	0	0	71	101.53168265624677
n1011	861	0	0	71	102.73093359374671
n1013	862	0	0	71	103.8607401562467
n1019	864	0	0	66	104.8249485937467
n1020	865	0	0	69	104.8169357812467
n1015	866	0	0	71	105.04262999999669
n1014	deletion
n1016	863	0	0	81	104.7808781249967
n1030	869	0	0	66	105.33109124999667
n1031	868	0	0	69	105.31773656249668
n1025	867	0	0	71	105.56079187499668
n1024	deletion
n1021	870	0	0	81	105.30571734374668
n1026	871	0	0	71	105.79449890624669
n1028	875	0	0	71	106.11100499999667
n1027	deletion
n1022	872	0	0	79	105.90534281249667
n1033	874	0	0	66	106.09631484374667
n1034	873	0	0	69	106.09364390624667
n1029	877	0	0	71	106.25924203124666
n1023	876	0	0	78	106.06693453124667
n1046	880	0	0	64	106.48092984374667
n1047	881	0	0	67	106.48894265624666
n1040	878	0	0	71	106.46891062499667
n1041	879	0	0	71	106.67056640624665
n1036	883	0	0	79	106.46089781249667
n1037	882	0	0	83	106.45689140624667
n1042	884	0	0	71	106.85886749999662
n1043	885	0	0	71	106.9830660937466
n1044	deletion
n1049	888	0	0	64	107.19273468749657
n1050	887	0	0	67	107.20208296874657
n1045	890	0	0	71	107.34764906249656
n1038	886	0	0	79	107.19674109374657
n1039	889	0	0	83	107.16869624999657
n1062	896	0	0	62	107.62676203124653
n1063	894	0	0	65	107.62008468749653
n1056	891	0	0	71	107.62142015624653
n1057	893	0	0	71	107.8070503124965
n1051	892	0	0	80	107.63878124999653
n1052	895	0	0	83	107.59070437499653
n1058	897	0	0	71	107.96864203124647
n1059	898	0	0	71	108.10619531249647
n1053	899	0	0	81	108.10485984374647
n1065	903	0	0	62	108.30785109374646
n1066	902	0	0	65	108.29983828124647
n1060	900	0	0	71	108.29983828124647
n1061	905	0	0	71	108.42937874999645
n1054	901	0	0	80	108.31185749999646
n1055	904	0	0	83	108.27179343749647
n1074	907	0	0	60	108.67644046874643
n1075	906	0	0	64	108.70582078124643
n1076	911	0	0	64	108.82734843749641
n1072	908	0	0	72	108.65907937499644
n1068	910	0	0	81	108.65507296874644
n1069	909	0	0	84	108.65106656249644
n1077	912	0	0	64	108.9996239062464
n1078	913	0	0	64	109.15854468749637
n1079	916	0	0	64	109.32414281249635
n1080	917	0	0	64	109.49374734374634
n1073	914	0	0	72	109.28674968749635
n1071	915	0	0	84	109.28274328124635
n1094	924	0	0	57	109.72611890624633
n1095	920	0	0	60	109.71409968749633
n1088	918	0	0	64	109.67670656249634
n1089	921	0	0	64	109.88103328124632
n1081	922	0	0	72	109.69139671874633
n1082	923	0	0	84	109.69540312499633
n1090	925	0	0	64	110.04796687499629
n1091	929	0	0	64	110.21890687499626
n1092	deletion
n1083	926	0	0	71	110.19887484374627
n1084	927	0	0	83	110.20021031249627
n1097	933	0	0	57	110.38183406249625
n1098	932	0	0	60	110.37649218749625
n1093	934	0	0	64	110.51671640624623
n1085	930	0	0	69	110.37782765624625
n1086	931	0	0	81	110.37782765624625
n1111	940	0	0	56	110.77179093749622
n1112	936	0	0	59	110.74508156249622
n1105	935	0	0	65	110.75175890624622
n1106	939	0	0	65	110.92002796874621
n1100	937	0	0	74	110.73306234374623
n1101	938	0	0	86	110.72905593749623
n1107	941	0	0	65	111.08696156249621
n1108	942	0	0	65	111.2338631249962
n1114	946	0	0	56	111.4168223437462
n1115	947	0	0	59	111.40079671874621
n1109	945	0	0	65	111.4114804687462
n1110	948	0	0	65	111.5704012499962
n1103	943	0	0	74	111.39411937499621
n1104	944	0	0	86	111.39011296874621
n1129	953	0	0	56	111.7627087499962
n1130	952	0	0	58	111.80010187499619
n1123	951	0	0	65	111.76671515624619
n1124	954	0	0	65	111.95100984374616
n1116	956	0	0	74	111.77072156249619
n1117	955	0	0	86	111.76671515624619
n1125	959	0	0	65	112.09390499999616
n1126	962	0	0	65	112.25549671874616
n1118	960	0	0	72	112.23279374999616
n1119	961	0	0	84	112.23680015624616
n1132	968	0	0	56	112.42777218749615
n1133	969	0	0	58	112.46917171874614
n1127	967	0	0	65	112.41041109374615
n1128	970	0	0	65	112.56933187499614
n1120	966	0	0	74	112.40774015624615
n1121	965	0	0	86	112.40640468749615
n1142	975	0	0	55	112.79769703124612
n1148	981	0	0	55	113.1035193749961
n1145	deletion
n1143	974	0	0	58	112.80704531249611
n1146	977	0	0	58	112.9833271874961
n1144	973	0	0	63	112.78434234374612
n1147	976	0	0	63	112.9499404687461
n1135	978	0	0	75	112.76831671874612
n1136	979	0	0	87	112.76564578124612
n1151	988	0	0	55	113.2798012499961
n1149	982	0	0	58	113.1515962499961
n1152	987	0	0	58	113.2838076562461
n1150	980	0	0	63	113.0981774999961
n1153	986	0	0	63	113.2757948437461
n1137	983	0	0	74	113.2677820312461
n1138	984	0	0	86	113.2584337499961
n1154	993	0	0	55	113.42403187499609
n1157	996	0	0	55	113.57894624999608
n1155	990	0	0	58	113.43471562499609
n1158	995	0	0	58	113.59096546874608
n1156	989	0	0	63	113.42803828124609
n1159	994	0	0	63	113.57493984374608
n1139	992	0	0	75	113.43471562499609
n1140	991	0	0	87	113.43070921874609
n1164	998	0	0	54	113.80464046874607
n1166	1000	0	0	54	113.96890312499605
n1165	997	0	0	58	113.80464046874607
n1167	999	0	0	58	113.96489671874605
n1160	1001	0	0	63	113.77526015624608
n1168	1003	0	0	54	114.12782390624605
n1170	1006	0	0	54	114.29876390624604
n1169	1002	0	0	58	114.11981109374605
n1171	1005	0	0	58	114.28941562499604
n1161	1004	0	0	62	114.26671265624604
n1172	1008	0	0	54	114.45100734374603
n1174	1012	0	0	54	114.60592171874602
n1173	1009	0	0	58	114.43898812499603
n1175	1010	0	0	58	114.59790890624602
n1162	1007	0	0	63	114.44165906249603
n1183	1014	0	0	51	114.80757749999601
n1185	1017	0	0	51	114.998549531246
n1184	1013	0	0	54	114.79689374999602
n1186	1016	0	0	54	114.983859374996
n1176	1018	0	0	63	114.78487453124602
n1177	1021	0	0	66	114.78353906249602
n1187	1020	0	0	51	115.11874171874598
n1189	1025	0	0	51	115.28300437499598
n1188	1019	0	0	54	115.10672249999598
n1190	1023	0	0	54	115.26964968749598
n1178	1022	0	0	62	115.28968171874598
n1179	1024	0	0	65	115.27899796874598
n1191	1029	0	0	51	115.44726703124599
n1193	1031	0	0	51	115.59550406249598
n1192	1028	0	0	54	115.44593156249599
n1194	1030	0	0	54	115.60485234374597
n1180	1026	0	0	63	115.45394437499598
n1181	1027	0	0	66	115.44192515624599
n1202	1032	0	0	48	115.80383718749597
n1204	1035	0	0	48	115.96943531249596
n1203	1033	0	0	51	115.80784359374597
n1205	1034	0	0	51	115.96409343749596
n1195	1036	0	0	75	115.79715984374597
n1196	1038	0	0	78	115.79181796874597
n1206	1039	0	0	48	116.10565312499597
n1208	1042	0	0	48	116.26991578124597
n1207	1037	0	0	51	116.10965953124597
n1209	1041	0	0	51	116.28059953124597
n1197	1040	0	0	74	116.27792859374597
n1198	1043	0	0	77	116.27125124999597
n1210	1046	0	0	48	116.43818484374597
n1212	1048	0	0	48	116.58375093749596
n1211	1044	0	0	51	116.44886859374597
n1213	1049	0	0	51	116.57974453124596
n1199	1045	0	0	75	116.45421046874597
n1200	1047	0	0	78	116.44886859374597
n1221	1051	0	0	45	116.80143234374596
n1223	1053	0	0	45	116.96168859374595
n1222	1050	0	0	48	116.79876140624596
n1224	1052	0	0	48	116.95367578124595
n1214	1054	0	0	72	116.79876140624596
n1215	1055	0	0	84	116.80009687499596
n1225	1057	0	0	45	117.13262859374595
n1227	1061	0	0	45	117.28620749999595
n1226	1056	0	0	48	117.12595124999595
n1228	1058	0	0	48	117.29021390624595
n1216	1060	0	0	71	117.29422031249595
n1217	1059	0	0	83	117.29288484374595
n1229	1062	0	0	45	117.45180562499594
n1231	1066	0	0	45	117.60538453124593
n1230	1063	0	0	48	117.45581203124594
n1232	1067	0	0	48	117.60137812499593
n1218	1064	0	0	72	117.45581203124594
n1219	1065	0	0	84	117.45714749999594
n1237	1070	0	0	42	117.82573687499593
n1240	1073	0	0	42	117.98599312499591
n1238	1069	0	0	45	117.82039499999593
n1241	1072	0	0	45	117.98866406249591
n1239	1068	0	0	48	117.81104671874593
n1242	1071	0	0	48	117.97931578124592
n1233	1074	0	0	57	117.80570484374593
n1243	1077	0	0	42	118.15826859374592
n1246	1078	0	0	42	118.33187953124592
n1244	1075	0	0	45	118.14491390624592
n1247	1080	0	0	45	118.33321499999592
n1245	1076	0	0	48	118.13556562499592
n1248	1079	0	0	48	118.31184749999592
n1234	1081	0	0	56	118.32787312499592
n1249	1083	0	0	42	118.49480671874592
n1252	1087	0	0	42	118.6697531249959
n1250	1084	0	0	45	118.51083234374592
n1253	1088	0	0	45	118.66574671874591
n1251	1085	0	0	48	118.48011656249592
n1254	1086	0	0	48	118.64972109374591
n1235	1082	0	0	57	118.48412296874592
n1262	1091	0	0	39	118.87274437499589
n1266	1094	0	0	39	119.04501984374586
n1263	1092	0	0	42	118.88876999999589
n1267	1095	0	0	42	119.06772281249586
n1264	1093	0	0	45	118.87675078124589
n1268	1097	0	0	45	119.05303265624586
n1265	1090	0	0	48	118.86473156249589
n1269	1096	0	0	48	119.04101343749586
n1255	1098	0	0	78	118.86473156249589
n1256	1099	0	0	90	118.86473156249589
n1270	1101	0	0	39	119.22263718749585
n1274	1107	0	0	39	119.37087421874584
n1271	1103	0	0	42	119.23866281249585
n1275	1109	0	0	42	119.38689984374584
n1272	1100	0	0	45	119.23732734374585
n1276	1108	0	0	45	119.37087421874584
n1273	1102	0	0	48	119.20260515624585
n1277	1106	0	0	48	119.36820328124584
n1257	1104	0	0	77	119.34282937499584
n1258	1105	0	0	89	119.34015843749584
n1278	1114	0	0	39	119.55917531249582
n1282	1117	0	0	39	119.70073499999582
n1279	1112	0	0	42	119.55383343749583
n1283	1116	0	0	42	119.70207046874582
n1280	1115	0	0	45	119.56985906249582
n1284	1119	0	0	45	119.69672859374582
n1281	1113	0	0	48	119.53780781249583
n1285	1118	0	0	48	119.68470937499582
n1259	1110	0	0	78	119.53246593749583
n1260	1111	0	0	90	119.53246593749583
n1296	1123	0	0	38	119.89704890624581
n1300	1127	0	0	38	120.0840145312458
n1297	1122	0	0	42	119.89971984374581
n1301	1128	0	0	42	120.1120593749958
n1298	1124	0	0	45	119.89037156249582
n1302	1126	0	0	45	120.0826790624958
n1299	1121	0	0	48	119.88636515624582
n1303	1125	0	0	48	120.0639824999958
n1286	1130	0	0	66	119.87434593749582
n1287	1131	0	0	69	119.87568140624582
n1288	1129	0	0	72	119.86900406249582
n1304	1133	0	0	38	120.24961265624579
n1308	1136	0	0	38	120.40586249999578
n1305	1135	0	0	42	120.28032843749578
n1309	1137	0	0	42	120.41120437499578
n1306	1132	0	0	45	120.25228359374579
n1310	1140	0	0	45	120.39651421874578
n1307	1134	0	0	48	120.22290328124579
n1311	1138	0	0	48	120.38182406249578
n1289	1139	0	0	66	120.39250781249578
n1290	1141	0	0	69	120.38583046874578
n1291	1142	0	0	71	120.38182406249578
n1312	1150	0	0	38	120.56611874999575
n1316	1153	0	0	38	120.71168484374574
n1313	1147	0	0	42	120.58882171874575
n1317	1151	0	0	42	120.71569124999574
n1314	1148	0	0	45	120.57947343749575
n1318	1154	0	0	45	120.72236859374574
n1315	1149	0	0	48	120.56478328124575
n1319	1152	0	0	48	120.70901390624574
n1292	1146	0	0	66	120.55543499999575
n1293	1144	0	0	69	120.56478328124575
n1294	1145	0	0	72	120.55409953124575
n1330	1161	0	0	31	120.92402437499572
n1332	1165	0	0	31	121.06691953124572
n1331	1157	0	0	43	120.91334062499573
n1333	1164	0	0	43	121.04955843749572
n1320	1156	0	0	65	120.90265687499573
n1321	1158	0	0	68	120.90532781249573
n1322	1159	0	0	71	120.89865046874573
n1334	1166	0	0	31	121.23919499999569
n1335	1167	0	0	43	121.24854328124569
n1324	1170	0	0	68	121.45420546874568
n1325	1168	0	0	71	121.44752812499569
n1326	1169	0	0	77	121.43283796874569
n1327	1173	0	0	67	121.64517749999567
n1328	1172	0	0	72	121.64918390624567
n1329	1171	0	0	76	121.62247453124567
n1349	1175	0	0	31	122.16200390624562
n1350	1174	0	0	43	122.15399109374562
n1338	1178	0	0	66	122.01643781249564
n1339	1177	0	0	69	122.02044421874564
n1340	1176	0	0	75	122.00308312499564
n1351	1180	0	0	31	122.33427937499559
n1352	1179	0	0	43	122.33027296874559
n1342	1182	0	0	66	122.49854203124558
n1343	1181	0	0	69	122.49453562499558
n1344	1183	0	0	75	122.48785828124558
n1345	1185	0	0	65	122.69485593749557
n1346	1184	0	0	71	122.69619140624557
n1347	1186	0	0	74	122.68283671874558
n1366	1188	0	0	31	123.19165031249553
n1367	1187	0	0	43	123.19298578124553
n1355	1189	0	0	64	123.04875515624553
n1356	1191	0	0	67	123.04341328124553
n1357	1190	0	0	73	123.03406499999554
n1368	1193	0	0	31	123.37060312499551
n1369	1192	0	0	43	123.37327406249551
n1359	1195	0	0	63	123.5562332812455
n1360	1194	0	0	67	123.5562332812455
n1361	1196	0	0	72	123.5241820312455
n1362	1199	0	0	62	123.7258378124955
n1363	1197	0	0	67	123.7311796874955
n1364	1198	0	0	71	123.7218314062455
n1385	1204	0	0	31	124.21862578124546
n1386	1203	0	0	43	124.21862578124546
n1372	1200	0	0	61	124.11178828124547
n1373	1201	0	0	64	124.08107249999547
n1374	1202	0	0	70	124.07439515624547
n1388	1209	0	0	31	124.57653140624546
n1389	1208	0	0	43	124.56851859374547
n1376	1206	0	0	60	124.42695890624546
n1377	1205	0	0	64	124.42161703124546
n1378	1207	0	0	69	124.41093328124546
n1391	1214	0	0	31	124.90372124999547
n1392	1213	0	0	43	124.91173406249547
n1380	1211	0	0	60	124.77551624999546
n1381	1210	0	0	63	124.76216156249546
n1382	1212	0	0	68	124.74480046874547
n1400	1217	0	0	31	125.22957562499548
n1401	1216	0	0	43	125.23758843749548
n1393	1215	0	0	67	125.08000312499547
n1403	1219	0	0	33	125.58614578124548
n1404	1220	0	0	45	125.58213937499548
n1395	1218	0	0	66	125.41119937499548
n1406	1222	0	0	35	125.89998093749549
n1407	1223	0	0	47	125.89463906249549
n1397	1221	0	0	65	125.73838921874548
n1415	1226	0	0	36	126.21515156249546
n1416	1225	0	0	48	126.20446781249547
n1408	1224	0	0	64	126.04821796874548
n1418	1228	0	0	37	126.54634781249547
n1419	1229	0	0	49	126.53699953124547
n1410	1227	0	0	63	126.37407234374547
n1421	1231	0	0	38	126.85884749999546
n1422	1232	0	0	50	126.84549281249546
n1412	1230	0	0	62	126.69859124999547
n1430	1234	0	0	39	127.18737281249545
n1431	1235	0	0	51	127.17401812499546
n1423	1233	0	0	61	127.01109093749547
n1433	1237	0	0	40	127.51723359374544
n1434	1238	0	0	52	127.49453062499545
n1425	1236	0	0	60	127.33427437499546
n1436	1240	0	0	41	127.83908156249544
n1437	1241	0	0	53	127.83507515624544
n1427	1239	0	0	59	127.67615437499545
n1445	1243	0	0	42	128.17428421874544
n1446	1244	0	0	54	128.16226499999544
n1438	1242	0	0	58	128.00735062499544
n1448	1246	0	0	43	128.5215060937454
n1449	1247	0	0	55	128.4947967187454
n1440	1245	0	0	57	128.34121781249542
n1451	1250	0	0	43	128.8687279687454
n1452	1249	0	0	55	128.8620506249954
n1442	1248	0	0	56	128.67642046874536
n1454	1252	0	0	55	129.32812921874537
n1453	1251	0	0	56	129.10377046874538
n1455	1253	0	0	67	129.69805406249537
n1459	1254	0	0	65	130.9200079687453
n1460	1256	0	0	59	131.78806265624524
n1461	1255	0	0	65	131.80809468749524
n1458	1259	0	0	67	131.77337249999525
n1465	1257	0	0	60	132.28485703124525
n1466	1258	0	0	64	132.28752796874525
n1467	1260	0	0	60	132.7362454687452
n1463	1263	0	0	72	132.70285874999522
n1468	1261	0	0	61	133.0874737499952
n1464	1262	0	0	69	133.0741190624952
n1472	1266	0	0	62	133.4427084374952
n1469	1264	0	0	67	133.4360310937452
n1473	1267	0	0	57	133.80462046874518
n1470	1265	0	0	65	133.81129781249518
n1474	1268	0	0	58	134.20125468749518
n1471	1269	0	0	65	134.18923546874518
n1478	1270	0	0	59	134.58319874999518
n1479	1271	0	0	55	134.97315562499514
n1476	1272	0	0	74	134.94911718749515
n1480	1273	0	0	62	135.31637109374512
n1477	1274	0	0	65	135.31236468749512
n1487	1275	0	0	61	135.68496046874512
n1488	1277	0	0	60	136.0482079687451
n1482	1276	0	0	64	136.0508789062451
n1489	1286	0	0	58	136.45018406249508
n1490	1281	0	0	60	136.4261456249951
n1483	1278	0	0	64	136.45819687499508
n1484	1279	0	0	67	136.5823954687451
n1485	1280	0	0	72	136.68522656249507
n1486	1283	0	0	76	136.81076062499505
n1503	1287	0	0	57	136.83613453124505
n1494	1289	0	0	65	137.105899218745
n1493	1285	0	0	69	137.02710656249502
n1492	1284	0	0	72	136.94297203124503
n1491	1282	0	0	77	136.86017296874505
n1505	1294	0	0	53	137.190033749995
n1506	deletion
n1495	1288	0	0	69	137.198046562495
n1496	1291	0	0	72	137.32491609374497
n1497	1292	0	0	77	137.34761906249497
n1498	1293	0	0	81	137.42240531249496
n1507	1299	0	0	54	137.51722359374494
n1508	1296	0	0	62	137.49852703124495
n1500	1297	0	0	74	137.61604828124493
n1499	1295	0	0	81	137.51722359374494
n1501	1298	0	0	81	137.68282171874492
n1502	1300	0	0	86	137.78298187499493
n1521	1304	0	0	55	137.85242624999492
n1522	1302	0	0	60	137.85509718749492
n1510	1303	0	0	74	137.9699474999949
n1509	1301	0	0	81	137.86310999999492
n1511	1305	0	0	81	138.0393918749949
n1512	1306	0	0	82	138.10883624999488
n1523	1313	0	0	50	138.18629343749487
n1524	1307	0	0	58	138.19029984374487
n1514	1308	0	0	74	138.29847281249485
n1515	1310	0	0	79	138.42133593749483
n1513	deletion
n1516	1311	0	0	82	138.46139999999482
n1526	1318	0	0	53	138.60696609374483
n1525	1317	0	0	58	138.58292765624483
n1518	1314	0	0	73	138.70178437499482
n1517	1312	0	0	79	138.57224390624484
n1519	1315	0	0	79	138.7939317187448
n1520	1316	0	0	82	138.8753953124948
n1542	1320	0	0	52	138.96353624999477
n1528	1321	0	0	72	139.06770281249476
n1527	1319	0	0	79	138.97021359374477
n1529	1322	0	0	79	139.14916640624475
n1530	1323	0	0	82	139.19857874999474
n1540	1325	0	0	67	139.31209359374472
n1532	1326	0	0	72	139.3935571874947
n1531	1324	0	0	76	139.31609999999472
n1533	1327	0	0	76	139.4763562499947
n1534	1328	0	0	79	139.54980703124468
n1544	1333	0	0	48	139.69003124999466
n1541	1335	0	0	58	139.68201843749466
n1536	1330	0	0	76	139.78217859374465
n1535	1329	0	0	79	139.67400562499466
n1537	1331	0	0	79	139.84227468749464
n1538	1332	0	0	84	139.94911218749462
n1560	1337	0	0	53	140.0332467187446
n1546	1336	0	0	76	140.1200521874946
n1545	1334	0	0	79	140.0319112499946
n1547	1338	0	0	79	140.18816109374458
n1548	1340	0	0	84	140.25760546874457
n1561	1345	0	0	53	140.39916515624455
n1558	1343	0	0	57	140.39115234374455
n1550	1341	0	0	77	140.44323562499454
n1549	1339	0	0	81	140.36177203124456
n1551	1342	0	0	81	140.54606671874456
n1552	1344	0	0	84	140.65824609374457
n1559	1353	0	0	45	140.74505156249455
n1554	1346	0	0	77	140.85723093749453
n1553	1347	0	0	81	140.76374812499455
n1562	1349	0	0	81	141.0482029687445
n1566	1352	0	0	81	141.3072839062445
n1555	deletion
n1564	deletion
n1556	1348	0	0	84	140.92934624999452
n1563	1350	0	0	77	141.1870917187445
n1565	1351	0	0	86	141.2351685937445
n1575	1359	0	0	50	141.44216624999447
n1567	1356	0	0	77	141.87218718749443
n1568	1354	0	0	81	141.45819187499447
n1569	deletion
n1576	1361	0	0	46	141.78805265624445
n1571	deletion
n1570	1355	0	0	82	141.77469796874445
n1572	1357	0	0	82	141.96433453124445
n1573	1358	0	0	86	142.06716562499443
n1589	1364	0	0	45	142.14061640624442
n1578	1362	0	0	77	142.2541312499944
n1577	1360	0	0	83	142.15664203124442
n1579	1363	0	0	83	142.3262465624944
n1580	1365	0	0	86	142.42907765624437
n1590	1366	0	0	44	142.51321218749436
n1582	1368	0	0	76	142.60001765624435
n1581	1367	0	0	83	142.52790234374436
n1583	1369	0	0	83	142.70551968749436
n1584	1370	0	0	86	142.78698328124435
n1591	1380	0	0	44	142.89114984374436
n1586	1372	0	0	76	142.98863906249434
n1585	1371	0	0	83	142.90316906249436
n1587	1373	0	0	83	143.08479281249433
n1588	1374	0	0	86	143.16892734374431
n1607	1384	0	0	44	143.9822278124943
n1604	deletion
n1593	1376	0	0	76	143.3345254687443
n1592	1375	0	0	83	143.2584037499943
n1594	1377	0	0	83	143.41732453124428
n1595	1378	0	0	86	143.5295039062443
n1605	1388	0	0	52	143.6350059374943
n1606	deletion
n1597	1381	0	0	76	143.7097921874943
n1596	1379	0	0	83	143.6269931249943
n1598	1382	0	0	83	143.79659765624427
n1599	1383	0	0	86	143.8914159374943
n1601	1386	0	0	76	144.0703687499943
n1600	1385	0	0	83	143.9822278124943
n1602	1387	0	0	83	144.15850968749427
n1603	1389	0	0	86	144.21860578124426
n1620	1396	0	0	45	144.33612703124427
n1609	1391	0	0	76	144.41759062499426
n1608	1390	0	0	83	144.32811421874428
n1610	1392	0	0	83	144.48970593749425
n1611	1393	0	0	84	144.59921437499426
n1621	1403	0	0	52	144.69403265624425
n1622	deletion
n1613	1395	0	0	76	144.79018640624423
n1612	1394	0	0	81	144.69403265624425
n1614	1397	0	0	81	144.87966281249422
n1615	1398	0	0	84	144.9731456249942
n1623	1399	0	0	45	145.0452609374942
n1617	1401	0	0	76	145.13607281249418
n1616	1400	0	0	81	145.0465964062442
n1618	1402	0	0	81	145.22822015624416
n1619	1404	0	0	84	145.31101921874415
n1636	1409	0	0	47	145.38714093749414
n1625	1406	0	0	74	145.47394640624412
n1624	1405	0	0	81	145.40583749999413
n1626	1407	0	0	81	145.5821193749941
n1627	1408	0	0	83	145.6569056249941
n1637	1418	0	0	52	145.76507859374408
n1638	deletion
n1629	1411	0	0	74	145.84520671874407
n1628	1410	0	0	80	145.75305937499408
n1630	1412	0	0	80	145.93735406249408
n1631	1413	0	0	83	146.03217234374407
n1639	1415	0	0	47	146.11897781249405
n1633	1416	0	0	74	146.19910593749404
n1632	1414	0	0	80	146.11897781249405
n1634	1417	0	0	80	146.28190499999403
n1635	1419	0	0	83	146.367374999994
n1652	1424	0	0	48	146.460857812494
n1641	1421	0	0	72	146.55300515624398
n1640	1420	0	0	80	146.462193281244
n1642	1422	0	0	80	146.63713968749397
n1643	1423	0	0	83	146.72127421874396
n1653	1434	0	0	52	146.82811171874394
n1654	deletion
n1646	1427	0	0	72	147.0017226562439
n1644	1425	0	0	80	146.80941515624394
n1645	1426	0	0	81	146.90556890624393
n1647	1428	0	0	81	147.0871926562439
n1655	1429	0	0	48	147.1566370312439
n1650	1432	0	0	72	147.35829281249386
n1648	1430	0	0	80	147.1606434374939
n1649	1431	0	0	81	147.26614546874387
n1651	1433	0	0	81	147.42239531249385
n1668	1440	0	0	51	147.54258749999383
n1657	1436	0	0	71	147.6374057812438
n1656	1435	0	0	81	147.54125203124383
n1658	1437	0	0	81	147.7228757812438
n1659	1438	0	0	83	147.8150231249938
n1669	1448	0	0	59	147.91918968749377
n1670	deletion
n1661	1441	0	0	71	147.97928578124376
n1660	1439	0	0	81	147.88847390624377
n1662	1442	0	0	81	148.06609124999375
n1663	1443	0	0	83	148.16625140624376
n1671	1445	0	0	51	148.25839874999375
n1665	1446	0	0	71	148.33719140624373
n1664	1444	0	0	81	148.24237312499375
n1666	1447	0	0	81	148.42933874999372
n1667	1449	0	0	83	148.52816343749373
n1684	1455	0	0	52	148.60027874999372
n1673	1451	0	0	71	148.6950970312437
n1672	1450	0	0	81	148.61229796874372
n1674	1452	0	0	81	148.7805670312437
n1675	1453	0	0	83	148.8740498437437
n1685	1463	0	0	60	148.9661971874937
n1686	deletion
n1677	1456	0	0	71	149.04098343749368
n1676	1454	0	0	81	148.9541779687437
n1678	1457	0	0	81	149.13713718749366
n1679	1458	0	0	83	149.22127171874365
n1687	1460	0	0	52	149.30674171874364
n1681	1461	0	0	71	149.37618609374363
n1680	1459	0	0	81	149.30006437499364
n1682	1462	0	0	81	149.4643270312436
n1683	1464	0	0	83	149.55780984374363
n1700	1470	0	0	54	149.6566345312436
n1689	1466	0	0	71	149.7234079687436
n1688	1465	0	0	81	149.6432798437436
n1690	1467	0	0	81	149.82356812499359
n1691	1468	0	0	83	149.90236078124357
n1701	1477	0	0	63	150.01988203124355
n1702	deletion
n1693	1471	0	0	71	150.07997812499354
n1692	1469	0	0	81	149.99851453124356
n1694	1472	0	0	81	150.17613187499353
n1695	1473	0	0	83	150.26961468749352
n1703	1475	0	0	54	150.3390590624935
n1697	1476	0	0	71	150.4352128124935
n1696	1474	0	0	81	150.3430654687435
n1698	1478	0	0	81	150.53003109374347
n1699	1479	0	0	83	150.6221784374935
n1716	1485	0	0	55	150.70764843749348
n1705	1481	0	0	71	150.79979578124346
n1704	1480	0	0	79	150.70631296874348
n1706	1482	0	0	79	150.87992390624345
n1707	1483	0	0	83	150.97207124999343
n1717	1494	0	0	64	151.07223140624342
n1718	deletion
n1709	1486	0	0	71	151.1256501562434
n1708	1484	0	0	79	151.05219937499342
n1710	1487	0	0	79	151.2097846874934
n1711	1488	0	0	83	151.2752226562434
n1719	1491	0	0	55	151.36870546874337
n1713	1492	0	0	76	151.47954937499335
n1712	1490	0	0	83	151.39942124999337
n1714	1493	0	0	83	151.57169671874334
n1715	1495	0	0	88	151.66517953124333
n1732	1501	0	0	57	151.7599978124933
n1721	1497	0	0	76	151.8521451562433
n1720	1496	0	0	84	151.7559914062433
n1722	1498	0	0	84	151.94028609374328
n1723	1499	0	0	88	152.02442062499327
n1733	1509	0	0	66	152.11122609374326
n1734	deletion
n1725	1502	0	0	76	152.20337343749324
n1724	1500	0	0	84	152.12190984374325
n1726	1503	0	0	84	152.29819171874323
n1727	1504	0	0	88	152.3729779687432
n1735	1505	0	0	57	152.4571124999932
n1729	1507	0	0	76	152.55460171874319
n1728	1506	0	0	84	152.4651253124932
n1730	1508	0	0	84	152.64140718749317
n1731	1510	0	0	88	152.72420624999316
n1748	1517	0	0	58	152.81101171874315
n1737	1512	0	0	79	152.91117187499313
n1736	1511	0	0	85	152.82837281249314
n1738	1513	0	0	85	152.98996453124312
n1739	1514	0	0	88	153.0754345312431
n1749	1525	0	0	67	153.18227203124312
n1750	deletion
n1741	1516	0	0	79	153.2570582812431
n1740	1515	0	0	85	153.18093656249312
n1742	1518	0	0	85	153.3505410937431
n1743	1519	0	0	88	153.43734656249308
n1751	1521	0	0	58	153.5361712499931
n1745	1522	0	0	79	153.61897031249308
n1744	1520	0	0	85	153.5401776562431
n1746	1523	0	0	85	153.69108562499306
n1747	1524	0	0	88	153.75652359374305
n1764	1528	0	0	59	153.87137390624304
n1767	deletion
n1753	1527	0	0	79	153.93948281249303
n1752	1526	0	0	83	153.86870296874304
n1754	1529	0	0	83	154.022281874993
n1755	1530	0	0	88	154.117100156243
n1765	1532	0	0	64	154.22660859374298
n1759	1536	0	0	87	154.47767671874294
n1758	1534	0	0	88	154.38018749999296
n1757	1533	0	0	90	154.30005937499297
n1756	1531	0	0	91	154.193221874993
n1766	1537	0	0	67	154.57516593749295
n1761	1538	0	0	87	154.65796499999294
n1760	1535	0	0	88	154.58317874999295
n1762	1539	0	0	88	154.72206749999293
n1763	1540	0	0	90	154.82222765624292
n1780	1541	0	0	71	154.9157104687429
n1771	1545	0	0	87	155.17746234374286
n1770	1544	0	0	88	155.09199234374287
n1769	1543	0	0	90	155.0105287499929
n1768	1542	0	0	91	154.9170459374929
n1781	1546	0	0	76	155.26560328124285
n1775	1550	0	0	87	155.5180068749928
n1774	1549	0	0	88	155.41517578124282
n1773	1548	0	0	90	155.34172499999283
n1772	1547	0	0	91	155.26426781249285
n1782	1551	0	0	79	155.6301862499928
n1779	1556	0	0	87	155.86789968749275
n1778	1555	0	0	88	155.78376515624277
n1777	1554	0	0	90	155.69695968749278
n1776	1552	0	0	91	155.6141606249928
n1786	1560	0	0	87	156.2097796874927
n1785	1559	0	0	88	156.10828406249271
n1784	1558	0	0	90	156.04017515624273
n1783	1557	0	0	91	155.96138249999274
n1794	1565	0	0	75	156.57703359374264
n1793	1564	0	0	76	156.48087984374266
n1792	1563	0	0	78	156.39140343749267
n1791	1562	0	0	79	156.30593343749268
n1787	1561	0	0	88	156.29124328124269
n1795	1566	0	0	76	156.66517453124263
n1798	1567	0	0	90	157.27949015624262
n1797	1568	0	0	91	157.09118906249262
n1804	1571	0	0	78	157.67345343749258
n1803	1569	0	0	79	157.4851523437426
n1800	1572	0	0	87	157.66143421874258
n1799	1570	0	0	88	157.46111390624262
n1806	1575	0	0	75	158.02468171874253
n1805	1574	0	0	76	157.85374171874255
n1801	1573	0	0	88	157.83771609374256
n1810	1576	0	0	76	158.22366656249253
n1807	1578	0	0	91	158.24503406249252
n1808	1577	0	0	90	158.6389973437425
n1812	1580	0	0	79	158.99690296874246
n1809	1579	0	0	88	158.98889015624246
n1816	1582	0	0	78	159.38819531249246
n1813	1581	0	0	87	159.38685984374246
n1817	1584	0	0	76	159.79417781249245
n1814	1583	0	0	88	159.78082312499245
n1818	1585	0	0	75	160.1520834374924
n1821	1586	0	0	76	160.56474328124236
n1819	1587	0	0	91	160.55138859374236
n1820	1588	0	0	90	161.33797968749232
n1827	1590	0	0	79	161.7479685937423
n1825	1589	0	0	88	162.1392609374923
n1828	1591	0	0	78	162.51719859374228
n1829	1593	0	0	67	162.88311703124228
n1833	1592	0	0	76	163.29844781249227
n1831	1595	0	0	64	163.87804124999224
n1830	1594	0	0	66	163.69908843749224
n1835	1596	0	0	64	164.11174828124223
n1838	1597	0	0	67	164.13712218749222
n1840	1599	0	0	64	165.0812985937422
n1839	1598	0	0	66	164.9076876562422
n1845	1600	0	0	64	165.2709351562422
n1842	1601	0	0	67	165.66222749999216
n1844	1604	0	0	64	166.21911796874215
n1843	1603	0	0	66	166.04417156249218
n1847	1602	0	0	67	166.06687453124218
n1848	1605	0	0	64	166.42611562499215
n1855	1607	0	0	64	166.64112609374212
n1854	1606	0	0	66	166.42745109374215
n1856	1608	0	0	64	166.80672421874212
n1851	1609	0	0	67	166.99903171874212
n1853	1611	0	0	64	167.33156343749212
n1852	1610	0	0	66	167.16329437499212
n1859	1612	0	0	79	167.35560187499212
n1867	1615	0	0	76	167.71884937499212
n1866	1613	0	0	78	167.51719359374212
n1861	1614	0	0	91	167.71217203124212
n1869	1618	0	0	79	168.06607124999206
n1863	1617	0	0	88	168.06607124999206
n1862	1616	0	0	90	167.8884539062421
n1865	1621	0	0	67	168.41863499999207
n1871	1620	0	0	76	168.40928671874207
n1870	1619	0	0	78	168.22632749999207
n1878	1624	0	0	55	168.75517312499207
n1873	1623	0	0	64	168.76719234374207
n1872	1622	0	0	66	168.58423312499207
n1880	1626	0	0	52	169.10105953124202
n1879	1625	0	0	54	168.91943578124204
n1881	1629	0	0	52	169.305386249992
n1875	1632	0	0	67	169.292031562492
n1890	1635	0	0	40	169.742084531242
n1891	1636	0	0	52	169.732736249992
n1887	1638	0	0	55	169.722052499992
n1888	1639	0	0	59	169.736742656242
n1889	1637	0	0	64	169.734071718742
n1882	1634	0	0	67	169.720717031242
n1883	1640	0	0	66	170.24154984374198
n1892	1644	0	0	40	170.41916718749198
n1893	1642	0	0	52	170.40581249999198
n1884	1641	0	0	55	170.41516078124198
n1885	1643	0	0	64	170.41248984374198
n1902	1645	0	0	38	170.85452999999197
n1903	1646	0	0	50	170.84918812499197
n1895	1647	0	0	57	170.83316249999197
n1896	1649	0	0	66	170.84117531249197
n1897	1648	0	0	69	170.82915609374197
n1906	1652	0	0	62	171.75062953124194
n1900	1650	0	0	66	171.74528765624194
n1901	1651	0	0	69	171.71457187499195
n1912	1654	0	0	60	172.2167081249919
n1913	1653	0	0	62	172.1980115624919
n1907	1655	0	0	66	172.2153726562419
n1908	1656	0	0	69	172.1859923437419
n1914	1658	0	0	59	172.77359859374184
n1915	1657	0	0	62	172.75757296874184
n1909	1659	0	0	67	172.75223109374184
n1916	1661	0	0	57	172.9298484374918
n1917	1663	0	0	60	172.92317109374181
n1910	1660	0	0	66	172.9712479687418
n1911	1662	0	0	69	172.9552223437418
n1926	1666	0	0	55	173.38924968749177
n1927	1667	0	0	59	173.41328812499177
n1918	1665	0	0	67	173.39726249999177
n1919	1664	0	0	71	173.38123687499177
n1929	1670	0	0	43	174.15580874999176
n1930	1668	0	0	55	174.15447328124176
n1921	1669	0	0	59	174.14512499999176
n1922	1671	0	0	62	174.15180234374176
n1923	1672	0	0	67	174.14913140624176
n1924	1673	0	0	71	174.13978312499177
n1940	1675	0	0	43	174.59117156249175
n1941	1674	0	0	55	174.58182328124175
n1937	1679	0	0	59	174.56980406249176
n1938	1678	0	0	62	174.57514593749175
n1939	1677	0	0	67	174.57247499999175
n1932	1676	0	0	71	174.56312671874176
n1933	1680	0	0	69	175.0893014062417
n1942	1684	0	0	31	175.27092515624167
n1943	1682	0	0	43	175.26691874999167
n1934	1681	0	0	59	175.25623499999168
n1935	1683	0	0	67	175.25757046874168
n1952	1685	0	0	30	175.71296531249166
n1953	1687	0	0	42	175.70895890624166
n1945	1686	0	0	61	175.68892687499167
n1946	1689	0	0	70	175.69293328124166
n1947	1688	0	0	73	175.68492046874167
n1956	1692	0	0	66	176.70521859374162
n1950	1690	0	0	70	176.71323140624162
n1951	1691	0	0	73	176.67850921874162
n1962	1696	0	0	64	177.17663906249157
n1963	1693	0	0	66	177.16595531249158
n1957	1694	0	0	70	177.17129718749158
n1958	1695	0	0	73	177.14992968749158
n1964	1697	0	0	62	177.7615743749915
n1965	1699	0	0	66	177.71349749999152
n1959	1698	0	0	71	177.71616843749152
n1966	1701	0	0	61	177.93652078124148
n1967	1703	0	0	64	177.9071404687415
n1960	1700	0	0	70	177.93919171874148
n1961	1702	0	0	73	177.9071404687415
n1972	1706	0	0	59	178.4239668749914
n1973	1707	0	0	62	178.4426634374914
n1968	1704	0	0	71	178.4466698437414
n1969	1705	0	0	74	178.4172895312414
n1971	1708	0	0	74	179.35078218749135
n1979	1709	0	0	59	179.89298249999132
n1981	1710	0	0	62	179.90500171874132
n1980	1711	0	0	67	179.90099531249132
n1977	1713	0	0	79	180.2575654687413
n1982	1714	0	0	64	180.63683859374126
n1978	1712	0	0	76	180.63016124999126
n1988	1717	0	0	57	181.01611171874129
n1983	1715	0	0	74	181.01744718749129
n1984	1716	0	0	72	181.38870749999123
n1990	1718	0	0	63	181.78934812499122
n1987	1719	0	0	66	181.78400624999122
n1985	1720	0	0	72	181.76397421874123
n1996	1722	0	0	62	182.18598234374122
n1992	1721	0	0	81	182.5358751562412
n1995	1723	0	0	66	182.94719953124118
n1993	1725	0	0	72	182.8991226562412
n2000	1724	0	0	67	183.33314999999118
n1998	1726	0	0	71	183.70307484374112
n2001	1727	0	0	55	184.11172828124114
n1999	1728	0	0	71	184.08902531249115
n2005	1730	0	0	52	184.50969796874114
n2003	1729	0	0	67	184.8689390624911
n2006	1731	0	0	64	185.28026343749113
n2004	1733	0	0	67	185.26824421874113
n2010	1732	0	0	60	185.67823312499112
n2008	1734	0	0	64	186.06551906249106
n2011	1737	0	0	48	186.50088187499105
n2009	1735	0	0	64	186.46482421874106
n2015	1738	0	0	36	186.94425749999104
n2013	1736	0	0	55	187.374278437491
n2014	1739	0	0	52	187.86706640624095
n2021	1741	0	0	35	188.52011062499093
n2022	1743	0	0	47	188.54414906249093
n2017	1742	0	0	51	188.54014265624093
n2018	1740	0	0	59	188.52011062499093
n2019	1745	0	0	76	191.00808890624086
n2020	1744	0	0	88	190.99606968749086
n2030	1748	0	0	43	191.51823796874083
n2031	1752	0	0	52	191.53693453124083
n2032	1751	0	0	59	191.52758624999083
n2026	1746	0	0	75	192.0777993749908
n2027	1747	0	0	87	192.0591028124908
n2028	1750	0	0	76	192.25942312499078
n2029	1749	0	0	88	192.24339749999078
n2040	1759	0	0	45	192.75087562499075
n2033	1754	0	0	60	192.75354656249075
n2034	1755	0	0	64	192.75221109374075
n2035	1753	0	0	66	192.74019187499076
n2041	1760	0	0	46	193.5721889062407
n2036	1758	0	0	61	193.5828726562407
n2037	1756	0	0	64	193.5748598437407
n2038	1757	0	0	66	193.5655115624907
n2048	1767	0	0	47	194.0623059374907
n2046	1761	0	0	57	194.10771187499068
n2047	1762	0	0	63	194.12106656249068
n2042	1763	0	0	66	194.10370546874069
n2043	1764	0	0	67	194.72469843749064
n2045	1766	0	0	67	195.08794593749064
n2044	1765	0	0	69	194.90632218749064
n2053	1771	0	0	48	195.32699484374064
n2056	1768	0	0	55	195.30696281249064
n2049	1769	0	0	66	195.30028546874064
n2050	1770	0	0	64	195.7904024999906
n2055	1773	0	0	45	196.45012406249057
n2054	1772	0	0	47	196.23644906249058
n2051	1776	0	0	76	196.24446187499058
n2052	1774	0	0	88	196.23377812499058
n2065	1782	0	0	43	196.82004890624054
n2063	1777	0	0	52	196.83206812499054
n2064	1775	0	0	59	196.80669421874055
n2059	1779	0	0	75	197.45573203124053
n2060	1778	0	0	87	197.43703546874053
n2066	1783	0	0	44	197.75087062499054
n2061	1781	0	0	76	197.75354156249054
n2062	1780	0	0	88	197.74953515624054
n2073	1787	0	0	45	198.4386370312405
n2067	1786	0	0	60	198.3999084374905
n2068	1784	0	0	64	198.4119276562405
n2069	1785	0	0	66	198.4092567187405
n2074	1788	0	0	46	199.76876390624045
n2070	1790	0	0	61	199.76609296874045
n2071	1791	0	0	64	199.76609296874045
n2072	1789	0	0	66	199.76475749999045
n2081	1796	0	0	35	200.3737312499904
n2082	1797	0	0	47	200.3790731249904
n2079	1792	0	0	57	200.36705390624041
n2080	1794	0	0	63	200.3804085937404
n2075	1793	0	0	66	200.34835734374042
n2076	1795	0	0	69	201.19103812499034
n2078	1799	0	0	66	201.8227148437403
n2077	1798	0	0	67	201.49151859374035
n2088	1803	0	0	40	202.35556687499027
n2089	1801	0	0	52	202.37159249999027
n2083	1800	0	0	55	202.33954124999028
n2084	1802	0	0	64	202.31550281249028
n2091	1806	0	0	31	204.57110953124018
n2098	1808	0	0	43	204.99979499999014
n2092	deletion
n2086	1804	0	0	55	204.58312874999018
n2087	1805	0	0	67	204.55909031249018
n2097	1810	0	0	31	204.98510484374015
n2093	1807	0	0	55	204.98510484374015
n2094	1809	0	0	67	204.96774374999015
n2099	1812	0	0	36	205.69423874999015
n2100	1813	0	0	48	205.69824515624015
n2095	1811	0	0	60	205.70625796874015
n2096	1814	0	0	72	205.69423874999015
n2105	1815	0	0	36	206.09220843749014
n2106	1816	0	0	48	206.10556312499014
n2101	1817	0	0	60	206.10155671874014
n2102	1818	0	0	72	206.09888578124014
n2107	1820	0	0	43	206.82404531249009
n2108	1821	0	0	55	206.84140640624008
n2103	1819	0	0	67	206.83072265624008
n2104	1822	0	0	79	206.8013423437401
n2113	1823	0	0	43	207.24204703124005
n2114	1825	0	0	55	207.25540171874005
n2109	1824	0	0	67	207.25406624999005
n2110	1826	0	0	79	207.23536968749005
n2115	1828	0	0	48	207.99391593748993
n2116	1829	0	0	60	207.98590312498993
n2111	1827	0	0	72	207.99525140623993
n2112	1830	0	0	84	207.96854203123993
n2123	1832	0	0	48	208.40123390623987
n2124	1834	0	0	60	208.40390484373987
n2117	1831	0	0	72	208.41592406248986
n2118	1833	0	0	84	208.39856296873987
n2125	1837	0	0	59	209.12505796873984
n2126	1841	0	0	62	209.11704515623984
n2127	1840	0	0	65	209.11704515623984
n2128	1835	0	0	67	209.10502593748984
n2119	1836	0	0	77	209.09834859373984
n2120	1838	0	0	86	209.10235499998984
n2121	1839	0	0	89	209.09300671873984
n2139	1850	0	0	59	209.56442718748983
n2140	1849	0	0	62	209.56576265623983
n2141	1848	0	0	65	209.56309171873983
n2142	1847	0	0	67	209.55774984373983
n2130	1845	0	0	77	209.54840156248983
n2131	1846	0	0	86	209.55240796873983
n2132	1851	0	0	89	209.54573062498983
n2134	1853	0	0	86	210.13734328123977
n2133	1852	0	0	88	210.07056984373978
n2138	1857	0	0	79	210.43515281248972
n2137	1856	0	0	81	210.36437296873973
n2136	1855	0	0	83	210.28558031248974
n2135	1854	0	0	84	210.21480046873975
n2148	1861	0	0	72	210.72628499998967
n2147	1860	0	0	74	210.65684062498968
n2146	1859	0	0	76	210.5873962499897
n2145	1858	0	0	77	210.4939134374897
n2154	1867	0	0	62	211.1536349999896
n2153	1866	0	0	64	211.09487437498962
n2152	1865	0	0	65	211.02142359373963
n2151	1864	0	0	67	210.94129546873964
n2150	1863	0	0	69	210.88520578123965
n2149	1862	0	0	71	210.80107124998966
n2159	1872	0	0	54	211.44476718748956
n2158	1871	0	0	55	211.40203218748957
n2161	1873	0	0	55	211.49952140623955
n2157	1870	0	0	57	211.34327156248958
n2156	1869	0	0	59	211.2644789062396
n2155	1868	0	0	60	211.2110601562396
n2170	1876	0	0	35	212.18328140623953
n2171	1875	0	0	47	212.18194593748953
n2164	1874	0	0	55	212.17126218748953
n2165	1878	0	0	62	212.17126218748953
n2166	1877	0	0	65	212.16859124998953
n2183	1880	0	0	36	212.58125109373952
n2184	1882	0	0	48	212.57858015623952
n2173	1881	0	0	55	212.59059937498952
n2174	1883	0	0	60	212.59193484373952
n2175	1884	0	0	64	212.58392203123952
n2187	1889	0	0	52	213.33178453123952
n2188	1891	0	0	56	213.33846187498952
n2189	1888	0	0	59	213.33712640623952
n2190	1885	0	0	62	213.32777812498952
n2178	1886	0	0	74	213.32644265623952
n2179	1892	0	0	80	213.33311999998952
n2180	1893	0	0	83	213.33311999998952
n2181	1890	0	0	86	213.32110078123952
n2202	1902	0	0	52	213.8072114062395
n2203	1901	0	0	56	213.8138887499895
n2204	1899	0	0	59	213.8152242187395
n2205	1898	0	0	62	213.8045404687395
n2192	1895	0	0	74	213.7978631249895
n2193	1897	0	0	80	213.8032049999895
n2194	1896	0	0	83	213.8032049999895
n2195	1900	0	0	86	213.7965276562395
n2197	1904	0	0	83	214.39748859373944
n2196	1903	0	0	84	214.32537328123945
n2201	1908	0	0	76	214.7006399999894
n2200	1907	0	0	78	214.6392084374894
n2199	1906	0	0	80	214.5697640624894
n2198	1905	0	0	81	214.46693296873943
n2211	1912	0	0	69	214.99310765623935
n2210	1911	0	0	71	214.91698593748936
n2209	1910	0	0	72	214.84754156248937
n2208	1909	0	0	74	214.76741343748938
n2217	1918	0	0	59	215.3710453124893
n2216	1917	0	0	60	215.3162910937393
n2215	1916	0	0	62	215.2561949999893
n2214	1915	0	0	64	215.2001053124893
n2213	1914	0	0	66	215.11997718748933
n2212	1913	0	0	68	215.06789390623933
n2222	1923	0	0	51	215.70357703123923
n2221	1922	0	0	52	215.63680359373924
n2220	1921	0	0	54	215.57804296873925
n2219	1920	0	0	56	215.53397249998926
n2218	1919	0	0	57	215.44182515623928
n2224	1924	0	0	52	215.75165390623923
n2228	1927	0	0	32	216.4327429687392
n2229	1928	0	0	44	216.4274010937392
n2225	1925	0	0	52	216.4314074999892
n2226	1926	0	0	59	216.4340784374892
n2227	1929	0	0	62	216.4300720312392
n2235	1933	0	0	33	216.8801249999892
n2236	1931	0	0	45	216.8707767187392
n2230	1930	0	0	52	216.8721121874892
n2231	1932	0	0	57	216.8747831249892
n2232	1934	0	0	60	216.8681057812392
n2238	1936	0	0	41	217.97788031248913
n2239	1937	0	0	48	218.00592515623913
n2240	1938	0	0	57	217.96586109373914
n2234	1935	0	0	84	217.97120296873914
n2249	1948	0	0	41	218.5227515624891
n2250	1950	0	0	48	218.5320998437391
n2251	1944	0	0	57	218.5200806249891
n2242	1939	0	0	84	218.5120678124891
n2244	1941	0	0	81	219.21719531248908
n2243	1940	0	0	82	219.0916612499891
n2248	1946	0	0	74	219.63519703123904
n2247	deletion
n2246	1943	0	0	77	219.42285749998905
n2245	1942	0	0	79	219.34005843748906
n2255	1952	0	0	67	220.007792812489
n2254	1951	0	0	69	219.912974531239
n2253	1949	0	0	70	219.81815624998902
n2252	1947	0	0	72	219.71398968748903
n2260	1957	0	0	58	220.46719406248891
n2259	1956	0	0	60	220.33898906248893
n2258	1955	0	0	62	220.24817718748895
n2257	1954	0	0	64	220.17071999998896
n2256	1953	0	0	65	220.07723718748898
n2265	1959	0	0	41	220.5660187499889
n2266	1958	0	0	48	220.5593414062389
n2261	1960	0	0	57	220.5660187499889
n2270	1962	0	0	41	221.02007812498886
n2271	1963	0	0	48	221.01740718748886
n2267	1961	0	0	57	221.01340078123886
n2272	1965	0	0	41	221.7625987499888
n2273	1964	0	0	48	221.7906435937388
n2268	1967	0	0	57	221.7612632812388
n2269	1966	0	0	63	221.7572568749888
n2278	1968	0	0	41	222.1872778124888
n2279	1971	0	0	48	222.1792649999888
n2274	1969	0	0	57	222.1912842187388
n2275	1970	0	0	63	222.1765940624888
n2280	1972	0	0	42	222.87771515623874
n2281	1973	0	0	48	222.87637968748874
n2282	1976	0	0	57	222.87103781248874
n2276	1975	0	0	63	222.86703140623874
n2277	1974	0	0	69	222.86302499998874
n2288	1981	0	0	42	223.26767203123867
n2289	1980	0	0	48	223.27301390623867
n2290	1977	0	0	57	223.26366562498868
n2283	1978	0	0	63	223.28503312498867
n2284	1979	0	0	69	223.26900749998867
n2291	1982	0	0	42	223.79918859373862
n2292	1987	0	0	48	223.8606201562386
n2293	1985	0	0	57	223.9447546874886
n2285	1983	0	0	63	223.9380773437386
n2286	1984	0	0	69	223.9420837499886
n2287	1986	0	0	75	223.9260581249886
n2301	1988	0	0	42	224.21986124998855
n2302	1993	0	0	48	224.28262828123854
n2303	1991	0	0	57	224.36809828123853
n2294	1989	0	0	63	224.35474359373853
n2295	1990	0	0	69	224.36275640623853
n2296	1992	0	0	75	224.34005343748854
n2304	1994	0	0	42	224.85821531248848
n2305	2000	0	0	48	224.92365328123847
n2306	1999	0	0	57	225.02114249998846
n2297	1995	0	0	72	224.98107843748846
n2298	1997	0	0	75	224.98909124998846
n2299	1996	0	0	81	224.99309765623846
n2300	1998	0	0	84	224.98107843748846
n2315	2002	0	0	42	225.28155890623844
n2316	2015	0	0	47	225.34699687498843
n2317	2011	0	0	57	225.4925629687384
n2307	2004	0	0	72	225.47119546873842
n2308	2006	0	0	75	225.4792082812384
n2309	2005	0	0	81	225.4818792187384
n2310	2003	0	0	84	225.47119546873842
n2311	2008	0	0	71	226.15228453123842
n2312	2010	0	0	75	226.15629093748842
n2313	2009	0	0	81	226.15629093748842
n2314	2007	0	0	83	226.15495546873842
n2318	2012	0	0	70	226.57696359373838
n2319	2014	0	0	75	226.57829906248838
n2320	2013	0	0	82	226.57562812498838
n2328	2016	0	0	42	227.09378999998836
n2329	2022	0	0	47	227.13518953123835
n2330	2020	0	0	57	227.24202703123834
n2321	2017	0	0	71	227.21264671873834
n2322	2018	0	0	75	227.22199499998834
n2323	2019	0	0	81	227.23134328123834
n2324	2021	0	0	83	227.21398218748834
n2334	2024	0	0	43	227.60527453123834
n2335	2025	0	0	47	227.62397109373833
n2336	2023	0	0	55	227.61195187498834
n2337	2027	0	0	55	227.8149431249883
n2338	2026	0	0	59	227.8002529687383
n2331	2030	0	0	71	227.62130015623833
n2332	2032	0	0	76	227.62397109373833
n2333	2031	0	0	83	227.61862921873833
n2339	2029	0	0	55	227.9671865624883
n2341	2033	0	0	55	228.1448039062383
n2340	2028	0	0	59	227.9711929687383
n2342	2034	0	0	59	228.1554876562383
n2343	2036	0	0	55	228.3023892187383
n2345	2038	0	0	55	228.46665187498832
n2344	2035	0	0	59	228.3063956249883
n2346	2037	0	0	59	228.45997453123832
n2349	2040	0	0	56	228.6589593749883
n2351	2042	0	0	56	228.83524124998831
n2350	2039	0	0	59	228.6696431249883
n2352	2041	0	0	59	228.8379121874883
n2347	2046	0	0	76	228.64694015623832
n2348	2045	0	0	88	228.64694015623832
n2353	2044	0	0	56	229.0061812499883
n2355	2048	0	0	56	229.15708921873826
n2354	2043	0	0	59	228.9901556249883
n2356	2047	0	0	59	229.17177937498826
n2357	2049	0	0	56	229.34939671873826
n2359	2051	0	0	56	229.48427906248824
n2358	2050	0	0	59	229.32936468748827
n2360	2052	0	0	59	229.48828546873824
n2370	2058	0	0	56	229.6765865624882
n2373	2061	0	0	56	229.84352015623818
n2371	2057	0	0	59	229.6685737499882
n2374	2060	0	0	59	229.83817828123819
n2372	2056	0	0	62	229.6712446874882
n2375	2059	0	0	62	229.8101334374882
n2361	2053	0	0	71	229.6632318749882
n2362	2054	0	0	74	229.6659028124882
n2363	2055	0	0	76	229.6578899999882
n2376	2066	0	0	57	230.0064473437382
n2378	2068	0	0	57	230.1760518749882
n2377	2065	0	0	60	230.0117892187382
n2379	2067	0	0	60	230.1600262499882
n2365	2062	0	0	65	229.9877507812382
n2366	2063	0	0	72	229.9917571874882
n2367	2064	0	0	77	229.9850798437382
n2380	2070	0	0	57	230.32963078123817
n2382	2071	0	0	57	230.48588062498817
n2381	2069	0	0	60	230.33497265623816
n2383	2072	0	0	60	230.47653234373817
n2393	2078	0	0	57	230.65548515623817
n2396	2081	0	0	57	230.79036749998815
n2394	2077	0	0	60	230.67017531248817
n2397	2080	0	0	60	230.78502562498815
n2395	2076	0	0	64	230.65281421873817
n2398	2079	0	0	64	230.78903203123815
n2384	2073	0	0	72	230.64346593748817
n2385	2074	0	0	76	230.64213046873817
n2386	deletion
n2399	2082	0	0	59	230.99870062498812
n2401	2087	0	0	59	231.1683051562381
n2400	2084	0	0	62	230.99469421873812
n2402	2088	0	0	62	231.1629632812381
n2388	2083	0	0	68	230.99736515623812
n2389	2085	0	0	74	231.00003609373812
n2390	2086	0	0	80	230.99068781248812
n2403	2090	0	0	59	231.3405806249881
n2405	2091	0	0	59	231.5008368749881
n2404	2089	0	0	62	231.3392451562381
n2406	2092	0	0	62	231.4981659374881
n2417	2099	0	0	59	231.66509953123807
n2420	2102	0	0	59	231.81200109373805
n2418	2098	0	0	62	231.66643499998807
n2421	2100	0	0	62	231.82402031248805
n2419	2097	0	0	64	231.66109312498807
n2422	2101	0	0	64	231.82402031248805
n2407	2093	0	0	68	231.64640296873807
n2408	2094	0	0	74	231.65308031248807
n2409	2095	0	0	76	231.65040937498807
n2410	2096	0	0	80	231.64106109373807
n2423	2107	0	0	60	232.00564406248802
n2425	2109	0	0	60	232.18593234373802
n2424	2104	0	0	64	232.00697953123802
n2426	2108	0	0	64	232.18326140623802
n2412	2103	0	0	69	232.01098593748802
n2413	2106	0	0	76	232.01232140623802
n2414	2105	0	0	81	232.00430859373802
n2427	2111	0	0	60	232.338175781238
n2429	2113	0	0	60	232.498432031238
n2428	2110	0	0	64	232.338175781238
n2430	2112	0	0	64	232.494425624988
n2441	2116	0	0	60	232.672042968738
n2443	2120	0	0	61	232.83497015623797
n2442	2117	0	0	64	232.672042968738
n2444	2119	0	0	64	232.82027999998797
n2431	deletion
n2432	2114	0	0	76	232.657352812488
n2433	2115	0	0	81	232.653346406238
n2445	2126	0	0	61	233.01659390623794
n2447	2127	0	0	61	233.17417921873792
n2446	2125	0	0	64	233.00457468748795
n2448	2128	0	0	64	233.16750187498792
n2435	2121	0	0	70	233.00323921873795
n2436	2122	0	0	76	233.00323921873795
n2437	2124	0	0	79	233.00724562498795
n2438	2123	0	0	82	232.99789734373795
n2449	2130	0	0	61	233.33844187498792
n2451	2131	0	0	61	233.49869812498792
n2450	2129	0	0	64	233.33309999998792
n2452	2132	0	0	64	233.51205281248792
n2471	2136	0	0	66	233.80719140623788
n2472	2140	0	0	66	234.06760781248786
n2453	2134	0	0	73	233.77781109373788
n2456	2139	0	0	73	234.03822749998787
n2454	2135	0	0	76	233.78181749998788
n2457	2138	0	0	76	234.03822749998787
n2455	2133	0	0	81	233.75911453123788
n2458	2137	0	0	82	233.99949890623787
n2473	2143	0	0	66	234.21183843748784
n2474	2148	0	0	66	234.36541734373782
n2459	2142	0	0	73	234.20249015623784
n2462	2145	0	0	73	234.35072718748782
n2460	2144	0	0	76	234.22919953123784
n2463	2146	0	0	76	234.36007546873782
n2461	2141	0	0	82	234.18913546873785
n2464	2147	0	0	82	234.32935968748782
n2467	2150	0	0	82	234.49896421873783
n2475	2149	0	0	66	234.52033171873782
n2476	2155	0	0	66	234.6779170312378
n2465	2151	0	0	73	234.53368640623782
n2468	2153	0	0	73	234.6672332812378
n2466	2152	0	0	76	234.53502187498782
n2469	2154	0	0	76	234.6779170312378
n2470	2156	0	0	82	234.6458657812378
n2495	2158	0	0	66	234.82748953123777
n2496	2162	0	0	66	234.99575859373775
n2477	2157	0	0	73	234.82615406248777
n2480	2161	0	0	73	234.98373937498775
n2478	2159	0	0	76	234.84217968748777
n2481	2164	0	0	76	234.98507484373775
n2479	2160	0	0	82	234.80612203123778
n2482	2163	0	0	82	234.97172015623775
n2497	2165	0	0	66	235.14533109373772
n2498	2172	0	0	66	235.2962390624877
n2483	2166	0	0	73	235.13998921873772
n2486	2169	0	0	73	235.2895617187377
n2484	2168	0	0	76	235.13998921873772
n2487	2171	0	0	76	235.2962390624877
n2485	2167	0	0	82	235.13064093748773
n2488	2170	0	0	82	235.2855553124877
n2499	2173	0	0	66	235.44714703123768
n2500	2178	0	0	66	235.59671953123765
n2489	2174	0	0	73	235.43913421873768
n2492	2177	0	0	73	235.60206140623765
n2490	2175	0	0	76	235.44714703123768
n2493	2179	0	0	76	235.61007421873765
n2491	2176	0	0	82	235.43646328123768
n2494	2180	0	0	82	235.59805499998765
n2513	2182	0	0	59	235.80772359373765
n2517	2190	0	0	59	236.0574562499876
n2514	2183	0	0	63	235.80505265623765
n2518	2188	0	0	63	236.0641335937376
n2515	2185	0	0	66	235.79837531248765
n2519	2191	0	0	66	236.0521143749876
n2516	2184	0	0	69	235.80104624998765
n2520	2189	0	0	69	236.0374242187376
n2501	2181	0	0	83	235.79303343748765
n2503	2186	0	0	84	236.0347532812376
n2502	deletion
n2504	2187	0	0	96	236.0347532812376
n2521	2197	0	0	59	236.2310671874876
n2525	2203	0	0	59	236.4180328124876
n2522	2195	0	0	63	236.2390799999876
n2526	2202	0	0	63	236.4166973437376
n2523	2196	0	0	66	236.2524346874876
n2527	2201	0	0	66	236.4086845312376
n2524	2194	0	0	69	236.2350735937376
n2528	2200	0	0	69	236.4033426562376
n2505	2192	0	0	84	236.2217189062376
n2507	2198	0	0	84	236.3913234374876
n2506	2193	0	0	96	236.2230543749876
n2508	2199	0	0	96	236.3899879687376
n2529	2208	0	0	59	236.5903082812376
n2533	2215	0	0	59	236.7786093749876
n2530	2207	0	0	63	236.5969856249876
n2534	2214	0	0	63	236.7692610937376
n2531	2209	0	0	66	236.6170176562376
n2535	2213	0	0	66	236.7639192187376
n2551	2221	0	0	66	236.9936198437376
n2555	deletion
n2532	2205	0	0	69	236.5903082812376
n2536	2212	0	0	69	236.74655812498762
n2509	2204	0	0	84	236.57027624998761
n2511	2210	0	0	84	236.74121624998762
n2510	2206	0	0	96	236.56894078123761
n2512	2211	0	0	96	236.74522265623762
n2549	2219	0	0	59	236.9442074999876
n2553	2226	0	0	59	237.15788249998758
n2550	2218	0	0	63	236.9468784374876
n2554	2224	0	0	63	237.14719874998758
n2558	2230	0	0	63	237.31279687498755
n2562	2235	0	0	63	237.52513640623752
n2566	deletion
n2552	2216	0	0	69	236.9442074999876
n2556	2222	0	0	69	237.12716671873758
n2537	2217	0	0	84	236.92016906248762
n2539	2223	0	0	84	237.1044637499876
n2538	2220	0	0	96	236.92417546873762
n2540	2225	0	0	96	237.0991218749876
n2557	2229	0	0	59	237.30745499998756
n2561	2234	0	0	59	237.52647187498752
n2563	2237	0	0	66	237.56920687498751
n2559	deletion
n2560	2227	0	0	69	237.30611953123756
n2564	2232	0	0	69	237.48774328123753
n2541	2228	0	0	84	237.29410031248756
n2543	2233	0	0	84	237.47572406248753
n2542	2231	0	0	96	237.29009390623756
n2544	2236	0	0	96	237.46904671873753
n2565	2241	0	0	59	237.7321340624875
n2570	2247	0	0	59	237.96717656248745
n2567	2239	0	0	63	237.7361404687375
n2571	2245	0	0	63	237.93913171873746
n2568	2242	0	0	66	237.76418531248748
n2572	2246	0	0	66	237.95782828123745
n2569	2238	0	0	69	237.7321340624875
n2573	2244	0	0	69	237.92310609373746
n2545	2240	0	0	84	237.7107665624875
n2547	2248	0	0	84	237.95248640623745
n2546	2243	0	0	96	237.7147729687375
n2548	2249	0	0	96	237.95382187498745
n2578	2250	0	0	52	238.29303093748746
n2580	2253	0	0	59	238.5988532812374
n2579	2252	0	0	67	238.52406703123742
n2581	deletion
n2574	2251	0	0	84	238.31573390623745
n2575	2254	0	0	96	238.29169546873746
n2582	2255	0	0	54	238.7377420312374
n2584	2257	0	0	59	238.95408796873735
n2585	2258	0	0	69	238.93939781248736
n2583	deletion
n2576	2265	0	0	83	238.77780609373738
n2577	2256	0	0	95	238.75777406248739
n2586	2259	0	0	55	239.10900234373733
n2588	2260	0	0	59	239.17844671873732
n2589	2261	0	0	71	239.29596796873733
n2587	deletion
n2594	2262	0	0	52	239.45755968748733
n2596	2264	0	0	59	239.7153051562373
n2595	2263	0	0	67	239.6218223437373
n2597	deletion
n2598	2266	0	0	54	239.83816828123727
n2600	2267	0	0	59	240.02914031248724
n2599	2269	0	0	69	240.00243093748725
n2601	2273	0	0	69	240.43111640623718
n2615	2281	0	0	69	241.07614781248708
n2617	deletion
n2592	2277	0	0	76	239.83549734373727
n2593	2268	0	0	88	239.80211062498728
n2602	2270	0	0	55	240.16268718748722
n2604	2271	0	0	59	240.2534990624872
n2605	2272	0	0	71	240.3897168749872
n2603	deletion
n2610	2274	0	0	52	240.53661843748716
n2612	2276	0	0	59	240.81573140623712
n2611	2275	0	0	67	240.71022937498714
n2613	deletion
n2614	2278	0	0	54	240.9332526562371
n2616	2280	0	0	59	241.14692765623707
n2608	2279	0	0	71	240.9532846874871
n2619	deletion
n2609	2288	0	0	83	240.9319171874871
n2618	2282	0	0	55	241.27379718748705
n2620	2283	0	0	59	241.37395734373703
n2621	2284	0	0	71	241.47812390623702
n2625	2285	0	0	52	241.63437374998702
n2627	2287	0	0	59	241.90013203123698
n2626	2286	0	0	67	241.790623593737
n2628	deletion
n2629	2289	0	0	54	242.008304999987
n2631	2290	0	0	59	242.18725781248696
n2630	2291	0	0	69	242.18458687498696
n2632	deletion
n2624	2299	0	0	76	242.008304999987
n2633	2292	0	0	55	242.36754609373693
n2635	2293	0	0	59	242.47838999998692
n2634	deletion
n2636	deletion
n2640	deletion
n2642	2296	0	0	64	242.99388093748684
n2641	2295	0	0	67	242.89238531248685
n2643	deletion
n2644	2297	0	0	58	243.12342140623684
n2646	2300	0	0	64	243.3330899999868
n2645	2298	0	0	67	243.27700031248682
n2647	deletion
n2638	2301	0	0	72	243.09404109373685
n2648	2303	0	0	59	243.4960171874868
n2650	2305	0	0	64	243.72705328123678
n2649	2304	0	0	67	243.6562734374868
n2651	deletion
n2639	2302	0	0	71	243.47598515623682
n2654	2306	0	0	59	243.89398687498678
n2656	2308	0	0	64	244.13437124998674
n2655	2307	0	0	67	244.05290765623675
n2657	deletion
n2652	2311	0	0	71	243.89398687498678
n2658	2309	0	0	59	244.27993734373672
n2660	2312	0	0	64	244.4602256249867
n2659	2310	0	0	67	244.3280142187367
n2661	deletion
n2662	2313	0	0	59	244.6097981249867
n2664	2315	0	0	66	244.77539624998667
n2663	2314	0	0	69	244.73666765623668
n2665	deletion
n2653	2317	0	0	75	244.6271592187367
n2670	2316	0	0	40	244.97438109373667
n2672	2320	0	0	47	245.23746843748663
n2671	2319	0	0	55	245.16401765623664
n2673	deletion
n2667	2321	0	0	72	245.14932749998664
n2666	2318	0	0	76	244.99174218748666
n2674	2322	0	0	42	245.3670089062366
n2676	2324	0	0	47	245.65547015623656
n2677	2323	0	0	57	245.57000015623657
n2675	deletion
n2668	2327	0	0	84	245.4030665624866
n2678	2325	0	0	43	245.75028843748655
n2680	2326	0	0	47	245.83709390623653
n2681	2329	0	0	59	245.94126046873652
n2679	deletion
n2669	2328	0	0	83	245.90920921873652
n2686	2330	0	0	40	246.09617484373652
n2688	deletion
n2687	2331	0	0	55	246.22972171873653
n2689	deletion
n2683	2333	0	0	83	246.26444390623652
n2690	2332	0	0	42	246.45808687498652
n2692	2335	0	0	47	246.69980671873648
n2691	2334	0	0	57	246.6517298437365
n2693	2341	0	0	57	247.08308624998642
n2709	2349	0	0	57	247.72811765623635
n2707	deletion
n2684	2337	0	0	78	246.45808687498652
n2694	2336	0	0	43	246.81999890623646
n2696	2338	0	0	47	246.91615265623645
n2697	2340	0	0	59	247.01764828123643
n2695	deletion
n2685	2339	0	0	76	246.96022312498644
n2702	2342	0	0	40	247.1685562499864
n2704	2344	0	0	47	247.4035987499864
n2703	2343	0	0	55	247.3221351562364
n2705	deletion
n2699	2346	0	0	76	247.3381607812364
n2706	2347	0	0	42	247.53447468748638
n2708	2348	0	0	47	247.77619453123634
n2700	2351	0	0	72	247.53313921873638
n2710	2350	0	0	43	247.90840593748632
n2712	2353	0	0	47	248.0005532812363
n2713	2354	0	0	59	248.1100617187363
n2711	deletion
n2701	2352	0	0	71	248.0459592187363
n2718	2355	0	0	40	248.2542923437363
n2720	2357	0	0	47	248.4866639062363
n2719	2356	0	0	55	248.4132131249863
n2721	deletion
n2715	2359	0	0	71	248.4292387499863
n2722	2358	0	0	42	248.6148689062363
n2724	2361	0	0	47	248.83255031248626
n2725	2360	0	0	57	248.80717640623627
n2723	deletion
n2716	2364	0	0	66	248.6362364062363
n2726	2362	0	0	43	248.98612921873624
n2728	2363	0	0	47	249.12101156248622
n2729	2366	0	0	59	249.2291845312362
n2732	2375	0	0	59	250.12661953123614
n2727	deletion
n2717	2365	0	0	64	249.1517273437362
n2733	2367	0	0	45	249.3760860937362
n2735	2369	0	0	52	249.63116062498617
n2734	2368	0	0	55	249.52699406248618
n2736	deletion
n2730	2370	0	0	64	249.3680732812362
n2737	2371	0	0	46	249.76470749998614
n2739	2373	0	0	52	250.00108546873614
n2738	2372	0	0	55	249.89024156248615
n2740	deletion
n2731	2374	0	0	60	249.76070109373615
n2741	2376	0	0	47	250.11059390623615
n2743	2378	0	0	52	250.31625609373611
n2742	2377	0	0	55	250.26417281248612
n2744	deletion
n2751	2379	0	0	47	250.49120249998612
n2746	2381	0	0	55	250.70220656248608
n2745	2380	0	0	59	250.5192473437361
n2748	2383	0	0	48	251.04542203123603
n2747	2382	0	0	52	250.88115937498605
n2752	2385	0	0	35	251.22838124998603
n2749	2384	0	0	47	251.22838124998603
n2750	2387	0	0	51	251.385966562486
n2756	2386	0	0	40	251.57026124998598
n2757	2390	0	0	42	251.75856234373595
n2753	2388	0	0	52	251.58228046873597
n2758	2389	0	0	54	251.75455593748595
n2759	2391	0	0	43	251.93350874998595
n2761	2394	0	0	45	252.09109406248595
n2760	2392	0	0	55	251.92683140623595
n2762	2393	0	0	57	252.08708765623595
n2763	2398	0	0	47	252.27805968748595
n2764	2396	0	0	59	252.27538874998595
n2765	2397	0	0	60	252.68804859373594
n2766	2399	0	0	64	252.68537765623594
n2772	2400	0	0	45	253.97544046873588
n2773	2401	0	0	57	254.00482078123588
n2771	2402	0	0	60	253.99146609373588
n2769	2403	0	0	65	253.96609218748588
n2770	2407	0	0	72	254.76069609373582
n2779	2405	0	0	47	255.20407171873583
n2780	2404	0	0	59	255.21609093748583
n2776	2409	0	0	63	255.21609093748583
n2777	2408	0	0	66	255.24012937498583
n2778	2406	0	0	69	255.24012937498583
n2775	2410	0	0	71	255.9692953124858
n2786	2412	0	0	28	256.31785265623586
n2788	2414	0	0	30	256.494134531236
n2787	2411	0	0	40	256.31651718748583
n2789	2413	0	0	42	256.496805468736
n2784	2421	0	0	64	256.3392201562359
n2785	2420	0	0	67	256.34055562498594
n2781	2419	0	0	71	256.3352137499859
n2790	2416	0	0	31	256.683771093736
n2792	2418	0	0	33	256.8346790624861
n2791	2415	0	0	43	256.68510656248606
n2793	2417	0	0	45	256.8320081249861
n2794	2425	0	0	35	257.03099296873614
n2795	2423	0	0	47	257.0269865624861
n2796	2424	0	0	48	257.44098187498616
n2797	2426	0	0	52	257.43964640623614
n2803	2428	0	0	33	258.7083417187365
n2804	2429	0	0	45	258.71234812498653
n2800	2427	0	0	48	258.73905749998653
n2801	2430	0	0	53	258.7056707812365
n2802	2432	0	0	60	259.5336614062369
n2810	2436	0	0	35	260.02377843748707
n2811	2437	0	0	47	260.02110749998707
n2807	2434	0	0	51	260.00241093748707
n2808	2433	0	0	54	260.0251139062371
n2809	2431	0	0	57	260.00508187498707
n2806	2435	0	0	59	260.8330724999872
n2814	2438	0	0	60	262.0470135937376
n2820	2443	0	0	40	262.5451434374876
n2821	2442	0	0	47	262.53579515623755
n2818	2440	0	0	52	262.5371306249876
n2819	2439	0	0	55	262.52511140623756
n2817	2441	0	0	59	263.3477601562377
n2824	2447	0	0	60	264.5269790624882
n2830	2445	0	0	35	265.02644437498844
n2831	2448	0	0	47	265.01308968748845
n2828	2444	0	0	54	265.02110249998844
n2829	2449	0	0	57	265.01576062498845
n2827	2446	0	0	63	265.807693593739
n2838	2452	0	0	40	266.31784265623907
n2835	2450	0	0	55	266.3365392187391
n2832	2451	0	0	64	266.305823437489
n2834	2454	0	0	72	267.1471687499895
n2844	2458	0	0	47	267.6733434374895
n2845	2459	0	0	59	267.6653306249895
n2841	2457	0	0	63	267.6372857812395
n2842	2455	0	0	66	267.6680015624895
n2843	2453	0	0	69	267.6573178124895
n2840	2456	0	0	71	268.54406906248977
n2848	2460	0	0	72	269.7980742187403
n2854	2465	0	0	52	270.32558437499057
n2855	2464	0	0	59	270.30288140624054
n2852	2461	0	0	64	270.2962040624905
n2853	2462	0	0	67	270.2935331249905
n2851	2463	0	0	71	271.1896326562408
n2858	2470	0	0	72	272.39689640624084
n2864	2467	0	0	47	272.89903265624105
n2865	2469	0	0	59	272.9030390624911
n2862	2466	0	0	66	272.9083809374911
n2863	2471	0	0	69	272.89101984374105
n2861	2468	0	0	75	273.6909656249914
n2870	2474	0	0	52	274.20378562499144
n2866	2472	0	0	67	274.21313390624147
n2867	2473	0	0	76	274.1971082812414
n2869	2475	0	0	84	275.05715015624185
n2878	2480	0	0	71	275.6073632812419
n2875	2477	0	0	75	275.6300662499919
n2876	2478	0	0	78	275.6220534374919
n2877	2476	0	0	81	275.6180470312419
n2874	2479	0	0	83	276.6797446874925
n2882	2481	0	0	72	278.6161743749934
n2888	2482	0	0	71	279.6578399999937
n2889	2484	0	0	66	280.268149218744
n2890	2483	0	0	69	280.25612999999396
n2885	2485	0	0	75	280.26681374999396
n2886	2486	0	0	78	280.23609796874393
n2896	2490	0	0	64	280.90650328124394
n2897	2487	0	0	67	280.91451609374394
n2891	2488	0	0	76	280.92519984374394
n2892	2489	0	0	79	280.90650328124394
n2898	2494	0	0	66	281.54886374999415
n2899	2492	0	0	69	281.52081890624413
n2893	2491	0	0	75	281.54619281249416
n2894	2493	0	0	78	281.51814796874413
n2900	2495	0	0	67	281.7171328124942
n2895	2496	0	0	76	281.7198037499942
n2906	2499	0	0	62	282.2406365624944
n2907	2501	0	0	66	282.2433074999944
n2908	2500	0	0	69	282.21659812499433
n2901	2497	0	0	78	282.22861734374436
n2902	2498	0	0	81	282.22327546874436
n2910	2504	0	0	74	283.20217406249486
n2904	2502	0	0	78	283.2168642187449
n2905	2503	0	0	81	283.18614843749486
n2916	2507	0	0	72	283.72300687499506
n2917	2505	0	0	74	283.71900046874504
n2911	2506	0	0	78	283.71900046874504
n2912	2508	0	0	81	283.68427828124504
n2918	2510	0	0	71	284.35868999999536
n2919	2509	0	0	74	284.30927765624534
n2913	2511	0	0	79	284.30927765624534
n2920	2513	0	0	69	284.5456556249955
n2921	2514	0	0	72	284.5443201562455
n2914	2512	0	0	78	284.5389782812454
n2915	2515	0	0	81	284.53096546874536
n2926	2518	0	0	67	285.11055890624567
n2927	2519	0	0	71	285.1025460937457
n2922	2516	0	0	79	285.1252490624957
n2923	2517	0	0	83	285.0972042187457
n2929	2521	0	0	79	286.153559999996
n2925	2520	0	0	83	286.140205312496
n2934	2522	0	0	79	286.8052687499962
n2930	2523	0	0	83	286.8092751562462
n2935	2525	0	0	78	287.5972017187465
n2931	2524	0	0	81	287.5811760937465
n2936	2527	0	0	76	287.94575906249656
n2932	2528	0	0	79	287.94308812499656
n2933	2526	0	0	83	287.92839796874654
n2942	2531	0	0	75	288.7871043749968
n2937	2530	0	0	81	288.7603949999968
n2938	2529	0	0	84	288.7470403124968
n2940	2533	0	0	76	291.6396656249977
n2941	2532	0	0	88	291.6102853124977
n2951	2536	0	0	43	292.15248562499784
n2952	2540	0	0	52	292.1711821874979
n2953	2539	0	0	59	292.15782749999784
n2947	2534	0	0	75	292.734749999998
n2948	2535	0	0	87	292.716053437498
n2949	2538	0	0	76	292.93106390624797
n2950	2537	0	0	88	292.912367343748
n2960	2545	0	0	45	293.43720656249803
n2954	2542	0	0	60	293.43453562499803
n2955	2543	0	0	64	293.42919374999803
n2956	2541	0	0	66	293.42118093749804
n2961	2548	0	0	46	294.2451651562482
n2957	2546	0	0	61	294.2692035937482
n2958	2544	0	0	64	294.2665326562482
n2959	2547	0	0	66	294.2505070312482
n2968	2554	0	0	47	294.7392885937482
n2966	2549	0	0	57	294.81407484374824
n2967	2550	0	0	63	294.82609406249827
n2962	2551	0	0	66	294.8100684374982
n2963	2552	0	0	67	295.41370031249846
n2965	2555	0	0	67	295.80632812499846
n2964	2553	0	0	69	295.60200140624846
n2973	2557	0	0	48	296.04804796874845
n2974	2556	0	0	55	296.0520543749985
n2969	2558	0	0	66	296.03202234374845
n2970	2559	0	0	64	296.5475132812487
n2977	2563	0	0	33	297.2659954687488
n2975	2561	0	0	35	297.0175982812488
n2978	2562	0	0	45	297.2432924999988
n2976	2560	0	0	47	297.00691453124875
n2971	2565	0	0	76	297.0162628124988
n2972	2564	0	0	88	297.0029081249987
n2985	2566	0	0	31	297.63592031249885
n2986	2567	0	0	43	297.61321734374883
n2981	2569	0	0	75	298.342383281249
n2982	2568	0	0	87	298.331699531249
n2987	2573	0	0	32	298.6335154687491
n2988	2572	0	0	44	298.61882531249904
n2983	2571	0	0	76	298.6295090624991
n2984	2570	0	0	88	298.62817359374907
n2995	2575	0	0	33	299.36001046874935
n2996	2574	0	0	45	299.3479912499993
n2989	2576	0	0	60	299.3306301562493
n2990	2577	0	0	64	299.3359720312493
n2991	2578	0	0	66	299.3359720312493
n2997	2583	0	0	34	300.8116649999998
n2998	deletion
n2992	2581	0	0	61	300.80231671874975
n2993	2579	0	0	64	300.79697484374975
n2994	2580	0	0	66	300.7956393749997
n3005	2591	0	0	35	301.38858749999997
n3006	2589	0	0	47	301.39927124999997
n3003	2584	0	0	57	301.40194218749997
n3004	2586	0	0	63	301.41129046875
n2999	2585	0	0	66	301.383245625
n3000	2587	0	0	69	302.2379456250005
n3002	2590	0	0	66	302.90568000000076
n3001	2588	0	0	67	302.5691418750005
n3010	2594	0	0	40	303.4305192187509
n3007	2592	0	0	55	303.4585640625009
n3008	2593	0	0	64	303.4425384375009
insertion	215	0	0	88	40.74114515624955
insertion	216	0	0	88	41.157811406249536
insertion	232	0	0	77	42.1968060937495
insertion	258	0	0	51	44.967903749999415
insertion	266	0	0	84	44.93585249999941
insertion	268	0	0	84	45.436653281249406
insertion	300	0	0	59	48.08889421874938
insertion	304	0	0	59	48.55497281249937
insertion	441	0	0	76	62.76970218749901
insertion	543	0	0	81	67.71093656249876
insertion	547	0	0	89	67.70425921874876
insertion	643	0	0	86	70.28972671874857
insertion	653	0	0	49	71.03358281249848
insertion	654	0	0	48	71.04693749999848
insertion	683	0	0	52	73.84741546874818
insertion	709	0	0	71	76.344742031248
insertion	758	0	0	52	80.65964156249781
insertion	760	0	0	59	80.87331656249779
insertion	762	0	0	53	81.0228890624978
insertion	765	0	0	59	81.22855124999778
insertion	768	0	0	62	81.51167062499778
insertion	769	0	0	59	81.58912781249778
insertion	788	0	0	44	83.56295062499774
insertion	789	0	0	58	84.00899718749774
insertion	816	0	0	44	88.25445234374756
insertion	817	0	0	58	88.67779593749755
insertion	919	0	0	86	109.69940953124633
insertion	928	0	0	81	110.26431281249626
insertion	957	0	0	56	111.95635171874616
insertion	958	0	0	58	112.00977046874617
insertion	949	0	0	84	111.79475999999619
insertion	950	0	0	72	111.77072156249619
insertion	964	0	0	56	112.25683218749616
insertion	963	0	0	82	112.28354156249615
insertion	971	0	0	56	112.58268656249614
insertion	972	0	0	58	112.61473781249613
insertion	985	0	0	72	113.2717884374961
insertion	1011	0	0	51	114.67803703124602
insertion	1015	0	0	67	114.83695781249601
insertion	1089	0	0	87	118.90078921874589
insertion	1120	0	0	73	119.89437796874581
insertion	1143	0	0	73	120.59282812499575
insertion	1155	0	0	41	120.95073374999572
insertion	1160	0	0	29	120.93470812499572
insertion	1162	0	0	32	120.98011406249572
insertion	1163	0	0	33	121.11900281249571
insertion	1290	0	0	71	137.29420031249498
insertion	1309	0	0	78	138.38127187499484
insertion	1489	0	0	81	151.30727390624338
insertion	1553	0	0	89	155.81448093749276
insertion	1628	0	0	55	169.296037968742
insertion	1633	0	0	64	169.302715312492
insertion	1627	0	0	50	169.345450312492
insertion	1630	0	0	40	169.308057187492
insertion	1631	0	0	59	169.302715312492
insertion	1842	0	0	88	209.14909640623983
insertion	1843	0	0	60	209.15310281248983
insertion	1844	0	0	88	209.58312374998982
insertion	1879	0	0	37	212.22868734373952
insertion	1887	0	0	84	213.36917765623951
insertion	1894	0	0	84	213.8379271874895
insertion	1945	0	0	77	219.57643640623905
insertion	2001	0	0	82	225.31093921873844
insertion	2075	0	0	77	230.64213046873817
insertion	2118	0	0	59	232.77220312498798
insertion	2294	0	0	57	242.74014187498688
insertion	2345	0	0	74	247.58789343748637
insertion	2395	0	0	49	252.30076265623595
insertion	2422	0	0	36	257.10310828123613
insertion	2582	0	0	46	300.8170068749998
