xml_id	midi_id	track	channel	pitch	onset
n25	7	1	0	37	2.430548385416666
n6	5	1	0	44	2.053412745833333
n26	8	1	0	49	2.4294800124999996
n7	1	1	0	56	2.050207627083333
n5	0	1	0	68	2.06730159375
n11	12	1	0	72	2.6410178499999994
n8	9	1	0	73	2.4230697749999996
n12	13	1	0	73	2.744650022916666
n4	6	1	0	75	2.3269162124999996
n10	11	1	0	75	2.5437959145833324
n3	4	1	0	76	2.2350361416666664
n2	3	1	0	78	2.1442244437499998
n1	2	1	0	80	2.059822983333333
n9	10	1	0	85	2.4476423520833324
n28	14	1	0	66	2.874991518749999
n29	deletion
n15	17	1	0	73	3.028837218749999
n13	15	1	0	75	2.8429403312499995
n16	20	1	0	75	3.124990781249999
n14	16	1	0	76	2.934820402083332
n31	19	1	0	64	3.195503393749999
n32	18	1	0	68	3.1965717666666653
n19	23	1	0	75	3.3995626208333314
n17	21	1	0	76	3.2008452583333318
n20	24	1	0	76	3.487169199999998
n18	22	1	0	78	3.3215713979166646
n34	26	1	0	63	3.576912524999998
n35	25	1	0	66	3.585459508333331
n23	29	1	0	76	3.766014531249998
n21	27	1	0	78	3.585459508333331
n24	31	1	0	78	3.8418690083333313
n22	28	1	0	80	3.6719977145833314
n53	32	1	0	61	3.9380225708333314
n54	30	1	0	64	3.9241337229166646
n37	33	1	0	80	3.940159316666665
n39	35	1	0	80	4.122851085416666
n38	34	1	0	81	4.041654743749999
n40	37	1	0	85	4.207252545833332
n56	39	1	0	57	4.272423293749998
n57	38	1	0	61	4.269218174999999
n58	36	1	0	66	4.270286547916665
n41	40	1	0	78	4.291654006249998
n43	42	1	0	78	4.482892758333332
n42	41	1	0	80	4.387807568749999
n44	43	1	0	85	4.543790014583331
n60	46	1	0	56	4.629259847916664
n61	45	1	0	61	4.624986356249997
n62	44	1	0	64	4.623917983333331
n45	47	1	0	76	4.634601712499998
n47	50	1	0	76	4.834387447916666
n46	48	1	0	78	4.707251070833332
n48	51	1	0	85	4.889942839583332
n64	54	1	0	54	4.973275927083332
n65	53	1	0	61	4.971139181249999
n66	52	1	0	63	4.965797316666666
n49	56	1	0	75	4.969002435416666
n51	58	1	0	75	5.1356686104166664
n50	57	1	0	76	5.042720166666666
n52	60	1	0	85	5.22754868125
n88	59	1	0	49	5.2617366145833335
n89	61	1	0	56	5.3012664125
n90	62	1	0	64	5.360026922916667
n68	63	1	0	73	5.329044108333334
n69	64	1	0	80	5.444428383333333
n84	deletion
n71	67	1	0	81	5.6613080854166675
n70	65	1	0	88	5.5352400812499996
n92	66	1	0	44	5.646350864583334
n93	69	1	0	54	5.674128560416667
n94	70	1	0	60	5.714726731250001
n72	71	1	0	72	5.712589985416668
n73	72	1	0	78	5.8066068020833335
n85	deletion
n75	74	1	0	80	5.965794366666667
n74	73	1	0	87	5.90703385625
n96	77	1	0	49	6.071563285416667
n97	76	1	0	52	6.07370003125
n98	75	1	0	61	6.065153047916667
n76	78	1	0	68	6.0833153875
n77	80	1	0	76	6.169853593749999
n86	deletion
n79	83	1	0	78	6.366434210416666
n78	81	1	0	85	6.263870410416666
n100	deletion
n101	84	1	0	56	6.447630552083333
n80	85	1	0	68	6.47113475625
n81	86	1	0	75	6.572630183333334
n87	deletion
n83	88	1	0	76	6.708313543750001
n82	87	1	0	84	6.648484660416667
n120	89	1	0	37	6.837586666666668
n122	95	1	0	45	7.118568743750001
n121	90	1	0	49	6.834381547916667
n123	93	1	0	57	7.106816641666668
n105	94	1	0	69	7.098269658333335
n103	92	1	0	73	6.827971310416667
n106	97	1	0	81	7.200833458333334
n104	91	1	0	85	6.833313175000001
n126	103	1	0	43	7.481815535416667
n124	98	1	0	44	7.286303291666666
n127	104	1	0	55	7.478610416666666
n125	99	1	0	56	7.277756308333333
n109	102	1	0	67	7.468995060416666
n107	100	1	0	68	7.270277697916667
n110	105	1	0	79	7.566216995833333
n108	101	1	0	80	7.373909870833333
n130	110	1	0	37	7.821558122916667
n128	107	1	0	44	7.658097066666667
n131	111	1	0	49	7.82048975
n129	106	1	0	56	7.654891947916666
n113	112	1	0	61	7.851472564583333
n111	108	1	0	68	7.652755202083333
n114	113	1	0	73	7.920916804166667
n112	109	1	0	80	7.741430154166666
n132	122	1	0	39	8.057668537499998
n136	124	1	0	46	8.370701802083332
n135	123	1	0	47	8.254249154166665
n134	121	1	0	49	8.157027218749999
n133	116	1	0	51	8.0448480625
n115	117	1	0	61	8.043779689583333
n138	126	1	0	63	8.473265602083334
n143	134	1	0	63	8.862153343749997
n116	deletion
n117	118	1	0	67	8.051258299999999
n118	119	1	0	70	8.042711316666667
n119	114	1	0	75	8.049121554166666
n156	131	1	0	43	8.67518808333333
n154	129	1	0	44	8.473265602083334
n157	132	1	0	44	8.76813652708333
n155	130	1	0	46	8.57582940208333
n137	125	1	0	59	8.475402347916667
n139	128	1	0	68	8.476470720833333
n140	127	1	0	71	8.478607466666666
n160	138	1	0	44	9.06621257083333
n158	136	1	0	46	8.85467473333333
n161	142	1	0	46	9.150614031249996
n159	137	1	0	47	8.94762317708333
n142	135	1	0	61	8.86429008958333
n144	133	1	0	67	8.86108497083333
n164	145	1	0	46	9.458305431249997
n162	143	1	0	47	9.245699220833329
n165	148	1	0	47	9.554458993749996
n163	144	1	0	49	9.346126274999996
n146	139	1	0	59	9.233947118749995
n147	141	1	0	63	9.235015491666662
n148	140	1	0	68	9.22967362708333
n168	152	1	0	47	9.825825714583328
n166	150	1	0	49	9.661296285416663
n169	153	1	0	49	9.915569039583328
n167	151	1	0	51	9.72219354166666
n150	deletion
n151	146	1	0	64	9.637792081249996
n152	149	1	0	68	9.637792081249996
n185	156	1	0	51	10.013859347916663
n187	159	1	0	51	10.191209252083326
n186	158	1	0	52	10.100397554166658
n188	160	1	0	56	10.301251662499991
n170	154	1	0	59	10.033090060416662
n171	155	1	0	63	10.032021687499995
n172	157	1	0	68	10.030953314583329
n189	164	1	0	49	10.409157327083324
n191	166	1	0	49	10.613216554166659
n190	165	1	0	51	10.505310889583326
n192	167	1	0	56	10.694412895833326
n174	161	1	0	61	10.426251293749992
n175	162	1	0	64	10.419841056249991
n176	163	1	0	68	10.426251293749992
n193	170	1	0	47	10.791634831249992
n195	172	1	0	47	11.039497347916656
n194	171	1	0	49	10.883514902083324
n196	173	1	0	56	11.046975958333324
n178	169	1	0	63	10.783087847916658
n179	168	1	0	68	10.777745983333325
n197	177	1	0	46	11.162360233333324
n199	179	1	0	46	11.378171562499988
n198	178	1	0	47	11.261718914583321
n200	180	1	0	55	11.478598616666654
n181	175	1	0	61	11.19227467499999
n182	174	1	0	63	11.19227467499999
n183	176	1	0	70	11.186932810416657
n216	185	1	0	44	11.57582055208332
n219	188	1	0	51	11.84505052708332
n217	186	1	0	52	11.660222012499986
n232	deletion
n201	181	1	0	59	11.57261543333332
n218	187	1	0	59	11.77133279583332
n202	184	1	0	63	11.590777772916653
n203	183	1	0	68	11.590777772916653
n204	182	1	0	71	11.574752179166653
n220	189	1	0	43	11.952956191666653
n223	192	1	0	51	12.247827116666656
n221	190	1	0	52	12.055519991666655
n233	deletion
n222	191	1	0	58	12.165562402083323
n206	193	1	0	75	11.955092937499986
n207	194	1	0	82	11.971118531249985
n208	195	1	0	87	11.94761432708332
n224	198	1	0	44	12.333296949999989
n227	201	1	0	51	12.654877197916655
n225	199	1	0	52	12.448681224999987
n234	deletion
n226	200	1	0	59	12.576885974999987
n210	196	1	0	80	12.332228577083322
n211	197	1	0	83	12.334365322916655
n228	deletion
n231	206	1	0	51	13.013850497916655
n229	204	1	0	52	12.834363847916654
n235	deletion
n230	203	1	0	58	12.926243918749988
n213	208	1	0	63	12.748894014583321
n214	205	1	0	70	12.756372624999987
n215	207	1	0	75	12.73927865833332
n260	210	1	0	44	13.12175616249999
n261	209	1	0	56	13.107867314583324
n262	215	1	0	61	13.364276814583322
n239	213	1	0	64	13.311926541666656
n264	221	1	0	64	13.68585706249999
n267	228	1	0	64	14.205086299999989
n253	deletion
n240	214	1	0	67	13.409148477083322
n237	211	1	0	68	13.120687789583323
n238	212	1	0	71	13.13778175624999
n263	216	1	0	59	13.513849022916656
n241	217	1	0	63	13.50957553124999
n265	222	1	0	63	13.858933474999988
n254	deletion
n243	219	1	0	67	13.68585706249999
n255	deletion
n242	218	1	0	68	13.59290861874999
n244	220	1	0	70	13.772395268749989
n245	223	1	0	66	13.876027441666654
n266	227	1	0	66	14.036283379166656
n256	deletion
n247	225	1	0	69	14.049103854166656
n257	deletion
n246	224	1	0	71	13.957223783333323
n248	226	1	0	72	14.127095077083323
n268	233	1	0	56	14.440128341666655
n269	234	1	0	63	14.462564172916656
n270	231	1	0	66	14.436923222916656
n249	229	1	0	68	14.244616097916655
n258	deletion
n251	232	1	0	72	14.436923222916656
n259	deletion
n250	230	1	0	73	14.325812439583322
n252	236	1	0	75	14.529871666666654
n287	235	1	0	61	14.603589397916654
n288	deletion
n273	239	1	0	72	14.831152829166653
n271	237	1	0	73	14.648461060416654
n274	240	1	0	73	14.914485916666653
n272	238	1	0	75	14.737136012499986
n290	242	1	0	66	15.009571106249986
n291	241	1	0	69	15.009571106249986
n277	245	1	0	73	15.196536366666653
n275	243	1	0	75	15.003160868749985
n278	246	1	0	75	15.27773270833332
n276	244	1	0	76	15.096109312499985
n293	248	1	0	64	15.411279322916652
n294	247	1	0	68	15.402732339583318
n281	251	1	0	75	15.581150616666651
n279	249	1	0	76	15.387775118749985
n282	252	1	0	76	15.667688822916652
n280	250	1	0	78	15.499954274999984
n296	253	1	0	63	15.78627821666665
n297	254	1	0	66	15.798030318749984
n285	257	1	0	76	15.959354629166649
n283	255	1	0	78	15.771320995833317
n286	258	1	0	78	16.04268771666665
n284	256	1	0	80	15.85038059166665
n315	259	1	0	61	16.159140364583315
n316	260	1	0	64	16.16127711041665
n299	261	1	0	80	16.14418314374998
n301	263	1	0	80	16.326874912499978
n300	262	1	0	81	16.25529392708331
n302	264	1	0	85	16.434780577083313
n318	267	1	0	57	16.525592274999976
n319	265	1	0	61	16.51490854583331
n320	266	1	0	66	16.520250410416644
n303	268	1	0	78	16.520250410416644
n305	270	1	0	78	16.70614729791664
n304	269	1	0	80	16.607856989583308
n306	271	1	0	85	16.782001774999973
n322	273	1	0	56	16.880292083333305
n323	274	1	0	61	16.883497202083305
n324	272	1	0	64	16.87922371041664
n307	275	1	0	76	16.87281347291664
n309	278	1	0	76	17.061915479166633
n308	276	1	0	78	16.962556797916637
n310	279	1	0	85	17.162342533333298
n326	282	1	0	54	17.232855145833298
n327	281	1	0	61	17.237128637499964
n328	280	1	0	63	17.232855145833298
n311	283	1	0	75	17.24140212916663
n313	286	1	0	75	17.43691437291663
n312	285	1	0	76	17.32687196249996
n314	289	1	0	85	17.54588841041663
n350	287	1	0	49	17.54909352916663
n351	288	1	0	56	17.58434983541663
n352	291	1	0	64	17.6238796333333
n330	292	1	0	73	17.640973599999967
n331	296	1	0	80	17.725375060416635
n346	deletion
n333	295	1	0	81	17.914477066666635
n332	293	1	0	88	17.808708147916636
n354	294	1	0	44	17.904861710416636
n355	297	1	0	54	17.9379812708333
n356	298	1	0	60	17.988194797916634
n334	299	1	0	72	17.9956734083333
n335	300	1	0	78	18.08434836041663
n347	deletion
n337	305	1	0	80	18.25421965416663
n336	302	1	0	87	18.197595889583297
n358	301	1	0	45	18.205074499999963
n359	303	1	0	52	18.258493145833295
n360	304	1	0	61	18.32152714791663
n338	deletion
n339	308	1	0	75	18.46255237291663
n348	310	1	0	75	18.6334920395833
n341	312	1	0	76	18.6527227520833
n340	309	1	0	85	18.54909057916663
n362	314	1	0	53	18.723235364583296
n363	318	1	0	59	18.721098618749963
n364	316	1	0	62	18.724303737499962
n365	317	1	0	65	18.720030245833296
n342	313	1	0	68	18.749944687499962
n343	315	1	0	73	18.85037174166663
n349	deletion
n345	320	1	0	74	19.023448154166633
n344	319	1	0	83	18.940115066666632
n386	325	1	0	50	19.273447416666627
n382	323	1	0	54	19.086482156249964
n383	deletion
n384	322	1	0	61	19.089687274999964
n387	327	1	0	62	19.268105552083295
n385	321	1	0	66	19.08434541041663
n366	324	1	0	69	19.11639659791663
n367	326	1	0	73	19.206139922916627
n369	329	1	0	78	19.380284708333296
n368	328	1	0	81	19.273447416666627
n390	334	1	0	45	19.630283970833293
n388	330	1	0	49	19.45507081249996
n391	335	1	0	57	19.62494210624996
n389	331	1	0	61	19.45293406666663
n370	332	1	0	81	19.465754541666627
n371	333	1	0	85	19.549087629166625
n373	339	1	0	90	19.72002729583329
n372	336	1	0	93	19.639899327083292
n394	342	1	0	37	19.960411202083286
n392	337	1	0	42	19.79695014583329
n395	343	1	0	49	19.957206083333286
n393	338	1	0	54	19.79695014583329
n377	345	1	0	73	20.075795477083282
n376	344	1	0	78	20.00635123749995
n375	341	1	0	81	19.902719064583287
n374	340	1	0	85	19.806565502083288
n396	348	1	0	38	20.184769514583284
n397	347	1	0	50	20.181564395833284
n381	351	1	0	57	20.459341354166614
n380	350	1	0	62	20.37493989374995
n379	349	1	0	66	20.29801704374995
n378	346	1	0	69	20.184769514583284
n408	354	1	0	40	21.002074795833284
n406	352	1	0	41	20.803357433333282
n409	355	1	0	41	21.09609161249995
n412	359	1	0	41	21.382415554166617
n407	353	1	0	42	20.915536589583283
n402	363	1	0	59	20.81297278958328
n403	362	1	0	62	20.808699297916615
n398	357	1	0	68	20.78198997499995
n410	356	1	0	42	21.197587039583283
n413	360	1	0	42	21.460406777083282
n411	358	1	0	44	21.28839873749995
n399	361	1	0	66	21.164467479166618
n416	366	1	0	42	21.75634607499994
n414	364	1	0	44	21.57579105208328
n417	367	1	0	44	21.84929451874994
n415	365	1	0	45	21.655919020833274
n400	368	1	0	65	21.574722679166612
n418	369	1	0	45	21.956131810416604
n420	375	1	0	45	22.150575681249933
n419	372	1	0	47	22.0458751354166
n421	376	1	0	47	22.254207854166598
n404	371	1	0	57	21.959336929166604
n405	374	1	0	62	21.956131810416604
n401	373	1	0	66	21.956131810416604
n432	379	1	0	40	22.58006159374993
n430	377	1	0	41	22.372797247916598
n433	380	1	0	41	22.663394681249933
n431	378	1	0	42	22.4817712854166
n426	393	1	0	59	22.40057494374993
n427	386	1	0	62	22.398438197916597
n422	383	1	0	68	22.382412604166596
n436	384	1	0	41	22.934761402083264
n434	381	1	0	42	22.768095227083265
n437	385	1	0	42	23.01916286249993
n435	382	1	0	44	22.851428314583266
n423	387	1	0	66	22.7670268541666
n440	390	1	0	42	23.311897041666594
n438	388	1	0	44	23.126000154166597
n441	391	1	0	44	23.41980270624993
n439	389	1	0	45	23.211469987499928
n424	392	1	0	65	23.135615510416596
n442	394	1	0	45	23.53198186249993
n444	398	1	0	45	23.721083868749925
n443	397	1	0	47	23.631340543749925
n445	399	1	0	47	23.83433139791659
n428	deletion
n429	deletion
n425	396	1	0	66	23.54052884583326
n456	402	1	0	47	24.136680933333256
n454	400	1	0	48	23.962536147916587
n457	403	1	0	48	24.22535588541659
n455	401	1	0	49	24.037322252083253
n450	412	1	0	66	23.968946385416587
n451	409	1	0	69	23.988177097916587
n446	406	1	0	75	23.95292079166659
n460	407	1	0	48	24.524500302083258
n458	404	1	0	49	24.328988058333255
n461	408	1	0	49	24.60783338958326
n459	405	1	0	51	24.435825349999924
n447	410	1	0	73	24.365312737499924
n464	415	1	0	49	24.91338804374993
n462	411	1	0	51	24.737106512499928
n465	416	1	0	51	25.007404860416596
n463	413	1	0	52	24.82257634583326
n448	414	1	0	72	24.738174885416594
n468	421	1	0	51	25.34501070208326
n466	418	1	0	52	25.123857508333263
n469	422	1	0	52	25.443301010416594
n467	420	1	0	54	25.230694799999927
n452	417	1	0	64	25.125994254166596
n453	419	1	0	68	25.13667798333326
n449	424	1	0	73	25.11851564374993
n483	427	1	0	52	25.748855664583264
n481	423	1	0	54	25.558685285416594
n484	428	1	0	54	25.841804108333264
n482	425	1	0	56	25.633471389583264
n480	431	1	0	63	25.55334342083326
n470	426	1	0	69	25.55975365833326
n488	434	1	0	54	26.232828595833272
n485	429	1	0	56	25.942231162499933
n487	433	1	0	56	26.132401541666603
n486	432	1	0	57	26.0330428604166
n472	430	1	0	68	25.9689404854166
n473	435	1	0	72	25.9625302479166
n492	443	1	0	47	26.654835897916602
n491	442	1	0	49	26.55013535208327
n490	440	1	0	51	26.50205857083327
n489	437	1	0	52	26.330050531249938
n474	436	1	0	64	26.387742668749937
n475	438	1	0	68	26.384537549999937
n476	439	1	0	73	26.373853820833272
n496	450	1	0	40	27.039450147916597
n495	448	1	0	42	26.946501704166597
n494	447	1	0	44	26.848211395833264
n493	446	1	0	45	26.758468070833267
n478	444	1	0	73	26.7670150541666
n479	445	1	0	85	26.7573996979166
n513	451	1	0	39	27.155902795833263
n499	454	1	0	65	27.380261108333265
n497	452	1	0	67	27.167654897916595
n500	455	1	0	67	27.478551416666598
n498	453	1	0	68	27.267013579166598
n515	456	1	0	59	27.555474266666597
n516	457	1	0	63	27.570431487499928
n503	460	1	0	67	27.733892543749928
n501	458	1	0	68	27.56402124999993
n504	461	1	0	68	27.834319597916593
n502	459	1	0	70	27.67940552499993
n518	463	1	0	58	27.935815024999926
n519	462	1	0	61	27.94329363541659
n507	466	1	0	68	28.132395641666587
n505	464	1	0	70	27.926199668749927
n508	467	1	0	70	28.226412458333254
n506	465	1	0	71	28.024489977083256
n521	469	1	0	56	28.30760879999992
n522	468	1	0	59	28.30440368124992
n511	472	1	0	70	28.506326162499917
n509	470	1	0	71	28.308677172916585
n512	473	1	0	71	28.598206233333247
n510	471	1	0	73	28.44436053333325
n540	474	1	0	51	28.708248643749915
n541	475	1	0	55	28.70931701666658
n542	476	1	0	58	28.710385389583248
n524	477	1	0	73	28.682607693749915
n526	479	1	0	73	28.861025970833246
n525	478	1	0	75	28.76273566249991
n527	480	1	0	82	28.951837668749913
n544	483	1	0	51	29.06935868958325
n545	482	1	0	56	29.06935868958325
n546	481	1	0	59	29.065085197916584
n528	484	1	0	71	29.05333309583325
n530	486	1	0	71	29.244571847916582
n529	485	1	0	73	29.142008047916583
n531	487	1	0	80	29.34393052916658
n548	489	1	0	51	29.448631074999913
n549	490	1	0	58	29.45504131249991
n550	488	1	0	61	29.448631074999913
n532	491	1	0	70	29.444357583333247
n534	493	1	0	70	29.64307494583324
n533	492	1	0	71	29.53837439999991
n535	494	1	0	79	29.71999779583324
n552	496	1	0	52	29.821493222916576
n553	495	1	0	64	29.819356477083243
n536	497	1	0	68	29.822561595833243
n538	499	1	0	68	30.026620822916573
n537	498	1	0	70	29.92192027708324
n539	500	1	0	80	30.09820180833324
n572	505	1	0	41	30.41871368333324
n570	503	1	0	43	30.212517710416574
n573	506	1	0	43	30.523414229166573
n571	504	1	0	44	30.304397781249907
n554	deletion
n555	501	1	0	70	30.24991076249991
n556	502	1	0	73	30.230680049999908
n576	512	1	0	43	30.791575831249897
n574	510	1	0	44	30.608884062499904
n577	513	1	0	44	30.881319156249898
n575	511	1	0	46	30.718926472916564
n558	507	1	0	63	30.61315755416657
n559	509	1	0	68	30.6217045374999
n560	508	1	0	71	30.61315755416657
n580	519	1	0	44	31.178326827083232
n578	517	1	0	46	31.008455533333233
n581	523	1	0	46	31.274480389583232
n579	518	1	0	47	31.08858350208323
n562	516	1	0	61	30.996703431249898
n563	514	1	0	67	30.994566685416565
n564	515	1	0	70	30.991361566666566
n584	526	1	0	46	31.600334129166562
n582	524	1	0	47	31.395206529166565
n585	527	1	0	47	31.678325352083228
n583	525	1	0	49	31.481744735416562
n566	520	1	0	59	31.374907443749898
n567	521	1	0	63	31.38345442708323
n568	522	1	0	68	31.374907443749898
n600	531	1	0	49	31.786231016666562
n602	533	1	0	49	31.93366647916656
n601	532	1	0	51	31.85033339166656
n586	530	1	0	58	31.78729938958323
n603	534	1	0	58	32.062939602083226
n587	528	1	0	64	31.79264125416656
n588	529	1	0	67	31.779820779166563
n604	538	1	0	47	32.16229828333322
n606	540	1	0	47	32.37704123958323
n605	539	1	0	49	32.24669974374989
n607	541	1	0	56	32.455032462499894
n590	536	1	0	59	32.136657333333225
n591	535	1	0	63	32.14093082499989
n592	537	1	0	68	32.13345221458322
n608	545	1	0	46	32.55332277083322
n610	549	1	0	46	32.71037358958322
n609	546	1	0	47	32.652681452083215
n611	550	1	0	55	32.82896298333322
n594	543	1	0	61	32.53409205833322
n595	542	1	0	63	32.53195531249989
n596	544	1	0	70	32.53409205833322
n612	553	1	0	45	32.929390037499886
n614	556	1	0	45	33.116355297916556
n613	554	1	0	46	32.99990264999989
n615	555	1	0	54	33.162295333333226
n598	551	1	0	75	32.94114213958322
n599	552	1	0	87	32.92404817291655
n632	557	1	0	41	33.3428503562499
n633	558	1	0	53	33.3749015437499
n618	561	1	0	68	33.53302073541658
n616	559	1	0	69	33.326824762499896
n619	562	1	0	69	33.63878965416658
n617	560	1	0	70	33.441140664583244
n635	564	1	0	61	33.717849249999915
n636	563	1	0	65	33.72639623333325
n622	567	1	0	69	33.91015637499992
n620	565	1	0	70	33.73173809791658
n623	568	1	0	70	34.019130412499926
n621	566	1	0	72	33.83109677916658
n638	569	1	0	60	34.09712163541659
n639	570	1	0	63	34.106736991666594
n626	573	1	0	70	34.293702252083264
n624	571	1	0	72	34.11207885624993
n627	574	1	0	72	34.41015489999993
n625	572	1	0	73	34.2221212666666
n641	575	1	0	58	34.479599139583264
n642	576	1	0	61	34.4817358854166
n630	579	1	0	72	34.69220534999993
n628	577	1	0	73	34.494556360416595
n631	580	1	0	73	34.77447006458327
n629	578	1	0	75	34.60246202499993
n660	583	1	0	53	34.88558084791661
n661	581	1	0	57	34.869555254166606
n662	582	1	0	60	34.870623627083276
n644	584	1	0	75	34.8663501354166
n646	586	1	0	75	35.05224702291661
n645	585	1	0	77	34.945409731249946
n647	587	1	0	84	35.15481082291661
n664	590	1	0	53	35.247759266666606
n665	588	1	0	58	35.25310113124994
n666	589	1	0	61	35.25416950416661
n648	591	1	0	73	35.22852855416661
n650	593	1	0	73	35.43045103541661
n649	592	1	0	75	35.31293001458328
n651	594	1	0	82	35.50523713958328
n668	596	1	0	53	35.61741629583329
n669	597	1	0	60	35.614211177083284
n670	595	1	0	63	35.60459582083328
n652	598	1	0	72	35.60566419374995
n654	600	1	0	72	35.78408247083329
n653	599	1	0	73	35.688997281249954
n655	601	1	0	81	35.868483931249955
n672	603	1	0	54	35.95395376458329
n673	602	1	0	66	35.94968027291662
n656	605	1	0	70	35.964637493749954
n658	607	1	0	70	36.195406043749955
n657	606	1	0	72	36.06613292083329
n659	608	1	0	82	36.24134607916662
n692	614	1	0	44	36.55758446249996
n690	612	1	0	45	36.37061920208328
n693	615	1	0	45	36.659079889583296
n691	613	1	0	46	36.477456493749955
n674	610	1	0	66	36.40373876249995
n675	609	1	0	72	36.41014899999995
n676	611	1	0	75	36.395191779166616
n696	621	1	0	45	36.95715593333331
n694	619	1	0	46	36.76805392708331
n697	622	1	0	46	37.04476251249998
n695	620	1	0	48	36.85245538749998
n678	616	1	0	65	36.7552334520833
n679	617	1	0	70	36.758438570833306
n680	618	1	0	73	36.7520283333333
n700	627	1	0	46	37.32894970833333
n698	625	1	0	48	37.14412119374999
n701	628	1	0	48	37.435787
n699	626	1	0	49	37.234932891666666
n682	623	1	0	63	37.13343746458332
n683	deletion
n684	624	1	0	72	37.13664258333332
n704	634	1	0	48	37.72104256875
n702	632	1	0	49	37.529803816666664
n705	635	1	0	49	37.79689704583333
n703	633	1	0	51	37.641982972916665
n686	629	1	0	61	37.52659869791666
n687	630	1	0	65	37.53407730833333
n688	631	1	0	70	37.53407730833333
n724	641	1	0	49	38.08749447916667
n722	639	1	0	50	37.90052921875
n725	642	1	0	50	38.17189593958334
n723	640	1	0	51	37.98493067916667
n706	636	1	0	59	37.911212947916674
n707	637	1	0	65	37.919759931250006
n708	638	1	0	68	37.910144575000004
n728	648	1	0	50	38.48813432291667
n726	646	1	0	51	38.27873323125001
n729	649	1	0	51	38.577877647916665
n727	647	1	0	53	38.38557052291667
n710	643	1	0	58	38.29582719791668
n711	645	1	0	63	38.29582719791668
n712	644	1	0	66	38.29475882500001
n732	656	1	0	52	38.92830396458333
n730	654	1	0	53	38.718902872916665
n733	657	1	0	53	38.932577456249994
n731	655	1	0	54	38.80330433333333
insertion	650	1	0	54	38.69967216041666
n714	651	1	0	58	38.71249263541666
n715	652	1	0	61	38.71356100833333
n716	653	1	0	65	38.70608239791666
n736	663	1	0	53	39.3139865875
n734	661	1	0	54	39.115269225
n737	664	1	0	54	39.36740523333333
n735	662	1	0	56	39.21996977083333
n718	658	1	0	58	39.08428641041667
n719	659	1	0	60	39.08108129166666
n720	660	1	0	64	39.0832180375
n758	667	1	0	53	39.560780731250006
n759	666	1	0	57	39.582148189583336
n755	669	1	0	60	39.559712358333336
n740	670	1	0	64	39.74026738125001
n738	665	1	0	65	39.53513978125
n741	671	1	0	65	39.833215825
n739	668	1	0	66	39.61633612291667
n761	672	1	0	52	39.937916370833335
n762	deletion
n756	675	1	0	61	39.92723264166667
n744	676	1	0	65	40.106719291666664
n742	673	1	0	66	39.91441216666667
n745	677	1	0	66	40.20928309166666
n743	deletion
n764	680	1	0	51	40.33321435
n765	679	1	0	58	40.33428272291667
n757	678	1	0	61	40.31825712916666
n748	683	1	0	66	40.50735913541668
n746	681	1	0	67	40.28300082291666
n749	684	1	0	67	40.58748710416668
n747	682	1	0	68	40.399453470833336
n767	686	1	0	44	40.699666260416684
n768	685	1	0	56	40.697529514583344
n753	691	1	0	67	40.95714413333336
n750	689	1	0	68	40.722102091666684
n754	692	1	0	68	41.04581908541669
n752	690	1	0	70	40.842828231250024
n751	687	1	0	80	40.698597887500014
n789	695	1	0	56	41.139835902083355
n790	693	1	0	60	41.123810308333354
n786	696	1	0	63	41.122741935416684
n771	697	1	0	67	41.3246644166667
n772	698	1	0	68	41.4240230979167
n770	694	1	0	70	41.23598946458336
n792	700	1	0	55	41.52872364375004
n793	699	1	0	61	41.54474923750004
n787	deletion
n775	704	1	0	68	41.72209914166671
n773	701	1	0	69	41.51803991458337
n776	705	1	0	69	41.81611595833338
n774	702	1	0	70	41.63342418958338
n795	707	1	0	54	41.91654301250005
n796	708	1	0	61	41.91867975833338
n788	deletion
n779	711	1	0	69	42.091756170833385
n777	709	1	0	70	41.91333789375005
n780	712	1	0	70	42.17722600416672
n778	710	1	0	71	42.002012845833384
n798	714	1	0	47	42.25949071875005
n799	713	1	0	59	42.25628560000005
n784	718	1	0	70	42.554361643750056
n781	716	1	0	71	42.29581539791671
n785	719	1	0	71	42.64410496875006
n783	717	1	0	72	42.43684062291672
n782	715	1	0	83	42.282994922916714
n820	721	1	0	59	42.76162598958339
n821	722	1	0	63	42.75094226041673
n816	723	1	0	66	42.74987388750006
n802	724	1	0	70	42.93470240208339
n803	725	1	0	71	43.02230898125005
n800	deletion
n801	720	1	0	72	42.836412093750056
n822	727	1	0	59	43.12807790000005
n823	730	1	0	64	43.13448813750006
n817	728	1	0	67	43.13341976458339
n806	731	1	0	71	43.2968808208334
n804	726	1	0	72	43.116325797916716
n807	732	1	0	72	43.3994446208334
n805	729	1	0	73	43.18897515625006
n824	734	1	0	59	43.5148288958334
n825	735	1	0	65	43.51803401458341
n818	737	1	0	68	43.50948703125007
n810	738	1	0	72	43.699657410416734
n808	733	1	0	73	43.49132469166673
n811	739	1	0	73	43.782990497916735
n809	736	1	0	74	43.60029872916673
n826	742	1	0	59	43.88875941666674
n827	743	1	0	66	43.88982778958341
n819	741	1	0	69	43.88982778958341
n814	745	1	0	73	44.07786142291674
n812	740	1	0	74	43.87487056875007
n815	746	1	0	74	44.17080986666674
n813	744	1	0	75	43.98598135208341
n848	749	1	0	59	44.28085227708341
n849	747	1	0	67	44.27230529375008
n844	750	1	0	70	44.27016854791674
n830	752	1	0	74	44.467817537500075
n828	748	1	0	75	44.26268993750007
n831	753	1	0	75	44.56290272708341
n829	751	1	0	76	44.38448445000007
n850	756	1	0	59	44.671876764583416
n851	755	1	0	68	44.66439815416675
n845	758	1	0	71	44.662261408333414
n834	759	1	0	75	44.87486761875008
n832	754	1	0	76	44.65264605208341
n835	760	1	0	76	44.94858535000008
n833	757	1	0	77	44.74452612291675
n852	762	1	0	59	45.057559387500085
n853	761	1	0	69	45.04687565833342
n846	764	1	0	72	45.04260216666675
n838	766	1	0	76	45.240251156250096
n836	763	1	0	77	45.04580728541675
n839	767	1	0	77	45.322515870833435
n837	765	1	0	78	45.14837108541675
n854	771	1	0	59	45.465677841666775
n855	770	1	0	70	45.447515502083434
n847	768	1	0	73	45.45072062083344
n843	775	1	0	76	45.735976189583454
n840	769	1	0	78	45.447515502083434
n842	774	1	0	78	45.63448076250012
n841	773	1	0	79	45.56289977708345
n875	781	1	0	59	45.83747161666679
n876	776	1	0	71	45.83853998958346
n858	779	1	0	74	46.02871036875012
n856	777	1	0	75	45.82785626041679
n859	780	1	0	75	46.11311182916678
n857	778	1	0	76	45.93362517916679
n880	791	1	0	59	46.55328147083346
n878	784	1	0	66	46.32037617500013
n877	782	1	0	67	46.23063285000012
n879	788	1	0	67	46.44751255208345
n872	786	1	0	71	46.27764125833346
n862	787	1	0	75	46.44751255208345
n860	783	1	0	76	46.22956447708345
n863	789	1	0	76	46.51268330000013
n861	785	1	0	78	46.36417946458346
n881	792	1	0	60	46.6323410666668
n873	795	1	0	76	46.65584527083346
n866	796	1	0	80	46.836400293750124
n864	793	1	0	81	46.645161541666795
n867	797	1	0	81	46.92721199166679
n865	794	1	0	83	46.75306720625012
n885	807	1	0	57	47.30968949583347
n883	800	1	0	65	47.103493522916786
n882	798	1	0	66	47.014818570833455
n884	803	1	0	66	47.20392057708346
n874	802	1	0	69	47.05648511458345
n870	804	1	0	73	47.230629900000125
n868	799	1	0	74	47.043664639583454
n871	deletion
n869	801	1	0	76	47.14409169375012
n906	809	1	0	59	47.4272105166668
n902	808	1	0	74	47.4528514666668
n888	812	1	0	78	47.60349204791681
n886	810	1	0	79	47.43255238125013
n889	813	1	0	79	47.70712422083348
n887	811	1	0	81	47.54579991041681
n910	823	1	0	55	48.085328233333506
n908	816	1	0	63	47.88447412500015
n907	814	1	0	64	47.79686754583348
n909	821	1	0	64	47.9795593145835
n903	819	1	0	67	47.83960246250015
n892	820	1	0	71	48.0212258583335
n890	815	1	0	72	47.83853408958348
n893	822	1	0	72	48.07250775833351
n891	818	1	0	74	47.83960246250015
n911	824	1	0	57	48.181481795833506
n904	827	1	0	72	48.21566972916684
n896	828	1	0	77	48.393019633333516
n894	825	1	0	78	48.19002877916684
n897	829	1	0	78	48.468874110416856
n895	826	1	0	79	48.293660952083506
n915	838	1	0	54	48.8267790375002
n913	835	1	0	62	48.656907743750196
n912	831	1	0	63	48.566096045833525
n914	836	1	0	63	48.7594715437502
n905	830	1	0	66	48.602420725000194
n900	837	1	0	70	48.75840317083353
n898	832	1	0	71	48.59280536875019
n901	839	1	0	71	48.82784741041687
n899	834	1	0	72	48.59921560625019
n938	845	1	0	54	49.15476952291688
n936	841	1	0	55	48.96780426250021
n939	847	1	0	55	49.24451284791688
n937	842	1	0	57	49.05861596041689
n922	846	1	0	69	49.160111387500216
n920	840	1	0	71	48.964599143750206
n923	848	1	0	71	49.23810261041688
n921	843	1	0	72	49.05113735000022
n916	844	1	0	76	48.95284704166687
n942	deletion
n940	850	1	0	54	49.340666410416894
n943	857	1	0	54	49.669725268750234
n941	851	1	0	55	49.4528455666669
n926	855	1	0	67	49.55434099375024
n924	849	1	0	69	49.339598037500224
n927	856	1	0	69	49.62378523333357
n925	852	1	0	71	49.46032417708357
n917	853	1	0	74	49.33318780000022
n946	863	1	0	50	49.9304082604169
n944	859	1	0	52	49.74023788125023
n947	866	1	0	52	50.03083531458356
n945	862	1	0	54	49.83639144375023
n930	864	1	0	66	49.927203141666894
n928	858	1	0	67	49.71780205000023
n931	865	1	0	67	50.011604602083565
n929	861	1	0	69	49.82143422291689
n918	860	1	0	72	49.7156653041669
n950	872	1	0	48	50.32356949375023
n948	868	1	0	50	50.13126236875023
n951	875	1	0	50	50.44856912500023
n949	870	1	0	52	50.232757795833564
n934	873	1	0	64	50.32250112083356
n932	867	1	0	66	50.11096328333356
n935	874	1	0	66	50.412244445833565
n933	869	1	0	67	50.218868947916896
n919	871	1	0	71	50.105621418750225
n974	882	1	0	47	50.723140964583585
n972	877	1	0	48	50.53403895833357
n975	885	1	0	48	50.82463639166692
n973	880	1	0	50	50.637671131250244
n958	883	1	0	62	50.715662354166916
n956	876	1	0	64	50.52228685625023
n959	884	1	0	64	50.80113218750026
n957	879	1	0	66	50.630192520833575
n952	881	1	0	69	50.52121848333356
n978	891	1	0	45	51.10561846875025
n976	887	1	0	47	50.916516462500255
n979	894	1	0	47	51.21459250625025
n977	890	1	0	48	51.01587514375026
n962	892	1	0	60	51.101344977083585
n960	886	1	0	62	50.90155924166692
n963	893	1	0	62	51.19536179375025
n961	889	1	0	64	51.01480677083359
n953	888	1	0	67	50.90690110625025
n982	901	1	0	43	51.512668550000264
n980	896	1	0	45	51.309677695833585
n983	904	1	0	45	51.622710960416924
n985	910	1	0	45	51.81181296666695
n981	900	1	0	47	51.42185685208359
n966	902	1	0	59	51.482754108333594
n964	895	1	0	60	51.302199085416916
n967	903	1	0	60	51.57677092500026
n969	908	1	0	60	51.79044550833361
n965	899	1	0	62	51.400489393750256
n954	898	1	0	66	51.29578884791691
n986	913	1	0	42	51.90689815625029
n984	906	1	0	43	51.71459103125027
n987	915	1	0	43	52.02335080416696
n970	911	1	0	57	51.863094866666955
n968	905	1	0	59	51.6910868270836
n971	914	1	0	59	51.95711168333363
n955	907	1	0	64	51.685744962500266
n999	918	1	0	41	52.1440769437503
n988	919	1	0	56	52.13873507916696
n989	921	1	0	59	52.13232484166696
n990	920	1	0	62	52.14621368958363
n991	922	1	0	68	52.13766670625029
n1003	925	1	0	48	52.92719429166695
n1001	923	1	0	49	52.75198113333362
n1004	927	1	0	49	53.02334785416695
n1005	930	1	0	49	53.106680941666944
n1002	924	1	0	50	52.85881842500029
n993	926	1	0	59	52.74343415000029
n994	929	1	0	68	52.747707641666956
n995	928	1	0	71	52.73381879375029
n1007	932	1	0	48	53.28937271041694
n1008	933	1	0	49	53.37163742500027
n1006	931	1	0	50	53.188945656250276
n1011	939	1	0	48	53.69962791041696
n1009	934	1	0	49	53.51586776875029
n1012	940	1	0	49	53.77441401458363
n1010	935	1	0	50	53.61202133125029
n996	936	1	0	68	53.487021700000284
n997	937	1	0	71	53.49022681875029
n998	938	1	0	80	53.47740634375028
n1027	943	1	0	48	54.04578073541697
n1025	941	1	0	49	53.8716359500003
n1028	944	1	0	49	54.12911382291696
n1026	942	1	0	50	53.9421485625003
n1031	951	1	0	48	54.474198275000305
n1029	946	1	0	49	54.25411345416697
n1032	952	1	0	49	54.563941600000305
n1030	950	1	0	50	54.3684293562503
n1016	947	1	0	71	54.24449809791697
n1017	949	1	0	80	54.2498399625003
n1018	948	1	0	83	54.24556647083364
n1035	960	1	0	48	54.912231170833635
n1033	954	1	0	49	54.72312916458364
n1036	961	1	0	49	55.015863343750304
n1034	955	1	0	50	54.81287248958364
n1019	956	1	0	80	54.70924031666697
n1020	958	1	0	83	54.71351380833364
n1021	957	1	0	92	54.70710357083364
n1039	965	1	0	48	55.30966589583364
n1037	962	1	0	49	55.150478331250305
n1040	968	1	0	49	55.42291342500031
n1038	963	1	0	50	55.18680301041697
n1022	966	1	0	78	55.337443591666975
n1023	964	1	0	83	55.33958033750031
n1024	967	1	0	90	55.33530684583364
n1057	969	1	0	50	55.5607335312503
n1041	970	1	0	77	55.567143768750306
n1042	971	1	0	83	55.566075395833636
n1043	972	1	0	89	55.5639386500003
n1062	981	1	0	65	56.265859656250306
n1061	979	1	0	71	56.18573168750031
n1060	976	1	0	74	56.12056093958364
n1059	975	1	0	80	56.01051852916697
n1045	974	1	0	83	55.97205710416698
n1047	977	1	0	83	56.15795399166697
n1046	978	1	0	85	56.065005547916975
n1048	980	1	0	92	56.23594521458364
n1066	989	1	0	62	56.60880736250031
n1065	987	1	0	68	56.487012850000305
n1064	984	1	0	71	56.44320956041697
n1063	983	1	0	77	56.33209877708364
n1049	982	1	0	80	56.322483420833635
n1051	986	1	0	80	56.52654264791697
n1050	985	1	0	82	56.43038908541697
n1052	988	1	0	89	56.59812363333364
n1070	997	1	0	59	56.95389181458365
n1069	995	1	0	65	56.84491777708365
n1068	992	1	0	68	56.772268418750315
n1067	991	1	0	74	56.70175580625031
n1053	990	1	0	77	56.696413941666975
n1055	994	1	0	77	56.87803733750032
n1054	993	1	0	78	56.77761028333365
n1056	996	1	0	86	56.94748157708365
n1090	1005	1	0	56	57.323548843750324
n1089	1003	1	0	62	57.19748083958365
n1088	1001	1	0	65	57.11521612500031
n1087	999	1	0	71	57.02974629166698
n1071	998	1	0	74	57.031883037500315
n1073	1002	1	0	74	57.23807901041699
n1072	1000	1	0	76	57.126968227083644
n1074	1004	1	0	83	57.309659995833655
n1094	1013	1	0	53	57.672906787500324
n1093	1011	1	0	59	57.569274614583655
n1092	1008	1	0	62	57.50089874791699
n1091	1007	1	0	68	57.40688193125032
n1075	1006	1	0	71	57.412223795833654
n1077	1009	1	0	71	57.598120683333654
n1076	1010	1	0	73	57.49769362916699
n1078	1012	1	0	80	57.671838414583654
n1098	1021	1	0	50	58.01799123958367
n1097	1019	1	0	56	57.904743710417
n1096	1016	1	0	59	57.853461810417
n1095	1015	1	0	65	57.75089801041699
n1079	1014	1	0	68	57.77012872291699
n1081	1018	1	0	68	57.93893164375034
n1080	1017	1	0	70	57.855598556250335
n1082	1020	1	0	77	58.02546985000034
n1102	1028	1	0	47	58.340639860417006
n1101	1026	1	0	53	58.22632395833367
n1100	1024	1	0	56	58.18893090625034
n1099	1023	1	0	62	58.10773456458367
n1083	1022	1	0	65	58.11948666666701
n1085	1027	1	0	65	58.30538355416701
n1084	1025	1	0	66	58.213503483333675
n1086	1030	1	0	74	58.39405850625034
n1113	1029	1	0	43	58.49555393333367
n1103	1031	1	0	64	58.49875905208367
n1104	1032	1	0	70	58.500895797917
n1105	1033	1	0	73	58.49555393333367
n1117	1036	1	0	50	59.188927956250346
n1115	1034	1	0	51	59.030808764583675
n1118	1038	1	0	51	59.27760290833368
n1119	1041	1	0	51	59.388713691667014
n1116	1035	1	0	52	59.10773161458368
n1107	1037	1	0	61	59.01798828958368
n1108	1039	1	0	70	59.01691991666701
n1109	1040	1	0	73	59.00516781458367
n1121	1043	1	0	50	59.57567895208368
n1122	1044	1	0	51	59.646191564583674
n1120	1042	1	0	52	59.476320270833675
n1125	1050	1	0	50	59.97311367708368
n1123	1045	1	0	51	59.78294329791701
n1126	1051	1	0	51	60.050036527083684
n1124	1046	1	0	52	59.88871221666701
n1110	1047	1	0	70	59.75516560208367
n1111	1048	1	0	73	59.75516560208367
n1112	1049	1	0	82	59.750892110417006
n1141	1054	1	0	50	60.37589026666702
n1139	1052	1	0	51	60.17183103958369
n1142	1055	1	0	51	60.46242847291702
n1140	1053	1	0	52	60.26157436458369
n1145	1061	1	0	50	60.81071804375036
n1143	1059	1	0	51	60.588496477083694
n1146	1062	1	0	51	60.89832462291702
n1144	1060	1	0	52	60.69853888750036
n1130	1056	1	0	73	60.573539256250356
n1131	1057	1	0	82	60.574607629167026
n1132	1058	1	0	85	60.56926576458369
n1149	1065	1	0	50	61.25409280416702
n1147	1063	1	0	51	61.03828147500036
n1150	1066	1	0	51	61.33956263750035
n1148	1064	1	0	52	61.160075987500356
n1133	1067	1	0	82	61.027597745833695
n1134	1069	1	0	85	61.02546100000036
n1135	1068	1	0	94	61.02546100000036
n1153	1073	1	0	50	61.634433562500355
n1154	1074	1	0	51	61.67289498750036
n1151	deletion
n1152	1071	1	0	52	61.45708365833369
n1136	1076	1	0	80	61.64725403750035
n1137	1077	1	0	85	61.650459156250356
n1138	1075	1	0	92	61.64511729166702
n1171	1078	1	0	52	61.83849278958369
n1155	1079	1	0	79	61.84810814583369
n1156	1081	1	0	85	61.84703977291702
n1157	1080	1	0	91	61.84810814583369
n1176	1089	1	0	64	62.51263610000038
n1175	1087	1	0	70	62.410072300000365
n1174	1084	1	0	73	62.31391873750036
n1173	1082	1	0	79	62.249816362500354
n1159	1083	1	0	85	62.23272239583369
n1161	1086	1	0	85	62.43037138541703
n1160	1085	1	0	87	62.325670839583694
n1162	1088	1	0	94	62.51370447291705
n1180	1097	1	0	61	62.8780196375004
n1179	1095	1	0	67	62.757293497917054
n1178	1093	1	0	70	62.66541342708372
n1177	1090	1	0	76	62.58955895000038
n1163	1091	1	0	82	62.59917430625038
n1165	1094	1	0	82	62.780797702083724
n1164	1092	1	0	84	62.68143902083372
n1166	1096	1	0	91	62.8619940437504
n1184	1105	1	0	58	63.215625479167066
n1183	1103	1	0	64	63.1248137812504
n1182	1101	1	0	67	63.0286602187504
n1181	1099	1	0	73	62.948532250000405
n1167	1098	1	0	79	62.95066899583374
n1169	1102	1	0	79	63.13549751041707
n1168	1100	1	0	80	63.03613882916707
n1170	1104	1	0	88	63.1953263937504
n1204	1113	1	0	55	63.59062437291707
n1203	1111	1	0	61	63.48592382708373
n1202	1108	1	0	64	63.407932604167065
n1201	1107	1	0	70	63.30643717708373
n1185	1106	1	0	76	63.29895856666706
n1187	1110	1	0	76	63.49126569166707
n1186	1109	1	0	78	63.3972488750004
n1188	1112	1	0	85	63.56925691458374
n1208	1121	1	0	52	63.94105068958375
n1207	1119	1	0	58	63.82246129583375
n1206	1116	1	0	61	63.766905904167075
n1205	1115	1	0	67	63.67288908750041
n1189	1114	1	0	73	63.66541047708374
n1191	1118	1	0	73	63.84489712708375
n1190	1117	1	0	75	63.75408542916708
n1192	1120	1	0	82	63.91327299375041
n1212	1129	1	0	49	64.30002398958379
n1211	1127	1	0	55	64.15899876458379
n1210	1125	1	0	58	64.07993916875044
n1209	1123	1	0	64	64.0104949291671
n1193	1122	1	0	70	64.00408469166709
n1195	1126	1	0	70	64.19425507083379
n1194	1124	1	0	72	64.08314428750045
n1196	1128	1	0	79	64.26263093750046
n1216	1136	1	0	46	64.58955305000046
n1215	1134	1	0	52	64.54788650625046
n1214	1132	1	0	55	64.4506645708338
n1213	1131	1	0	61	64.37801521250046
n1197	1130	1	0	67	64.38335707708379
n1199	1135	1	0	67	64.56604884583379
n1198	1133	1	0	68	64.49446786041713
n1200	1137	1	0	76	64.6397665770838
n1233	1138	1	0	47	64.74339875000047
n1234	1140	1	0	51	64.8448941770838
n1235	1142	1	0	55	64.93250075625046
n1236	1144	1	0	56	65.01797058958378
n1217	1139	1	0	63	64.76369783541713
n1218	1141	1	0	75	64.8673300083338
n1220	1145	1	0	75	65.01369709791712
n1219	1143	1	0	76	64.92395377291713
n1237	1146	1	0	58	65.1066455416671
n1238	1148	1	0	59	65.17929490000044
n1239	1150	1	0	61	65.26690147916712
n1240	1152	1	0	63	65.34809782083379
n1224	1153	1	0	68	65.3705336520838
n1223	1151	1	0	70	65.27865358125045
n1222	1149	1	0	71	65.18677351041711
n1221	1147	1	0	73	65.10237205000044
n1244	1161	1	0	49	65.75942139375046
n1243	1159	1	0	55	65.63549013541713
n1242	1156	1	0	58	65.5564305395838
n1241	1154	1	0	64	65.45814023125045
n1225	1155	1	0	67	65.46882396041713
n1227	1158	1	0	67	65.6750199333338
n1226	1157	1	0	68	65.5660458958338
n1228	1160	1	0	76	65.73591718958379
n1248	1168	1	0	46	66.06711279375047
n1247	1165	1	0	52	65.99660018125046
n1246	1164	1	0	55	65.90258336458379
n1245	1163	1	0	61	65.83848098958379
n1229	1162	1	0	64	65.83100237916712
n1231	1166	1	0	64	66.01903601250046
n1230	1167	1	0	66	65.91326709375046
n1232	1169	1	0	73	66.0820700145838
n1265	1171	1	0	47	66.20065940833382
n1266	1173	1	0	51	66.2914711062505
n1267	1174	1	0	55	66.40365026250049
n1268	1176	1	0	56	66.4965987062505
n1249	1170	1	0	63	66.18570218750048
n1250	1172	1	0	75	66.2882659875005
n1252	1177	1	0	75	66.47736799375049
n1251	1175	1	0	76	66.38976141458383
n1269	1178	1	0	58	66.58100016666718
n1270	1188	1	0	59	67.0649730979172
n1271	1182	1	0	61	66.74125610416718
n1272	1184	1	0	63	66.81817895416718
n1256	1185	1	0	68	66.82138407291718
n1255	1183	1	0	70	66.73911935833384
n1254	1181	1	0	71	66.63869230416717
n1253	1179	1	0	73	66.56604294583384
n1276	1194	1	0	51	67.23484439166722
n1275	1192	1	0	57	67.11198150625054
n1274	1189	1	0	60	67.05001587708387
n1273	1187	1	0	66	66.92501624583386
n1257	1186	1	0	69	66.91005902500052
n1259	1190	1	0	69	67.11946011666721
n1258	1191	1	0	70	66.99980235000052
n1260	1193	1	0	78	67.17822062708389
n1280	1202	1	0	48	67.59809118333389
n1279	1200	1	0	54	67.48057016250057
n1278	1197	1	0	57	67.41433104166724
n1277	1196	1	0	63	67.30749375000056
n1261	1195	1	0	66	67.2743741895839
n1263	1199	1	0	66	67.4795017895839
n1262	1198	1	0	68	67.37907473541723
n1264	1201	1	0	75	67.56176650416724
n1297	1204	1	0	49	67.68249264375055
n1298	1205	1	0	53	67.78826156250055
n1299	1208	1	0	57	67.85450068333388
n1300	1211	1	0	58	67.95065424583389
n1281	1203	1	0	65	67.66005681250056
n1282	1207	1	0	77	67.76475735833388
n1284	1210	1	0	77	67.95599611041722
n1283	1209	1	0	78	67.85450068333388
n1301	1212	1	0	60	68.06069665625057
n1302	1216	1	0	61	68.16432882916723
n1303	1217	1	0	63	68.1974483895839
n1304	1219	1	0	65	68.29146520625056
n1288	1218	1	0	70	68.30108056250056
n1287	1215	1	0	72	68.21133723750056
n1286	1214	1	0	73	68.12907252291724
n1285	1213	1	0	75	68.03505570625056
n1308	1228	1	0	53	68.71026738958389
n1307	1226	1	0	59	68.60770358958389
n1306	1222	1	0	62	68.53825935000056
n1305	1221	1	0	68	68.43676392291724
n1289	1220	1	0	71	68.41860158333391
n1291	1223	1	0	71	68.62586592916723
n1290	1224	1	0	73	68.5115500270839
n1292	1227	1	0	80	68.6846264395839
n1312	1236	1	0	50	69.0265057729172
n1311	1235	1	0	56	68.91325824375053
n1310	1232	1	0	59	68.88761729375054
n1309	1230	1	0	65	68.77971162916721
n1293	1229	1	0	68	68.78291674791721
n1295	1234	1	0	68	68.96454014375054
n1294	1233	1	0	70	68.85877122500054
n1296	1237	1	0	77	69.03077926458387
n1332	1246	1	0	54	69.47522239791724
n1331	1244	1	0	60	69.32137669791723
n1330	1241	1	0	63	69.22842825416723
n1329	1239	1	0	69	69.17607798125056
n1313	1240	1	0	72	69.16005238750056
n1315	1243	1	0	72	69.38441070000057
n1314	1242	1	0	73	69.25941106875057
n1316	1245	1	0	81	69.4346242270839
n1336	1255	1	0	51	69.76368308541723
n1335	1252	1	0	57	69.74017888125056
n1334	1253	1	0	60	69.61945274166723
n1333	1250	1	0	66	69.55641873958389
n1317	1249	1	0	69	69.54146151875055
n1319	1251	1	0	69	69.73697376250055
n1318	1254	1	0	70	69.61624762291723
n1320	1256	1	0	78	69.78825566250056
n1340	1264	1	0	55	70.22201506666725
n1339	1262	1	0	61	70.09487868958391
n1338	1259	1	0	64	70.04466516250056
n1337	1257	1	0	70	69.92287065000056
n1321	1258	1	0	73	69.90791342916722
n1323	1261	1	0	73	70.12586150416725
n1322	1260	1	0	75	70.00940885625056
n1324	1263	1	0	82	70.21346808333392
n1344	1271	1	0	52	70.57244138333391
n1343	1270	1	0	58	70.47628782083392
n1342	1268	1	0	61	70.39936497083391
n1341	1266	1	0	67	70.30748490000059
n1325	1265	1	0	70	70.30321140833392
n1327	1269	1	0	70	70.52543297500058
n1326	1267	1	0	72	70.40684358125058
n1328	1272	1	0	79	70.6205181645839
n1369	1282	1	0	56	70.87158580000057
n1370	1273	1	0	63	70.87051742708391
n1371	1279	1	0	66	70.86944905416725
n1361	1275	1	0	69	70.85449183333391
n1345	1276	1	0	72	70.85235508750057
n1346	1278	1	0	75	70.9826965833339
n1347	1280	1	0	78	71.10021760416724
n1348	1281	1	0	81	71.19743953958391
n1362	1283	1	0	68	71.26367866041724
n1349	1284	1	0	84	71.2935931020839
n1350	1285	1	0	87	71.41111412291724
n1351	1286	1	0	90	71.51367792291724
n1352	1287	1	0	93	71.6044896208339
n1354	1289	1	0	87	71.75513020208389
n1355	1290	1	0	88	71.83846328958388
n1356	1291	1	0	92	71.92179637708388
n1353	1288	1	0	96	71.67713897916722
n1366	1294	1	0	72	72.07564207708387
n1367	1295	1	0	73	72.16218028333388
n1368	1297	1	0	76	72.25833384583389
n1358	1293	1	0	84	72.09166767083387
n1359	1296	1	0	85	72.19743658958389
n1360	1298	1	0	88	72.27542781250055
n1357	1292	1	0	90	72.01474482083388
n1392	1302	1	0	66	72.4474358520839
n1393	1303	1	0	68	72.53931592291723
n1394	1305	1	0	71	72.61730714583389
n1391	1299	1	0	75	72.3673078833339
n1376	1301	1	0	78	72.4666665645839
n1377	1304	1	0	80	72.5628201270839
n1378	1307	1	0	83	72.64401646875056
n1375	1300	1	0	87	72.38974371458389
n1396	1312	1	0	60	72.82670823750057
n1397	1314	1	0	61	72.89935759583389
n1398	1315	1	0	64	73.00512651458388
n1395	1306	1	0	69	72.71239233541723
n1380	1311	1	0	72	72.84914406875056
n1381	1313	1	0	73	72.92072505416722
n1382	1316	1	0	76	73.00940000625054
n1379	1308	1	0	81	72.73375979375056
n1400	1320	1	0	54	73.18781828333387
n1401	1322	1	0	56	73.27221974375053
n1402	1323	1	0	59	73.34273235625052
n1399	1318	1	0	63	73.09273309375054
n1384	1319	1	0	66	73.19209177500053
n1385	1321	1	0	68	73.28717696458386
n1386	1324	1	0	71	73.3822621541672
n1383	1317	1	0	75	73.08845960208387
n1406	deletion
n1405	1328	1	0	50	73.6066204666672
n1404	deletion
n1403	1325	1	0	57	73.43674917291719
n1390	1331	1	0	61	73.74230382708387
n1389	1330	1	0	62	73.6546972479172
n1388	1329	1	0	66	73.57350090625053
n1387	1326	1	0	69	73.48482595416719
n1425	1334	1	0	36	73.85875647500053
n1426	1332	1	0	48	73.8534146104172
n1407	1333	1	0	56	73.88439742500053
n1408	1337	1	0	63	73.89080766250052
n1411	1338	1	0	63	74.06281570208388
n1412	1339	1	0	64	74.18140509583388
n1409	1335	1	0	66	73.88546579791719
n1410	1336	1	0	68	73.88012393333386
n1413	1340	1	0	65	74.27542191250055
n1415	1342	1	0	65	74.49550673333388
n1414	1341	1	0	66	74.38653269583389
n1416	1343	1	0	66	74.58311331250054
n1419	1346	1	0	66	74.84593305000057
n1417	1344	1	0	67	74.67285663750054
n1420	1347	1	0	67	74.95811220625056
n1418	1345	1	0	68	74.77114694583389
n1423	1350	1	0	63	75.18247051875055
n1424	1353	1	0	64	75.28610269166722
n1421	1348	1	0	68	75.03717180208389
n1422	1349	1	0	69	75.12157326250055
n1446	1351	1	0	44	75.23909428333388
n1447	1352	1	0	51	75.28289757291722
n1448	1354	1	0	54	75.31494876041722
n1449	1355	1	0	60	75.34806832083389
n1432	1358	1	0	64	75.52862334375057
n1430	1356	1	0	65	75.40148696666722
n1433	1359	1	0	65	75.61622992291723
n1431	1357	1	0	66	75.40789720416723
n1436	1362	1	0	65	75.90148549166724
n1434	1360	1	0	66	75.69956301041724
n1437	1363	1	0	66	75.98588695208392
n1435	1361	1	0	67	75.8096054208339
n1440	1366	1	0	66	76.2561853000006
n1438	1364	1	0	67	76.06922003958393
n1441	1367	1	0	67	76.33845001458394
n1439	1365	1	0	68	76.1664419750006
n1444	1370	1	0	63	76.57883392083394
n1445	1372	1	0	64	76.67391911041727
n1442	1368	1	0	68	76.43887706875061
n1443	1369	1	0	69	76.52327852916727
n1468	1371	1	0	44	76.65575677083395
n1469	1373	1	0	51	76.6952865687506
n1470	1374	1	0	54	76.7273377562506
n1471	1375	1	0	60	76.7657991812506
n1454	1378	1	0	64	76.90789277916727
n1452	1376	1	0	65	76.7722094187506
n1455	1379	1	0	65	76.99763610416727
n1453	1377	1	0	66	76.7978503687506
n1458	1382	1	0	65	77.31601123333395
n1456	1380	1	0	66	77.09806315833394
n1459	1383	1	0	66	77.40254943958395
n1457	1381	1	0	67	77.19955858541728
n1462	1386	1	0	66	77.68566826250061
n1460	1384	1	0	67	77.50511323958395
n1463	1387	1	0	67	77.7818218250006
n1461	1385	1	0	68	77.60340354791728
n1466	1390	1	0	67	78.03182108750063
n1464	1388	1	0	68	77.84912931875061
n1467	1391	1	0	68	78.1322481416673
n1465	1389	1	0	69	77.95382986458395
n1476	1394	1	0	68	78.42818743958397
n1474	1392	1	0	69	78.2219914666673
n1477	1395	1	0	69	78.52540937500063
n1475	1393	1	0	70	78.32562363958397
n1480	1398	1	0	69	78.79463935000062
n1478	1396	1	0	70	78.60660571666729
n1481	1399	1	0	70	78.88758779375063
n1479	1397	1	0	71	78.69848578750062
n1484	1402	1	0	70	79.16322800625062
n1482	1400	1	0	71	78.97412600000062
n1485	1403	1	0	71	79.26472343333396
n1483	1401	1	0	72	79.0713479354173
n1495	1411	1	0	39	79.66215815833395
n1494	1409	1	0	40	79.54356876458395
n1493	1407	1	0	42	79.44848357500062
n1492	1405	1	0	44	79.33416767291729
n1488	1408	1	0	71	79.52113293333396
n1486	1404	1	0	72	79.37690258958395
n1489	1410	1	0	72	79.59378229166728
n1487	1406	1	0	73	79.42391099791729
n1512	1412	1	0	37	79.72305541458395
n1498	1415	1	0	72	79.94741372708395
n1496	1413	1	0	73	79.70596144791729
n1499	1416	1	0	73	80.00937935625063
n1497	1414	1	0	75	79.83202945208396
n1514	1417	1	0	66	80.13865247916729
n1515	deletion
n1502	1420	1	0	73	80.31172889166729
n1500	1418	1	0	75	80.12049013958396
n1503	1423	1	0	75	80.42283967500062
n1501	1419	1	0	76	80.22732743125061
n1517	1422	1	0	64	80.5157881187506
n1518	1421	1	0	68	80.50724113541727
n1506	1426	1	0	75	80.71130036250062
n1504	1424	1	0	76	80.51685649166727
n1507	1427	1	0	76	80.78074460208396
n1505	1425	1	0	78	80.62369378333395
n1520	1428	1	0	63	80.89185538541729
n1521	1429	1	0	66	80.88758189375062
n1510	1432	1	0	76	81.07347878125063
n1508	1430	1	0	78	80.87582979166729
n1511	1433	1	0	78	81.15681186875062
n1509	1431	1	0	80	80.9880089479173
n1539	1434	1	0	61	81.26685427916729
n1540	1435	1	0	64	81.2572389229173
n1523	1436	1	0	80	81.25082868541729
n1525	1438	1	0	80	81.4559562854173
n1524	1437	1	0	81	81.37796506250064
n1526	1439	1	0	85	81.55958845833396
n1542	1442	1	0	57	81.63757968125063
n1543	1441	1	0	61	81.63330618958396
n1544	1440	1	0	66	81.63651130833397
n1527	1443	1	0	78	81.65574202083396
n1529	1445	1	0	78	81.83202355208395
n1528	1444	1	0	80	81.72732300625063
n1530	1446	1	0	85	81.91535663958396
n1546	1449	1	0	56	82.01044182916728
n1547	1448	1	0	61	82.01044182916728
n1548	1447	1	0	64	82.00937345625061
n1531	1450	1	0	76	82.00296321875062
n1533	1452	1	0	76	82.19527034375062
n1532	1451	1	0	78	82.10766376458395
n1534	1453	1	0	85	82.29569739791728
n1550	1456	1	0	54	82.39291933333395
n1551	1455	1	0	61	82.39078258750061
n1552	1454	1	0	63	82.39291933333395
n1535	1457	1	0	75	82.39398770625061
n1537	1460	1	0	75	82.57347435625061
n1536	1459	1	0	76	82.48907289583394
n1538	1463	1	0	85	82.68031164791728
n1574	1461	1	0	49	82.68992700416727
n1575	1462	1	0	56	82.72090981875061
n1576	1464	1	0	64	82.77539683750061
n1554	1465	1	0	73	82.78073870208394
n1555	1466	1	0	80	82.86727690833393
n1570	deletion
n1557	1470	1	0	81	83.03287471041726
n1556	1467	1	0	88	82.9516783687506
n1578	1469	1	0	44	83.06385752500059
n1579	1472	1	0	54	83.07881474583392
n1580	1473	1	0	60	83.12689152708391
n1558	1474	1	0	72	83.13116501875058
n1559	1475	1	0	78	83.2305237000006
n1571	deletion
n1561	1477	1	0	80	83.40680523125062
n1560	1476	1	0	87	83.34377122916727
n1582	1480	1	0	49	83.52753137083396
n1583	1478	1	0	52	83.52753137083396
n1584	1479	1	0	61	83.52218950625063
n1562	1481	1	0	68	83.53714672708395
n1563	1482	1	0	76	83.63223191666728
n1572	deletion
n1565	1485	1	0	78	83.81278693958394
n1564	1483	1	0	85	83.72838547916729
n1586	1484	1	0	44	83.90359863750061
n1587	1486	1	0	56	83.89932514583394
n1566	1487	1	0	68	83.92710284166728
n1567	1488	1	0	75	84.03180338750062
n1573	1490	1	0	75	84.21556352916727
n1569	1491	1	0	76	84.16535000208394
n1568	1489	1	0	84	84.09804250833395
n1606	1492	1	0	37	84.3010333625006
n1608	1497	1	0	45	84.6450494416673
n1607	1493	1	0	49	84.29996498958394
n1609	1496	1	0	57	84.63757083125063
n1591	1498	1	0	69	84.6129982541673
n1589	1495	1	0	73	84.2978282437506
n1592	1499	1	0	81	84.7219722916673
n1590	1494	1	0	85	84.29996498958394
n1612	1504	1	0	43	85.00936460625064
n1610	1500	1	0	44	84.82880958333396
n1613	1506	1	0	55	85.00295436875064
n1611	1502	1	0	56	84.82026260000063
n1595	1505	1	0	67	84.99013389375064
n1593	1501	1	0	68	84.8149207354173
n1596	1507	1	0	79	85.08201396458398
n1594	1503	1	0	80	84.90145894166731
n1616	1514	1	0	37	85.3854318729173
n1614	1510	1	0	44	85.19205637500065
n1617	1513	1	0	49	85.35551743125063
n1615	1508	1	0	56	85.18778288333398
n1599	1515	1	0	61	85.39504722916729
n1597	1509	1	0	68	85.16748379791731
n1600	1516	1	0	73	85.45487611250063
n1598	1512	1	0	80	85.25829549583398
n1618	1525	1	0	39	85.61513205000062
n1622	1528	1	0	46	85.92496019583396
n1621	1527	1	0	47	85.82025965000064
n1620	1526	1	0	49	85.7476102916673
n1619	1520	1	0	51	85.59483296458396
n1601	1518	1	0	61	85.59162784583395
n1602	1517	1	0	63	85.58521760833395
n1603	1523	1	0	67	85.58628598125061
n1604	1524	1	0	70	85.58842272708395
n1605	1519	1	0	75	85.58414923541729
n1642	1535	1	0	43	86.21769437500062
n1640	1533	1	0	44	86.0104300291673
n1643	1536	1	0	44	86.32453166666728
n1641	1534	1	0	46	86.11513057500062
n1623	1529	1	0	59	86.01149840208396
n1624	1531	1	0	63	86.01256677500062
n1625	1532	1	0	68	86.01577189375062
n1626	1530	1	0	71	86.02431887708397
n1646	1542	1	0	44	86.59483001458395
n1644	1540	1	0	46	86.43457407708395
n1647	1546	1	0	46	86.68136822083395
n1645	1541	1	0	47	86.51790716458395
n1628	1539	1	0	61	86.42282197500062
n1629	1537	1	0	63	86.41961685625061
n1630	1538	1	0	67	86.41961685625061
n1650	1549	1	0	46	86.98692287500062
n1648	1547	1	0	47	86.78286364791728
n1651	1550	1	0	47	87.08521318333395
n1649	1548	1	0	49	86.88329070208395
n1632	1543	1	0	59	86.77004317291728
n1633	1544	1	0	63	86.76790642708394
n1634	1545	1	0	68	86.77111154583395
n1654	1556	1	0	47	87.39076783750063
n1652	1554	1	0	49	87.19952908541728
n1655	1557	1	0	49	87.4751692979173
n1653	1555	1	0	51	87.26256308750062
n1636	deletion
n1637	1551	1	0	64	87.17495650833395
n1638	1553	1	0	68	87.17495650833395
n1671	1561	1	0	51	87.57666472500064
n1673	1563	1	0	51	87.76256161250066
n1672	1562	1	0	52	87.66427130416731
n1674	1564	1	0	56	87.85657842916733
n1656	1558	1	0	59	87.58628008125064
n1657	1559	1	0	63	87.5905535729173
n1658	1560	1	0	68	87.5873484541673
n1675	1568	1	0	49	87.950595245834
n1677	1570	1	0	49	88.15785959166732
n1676	1569	1	0	51	88.04781718125065
n1678	1571	1	0	56	88.26149176458398
n1660	1566	1	0	61	87.98905667083399
n1661	1565	1	0	64	87.98050968750066
n1662	1567	1	0	68	87.97730456875065
n1679	1574	1	0	47	88.33841461458398
n1681	1576	1	0	47	88.57452502916733
n1680	1575	1	0	49	88.44632027916732
n1682	1577	1	0	56	88.64931113333401
n1664	1572	1	0	63	88.37046580208398
n1665	1573	1	0	68	88.37153417500065
n1683	1582	1	0	46	88.758285170834
n1685	1583	1	0	46	88.93777182083397
n1684	1581	1	0	47	88.86191734375065
n1686	1584	1	0	55	89.03926724791731
n1667	1579	1	0	61	88.77644751041733
n1668	1578	1	0	63	88.758285170834
n1669	1580	1	0	70	88.75935354375066
n1702	1589	1	0	44	89.13328406458398
n1705	1593	1	0	51	89.42494987083398
n1703	1590	1	0	52	89.24439484791729
n1718	deletion
n1687	1585	1	0	59	89.13114731875064
n1704	1592	1	0	59	89.3181125791673
n1688	1587	1	0	63	89.14930965833398
n1689	1588	1	0	68	89.14076267500064
n1690	1586	1	0	71	89.13435243750064
n1706	1594	1	0	43	89.54674438333399
n1709	1600	1	0	51	89.84695717291733
n1707	1595	1	0	52	89.66426540416732
n1719	deletion
n1708	1596	1	0	58	89.77003432291733
n1692	1598	1	0	75	89.56383835000065
n1693	1597	1	0	82	89.57024858750066
n1694	1599	1	0	87	89.54353926458398
n1710	1603	1	0	44	89.956999583334
n1713	1606	1	0	51	90.24225515208403
n1711	1604	1	0	52	90.06170012916735
n1720	deletion
n1712	1605	1	0	59	90.17387928541736
n1696	1601	1	0	80	89.95913632916734
n1697	1602	1	0	83	89.95913632916734
n1714	deletion
n1717	1611	1	0	51	90.6439633687507
n1715	1608	1	0	52	90.44738275208404
n1721	deletion
n1716	1609	1	0	58	90.56063028125071
n1699	1614	1	0	63	90.37580176666737
n1700	1610	1	0	70	90.37580176666737
n1701	1612	1	0	75	90.36725478333403
n1739	1615	1	0	44	90.76255276250072
n1740	1613	1	0	56	90.75827927083404
n1741	1620	1	0	61	90.99118456666737
n1725	1618	1	0	64	90.96874873541738
n1726	1619	1	0	67	91.05208182291737
n1723	1616	1	0	68	90.77323649166739
n1724	1617	1	0	71	90.76041601666738
n1742	1621	1	0	59	91.14289352083404
n1727	1622	1	0	63	91.14930375833404
n1743	1625	1	0	64	91.32131179791737
n1729	1624	1	0	67	91.32772203541738
n1728	1623	1	0	68	91.24332057500071
n1730	1626	1	0	70	91.43349095416738
n1744	1627	1	0	63	91.49866170208404
n1731	1628	1	0	66	91.52857614375071
n1745	1631	1	0	66	91.69203720000071
n1733	1630	1	0	69	91.7144730312507
n1732	1629	1	0	71	91.61084085833404
n1734	1632	1	0	72	91.7881907625007
n1747	1638	1	0	56	92.09374541666739
n1748	1639	1	0	63	92.09801890833405
n1746	1633	1	0	64	91.8779340875007
n1749	1636	1	0	66	92.08626680625072
n1735	1634	1	0	68	91.90250666458404
n1737	1637	1	0	72	92.08947192500072
n1736	1635	1	0	73	91.99972860000071
n1738	1640	1	0	75	92.17921525000072
n1766	1641	1	0	61	92.26895857500071
n1772	1652	1	0	64	93.02964009166739
n1767	deletion
n1752	1644	1	0	72	92.49759037916739
n1750	1642	1	0	73	92.28071067708406
n1753	1645	1	0	73	92.58092346666739
n1751	1643	1	0	75	92.4110521729174
n1769	1647	1	0	66	92.67707702916738
n1770	1646	1	0	69	92.67600865625072
n1756	1650	1	0	73	92.85122181458405
n1754	1648	1	0	75	92.66746167291738
n1757	1653	1	0	75	92.94951212291738
n1755	1649	1	0	76	92.74865801458405
n1773	1651	1	0	68	93.03711870208406
n1760	1656	1	0	75	93.23583606458408
n1758	1654	1	0	76	93.01895636250072
n1761	1657	1	0	76	93.29780169375074
n1759	1655	1	0	78	93.13968250208407
n1775	1659	1	0	63	93.42814318958409
n1776	1658	1	0	66	93.43348505416742
n1764	1662	1	0	76	93.62792892500075
n1762	1660	1	0	78	93.42600644375075
n1765	1663	1	0	78	93.70378340208408
n1763	1661	1	0	80	93.52750187083409
n1794	1664	1	0	61	93.80848394791742
n1795	1665	1	0	64	93.81489418541743
n1778	1666	1	0	80	93.80527882916742
n1780	1668	1	0	80	93.99438083541743
n1779	1667	1	0	81	93.90463751041743
n1781	1669	1	0	85	94.08091904166743
n1797	1672	1	0	57	94.16852562083409
n1798	1670	1	0	61	94.16425212916742
n1799	1671	1	0	66	94.16959399375075
n1782	1673	1	0	78	94.17707260416742
n1784	1675	1	0	78	94.3864736958341
n1783	1674	1	0	80	94.26681592916744
n1785	1676	1	0	85	94.4505760708341
n1801	1679	1	0	56	94.56275522708411
n1802	1678	1	0	61	94.55955010833411
n1803	1677	1	0	64	94.55955010833411
n1786	1680	1	0	76	94.55100312500078
n1788	1682	1	0	76	94.74224187708411
n1787	1681	1	0	78	94.64395156875078
n1789	1683	1	0	85	94.83412194791745
n1805	1686	1	0	54	94.91424991666746
n1806	1685	1	0	61	94.91745503541746
n1807	1684	1	0	63	94.90677130625079
n1790	1687	1	0	75	94.92279690000079
n1792	1690	1	0	75	95.10442029583413
n1791	1689	1	0	76	95.01360859791747
n1793	1693	1	0	85	95.20057385833412
n1829	1691	1	0	49	95.21980457083413
n1830	1692	1	0	56	95.24758226666746
n1831	1694	1	0	64	95.29993253958412
n1809	1695	1	0	73	95.30954789583411
n1810	1696	1	0	80	95.41531681458413
n1825	deletion
n1812	1700	1	0	81	95.59480346458413
n1811	1697	1	0	88	95.51040200416746
n1833	1699	1	0	44	95.58839322708413
n1834	1701	1	0	54	95.62044441458413
n1835	1702	1	0	60	95.68241004375079
n1813	1703	1	0	72	95.69202540000079
n1814	1704	1	0	78	95.7817687250008
n1826	deletion
n1816	1709	1	0	80	95.9548451375008
n1815	1706	1	0	87	95.89928974583414
n1837	1705	1	0	45	95.91531533958414
n1838	1707	1	0	52	95.96552886666747
n1839	1708	1	0	61	96.02642612291747
n1817	deletion
n1818	1711	1	0	75	96.15035738125081
n1827	deletion
n1820	1713	1	0	76	96.32129704791747
n1819	1712	1	0	85	96.24223745208414
n1841	1715	1	0	53	96.43027108541747
n1842	1719	1	0	59	96.42813433958413
n1843	1717	1	0	62	96.43133945833414
n1844	1718	1	0	65	96.42813433958413
n1821	1714	1	0	68	96.46552739166746
n1822	1716	1	0	73	96.56168095416747
n1828	deletion
n1824	1721	1	0	74	96.73903085833415
n1823	1720	1	0	83	96.65035590625081
n1865	1727	1	0	50	96.9900984937508
n1861	1724	1	0	54	96.79779136875081
n1862	deletion
n1863	1723	1	0	61	96.80099648750081
n1866	1726	1	0	62	96.98582500208414
n1864	1722	1	0	66	96.79885974166747
n1845	1725	1	0	69	96.82984255625081
n1846	1728	1	0	73	96.92065425416747
n1848	1731	1	0	78	97.07556832708414
n1847	1730	1	0	81	97.00932920625081
n1869	1737	1	0	45	97.32770433541748
n1867	deletion
n1870	1735	1	0	57	97.33090945416748
n1868	1733	1	0	61	97.15996978750081
n1849	1734	1	0	81	97.17492700833415
n1850	1736	1	0	85	97.25398660416748
n1852	1741	1	0	90	97.43667837291748
n1851	1738	1	0	93	97.34052481041748
n1873	1744	1	0	37	97.68347251666748
n1871	1740	1	0	42	97.51360122291749
n1874	1745	1	0	49	97.67706227916747
n1872	1739	1	0	54	97.51466959583415
n1856	1748	1	0	73	97.79351492708416
n1855	1747	1	0	78	97.72086556875081
n1854	1743	1	0	81	97.61723339583415
n1853	1742	1	0	85	97.52642169791748
n1875	1751	1	0	38	97.90248896458417
n1876	1750	1	0	50	97.90035221875083
n1860	1755	1	0	57	98.19094965208417
n1859	1754	1	0	62	98.16210358333417
n1858	1753	1	0	66	98.01787323958418
n1857	1749	1	0	69	97.90996757500083
n1887	1758	1	0	40	98.71658912708418
n1885	1756	1	0	41	98.52428200208416
n1888	1759	1	0	41	98.81487943541751
n1891	1763	1	0	41	99.05740008750082
n1886	1757	1	0	42	98.6321876666675
n1881	1768	1	0	59	98.5392392229175
n1882	1766	1	0	62	98.5360341041675
n1877	1761	1	0	68	98.51252990000083
n1889	1760	1	0	42	98.90248601458417
n1892	1765	1	0	42	99.14393829375084
n1890	1762	1	0	44	98.97299862708417
n1878	1764	1	0	66	98.90248601458417
n1895	1772	1	0	42	99.45803993125082
n1893	1767	1	0	44	99.25932256875083
n1896	1773	1	0	44	99.56701396875083
n1894	1769	1	0	45	99.34265565625083
n1879	1770	1	0	65	99.25825419583417
n1897	1774	1	0	45	99.67491963333417
n1899	1779	1	0	45	99.88966258958415
n1898	1775	1	0	47	99.78816716250081
n1900	1780	1	0	47	99.9836794062508
n1883	1776	1	0	57	99.69521871875084
n1884	1777	1	0	62	99.6994922104175
n1880	1778	1	0	66	99.68453498958417
n1910	1783	1	0	40	100.31594338333413
n1908	1781	1	0	41	100.11615764791746
n1911	1784	1	0	41	100.40782345416746
n1909	1782	1	0	42	100.22940517708413
n1905	1798	1	0	59	100.12577300416746
n1906	1790	1	0	62	100.12043113958413
n1901	1786	1	0	68	100.10654229166747
n1914	1788	1	0	41	100.69094227708416
n1912	1785	1	0	42	100.51466074583414
n1915	1789	1	0	42	100.77854885625082
n1913	1787	1	0	44	100.60119895208415
n1902	1791	1	0	66	100.50931888125079
n1918	1794	1	0	42	101.07448815416747
n1916	1792	1	0	44	100.90248011458415
n1919	1795	1	0	44	101.17491520833414
n1917	1793	1	0	45	100.97619784583415
n1903	1796	1	0	65	100.89500150416748
n1920	1797	1	0	45	101.29777809375081
n1922	1802	1	0	45	101.49863220208414
n1921	1801	1	0	47	101.40354701250081
n1923	1803	1	0	47	101.59371739166748
n1907	1799	1	0	61	101.31273531458415
n1904	1800	1	0	66	101.30632507708414
n1934	1806	1	0	47	101.93773347083415
n1932	1804	1	0	48	101.75931519375081
n1935	1807	1	0	48	102.03175028750081
n1933	1805	1	0	49	101.84692177291748
n1928	1816	1	0	66	101.77534078750081
n1929	1814	1	0	69	101.76572543125081
n1924	1809	1	0	75	101.76358868541747
n1938	1811	1	0	48	102.32875795833418
n1936	1808	1	0	49	102.14606618958416
n1939	1812	1	0	49	102.43880036875085
n1937	1810	1	0	51	102.2411513791675
n1925	1813	1	0	73	102.1610234104175
n1942	1819	1	0	49	102.72939780208418
n1940	1815	1	0	51	102.55845813541751
n1943	1820	1	0	51	102.81700438125085
n1941	1818	1	0	52	102.6385861041675
n1926	1817	1	0	72	102.53281718541751
n1944	1821	1	0	52	102.92491004583418
n1946	1825	1	0	52	103.09371296666754
n1945	1822	1	0	54	103.00290126875086
n1947	1827	1	0	54	103.20375537708419
n1930	1823	1	0	64	102.93879889375086
n1931	1824	1	0	69	102.93986726666752
n1927	1826	1	0	73	102.92491004583418
n1959	1830	1	0	47	103.52960911666752
n1957	1828	1	0	48	103.3095242958342
n1960	1831	1	0	48	103.59691661041751
n1958	1829	1	0	49	103.43452392708419
n1953	1840	1	0	66	103.33516524583419
n1954	1838	1	0	69	103.33409687291753
n1948	1833	1	0	75	103.31166104166753
n1963	1835	1	0	48	103.89071916250084
n1961	1832	1	0	49	103.70268552916751
n1964	1836	1	0	49	103.98366760625085
n1962	1834	1	0	51	103.80845444791751
n1949	1837	1	0	73	103.72725810625084
n1967	1843	1	0	49	104.27747015833418
n1965	1839	1	0	51	104.08516303333418
n1968	1844	1	0	51	104.38537582291752
n1966	1842	1	0	52	104.17811147708417
n1950	1841	1	0	72	104.11187235625084
n1971	1851	1	0	52	104.75289610625087
n1969	1845	1	0	53	104.53174291250087
n1972	1852	1	0	53	104.85973339791755
n1970	1847	1	0	54	104.67597325625086
n1955	1848	1	0	61	104.5563154895842
n1956	1846	1	0	68	104.56165735416752
n1951	1849	1	0	71	104.55524711666753
n1952	1850	1	0	73	104.55097362500086
n1988	1859	1	0	53	105.1407154750009
n1986	1853	1	0	54	104.97191255416755
n1989	1860	1	0	54	105.24755276666755
n1987	1857	1	0	56	105.05631401458423
n1973	1855	1	0	61	104.97084418125088
n1974	1856	1	0	66	104.97618604583421
n1975	1854	1	0	69	104.98580140208422
n1976	1858	1	0	73	104.96657068958422
n1992	1866	1	0	54	105.61186793125088
n1990	1861	1	0	56	105.39285148333421
n1993	1867	1	0	56	105.71122661250088
n1991	1865	1	0	57	105.50930413125089
n1977	1862	1	0	65	105.39605660208422
n1978	1863	1	0	71	105.40139846666756
n1979	1864	1	0	73	105.38430450000088
n1996	1873	1	0	56	106.01784963958421
n1994	1868	1	0	57	105.83195275208422
n1997	1874	1	0	57	106.11934506666755
n1995	1872	1	0	59	105.92383282291756
n1980	1869	1	0	66	105.82340576875089
n1981	1870	1	0	69	105.81699553125088
n1982	1871	1	0	73	105.81379041250088
n2000	1881	1	0	59	106.43665182291757
n1998	1876	1	0	60	106.22297723958424
n2001	1882	1	0	60	106.5349421312509
n1999	1880	1	0	61	106.33836151458424
n1983	1875	1	0	66	106.22831910416757
n1984	1877	1	0	69	106.22831910416757
n1985	1879	1	0	75	106.21870374791756
n2016	1888	1	0	60	106.83622329375092
n2014	1883	1	0	61	106.64284779583424
n2017	1889	1	0	61	106.92382987291758
n2015	1887	1	0	63	106.73365949375092
n2002	1884	1	0	64	106.65673664375092
n2003	1885	1	0	68	106.67276223750092
n2004	1886	1	0	76	106.64605291458425
n2020	1895	1	0	61	107.23045290000096
n2018	1890	1	0	63	107.05737648750092
n2021	1896	1	0	63	107.31592273333429
n2019	1894	1	0	64	107.13429933750095
n2005	1891	1	0	68	107.05951323333426
n2006	1892	1	0	72	107.06592347083426
n2007	1893	1	0	78	107.05417136875091
n2024	1904	1	0	63	107.68557976250099
n2022	1898	1	0	64	107.45587958541763
n2025	1905	1	0	64	107.80096403750099
n2023	1903	1	0	66	107.57340060625098
n2008	1897	1	0	68	107.47617867083432
n2009	1901	1	0	73	107.47617867083432
n2010	1902	1	0	80	107.46976843333431
n2028	1911	1	0	64	108.086219606251
n2026	1907	1	0	66	107.89498085416767
n2029	1912	1	0	66	108.17062106666766
n2027	1910	1	0	68	107.97617719583434
n2011	1906	1	0	73	107.887502243751
n2012	1909	1	0	75	107.88536549791766
n2013	1908	1	0	81	107.87788688750099
n2044	1919	1	0	66	108.60651721666765
n2041	1913	1	0	68	108.29882581666766
n2043	1917	1	0	68	108.51036365416765
n2042	1914	1	0	69	108.40459473541766
n2030	1915	1	0	73	108.31271466458433
n2031	1916	1	0	76	108.30950954583433
n2032	1918	1	0	80	108.30630442708433
n2048	1923	1	0	59	109.00715706041763
n2047	1922	1	0	61	108.90352488750096
n2046	1921	1	0	63	108.80843969791763
n2045	1920	1	0	64	108.71655962708431
n2052	1935	1	0	52	109.46442066875096
n2051	1930	1	0	54	109.32766893541762
n2050	1929	1	0	56	109.22083164375096
n2049	1924	1	0	57	109.12360970833429
n2033	1925	1	0	73	109.11826784375096
n2034	1926	1	0	76	109.11613109791763
n2035	1927	1	0	80	109.11933621666762
n2036	1928	1	0	85	109.1171994708343
n2056	1940	1	0	45	109.96121407500095
n2055	1938	1	0	47	109.82873583333429
n2054	1937	1	0	49	109.76356508541762
n2053	deletion
n2037	1931	1	0	76	109.57339470625097
n2038	1933	1	0	80	109.57446307916763
n2039	1934	1	0	85	109.5787365708343
n2040	1932	1	0	88	109.57125796041763
n2076	1950	1	0	39	110.39069998750097
n2075	1949	1	0	40	110.26890547500096
n2074	1947	1	0	42	110.15672631875096
n2073	1945	1	0	44	110.10330767291761
n2057	1941	1	0	80	109.9857866520843
n2058	1943	1	0	85	109.98364990625096
n2059	1942	1	0	88	109.97296617708429
n2060	1944	1	0	92	109.9889917708343
n2080	1958	1	0	32	110.71655372708432
n2079	deletion
n2078	1957	1	0	35	110.58514385833432
n2077	1956	1	0	37	110.51356287291765
n2061	1953	1	0	85	110.44305026041765
n2062	1954	1	0	88	110.4345032770843
n2063	1955	1	0	92	110.43664002291764
n2064	1951	1	0	97	110.44198188750099
n2081	1959	1	0	30	110.925954818751
n2082	1960	1	0	42	110.92381807291765
n2065	1962	1	0	81	110.92061295416765
n2066	1963	1	0	85	110.91740783541765
n2067	1964	1	0	87	110.91954458125099
n2068	1961	1	0	93	110.92061295416765
n2083	1966	1	0	32	111.46334639583434
n2084	1965	1	0	44	111.46227802291767
n2069	1967	1	0	60	111.46227802291767
n2070	1969	1	0	66	111.46120965000101
n2071	1970	1	0	68	111.46227802291767
n2072	1968	1	0	72	111.46120965000101
n2102	1971	1	0	25	112.16206228333435
n2103	1972	1	0	37	112.16099391041769
n2085	1973	1	0	61	112.15351530000102
n2086	1974	1	0	64	112.15244692708436
n2087	1975	1	0	68	112.15244692708436
n2088	1976	1	0	73	112.14817343541769
n2107	1982	1	0	37	113.17594818125104
n2105	1980	1	0	44	112.89710285000103
n2106	1979	1	0	56	112.90030796875104
n2090	1978	1	0	80	112.89710285000103
n2092	1983	1	0	80	113.18022167291771
n2091	1981	1	0	81	113.0552220416677
n2093	1984	1	0	88	113.27210174375105
n2110	deletion
n2108	1987	1	0	46	113.39069113750105
n2109	1985	1	0	58	113.38641764583438
n2094	1986	1	0	79	113.38748601875105
n2096	1990	1	0	79	113.59902385625104
n2095	1989	1	0	80	113.49004981875105
n2097	1992	1	0	88	113.66633135000106
n2113	1997	1	0	37	113.92701434166773
n2111	1994	1	0	45	113.78064725208439
n2112	1993	1	0	57	113.7518011833344
n2098	1996	1	0	78	113.74645931875106
n2100	1999	1	0	78	113.9376980708344
n2099	1998	1	0	80	113.83727101666773
n2101	2000	1	0	87	114.01996278541775
n2132	2006	1	0	37	114.29880811666777
n2130	2004	1	0	44	114.10329587291776
n2131	2001	1	0	56	114.09581726250109
n2114	2002	1	0	77	114.10650099166776
n2116	2007	1	0	77	114.28598764166777
n2115	2005	1	0	78	114.20051780833444
n2117	2008	1	0	86	114.37466259375111
n2135	2014	1	0	37	114.66953351875111
n2133	2011	1	0	44	114.47829476666776
n2134	2009	1	0	55	114.4708161562511
n2118	2010	1	0	76	114.47188452916777
n2120	2013	1	0	76	114.66205490833444
n2119	2012	1	0	78	114.55949110833444
n2121	2015	1	0	85	114.73470426666778
n2138	2020	1	0	37	115.02743844583445
n2136	2017	1	0	44	114.83406294791777
n2137	2016	1	0	54	114.82231084583444
n2122	2018	1	0	75	114.83299457500111
n2124	2021	1	0	75	115.02743844583445
n2123	2019	1	0	76	114.92060115416777
n2125	2023	1	0	85	115.1129082791678
n2141	2029	1	0	37	115.38213825416778
n2139	deletion
n2140	2025	1	0	51	115.17594228125112
n2126	2026	1	0	75	115.1994464854178
n2128	2030	1	0	75	115.40243733958445
n2127	2027	1	0	76	115.29025818333446
n2129	2031	1	0	84	115.46974483333445
n2160	2037	1	0	37	115.73149619791779
n2158	deletion
n2159	2033	1	0	52	115.5552146666678
n2142	2035	1	0	73	115.56376165000113
n2144	2038	1	0	73	115.74431667291779
n2143	2036	1	0	75	115.65884683958446
n2145	2039	1	0	85	115.81803440416779
n2163	2045	1	0	37	116.09794810833448
n2161	2042	1	0	44	115.91632471250112
n2162	2040	1	0	56	115.90564098333445
n2146	2043	1	0	80	115.91952983125113
n2148	2046	1	0	80	116.11824719375115
n2147	2044	1	0	81	116.00499966458447
n2149	2047	1	0	88	116.21333238333449
n2166	deletion
n2164	2049	1	0	46	116.28598174166783
n2165	2048	1	0	58	116.2806398770845
n2150	2051	1	0	79	116.2934603520845
n2152	2054	1	0	79	116.51354517291783
n2151	2052	1	0	80	116.40029764375117
n2153	2055	1	0	88	116.58405778541783
n2169	2060	1	0	37	116.84046728541783
n2167	2057	1	0	45	116.67273273750116
n2168	2056	1	0	57	116.66311738125117
n2154	2058	1	0	78	116.67593785625117
n2156	2061	1	0	78	116.85328776041783
n2155	2059	1	0	80	116.75713419791784
n2157	2062	1	0	87	116.93555247500116
n2188	2069	1	0	37	117.19089360208449
n2186	2064	1	0	44	117.01568044375117
n2187	2063	1	0	56	117.0049967145845
n2170	2066	1	0	77	117.01354369791783
n2172	2070	1	0	77	117.18662011041782
n2171	2068	1	0	78	117.10649214166783
n2173	2071	1	0	86	117.26888482500115
n2191	2078	1	0	37	117.5391831729178
n2189	2073	1	0	44	117.36397001458448
n2190	2072	1	0	55	117.36397001458448
n2174	2074	1	0	76	117.36397001458448
n2176	2077	1	0	76	117.54986690208447
n2175	2076	1	0	78	117.4462347291678
n2177	2079	1	0	85	117.61717439583448
n2194	2086	1	0	37	117.89388298125117
n2192	2080	1	0	44	117.71546470416781
n2193	2081	1	0	54	117.70050748333449
n2178	2082	1	0	75	117.71653307708448
n2180	2084	1	0	75	117.91311369375117
n2182	2090	1	0	75	118.07123288541784
n2184	deletion
n2179	2083	1	0	76	117.7998661645845
n2181	2087	1	0	85	117.9825579333345
n2197	2092	1	0	37	118.2453776708345
n2195	2093	1	0	44	118.2678135020845
n2196	2089	1	0	51	118.05413891875116
n2183	2091	1	0	76	118.15136085416783
n2185	2095	1	0	84	118.32657401250115
n2214	2094	1	0	37	118.34473635208448
n2215	2096	1	0	44	118.42593269375115
n2216	2098	1	0	52	118.47080435625115
n2198	2099	1	0	73	118.48682995000114
n2200	2101	1	0	73	118.71546175416782
n2199	2100	1	0	75	118.59046212291781
n2201	2102	1	0	85	118.78811111250116
n2221	2110	1	0	56	119.18981932916783
n2219	2107	1	0	67	119.09259739375118
n2218	2104	1	0	68	118.93875169375117
n2220	2108	1	0	68	119.12892207291785
n2202	2103	1	0	80	118.90349538750117
n2204	2106	1	0	80	119.09687088541784
n2203	2105	1	0	81	119.02528990000118
n2205	2109	1	0	88	119.1844774645845
n2225	2118	1	0	56	119.53169866250117
n2223	2113	1	0	66	119.38426320000117
n2222	2112	1	0	67	119.27315241666784
n2224	2115	1	0	67	119.45263906666784
n2206	2111	1	0	79	119.26674217916784
n2208	2116	1	0	79	119.45904930416785
n2207	2114	1	0	80	119.34580177500118
n2209	2117	1	0	88	119.52956191666783
n2229	2126	1	0	56	119.88319335208452
n2227	2121	1	0	65	119.71545880416784
n2226	2120	1	0	66	119.62785222500118
n2228	2124	1	0	66	119.8222960958345
n2210	2119	1	0	78	119.62678385208451
n2212	2123	1	0	78	119.80413375625118
n2211	deletion
n2213	2125	1	0	87	119.87891986041785
n2249	2134	1	0	56	120.23148292291783
n2247	2129	1	0	64	120.06374837500118
n2246	2128	1	0	65	119.9611845750012
n2248	2132	1	0	65	120.13426098750118
n2230	2127	1	0	77	119.95904782916786
n2232	2131	1	0	77	120.15456007291785
n2231	2130	1	0	78	120.04985952708452
n2233	2133	1	0	86	120.2229359395845
n2253	2142	1	0	56	120.59366134166785
n2251	2137	1	0	63	120.42379004791785
n2250	2136	1	0	64	120.31374763750118
n2252	2140	1	0	64	120.50925988125118
n2234	2135	1	0	76	120.31695275625118
n2236	2139	1	0	76	120.51139662708452
n2235	2138	1	0	78	120.42272167500118
n2237	2141	1	0	85	120.58618273125118
n2257	2151	1	0	56	120.94729277708456
n2255	2146	1	0	62	120.7816949750012
n2254	2144	1	0	63	120.68126792083453
n2256	2148	1	0	63	120.87784853750122
n2238	2143	1	0	75	120.67699442916786
n2240	2147	1	0	75	120.85754945208456
n2239	2145	1	0	76	120.7464386687512
n2241	2150	1	0	84	120.92913043750123
n2261	2159	1	0	56	121.27635163541791
n2259	2155	1	0	61	121.12891617291791
n2258	2153	1	0	62	121.03062586458455
n2260	2157	1	0	62	121.19622366666792
n2242	2152	1	0	74	121.01353189791789
n2244	2156	1	0	74	121.20263390416793
n2243	2154	1	0	75	121.11395895208457
n2245	2158	1	0	83	121.26673627916792
n2281	2165	1	0	44	121.63639330833458
n2279	2161	1	0	60	121.45156479375123
n2278	2162	1	0	61	121.39707777500124
n2280	deletion
n2262	2160	1	0	73	121.38105218125123
n2264	2164	1	0	73	121.56374395000124
n2263	2163	1	0	74	121.45156479375123
n2265	2166	1	0	82	121.64600866458457
n2285	2174	1	0	44	121.98575125208458
n2283	2172	1	0	59	121.80626460208457
n2282	2170	1	0	60	121.74536734583457
n2284	deletion
n2266	2167	1	0	72	121.73575198958457
n2268	2173	1	0	72	121.90882840208458
n2267	2169	1	0	73	121.8019911104179
n2269	2175	1	0	81	121.99429823541792
n2289	2181	1	0	44	122.33938268750121
n2287	2177	1	0	58	122.15989603750123
n2286	2179	1	0	59	122.08297318750122
n2288	deletion
n2270	2176	1	0	71	122.08190481458456
n2272	2180	1	0	71	122.2571179729179
n2271	2178	1	0	72	122.17271651250122
n2273	2183	1	0	80	122.34151943333455
n2293	2191	1	0	44	122.71972344583453
n2291	2187	1	0	57	122.55626238958455
n2290	2186	1	0	58	122.45797208125123
n2292	2190	1	0	58	122.65241595208454
n2274	2184	1	0	70	122.4494250979179
n2276	2189	1	0	70	122.62998012083455
n2275	2188	1	0	71	122.52955306666787
n2277	2192	1	0	79	122.7111764625012
n2313	2199	1	0	44	123.05946603333454
n2311	2195	1	0	56	122.90562033333454
n2310	2198	1	0	57	122.80839839791788
n2312	deletion
n2294	2194	1	0	69	122.79130443125122
n2296	2197	1	0	69	122.9643808437512
n2295	2196	1	0	70	122.87570589166788
n2297	2201	1	0	78	123.05198742291788
n2317	2210	1	0	44	123.43767004583454
n2315	2204	1	0	55	123.2432261750012
n2314	2203	1	0	56	123.14600423958454
n2316	2208	1	0	56	123.35647370416787
n2298	2202	1	0	68	123.13852562916787
n2300	2207	1	0	68	123.33190112708454
n2299	2205	1	0	69	123.22079034375119
n2301	2209	1	0	77	123.43019143541787
n2321	2218	1	0	44	123.7720707687512
n2319	2206	1	0	54	123.20369637708453
n2322	2213	1	0	54	123.62463530625121
n2324	2220	1	0	54	123.87570294166787
n2318	2212	1	0	55	123.5156612687512
n2320	2216	1	0	55	123.65668649375121
n2302	2211	1	0	67	123.50818265833453
n2304	2215	1	0	67	123.68766930833453
n2303	2214	1	0	68	123.60433622083454
n2305	2217	1	0	76	123.76245541250121
n2325	2222	1	0	44	123.99215558958454
n2323	2221	1	0	53	123.9323267062512
n2306	2219	1	0	66	123.8618140937512
n2308	2224	1	0	66	124.05091610000122
n2307	2223	1	0	68	123.9355318250012
n2309	2225	1	0	75	124.11715522083455
n2342	2226	1	0	37	124.14813803541789
n2343	2227	1	0	44	124.25390695416789
n2344	2229	1	0	52	124.35112888958454
n2328	2231	1	0	56	124.59471791458455
n2326	2228	1	0	64	124.37570146666788
n2329	2232	1	0	64	124.67911937500122
n2327	2230	1	0	73	124.3521972625012
n2330	2233	1	0	61	124.75924734375123
n2331	2234	1	0	61	124.87035812708456
n2332	2235	1	0	68	124.94834935000122
n2333	2237	1	0	76	125.02527220000123
n2334	2236	1	0	73	125.0968531854179
n2335	2238	1	0	73	125.2090323416679
n2336	2239	1	0	80	125.26779285208457
n2337	2240	1	0	88	125.3596729229179
n2338	2241	1	0	85	125.45155299375122
n2339	2242	1	0	85	125.54556981041789
n2340	2243	1	0	92	125.61074055833456
n2341	2249	1	0	97	125.68766340833456
n2364	2244	1	0	49	125.56907401458456
n2365	2245	1	0	56	125.65561222083456
n2366	2246	1	0	64	125.76565463125124
n2350	2252	1	0	85	125.96757711250122
n2351	2253	1	0	85	126.05838881041788
n2349	2251	1	0	92	125.85432958333456
n2348	2250	1	0	100	125.77526998750123
n2354	2256	1	0	73	126.31907180208455
n2355	deletion
n2353	2255	1	0	80	126.20261915416789
n2352	2254	1	0	88	126.13851677916789
n2358	2261	1	0	61	126.66201950833455
n2359	2262	1	0	61	126.75603632500122
n2357	2260	1	0	68	126.58082316666788
n2356	2259	1	0	76	126.51885753750122
n2362	2267	1	0	49	127.05518074166788
n2383	2269	1	0	49	127.96436609375121
n2363	deletion
n2361	2265	1	0	56	126.93338622916788
n2360	2264	1	0	64	126.86287361666788
n2380	2268	1	0	37	127.23573576458455
n2384	2270	1	0	56	128.04235731666788
n2385	2271	1	0	64	128.11180155625124
n2371	2273	1	0	73	128.11073318333456
n2372	2274	1	0	76	128.10432294583455
n2373	2275	1	0	80	128.10432294583455
n2374	2272	1	0	85	128.10004945416787
n2389	2277	1	0	25	129.1032516229179
n2390	2276	1	0	37	129.09897813125122
n2378	2278	1	0	49	129.08829440208456
n2379	2279	1	0	61	129.08402091041788
n2393	2282	1	0	25	129.22825125416787
n2394	2281	1	0	37	129.2207726437512
n2391	2280	1	0	49	129.2271828812512
n2392	2283	1	0	61	129.22611450833452
insertion	49	1	0	75	4.782037174999999
insertion	55	1	0	53	4.995711758333332
insertion	68	1	0	82	5.5662228958333335
insertion	79	1	0	77	6.248913189583332
insertion	82	1	0	45	6.45831428125
insertion	96	1	0	79	7.208312068750001
insertion	115	1	0	73	8.055531791666665
insertion	120	1	0	75	8.161300710416665
insertion	147	1	0	61	9.63672370833333
insertion	202	1	0	43	12.753167506249987
insertion	277	1	0	64	17.0533684958333
insertion	284	1	0	63	17.421957152083294
insertion	290	1	0	57	17.671956414583303
insertion	306	1	0	69	18.381356031249965
insertion	307	1	0	71	18.470030983333295
insertion	311	1	0	84	18.650586006249966
insertion	370	1	0	65	21.973225777083268
insertion	395	1	0	61	23.549075829166593
insertion	441	1	0	50	26.475349247916604
insertion	449	1	0	38	27.098210658333265
insertion	547	1	0	48	32.66229680833322
insertion	548	1	0	87	32.76058711666656
insertion	604	1	0	53	35.98600495208329
insertion	674	1	0	67	40.05436901875
insertion	688	1	0	44	40.80970867083335
insertion	703	1	0	64	41.51910828750004
insertion	706	1	0	64	41.90585928333338
insertion	772	1	0	80	45.55542116666678
insertion	790	1	0	57	46.60776848958346
insertion	805	1	0	74	47.300074139583465
insertion	806	1	0	72	47.44537285625013
insertion	817	1	0	76	47.97421745000016
insertion	833	1	0	73	48.68361706666686
insertion	854	1	0	51	49.53083678958357
insertion	878	1	0	68	50.65583347083358
insertion	897	1	0	63	51.41865173333359
insertion	909	1	0	43	51.84172740833362
insertion	912	1	0	58	51.945359581250294
insertion	916	1	0	41	52.02548755000029
insertion	917	1	0	40	52.141940197916966
insertion	945	1	0	81	54.2979167437503
insertion	953	1	0	90	54.75945384375031
insertion	959	1	0	86	54.96671818958364
insertion	973	1	0	87	55.82569001458364
insertion	1070	1	0	87	61.09917873125036
insertion	1072	1	0	49	61.649390783333686
insertion	1180	1	0	57	66.6472392875005
insertion	1206	1	0	52	67.78398807083389
insertion	1225	1	0	60	68.6237291833339
insertion	1231	1	0	60	68.8918907854172
insertion	1247	1	0	53	69.49658985625057
insertion	1248	1	0	54	69.5307777895839
insertion	1238	1	0	67	69.23056500000057
insertion	1277	1	0	64	70.88333790208391
insertion	1274	1	0	67	70.88974813958392
insertion	1309	1	0	71	72.83632359375056
insertion	1310	1	0	59	72.84914406875056
insertion	1327	1	0	51	73.5649539229172
insertion	1458	1	0	77	82.51578221875062
insertion	1468	1	0	82	83.04249006666726
insertion	1471	1	0	62	83.15039573125058
insertion	1511	1	0	81	85.28393644583397
insertion	1522	1	0	68	85.62154228750063
insertion	1521	1	0	73	85.60444832083395
insertion	1552	1	0	61	87.16961464375062
insertion	1591	1	0	53	89.2508050854173
insertion	1607	1	0	43	90.3683231562507
insertion	1688	1	0	77	95.02001883541747
insertion	1698	1	0	82	95.6022820750008
insertion	1710	1	0	69	96.07022941250081
insertion	1729	1	0	79	97.02321805416747
insertion	1732	1	0	50	97.16424327916748
insertion	1746	1	0	79	97.76573723125082
insertion	1752	1	0	63	98.08731747916751
insertion	1771	1	0	64	99.28710026458417
insertion	1878	1	0	73	106.30631032708423
insertion	1900	1	0	78	107.55523826666766
insertion	1899	1	0	76	107.52959731666766
insertion	1936	1	0	50	109.76249671250096
insertion	1939	1	0	90	110.02424807708431
insertion	1946	1	0	43	110.0691197395843
insertion	1948	1	0	38	110.29561479791764
insertion	1952	1	0	38	110.50074239791765
insertion	1977	1	0	80	112.5776593479177
insertion	1988	1	0	47	113.46120375000105
insertion	1991	1	0	36	113.60222897500104
insertion	1995	1	0	43	113.76355328541773
insertion	2003	1	0	43	114.1599196375011
insertion	2022	1	0	36	115.05414776875112
insertion	2024	1	0	45	115.2122669604178
insertion	2028	1	0	36	115.40243733958445
insertion	2032	1	0	45	115.57337700625112
insertion	2034	1	0	46	115.58726585416778
insertion	2041	1	0	46	115.94089728958446
insertion	2050	1	0	45	116.31055431875116
insertion	2053	1	0	36	116.51247680000117
insertion	2065	1	0	46	117.03491115625117
insertion	2067	1	0	57	117.12251773541783
insertion	2075	1	0	46	117.44089286458447
insertion	2085	1	0	36	117.9184555583345
insertion	2088	1	0	45	118.08619010625117
insertion	2097	1	0	45	118.45584713541781
insertion	2122	1	0	80	119.71011693958451
insertion	2149	1	0	83	120.95477138750122
insertion	2168	1	0	44	121.7571194479179
insertion	2171	1	0	58	121.86181999375124
insertion	2185	1	0	72	122.54878377916788
insertion	2182	1	0	43	122.42271577500122
insertion	2193	1	0	77	122.76566348125121
insertion	2200	1	0	46	123.10433769583454
insertion	2247	1	0	98	125.83189375208457
insertion	2248	1	0	62	125.87462866875123
insertion	2257	1	0	74	126.43445607708455
insertion	2258	1	0	77	126.51992591041788
insertion	2263	1	0	65	126.87142060000122
insertion	2266	1	0	50	127.13851382916788
