xml_id	midi_id	track	channel	pitch	onset
n25	7	1	0	42	1.0
n26	6	1	0	49	1.0260416666666667
n4	0	1	0	58	1.71875
n8	4	1	0	58	2.632291666666667
n10	8	1	0	58	2.889583333333334
n14	13	1	0	58	3.3416666666666672
n19	20	1	0	58	4.145833333333337
n20	22	1	0	58	4.4468749999999995
n5	1	1	0	61	2.040625
n7	2	1	0	61	2.454166666666667
n9	5	1	0	61	2.755208333333334
n11	9	1	0	61	2.9854166666666675
n13	12	1	0	61	3.2385416666666673
n16	15	1	0	61	3.8000000000000025
n6	3	1	0	66	2.322916666666667
n12	11	1	0	66	3.1197916666666674
n17	19	1	0	66	3.9218750000000027
n1	10	1	0	70	1.0416666666666667
n27	17	1	0	42	3.455208333333334
n28	16	1	0	49	3.4760416666666676
n15	14	1	0	58	3.681250000000002
n18	21	1	0	61	4.023958333333336
n2	18	1	0	70	3.4916666666666676
n29	28	1	0	42	4.215625000000003
n30	25	1	0	49	4.2322916666666694
n24	29	1	0	58	4.954166666666664
n21	23	1	0	61	4.555208333333332
n23	27	1	0	61	4.821874999999998
n22	26	1	0	66	4.681249999999998
n3	24	1	0	70	4.272916666666669
n55	54	1	0	39	5.144791666666662
n56	44	1	0	51	5.155208333333329
n33	30	1	0	58	5.635416666666658
n37	35	1	0	58	6.207291666666656
n34	31	1	0	63	5.798958333333323
n36	34	1	0	63	6.109374999999989
n35	33	1	0	66	5.954166666666656
n31	32	1	0	70	5.290624999999994
n39	37	1	0	58	6.470833333333323
n43	41	1	0	58	6.889583333333322
n45	43	1	0	58	7.345833333333321
n38	36	1	0	63	6.314583333333323
n40	38	1	0	63	6.5437499999999895
n42	40	1	0	63	6.789583333333322
n41	39	1	0	66	6.662499999999989
n32	51	1	0	66	7.011458333333321
n44	42	1	0	54	7.235416666666654
n48	46	1	0	54	7.710416666666654
n47	45	1	0	58	7.591666666666654
n46	47	1	0	63	7.462499999999988
n50	49	1	0	54	7.943749999999986
n54	55	1	0	54	8.488541666666654
n49	48	1	0	58	7.82083333333332
n51	50	1	0	58	8.066666666666654
n53	53	1	0	58	8.326041666666654
n52	52	1	0	63	8.190624999999988
n83	58	1	0	35	8.682291666666654
n84	60	1	0	47	8.69583333333332
n64	56	1	0	56	9.091666666666654
n68	62	1	0	56	9.596874999999992
n70	64	1	0	56	9.839583333333326
n65	57	1	0	59	9.216666666666656
n67	59	1	0	59	9.507291666666658
n66	61	1	0	63	9.349999999999993
n59	66	1	0	68	8.788541666666653
n74	68	1	0	56	10.29479166666666
n69	63	1	0	59	9.714583333333326
n71	65	1	0	59	9.964583333333326
n73	69	1	0	59	10.17916666666666
n72	67	1	0	63	10.05104166666666
n85	74	1	0	37	10.292708333333326
n86	76	1	0	49	10.420833333333327
n75	71	1	0	56	10.782291666666664
n77	73	1	0	56	11.188541666666664
n76	72	1	0	59	10.909374999999997
n78	75	1	0	59	11.299999999999999
n61	78	1	0	65	11.029166666666665
n60	70	1	0	66	10.513541666666661
n87	83	1	0	47	11.73229166666667
n88	81	1	0	49	11.74166666666667
n81	82	1	0	53	11.904166666666672
n79	77	1	0	56	11.531250000000004
n82	84	1	0	56	12.051041666666675
n80	79	1	0	59	11.633333333333336
n63	85	1	0	61	11.725000000000003
n62	80	1	0	63	11.390625000000002
n114	93	1	0	46	12.113541666666675
n115	88	1	0	49	12.105208333333342
n93	86	1	0	54	12.387500000000008
n97	92	1	0	54	12.844791666666673
n94	87	1	0	58	12.500000000000007
n96	91	1	0	58	12.73645833333334
n95	90	1	0	61	12.630208333333341
n89	89	1	0	66	12.212500000000007
n116	99	1	0	42	12.916666666666675
n117	97	1	0	51	12.935416666666674
n98	94	1	0	60	13.222916666666674
n102	100	1	0	60	13.806250000000007
n99	95	1	0	63	13.34687500000001
n101	101	1	0	63	13.665625000000007
n100	98	1	0	66	13.51145833333334
n90	96	1	0	70	13.020833333333341
n118	102	1	0	37	13.975000000000009
n119	112	1	0	53	14.506250000000014
n103	103	1	0	56	14.308333333333346
n107	108	1	0	56	14.853125000000011
n104	104	1	0	61	14.431250000000013
n106	107	1	0	61	14.717708333333345
n105	105	1	0	65	14.571875000000013
n91	106	1	0	68	14.114583333333345
n109	110	1	0	56	15.110416666666676
n113	115	1	0	57	16.03541666666668
n108	109	1	0	61	14.962500000000011
n110	111	1	0	61	15.241666666666676
n112	114	1	0	61	15.79479166666668
n111	116	1	0	65	15.54062500000001
n92	113	1	0	69	15.49375000000001
n144	123	1	0	42	16.518750000000015
n145	124	1	0	49	16.537500000000016
n123	117	1	0	58	17.12916666666667
n127	120	1	0	58	17.87083333333333
n124	118	1	0	61	17.396874999999998
n126	119	1	0	61	17.737499999999997
n125	121	1	0	66	17.62083333333333
n120	127	1	0	70	16.635416666666682
n129	125	1	0	58	18.096874999999997
n133	129	1	0	58	18.546875
n134	131	1	0	58	18.803124999999994
n138	137	1	0	58	19.24687499999999
n139	139	1	0	58	19.531249999999986
n143	146	1	0	58	20.060416666666647
n153	147	1	0	58	20.72916666666664
n157	151	1	0	58	21.264583333333302
n128	122	1	0	61	17.973958333333332
n130	126	1	0	61	18.191666666666663
n132	130	1	0	61	18.414583333333333
n135	132	1	0	61	18.92708333333333
n131	128	1	0	66	18.305208333333333
n136	136	1	0	66	19.02604166666666
n146	134	1	0	42	18.628124999999997
n147	135	1	0	49	18.634375
n137	138	1	0	61	19.141666666666655
n121	133	1	0	70	18.646874999999998
n148	145	1	0	42	19.353124999999988
n149	142	1	0	49	19.34583333333332
n140	140	1	0	61	19.658333333333317
n142	144	1	0	61	19.911458333333314
n141	143	1	0	66	19.764583333333317
n122	141	1	0	70	19.37395833333332
n174	163	1	0	39	20.283333333333314
n175	159	1	0	51	20.25416666666665
n154	148	1	0	63	20.880208333333304
n156	150	1	0	63	21.144791666666638
n155	149	1	0	66	21.02916666666664
n150	155	1	0	70	20.38958333333331
n159	153	1	0	58	21.492708333333304
n163	158	1	0	58	21.93541666666664
n165	161	1	0	58	22.343749999999975
n158	152	1	0	63	21.35624999999997
n160	154	1	0	63	21.59166666666664
n162	157	1	0	63	21.81354166666664
n161	156	1	0	66	21.699999999999974
n151	162	1	0	66	22.056249999999974
n164	160	1	0	54	22.248958333333306
n168	165	1	0	54	22.70312499999997
n167	166	1	0	58	22.58229166666664
n166	164	1	0	63	22.462499999999974
n178	170	1	0	34	22.78749999999997
n179	172	1	0	46	22.80416666666664
n169	167	1	0	53	23.03854166666664
n173	173	1	0	53	23.488541666666634
n170	168	1	0	56	23.16249999999997
n172	174	1	0	56	23.366666666666635
n171	171	1	0	62	23.269791666666634
n152	169	1	0	65	22.87604166666664
n204	182	1	0	35	23.61041666666663
n205	177	1	0	47	23.593749999999964
n186	175	1	0	51	23.76354166666663
n190	181	1	0	51	24.199999999999964
n187	176	1	0	54	23.86979166666663
n189	180	1	0	54	24.106249999999964
n188	179	1	0	59	23.984374999999964
n180	178	1	0	63	23.609374999999964
n206	184	1	0	32	24.365624999999962
n207	185	1	0	44	24.36979166666663
n191	183	1	0	56	24.56874999999996
n195	190	1	0	56	25.13020833333329
n192	186	1	0	59	24.68124999999996
n194	189	1	0	59	24.974999999999955
n193	188	1	0	63	24.82291666666662
n181	187	1	0	68	24.419791666666626
n208	201	1	0	37	25.180208333333287
n209	202	1	0	49	25.291666666666618
n197	192	1	0	56	25.80104166666661
n199	195	1	0	56	26.167708333333273
n196	193	1	0	59	25.71562499999994
n198	194	1	0	59	26.05416666666661
n183	196	1	0	65	25.883333333333276
n182	191	1	0	66	25.404166666666615
n201	199	1	0	56	26.523958333333265
n203	204	1	0	56	26.897916666666596
n200	198	1	0	59	26.384374999999935
n202	203	1	0	59	26.768749999999933
n184	197	1	0	63	26.23958333333327
n185	200	1	0	65	26.60208333333327
n234	221	1	0	42	27.12812499999993
n235	222	1	0	49	27.132291666666596
n212	205	1	0	59	27.580208333333257
n216	208	1	0	59	28.130208333333247
n213	206	1	0	61	27.72499999999992
n215	207	1	0	61	27.994791666666583
n214	209	1	0	65	27.874999999999915
n210	213	1	0	68	27.269791666666595
n218	211	1	0	59	28.366666666666582
n222	215	1	0	59	28.81874999999992
n217	210	1	0	61	28.22291666666658
n219	212	1	0	61	28.440624999999915
n221	216	1	0	61	28.697916666666586
n220	214	1	0	65	28.591666666666583
n223	217	1	0	54	29.244791666666583
n227	223	1	0	54	29.729166666666575
n224	218	1	0	58	29.355208333333245
n226	220	1	0	58	29.629166666666574
n225	219	1	0	61	29.49062499999991
n211	227	1	0	66	28.983333333333253
n229	225	1	0	54	29.97812499999991
n233	230	1	0	54	30.556249999999906
n228	224	1	0	58	29.847916666666578
n230	226	1	0	58	30.09999999999991
n232	229	1	0	58	30.429166666666575
n231	228	1	0	61	30.25624999999991
n262	242	1	0	49	30.838541666666572
n263	236	1	0	53	30.829166666666573
n240	231	1	0	56	31.245833333333234
n244	235	1	0	56	31.752083333333232
n241	232	1	0	61	31.384374999999896
n243	234	1	0	61	31.58958333333323
n242	233	1	0	65	31.47916666666656
n238	240	1	0	68	30.937499999999904
n246	238	1	0	56	31.9968749999999
n250	241	1	0	56	32.445833333333226
n245	237	1	0	61	31.8718749999999
n247	239	1	0	61	32.072916666666565
n249	243	1	0	61	32.32916666666656
n248	244	1	0	65	32.22291666666656
n264	256	1	0	46	32.62916666666657
n265	249	1	0	51	32.643749999999905
n266	247	1	0	55	32.62083333333323
n251	245	1	0	61	32.91458333333323
n255	251	1	0	61	33.34895833333325
n257	253	1	0	61	33.572916666666586
n252	246	1	0	63	33.014583333333235
n254	248	1	0	63	33.21249999999991
n253	250	1	0	67	33.11770833333324
n239	255	1	0	70	32.674999999999905
n261	258	1	0	61	34.084374999999916
n256	252	1	0	63	33.46458333333325
n258	254	1	0	63	33.68229166666658
n260	259	1	0	63	33.96041666666658
n259	257	1	0	67	33.83124999999991
n292	285	1	0	44	34.28645833333326
n293	279	1	0	51	34.30312499999992
n294	282	1	0	56	34.28541666666659
n270	260	1	0	61	34.78437499999993
n274	264	1	0	61	35.22916666666661
n271	261	1	0	63	34.87708333333327
n273	263	1	0	63	35.09895833333327
n272	262	1	0	68	34.999999999999936
n267	265	1	0	73	34.4354166666666
n280	271	1	0	59	36.02083333333329
n276	267	1	0	61	35.4322916666666
n275	266	1	0	63	35.3354166666666
n277	268	1	0	63	35.552083333333265
n279	272	1	0	63	35.902083333333294
n278	270	1	0	68	35.71666666666661
n268	269	1	0	71	35.669791666666605
n295	deletion
n296	deletion
n297	deletion
n281	273	1	0	59	36.388541666666626
n285	277	1	0	59	36.91562499999996
n287	280	1	0	59	37.14999999999996
n282	274	1	0	63	36.49062499999996
n284	276	1	0	63	36.774999999999956
n283	275	1	0	68	36.63958333333329
n269	284	1	0	71	36.171874999999964
n291	286	1	0	59	37.660416666666634
n286	278	1	0	63	37.013541666666626
n288	281	1	0	63	37.267708333333296
n290	287	1	0	63	37.510416666666636
n289	283	1	0	68	37.38437499999996
n322	299	1	0	52	37.83854166666663
n323	295	1	0	56	37.83541666666663
n301	288	1	0	59	38.252083333333324
n305	291	1	0	59	38.713541666666686
n307	294	1	0	59	38.93020833333336
n302	289	1	0	64	38.371875
n304	290	1	0	64	38.615625000000016
n303	292	1	0	68	38.468750000000014
n298	297	1	0	71	37.97708333333331
n311	300	1	0	59	39.36354166666669
n312	302	1	0	59	39.7260416666667
n306	293	1	0	64	38.81041666666669
n308	296	1	0	64	39.01562500000003
n310	301	1	0	64	39.25208333333336
n317	310	1	0	64	40.54166666666673
n321	318	1	0	64	41.126041666666744
n333	319	1	0	64	41.96354166666677
n337	323	1	0	64	42.533333333333466
n309	298	1	0	68	39.11562500000003
n324	309	1	0	51	39.448958333333366
n325	304	1	0	54	39.45208333333336
n316	308	1	0	59	40.144791666666706
n313	303	1	0	63	39.79270833333337
n315	307	1	0	63	40.0479166666667
n314	306	1	0	66	39.9479166666667
n299	305	1	0	71	39.522916666666696
n335	deletion
n326	316	1	0	49	40.27708333333338
n327	312	1	0	54	40.26458333333338
n328	313	1	0	58	40.29583333333338
n318	311	1	0	66	40.6645833333334
n320	315	1	0	66	41.00625000000007
n319	314	1	0	70	40.81770833333341
n300	317	1	0	73	40.35208333333338
n356	343	1	0	47	41.41250000000008
n357	342	1	0	54	41.42812500000008
n358	340	1	0	59	41.433333333333415
n334	320	1	0	66	42.11979166666679
n336	322	1	0	66	42.4104166666668
n329	321	1	0	76	41.548958333333424
n343	331	1	0	63	43.44062500000017
n345	333	1	0	63	43.84583333333353
n349	336	1	0	63	44.39479166666687
n351	339	1	0	63	44.65104166666687
n355	345	1	0	63	45.273958333333525
n368	347	1	0	63	46.30208333333362
n372	350	1	0	63	46.95312500000031
n374	353	1	0	63	47.211458333333645
n339	325	1	0	64	42.777083333333465
n338	324	1	0	66	42.63958333333346
n340	327	1	0	66	42.868750000000134
n342	330	1	0	66	43.32291666666682
n341	328	1	0	71	43.086458333333475
n330	329	1	0	75	43.01770833333347
n359	deletion
n360	deletion
n361	deletion
n346	334	1	0	66	44.00208333333353
n348	335	1	0	66	44.22916666666686
n347	337	1	0	71	44.12395833333353
n331	332	1	0	75	43.592708333333505
n350	338	1	0	66	44.509375000000205
n352	341	1	0	66	44.76666666666687
n354	344	1	0	66	45.09375000000019
n353	346	1	0	71	44.93333333333353
n391	354	1	0	47	45.64375000000022
n392	359	1	0	54	45.63541666666688
n369	348	1	0	66	46.51458333333364
n371	349	1	0	66	46.85625000000031
n370	351	1	0	71	46.676041666666976
n362	357	1	0	75	45.7947916666669
n378	360	1	0	63	47.68229166666699
n373	352	1	0	66	47.043750000000315
n375	355	1	0	66	47.303125000000314
n377	358	1	0	66	47.520833333333655
n376	356	1	0	71	47.39375000000032
n395	370	1	0	47	47.819791666667
n393	371	1	0	56	47.82500000000034
n381	361	1	0	65	48.322916666667034
n384	366	1	0	65	48.69479166666703
n380	362	1	0	68	48.22187500000036
n383	365	1	0	68	48.58229166666703
n364	364	1	0	71	48.4333333333337
n363	363	1	0	75	47.93541666666702
n394	373	1	0	53	48.77916666666703
n387	367	1	0	61	49.039583333333695
n390	375	1	0	61	49.438541666667035
n386	368	1	0	65	48.91875000000036
n389	374	1	0	65	49.311458333333704
n366	372	1	0	68	49.12604166666703
n365	369	1	0	70	48.79062500000036
n425	380	1	0	46	49.57812500000038
n426	379	1	0	54	49.61250000000038
n402	376	1	0	61	49.926041666667054
n406	381	1	0	61	50.41770833333373
n403	377	1	0	66	50.076041666667045
n405	378	1	0	66	50.28645833333373
n404	383	1	0	70	50.18437500000039
n396	386	1	0	73	49.69062500000038
n408	384	1	0	61	50.65000000000039
n412	389	1	0	61	51.15729166666706
n407	382	1	0	66	50.53750000000039
n409	385	1	0	66	50.73645833333372
n411	388	1	0	66	50.9937500000004
n410	387	1	0	70	50.866666666667065
n429	401	1	0	47	51.2750000000004
n427	396	1	0	54	51.293750000000394
n415	390	1	0	63	51.76666666666708
n418	395	1	0	63	52.105208333333756
n414	391	1	0	66	51.65104166666707
n417	394	1	0	66	52.00520833333376
n398	393	1	0	71	51.86562500000042
n416	deletion
n397	392	1	0	73	51.419791666667074
n413	deletion
n428	399	1	0	56	52.181250000000425
n424	402	1	0	56	52.90208333333382
n421	400	1	0	59	52.477083333333795
n423	404	1	0	59	52.743750000000475
n420	398	1	0	63	52.37604166666711
n400	403	1	0	63	52.579166666667135
n422	deletion
n399	397	1	0	68	52.21145833333376
n419	deletion
n458	407	1	0	49	53.037500000000485
n435	405	1	0	54	53.38125000000049
n439	411	1	0	54	53.87395833333385
n436	406	1	0	58	53.49270833333384
n438	409	1	0	58	53.726041666667186
n437	408	1	0	61	53.62291666666718
n430	410	1	0	66	53.15833333333383
n441	413	1	0	54	54.10312500000052
n445	417	1	0	54	54.657291666667184
n440	412	1	0	58	53.99583333333385
n442	414	1	0	58	54.20312500000052
n444	416	1	0	58	54.49687500000051
n443	415	1	0	61	54.36041666666718
n459	418	1	0	37	54.475000000000506
n460	429	1	0	49	54.8447916666672
n463	deletion
n448	420	1	0	56	55.2239583333339
n451	424	1	0	56	55.59479166666725
n447	421	1	0	59	55.13333333333389
n450	423	1	0	59	55.468750000000576
n432	422	1	0	65	55.319791666667236
n449	deletion
n431	419	1	0	66	54.905208333333874
n446	deletion
n462	432	1	0	53	56.13645833333395
n461	425	1	0	54	55.666666666667254
n454	426	1	0	59	56.05416666666728
n457	431	1	0	59	56.56354166666728
n453	428	1	0	61	55.9000000000006
n456	433	1	0	61	56.37291666666727
n434	430	1	0	68	56.20000000000061
n455	deletion
n433	427	1	0	70	55.71458333333392
n452	deletion
n488	447	1	0	42	56.80104166666728
n489	438	1	0	49	56.82395833333395
n467	434	1	0	54	57.22812500000065
n471	439	1	0	54	57.779166666667344
n468	435	1	0	58	57.359375000000654
n470	437	1	0	58	57.639583333334016
n469	436	1	0	61	57.51041666666734
n464	443	1	0	66	56.911458333333954
n473	441	1	0	54	57.98229166666735
n477	445	1	0	54	58.468750000000675
n478	448	1	0	54	58.74479166666733
n472	440	1	0	58	57.87083333333401
n474	442	1	0	58	58.08645833333402
n476	446	1	0	58	58.33750000000068
n475	444	1	0	61	58.22812500000068
n490	452	1	0	46	58.577083333334
n491	451	1	0	49	58.598958333334004
n482	453	1	0	54	59.232291666667365
n479	449	1	0	58	58.861458333334
n481	455	1	0	58	59.10937500000069
n480	450	1	0	61	59.003125000000686
n465	454	1	0	66	58.60937500000067
n492	463	1	0	46	59.36666666666736
n493	461	1	0	49	59.390625000000696
n483	456	1	0	55	59.588541666667375
n487	462	1	0	55	60.103125000000716
n484	457	1	0	58	59.70833333333404
n486	460	1	0	58	59.969791666667376
n485	459	1	0	61	59.84687500000071
n466	458	1	0	67	59.42708333333403
n518	475	1	0	49	60.32187500000072
n519	469	1	0	53	60.32916666666739
n496	464	1	0	56	60.704166666667405
n500	468	1	0	56	61.16666666666741
n497	465	1	0	61	60.8229166666674
n499	467	1	0	61	61.05833333333407
n498	466	1	0	65	60.9291666666674
n494	473	1	0	68	60.44583333333406
n502	471	1	0	56	61.40937500000076
n506	474	1	0	56	61.85937500000077
n501	470	1	0	61	61.273958333334086
n503	472	1	0	61	61.51770833333409
n505	476	1	0	61	61.7458333333341
n504	477	1	0	65	61.63125000000076
n522	490	1	0	46	62.06458333333412
n520	484	1	0	52	62.04166666666745
n523	489	1	0	55	62.054166666667456
n507	478	1	0	61	62.419791666667464
n511	482	1	0	61	62.86354166666749
n508	479	1	0	64	62.53541666666747
n510	481	1	0	64	62.76145833333415
n509	480	1	0	67	62.634375000000816
n495	488	1	0	70	62.18437500000079
n521	487	1	0	51	62.99062500000084
n513	485	1	0	61	63.13541666666752
n517	491	1	0	61	63.63750000000084
n512	483	1	0	63	62.99479166666751
n514	486	1	0	63	63.24583333333418
n516	493	1	0	63	63.49479166666751
n515	492	1	0	67	63.36145833333418
n553	504	1	0	44	63.88645833333417
n554	506	1	0	51	63.8947916666675
n549	496	1	0	55	63.86562500000084
n527	494	1	0	61	64.19270833333417
n531	498	1	0	61	64.68541666666745
n528	495	1	0	63	64.32812500000082
n530	497	1	0	63	64.5718750000008
n529	502	1	0	70	64.46354166666748
n524	500	1	0	73	63.964583333334176
n550	505	1	0	56	65.11458333333411
n537	509	1	0	59	65.47395833333405
n533	501	1	0	61	64.90416666666745
n532	499	1	0	63	64.78958333333412
n534	503	1	0	63	65.02500000000077
n536	510	1	0	63	65.3416666666674
n535	507	1	0	68	65.17604166666743
n525	508	1	0	71	65.13437500000077
n555	523	1	0	44	65.5822916666674
n551	514	1	0	51	65.59270833333407
n552	515	1	0	56	65.59166666666741
n538	512	1	0	59	65.93229166666735
n542	516	1	0	59	66.41666666666733
n539	511	1	0	63	66.03541666666733
n541	513	1	0	63	66.33854166666733
n540	518	1	0	68	66.18854166666733
n526	522	1	0	71	65.69166666666739
n556	524	1	0	42	67.02291666666733
n544	519	1	0	59	66.65937500000065
n548	525	1	0	59	67.20416666666732
n543	517	1	0	63	66.52395833333398
n545	520	1	0	63	66.76770833333399
n547	526	1	0	63	67.02187500000066
n546	521	1	0	68	66.867708333334
n582	538	1	0	40	67.40000000000062
n560	527	1	0	59	67.80625000000057
n564	531	1	0	59	68.28750000000053
n566	533	1	0	59	68.51458333333386
n561	528	1	0	64	67.94687500000056
n563	529	1	0	64	68.16666666666721
n562	530	1	0	68	68.04583333333389
n557	536	1	0	71	67.54270833333393
n570	537	1	0	59	68.9406250000005
n571	540	1	0	59	69.34166666666712
n565	532	1	0	64	68.40000000000053
n567	534	1	0	64	68.60208333333384
n569	539	1	0	64	68.84583333333384
n577	deletion
n568	535	1	0	68	68.70729166666717
n583	546	1	0	39	69.05729166666714
n585	deletion
n575	545	1	0	59	69.79895833333374
n572	541	1	0	63	69.44583333333378
n574	544	1	0	63	69.70520833333374
n573	543	1	0	66	69.60104166666709
n558	542	1	0	71	69.16666666666713
n599	555	1	0	35	70.75625000000035
n584	547	1	0	37	69.94687500000042
n590	550	1	0	37	70.41354166666703
n592	552	1	0	37	70.63125000000036
n594	deletion
n586	deletion
n588	deletion
n596	556	1	0	37	70.91354166666699
n598	deletion
n587	548	1	0	39	70.26041666666703
n589	deletion
n591	551	1	0	39	70.5552083333337
n593	deletion
n595	deletion
n597	deletion
n581	558	1	0	64	70.81250000000034
n578	549	1	0	66	70.3958333333337
n580	554	1	0	66	70.67500000000037
n579	553	1	0	70	70.52916666666702
n559	557	1	0	73	70.01770833333374
n628	571	1	0	35	71.11875000000032
n600	deletion
n605	559	1	0	64	71.65104166666694
n609	563	1	0	64	72.22395833333357
n606	560	1	0	66	71.78645833333358
n608	562	1	0	66	72.06562500000024
n607	566	1	0	73	71.93333333333358
n601	561	1	0	76	71.2718750000003
n615	569	1	0	63	73.1302083333335
n617	572	1	0	63	73.55833333333352
n621	575	1	0	63	74.1427083333335
n623	578	1	0	63	74.41250000000015
n627	581	1	0	63	75.06354166666681
n636	584	1	0	63	76.11979166666667
n640	587	1	0	63	76.71875
n642	591	1	0	63	76.97395833333333
n611	565	1	0	64	72.48645833333357
n610	564	1	0	66	72.33958333333358
n612	567	1	0	66	72.56354166666691
n614	570	1	0	66	73.02500000000018
n613	deletion
n602	568	1	0	75	72.7291666666669
n618	573	1	0	66	73.65833333333352
n620	574	1	0	66	73.97187500000018
n619	576	1	0	71	73.82187500000019
n603	580	1	0	75	73.28229166666684
n622	577	1	0	66	74.28333333333349
n624	579	1	0	66	74.52916666666681
n626	582	1	0	66	74.86041666666681
n625	583	1	0	71	74.68958333333347
n659	590	1	0	47	75.47604166666679
n660	595	1	0	54	75.50208333333345
n637	585	1	0	66	76.29374999999997
n639	586	1	0	66	76.58541666666666
n638	588	1	0	71	76.4239583333333
n630	593	1	0	75	75.61041666666677
n646	594	1	0	63	77.50208333333333
n641	589	1	0	66	76.81666666666666
n643	592	1	0	66	77.06979166666666
n645	596	1	0	66	77.32291666666667
n644	600	1	0	71	77.20520833333333
n663	607	1	0	47	77.62187499999997
n661	608	1	0	56	77.61354166666665
n649	598	1	0	65	78.2614583333332
n652	603	1	0	65	78.68229166666652
n648	599	1	0	68	78.15208333333322
n651	602	1	0	68	78.57083333333318
n632	601	1	0	74	78.39270833333318
n650	deletion
n631	597	1	0	75	77.80520833333328
n647	deletion
n662	611	1	0	53	78.79999999999984
n658	612	1	0	61	79.4583333333331
n655	604	1	0	62	79.05312499999981
n654	605	1	0	65	78.93749999999983
n657	610	1	0	65	79.30729166666643
n634	609	1	0	68	79.12916666666646
n656	deletion
n633	606	1	0	71	78.79479166666651
n653	deletion
n693	616	1	0	46	79.57187499999978
n694	617	1	0	54	79.6177083333331
n670	613	1	0	61	79.92604166666639
n674	618	1	0	61	80.40833333333303
n676	621	1	0	61	80.63333333333303
n671	614	1	0	66	80.05833333333305
n673	615	1	0	66	80.29166666666636
n672	619	1	0	70	80.1687499999997
n664	624	1	0	73	79.70416666666641
n680	625	1	0	61	81.11458333333303
n675	620	1	0	66	80.49791666666636
n677	622	1	0	66	80.74583333333304
n679	626	1	0	66	80.98333333333304
n678	623	1	0	70	80.85208333333304
n698	637	1	0	47	81.24791666666637
n695	630	1	0	55	81.23645833333303
n696	634	1	0	56	81.83541666666628
n683	629	1	0	63	81.69583333333296
n686	633	1	0	63	82.13333333333291
n682	628	1	0	67	81.57812499999964
n685	632	1	0	68	81.98333333333292
n666	631	1	0	71	81.82812499999962
n684	deletion
n665	627	1	0	73	81.34166666666636
n681	deletion
n699	641	1	0	48	82.63958333333285
n697	639	1	0	51	82.18958333333289
n692	642	1	0	56	83.12812499999946
n689	638	1	0	59	82.53749999999951
n691	640	1	0	60	82.90416666666616
n688	636	1	0	63	82.38333333333286
n668	643	1	0	63	82.66979166666619
n690	deletion
n667	635	1	0	68	82.23749999999956
n687	deletion
n728	648	1	0	49	83.30624999999945
n705	644	1	0	54	83.65520833333274
n709	650	1	0	54	84.20624999999933
n711	652	1	0	54	84.44999999999933
n706	645	1	0	58	83.79479166666604
n708	649	1	0	58	84.06354166666601
n707	647	1	0	61	83.93854166666601
n700	646	1	0	66	83.4135416666661
n715	655	1	0	54	84.98020833333267
n710	651	1	0	58	84.301041666666
n712	653	1	0	58	84.56458333333266
n714	656	1	0	58	84.81145833333267
n713	654	1	0	61	84.69270833333267
n729	657	1	0	37	84.860416666666
n730	668	1	0	49	85.20208333333264
n733	deletion
n718	660	1	0	56	85.58124999999927
n721	663	1	0	56	85.93541666666594
n717	659	1	0	59	85.48749999999929
n720	662	1	0	59	85.8177083333326
n702	661	1	0	65	85.6583333333326
n719	deletion
n701	658	1	0	66	85.25416666666597
n716	deletion
n732	671	1	0	53	86.48854166666588
n731	664	1	0	54	86.02916666666594
n724	665	1	0	59	86.3916666666659
n727	670	1	0	59	86.85104166666584
n723	666	1	0	61	86.2260416666659
n726	672	1	0	61	86.67291666666586
n704	669	1	0	68	86.51354166666589
n725	deletion
n703	667	1	0	70	86.05520833333262
n722	deletion
n759	688	1	0	42	87.07604166666584
n760	692	1	0	49	87.10833333333251
n736	673	1	0	54	87.53541666666578
n740	678	1	0	54	88.02291666666571
n737	674	1	0	58	87.65520833333242
n739	677	1	0	58	87.89166666666574
n738	676	1	0	61	87.79687499999906
n734	675	1	0	66	87.19791666666583
n742	680	1	0	54	88.25416666666567
n746	684	1	0	54	88.72916666666563
n748	686	1	0	54	88.98437499999898
n741	679	1	0	58	88.12395833333235
n743	681	1	0	58	88.35833333333231
n745	683	1	0	58	88.61458333333229
n747	685	1	0	58	88.84374999999898
n749	687	1	0	58	89.09062499999898
n751	690	1	0	58	89.32812499999895
n744	682	1	0	61	88.50104166666563
n752	691	1	0	54	89.45312499999895
n750	689	1	0	61	89.1989583333323
n761	700	1	0	41	89.57083333333229
n762	696	1	0	50	89.57083333333229
n754	694	1	0	54	89.7291666666656
n758	699	1	0	54	90.29374999999891
n753	693	1	0	58	89.58229166666563
n755	695	1	0	58	89.85624999999894
n757	698	1	0	58	90.13020833333225
n756	697	1	0	62	89.9822916666656
n787	705	1	0	39	90.6562499999989
n788	703	1	0	51	90.65833333333224
n765	701	1	0	58	91.15208333333219
n769	707	1	0	58	91.59062499999881
n766	702	1	0	63	91.27499999999883
n768	706	1	0	63	91.49479166666548
n767	704	1	0	66	91.38333333333215
n763	714	1	0	70	90.7624999999989
n789	711	1	0	39	92.05729166666548
n790	713	1	0	41	92.19791666666546
n791	715	1	0	42	92.3208333333321
n792	720	1	0	42	92.46874999999876
n771	709	1	0	58	91.83854166666548
n775	716	1	0	58	92.34687499999878
n776	718	1	0	58	92.62604166666542
n770	708	1	0	63	91.69895833333214
n772	710	1	0	63	91.94791666666548
n774	717	1	0	63	92.2312499999988
n773	712	1	0	66	92.08749999999881
n780	723	1	0	58	93.07083333333206
n777	719	1	0	63	92.73333333333208
n779	722	1	0	63	92.97395833333205
n778	721	1	0	66	92.85312499999873
n764	731	1	0	70	92.46249999999877
n796	735	1	0	70	94.09374999999862
n804	deletion
n793	727	1	0	42	93.48541666666539
n794	729	1	0	44	93.63541666666536
n795	730	1	0	46	93.76666666666533
n782	725	1	0	58	93.31145833333206
n786	732	1	0	58	93.79687499999866
n781	724	1	0	63	93.18333333333206
n783	726	1	0	63	93.42187499999872
n785	733	1	0	63	93.66979166666536
n784	728	1	0	66	93.54270833333204
n828	757	1	0	46	94.00937499999864
n835	deletion
n829	737	1	0	59	94.57083333333195
n805	734	1	0	62	94.28749999999863
n806	736	1	0	65	94.44687499999861
n808	739	1	0	65	94.8531249999986
n809	740	1	0	68	94.9843749999986
n797	738	1	0	77	94.64895833333193
n807	deletion
n831	748	1	0	53	95.41249999999853
n830	745	1	0	56	95.04270833333192
n811	742	1	0	65	95.19999999999855
n814	746	1	0	65	95.56145833333183
n812	743	1	0	68	95.31666666666521
n815	747	1	0	68	95.63333333333182
n818	751	1	0	68	96.0510416666651
n821	754	1	0	68	96.37708333333175
n803	760	1	0	68	96.8395833333317
n825	deletion
n799	744	1	0	71	95.39895833333186
n800	749	1	0	71	95.73437499999848
n813	deletion
n798	741	1	0	74	95.06979166666525
n810	deletion
n832	759	1	0	50	95.75937499999847
n817	750	1	0	65	95.89062499999845
n820	753	1	0	65	96.25729166666508
n801	752	1	0	70	96.1041666666651
n819	deletion
n816	deletion
n833	761	1	0	48	96.95937499999837
n834	763	1	0	50	97.12916666666503
n823	756	1	0	58	96.64062499999838
n826	762	1	0	58	96.97187499999836
n824	758	1	0	65	96.75312499999838
n827	764	1	0	65	97.1145833333317
n802	755	1	0	70	96.45729166666507
n822	deletion
n867	771	1	0	51	97.335416666665
n846	765	1	0	58	97.52916666666498
n849	769	1	0	58	97.89270833333157
n847	766	1	0	63	97.64270833333163
n850	770	1	0	63	97.98333333333157
n838	767	1	0	66	97.74062499999827
n848	deletion
n837	768	1	0	68	97.35624999999833
n840	774	1	0	68	98.47499999999816
n854	deletion
n845	deletion
n868	778	1	0	44	98.0854166666649
n852	772	1	0	56	98.23541666666488
n855	776	1	0	56	98.59374999999814
n853	773	1	0	59	98.37916666666484
n856	777	1	0	59	98.71562499999813
n839	775	1	0	65	98.09999999999823
n851	deletion
n869	789	1	0	46	98.87812499999814
n857	779	1	0	51	99.07708333333147
n861	782	1	0	51	99.50833333333144
n858	780	1	0	54	99.18124999999814
n860	784	1	0	54	99.39791666666478
n859	783	1	0	58	99.28333333333147
n841	781	1	0	63	98.91770833333148
n872	794	1	0	41	100.32187499999804
n871	792	1	0	42	100.16666666666472
n870	791	1	0	44	100.01770833333141
n862	785	1	0	50	99.77291666666477
n863	786	1	0	53	99.91458333333142
n865	790	1	0	53	100.12604166666473
n864	788	1	0	58	100.00208333333141
n842	787	1	0	62	99.6624999999981
n844	793	1	0	70	100.3322916666647
n873	808	1	0	70	100.78333333333131
n874	821	1	0	70	102.4458333333312
n906	832	1	0	70	104.04687499999773
n910	846	1	0	70	105.76458333333096
n912	855	1	0	70	106.54583333333092
n866	deletion
n914	deletion
n932	deletion
n898	799	1	0	39	100.68333333333132
n876	795	1	0	58	101.11145833333127
n880	801	1	0	58	101.56666666666456
n877	796	1	0	63	101.25104166666459
n879	800	1	0	63	101.47291666666456
n878	797	1	0	66	101.35729166666458
n899	805	1	0	39	102.03958333333124
n900	807	1	0	41	102.17916666666456
n901	809	1	0	42	102.2958333333312
n902	815	1	0	42	102.43333333333119
n882	803	1	0	58	101.80833333333123
n886	810	1	0	58	102.33124999999788
n881	802	1	0	63	101.67916666666457
n883	804	1	0	63	101.91979166666457
n885	811	1	0	63	102.20833333333121
n884	806	1	0	66	102.06354166666458
n887	813	1	0	58	102.6145833333312
n891	818	1	0	58	103.05208333333114
n893	820	1	0	58	103.29166666666445
n888	814	1	0	63	102.72187499999785
n890	817	1	0	63	102.94895833333115
n889	816	1	0	66	102.83645833333118
n903	824	1	0	42	103.48854166666445
n904	826	1	0	44	103.63124999999773
n905	827	1	0	46	103.76979166666437
n897	828	1	0	58	103.80104166666437
n892	819	1	0	63	103.19166666666446
n894	822	1	0	63	103.39791666666444
n896	830	1	0	63	103.6666666666644
n895	825	1	0	66	103.53333333333109
n875	829	1	0	71	103.51562499999777
n938	860	1	0	46	104.0072916666644
n946	deletion
n939	834	1	0	59	104.57916666666438
n915	831	1	0	62	104.24270833333105
n916	833	1	0	65	104.40416666666437
n918	836	1	0	65	104.89583333333105
n919	837	1	0	68	105.00520833333105
insertion	812	1	0	68	102.51979166666453
n907	835	1	0	77	104.66874999999771
n917	deletion
n941	845	1	0	53	105.414583333331
n940	841	1	0	56	105.05416666666437
n921	839	1	0	65	105.248958333331
n924	842	1	0	65	105.55937499999764
n927	847	1	0	65	105.94166666666429
n922	840	1	0	68	105.34687499999767
n925	843	1	0	68	105.6572916666643
n928	849	1	0	68	106.04374999999762
n931	852	1	0	68	106.39999999999758
n913	863	1	0	68	106.9104166666642
n935	deletion
n909	844	1	0	71	105.42916666666433
n923	deletion
n908	838	1	0	74	105.10416666666437
n920	deletion
n942	848	1	0	50	105.77499999999763
n930	850	1	0	65	106.28749999999758
n926	deletion
n911	851	1	0	71	106.12395833333093
n929	deletion
n944	862	1	0	48	107.05833333333086
n943	853	1	0	50	106.50104166666425
n945	864	1	0	50	107.15520833333088
n933	857	1	0	58	106.71562499999757
n936	865	1	0	58	107.06145833333086
n934	859	1	0	65	106.81562499999755
n937	866	1	0	65	107.21249999999755
n978	876	1	0	51	107.37395833333086
n956	867	1	0	58	107.61770833333084
n959	871	1	0	58	107.95729166666412
n957	868	1	0	63	107.73437499999748
n960	872	1	0	63	108.0697916666641
n949	869	1	0	66	107.81666666666415
n958	deletion
n948	870	1	0	68	107.45416666666418
n955	deletion
n979	880	1	0	44	108.15312499999742
n962	873	1	0	56	108.28541666666406
n963	875	1	0	59	108.41145833333071
n965	878	1	0	59	108.68854166666404
n950	874	1	0	65	108.17916666666407
n966	879	1	0	65	108.8177083333307
n961	deletion
n951	877	1	0	71	108.56562499999737
n964	deletion
n980	891	1	0	46	108.99270833333068
n967	881	1	0	51	109.22395833333066
n971	885	1	0	51	109.69166666666393
n968	882	1	0	54	109.34791666666399
n970	886	1	0	54	109.5374999999973
n969	883	1	0	58	109.45208333333065
n952	884	1	0	63	109.03124999999734
n981	893	1	0	38	110.31770833333053
n972	888	1	0	50	109.9072916666639
n982	892	1	0	50	110.28958333333054
n973	889	1	0	53	110.07604166666387
n974	890	1	0	58	110.09999999999721
n976	895	1	0	58	110.59270833333049
n953	887	1	0	62	109.8322916666639
n977	896	1	0	65	110.73229166666381
n954	894	1	0	70	110.3656249999972
n975	deletion
n1011	902	1	0	39	110.89374999999713
n1012	897	1	0	51	110.8854166666638
n990	898	1	0	58	111.06145833333042
n993	903	1	0	58	111.44999999999706
n991	900	1	0	63	111.19479166666375
n994	904	1	0	63	111.60624999999705
n984	901	1	0	66	111.32291666666374
n992	deletion
n983	899	1	0	68	110.90104166666379
n989	deletion
n1013	912	1	0	32	111.77812499999702
n1014	908	1	0	44	111.77187499999702
n996	905	1	0	56	111.931249999997
n997	907	1	0	59	112.09166666666363
n999	910	1	0	59	112.4302083333303
n985	906	1	0	64	111.77499999999702
n1000	911	1	0	64	112.59999999999697
n995	deletion
n986	909	1	0	71	112.25937499999695
n998	deletion
n1015	913	1	0	30	112.83437499999697
n1016	919	1	0	42	112.8395833333303
n1001	914	1	0	51	113.2499999999969
n1005	918	1	0	51	113.7677083333302
n1002	915	1	0	54	113.36770833333021
n1004	920	1	0	54	113.6333333333302
n1003	917	1	0	59	113.50312499999687
n987	916	1	0	63	112.93645833333028
n1017	927	1	0	40	113.90416666666354
n1006	921	1	0	49	114.16145833333017
n1010	926	1	0	49	114.74895833333014
n1007	922	1	0	54	114.29583333333015
n1009	925	1	0	54	114.59270833333014
n1008	924	1	0	58	114.43333333333014
n988	923	1	0	61	113.93749999999686
n1044	938	1	0	39	115.0687499999968
n1022	928	1	0	54	115.56562499999671
n1026	932	1	0	54	116.19895833333001
n1025	929	1	0	59	115.75520833333002
n1027	931	1	0	59	116.05104166666334
n1023	deletion
n1024	930	1	0	63	115.89374999999667
n1018	934	1	0	66	115.2177083333301
n1028	933	1	0	54	116.43854166666335
n1032	937	1	0	54	116.96041666666335
n1033	940	1	0	54	117.31354166666331
n1029	935	1	0	59	116.57499999999668
n1031	939	1	0	59	116.80937499999666
n1030	936	1	0	63	116.66874999999668
n1045	952	1	0	37	117.06458333333
n1037	945	1	0	54	117.82187499999658
n1034	941	1	0	58	117.43020833332996
n1036	944	1	0	58	117.65729166666326
n1035	943	1	0	64	117.54166666666326
n1019	942	1	0	66	117.11666666666332
n1021	949	1	0	66	118.47916666666319
n1041	deletion
n1039	946	1	0	58	118.19166666666321
n1043	951	1	0	58	118.89791666666319
n1040	deletion
n1042	950	1	0	64	118.65729166666318
n1020	948	1	0	68	117.9770833333299
n1038	deletion
n1076	963	1	0	35	119.29791666666317
n1053	953	1	0	63	119.94166666666304
n1057	957	1	0	63	120.59791666666295
n1054	954	1	0	66	120.172916666663
n1056	956	1	0	66	120.48958333332963
n1055	955	1	0	71	120.33333333332965
n1046	959	1	0	75	119.41354166666315
n1059	960	1	0	63	120.82708333332964
n1063	965	1	0	63	121.38437499999631
n1058	958	1	0	66	120.70208333332964
n1060	961	1	0	66	120.94687499999631
n1062	964	1	0	67	121.25729166666298
n1047	962	1	0	73	121.05833333332964
n1048	966	1	0	73	121.641666666663
n1077	977	1	0	40	121.54062499999633
n1066	968	1	0	59	122.0208333333296
n1069	971	1	0	59	122.38437499999627
n1065	967	1	0	68	121.89895833332962
n1068	969	1	0	68	122.22916666666293
n1049	970	1	0	71	122.1145833333296
n1067	deletion
n1064	deletion
n1075	978	1	0	56	123.19479166666288
n1072	974	1	0	59	122.74479166666292
n1074	976	1	0	61	123.04999999999622
n1071	973	1	0	64	122.63124999999626
n1051	975	1	0	64	122.85312499999625
n1073	deletion
n1050	972	1	0	68	122.47604166666294
n1070	deletion
n1107	981	1	0	42	123.31770833332955
n1084	979	1	0	51	123.61041666666286
n1088	983	1	0	51	124.10624999999612
n1085	980	1	0	54	123.75208333332952
n1087	982	1	0	54	123.94479166666281
n1086	985	1	0	59	123.83541666666284
n1078	984	1	0	63	123.43437499999621
n1090	987	1	0	51	124.35312499999613
n1094	992	1	0	51	124.89166666666276
n1089	986	1	0	54	124.24583333332947
n1091	988	1	0	54	124.45833333332945
n1093	991	1	0	54	124.7343749999961
n1092	990	1	0	59	124.60729166666277
n1079	989	1	0	63	124.56979166666277
n1108	1003	1	0	42	125.06770833332942
n1109	1001	1	0	49	125.03749999999609
n1096	994	1	0	58	125.39791666666271
n1099	997	1	0	58	125.71562499999602
n1097	995	1	0	61	125.49270833332936
n1100	998	1	0	61	125.84687499999602
n1081	996	1	0	66	125.58229166666268
n1098	deletion
n1080	993	1	0	68	125.15312499999608
n1095	deletion
n1110	1002	1	0	52	126.33229166666267
n1105	1006	1	0	54	126.587499999996
n1102	deletion
n1103	1000	1	0	58	126.22812499999601
n1106	1005	1	0	58	126.76041666666266
n1083	1004	1	0	61	126.412499999996
n1104	deletion
n1082	999	1	0	64	125.93020833332935
n1101	deletion
n1135	1018	1	0	35	127.11145833332932
n1113	1007	1	0	47	127.58645833332923
n1117	1011	1	0	47	128.16249999999587
n1114	1008	1	0	51	127.72604166666255
n1116	1010	1	0	51	128.0552083333292
n1115	1009	1	0	54	127.87499999999588
n1111	1012	1	0	59	127.2239583333293
n1119	1014	1	0	47	128.44062499999592
n1123	1019	1	0	47	128.98333333332926
n1118	1013	1	0	51	128.2781249999959
n1120	1015	1	0	51	128.53020833332926
n1122	1017	1	0	51	128.81770833332925
n1121	1016	1	0	54	128.67083333332926
n1136	1025	1	0	31	129.17187499999594
n1124	1020	1	0	47	129.63437499999603
n1128	1024	1	0	47	130.1239583333294
n1125	1021	1	0	52	129.7572916666627
n1127	1023	1	0	52	130.00104166666273
n1126	1022	1	0	55	129.88541666666273
n1112	1031	1	0	59	129.33020833332927
n1137	1029	1	0	31	130.58645833332938
n1138	1032	1	0	33	130.7197916666627
n1139	1033	1	0	35	130.8395833333294
n1164	1044	1	0	35	131.01354166666277
n1130	1027	1	0	47	130.3635416666627
n1134	1034	1	0	47	130.91249999999607
n1129	1026	1	0	52	130.21874999999605
n1131	1028	1	0	52	130.48437499999605
n1133	1035	1	0	52	130.7135416666627
n1132	1030	1	0	55	130.57604166666272
n1143	1036	1	0	47	131.24166666666284
n1147	1040	1	0	47	131.71666666666295
n1144	1037	1	0	51	131.3499999999962
n1146	1039	1	0	51	131.5833333333296
n1145	1038	1	0	54	131.48020833332956
n1140	1050	1	0	59	131.03854166666278
n1165	1046	1	0	37	132.17187499999628
n1166	1047	1	0	39	132.29062499999628
n1167	1049	1	0	40	132.40416666666297
n1168	1052	1	0	42	132.51145833332964
n1149	1042	1	0	47	131.96354166666293
n1153	1051	1	0	47	132.4499999999963
n1148	1041	1	0	51	131.81666666666294
n1150	1043	1	0	51	132.0708333333296
n1152	1048	1	0	51	132.31979166666298
insertion	1053	1	0	51	132.5718749999963
n1151	1045	1	0	54	132.21354166666293
n1169	1060	1	0	43	132.73541666666299
n1154	1054	1	0	47	132.910416666663
n1158	1058	1	0	47	133.44166666666308
n1155	1055	1	0	50	133.04166666666302
n1157	1059	1	0	50	133.30104166666305
n1156	1057	1	0	53	133.16979166666303
n1141	1056	1	0	59	132.76562499999633
n1170	1067	1	0	42	133.5697916666631
n1159	1061	1	0	49	133.80312499999653
n1163	1065	1	0	49	134.35937499999662
n1160	1062	1	0	52	133.90312499999658
n1162	1064	1	0	52	134.22708333332994
n1161	1063	1	0	54	134.04895833332992
n1142	1066	1	0	58	133.6020833333298
n1195	1072	1	0	35	134.63854166666334
n1173	1068	1	0	47	135.12812499999671
n1177	1073	1	0	47	135.62916666666348
n1174	1069	1	0	51	135.22291666666342
n1176	1071	1	0	51	135.47291666666345
n1175	1070	1	0	54	135.3583333333301
n1171	1078	1	0	59	134.77708333333004
n1179	1075	1	0	47	135.8760416666635
n1183	1079	1	0	47	136.41770833333024
n1178	1074	1	0	51	135.72083333333015
n1180	1076	1	0	51	135.9385416666635
n1182	1080	1	0	51	136.21979166666355
n1181	1077	1	0	54	136.09791666666356
n1196	1083	1	0	32	136.66145833333027
n1184	1081	1	0	47	137.11249999999697
n1188	1085	1	0	47	137.587499999997
n1185	1082	1	0	52	137.221874999997
n1187	1084	1	0	52	137.46979166666364
n1186	1086	1	0	56	137.33541666666366
n1172	1092	1	0	59	136.80104166666362
n1197	1090	1	0	32	138.04583333333036
n1198	1093	1	0	34	138.19583333333037
n1199	1094	1	0	35	138.32916666666372
n1224	1105	1	0	35	138.49999999999702
n1190	1088	1	0	47	137.81979166666372
n1194	1095	1	0	47	138.38958333333036
n1189	1087	1	0	52	137.70208333333036
n1191	1089	1	0	52	137.93229166666367
n1193	1096	1	0	52	138.2395833333304
n1192	1091	1	0	56	138.04583333333036
n1203	1097	1	0	47	138.66979166666368
n1207	1101	1	0	47	139.1822916666637
n1204	1098	1	0	51	138.77708333333035
n1206	1100	1	0	51	139.043749999997
n1205	1099	1	0	54	138.918749999997
n1200	1111	1	0	59	138.49583333333035
n1225	1107	1	0	37	139.67291666666364
n1226	1108	1	0	39	139.77499999999696
n1227	1110	1	0	40	139.87812499999697
n1228	1114	1	0	42	139.99374999999696
n1209	1103	1	0	47	139.42083333333034
n1213	1112	1	0	47	139.9083333333303
n1208	1102	1	0	51	139.29583333333036
n1210	1104	1	0	51	139.49791666666366
n1212	1113	1	0	51	140.01354166666366
insertion	1109	1	0	51	139.78229166666364
n1211	1106	1	0	54	139.6520833333303
n1229	1121	1	0	44	140.2385416666637
n1214	1115	1	0	47	140.4385416666637
n1218	1119	1	0	47	140.94374999999707
n1215	1116	1	0	50	140.5697916666637
n1217	1120	1	0	50	140.81666666666374
n1216	1118	1	0	53	140.69062499999706
n1201	1117	1	0	59	140.24687499999703
n1230	1127	1	0	42	141.0770833333304
n1219	1122	1	0	49	141.29166666666373
n1223	1125	1	0	49	141.88020833333044
n1220	1123	1	0	52	141.42187499999707
n1222	1128	1	0	52	141.70312499999713
n1221	1124	1	0	54	141.54895833333043
n1202	1126	1	0	58	141.10416666666373
n1259	1149	1	0	35	142.09583333333046
n1236	1129	1	0	47	142.51458333333056
n1240	1133	1	0	47	143.00416666666396
n1237	1130	1	0	51	142.62812499999725
n1239	1132	1	0	51	142.8718749999973
n1238	1131	1	0	54	142.76874999999725
n1231	1137	1	0	59	142.23437499999716
n1242	1135	1	0	47	143.25208333333066
n1246	1140	1	0	47	143.7249999999973
n1241	1134	1	0	51	143.1093749999973
n1243	1136	1	0	51	143.33854166666399
n1245	1139	1	0	51	143.60520833333064
n1248	1142	1	0	51	143.97395833333073
n1244	1138	1	0	54	143.48645833333066
n1249	1143	1	0	54	144.07291666666407
n1251	1145	1	0	54	144.3447916666641
n1232	1141	1	0	59	143.82395833333064
n1252	1146	1	0	59	144.46979166666412
n1247	deletion
n1233	1144	1	0	63	144.2249999999974
n1250	deletion
n1254	1152	1	0	59	144.7499999999975
n1255	1148	1	0	63	144.8656249999975
n1257	1153	1	0	63	145.2062499999975
n1234	1147	1	0	66	144.5927083333308
n1253	deletion
n1258	1151	1	0	66	145.4104166666642
n1235	1150	1	0	71	145.03020833333082
n1256	deletion
n1286	1160	1	0	44	145.72083333333086
n1264	1154	1	0	59	146.2114583333309
n1268	1158	1	0	59	146.7177083333309
n1265	1155	1	0	62	146.34166666666422
n1267	1157	1	0	62	146.59791666666422
n1266	1156	1	0	65	146.46874999999756
n1261	1163	1	0	71	145.87395833333088
n1287	1164	1	0	44	147.16666666666427
n1288	1165	1	0	46	147.31041666666428
n1289	1166	1	0	47	147.40833333333097
n1290	1177	1	0	47	147.54479166666434
n1270	1161	1	0	59	146.96041666666423
n1274	1167	1	0	59	147.430208333331
n1269	1159	1	0	62	146.83854166666424
n1271	1162	1	0	62	147.07395833333095
n1273	1169	1	0	62	147.3187499999976
n1272	1168	1	0	65	147.1874999999976
n1275	1171	1	0	56	147.70208333333096
n1279	1175	1	0	56	148.17812499999772
n1276	1172	1	0	62	147.81562499999768
n1278	1174	1	0	62	148.07083333333102
n1277	1173	1	0	65	147.92291666666435
n1263	1182	1	0	68	147.9343749999977
n1262	1170	1	0	70	147.558333333331
n1291	1181	1	0	47	148.66666666666444
n1292	1183	1	0	49	148.78958333333114
n1293	1184	1	0	50	148.90937499999785
n1281	1178	1	0	56	148.43749999999778
n1285	1185	1	0	56	148.91041666666453
n1280	1176	1	0	62	148.31874999999778
n1282	1179	1	0	62	148.51979166666445
n1284	1186	1	0	62	148.77083333333113
n1283	1180	1	0	65	148.63749999999777
n1320	1193	1	0	50	149.07499999999789
n1298	1188	1	0	56	149.19999999999789
n1302	1192	1	0	56	149.674999999998
n1299	1189	1	0	58	149.32916666666458
n1301	1191	1	0	58	149.53437499999797
n1300	1190	1	0	59	149.4291666666646
n1295	1200	1	0	65	149.44374999999795
n1294	1187	1	0	66	149.04895833333123
n1321	1198	1	0	50	150.16770833333138
n1322	1201	1	0	51	150.31041666666476
n1323	1202	1	0	53	150.42395833333146
n1304	1195	1	0	56	149.89791666666466
n1308	1203	1	0	56	150.4322916666648
n1303	1194	1	0	58	149.77395833333134
n1305	1196	1	0	58	149.987499999998
n1307	1204	1	0	58	150.2614583333314
n1306	1199	1	0	59	150.1322916666647
n1324	1218	1	0	53	150.58749999999813
n1309	1207	1	0	56	150.72916666666487
n1313	1210	1	0	56	151.29374999999828
n1310	1206	1	0	58	150.8656249999982
n1312	1209	1	0	58	151.1864583333316
n1311	1208	1	0	59	151.0010416666649
n1297	1213	1	0	62	151.01249999999823
n1296	1205	1	0	63	150.5885416666648
n1327	1225	1	0	63	152.96041666666522
n1337	deletion
n1325	1217	1	0	41	151.8312499999984
n1315	1212	1	0	56	151.53645833333167
n1319	1219	1	0	56	152.16979166666505
n1314	1211	1	0	58	151.39999999999833
n1316	1214	1	0	58	151.663541666665
n1318	1216	1	0	58	151.98958333333172
n1317	1215	1	0	59	151.79999999999836
n1358	1228	1	0	42	152.33958333333175
n1335	1220	1	0	54	152.70416666666515
n1338	1223	1	0	54	153.12499999999855
n1336	1221	1	0	58	152.83854166666518
n1339	1224	1	0	58	153.24687499999854
n1326	1222	1	0	65	152.49166666666514
n1334	deletion
n1359	1233	1	0	38	153.34166666666522
n1341	1226	1	0	56	153.5166666666652
n1344	1230	1	0	56	153.8333333333319
n1342	1229	1	0	59	153.61562499999857
n1345	1231	1	0	59	153.95104166666525
n1329	1232	1	0	65	153.7052083333319
n1343	deletion
n1328	1227	1	0	66	153.36666666666522
n1340	deletion
n1360	1240	1	0	39	154.05416666666525
n1347	1234	1	0	58	154.25416666666527
n1350	1238	1	0	58	154.57291666666535
n1348	1235	1	0	63	154.3729166666653
n1351	1239	1	0	63	154.66979166666536
n1331	1236	1	0	66	154.4260416666653
n1349	deletion
n1330	1237	1	0	68	154.09999999999857
n1333	1243	1	0	68	155.22708333333208
n1355	deletion
n1346	deletion
n1361	1247	1	0	32	154.77708333333203
n1353	1241	1	0	56	154.98437499999872
n1356	1245	1	0	56	155.36145833333208
n1354	1242	1	0	59	155.12499999999872
n1357	1246	1	0	59	155.51249999999874
n1332	1244	1	0	65	154.8312499999987
n1352	deletion
n1388	1254	1	0	34	155.75208333333208
n1366	1248	1	0	51	156.09374999999872
n1370	1252	1	0	51	156.56666666666547
n1367	1249	1	0	54	156.19999999999874
n1369	1251	1	0	54	156.43229166666544
n1368	1250	1	0	58	156.32604166666542
n1362	1260	1	0	63	155.86874999999876
n1390	1255	1	0	33	156.81041666666547
n1394	1264	1	0	33	157.38333333333222
n1391	1257	1	0	34	156.9916666666655
n1393	1261	1	0	34	157.25208333333217
n1392	1259	1	0	35	157.1322916666655
n1372	1256	1	0	51	156.83333333333215
n1376	1263	1	0	51	157.43229166666555
n1371	1253	1	0	54	156.69895833333214
n1373	1258	1	0	54	157.02083333333218
n1375	1265	1	0	54	157.31041666666553
n1374	1262	1	0	58	157.17291666666551
n1395	1270	1	0	34	157.5281249999989
n1377	1266	1	0	50	157.66770833333226
n1381	1272	1	0	50	158.1187499999989
n1378	1268	1	0	53	157.79687499999892
n1380	1271	1	0	53	158.01979166666558
n1379	1269	1	0	58	157.88124999999891
n1363	1267	1	0	62	157.54895833333225
n1396	1279	1	0	34	158.67395833333225
n1397	1277	1	0	46	158.67395833333225
n1383	1275	1	0	58	158.4343749999989
n1384	1276	1	0	62	158.54791666666557
n1386	1280	1	0	62	158.89479166666558
n1364	1273	1	0	65	158.28020833333224
n1382	deletion
n1387	1281	1	0	65	159.09270833333227
n1365	1278	1	0	70	158.69166666666558
n1399	1299	1	0	70	161.07604166666565
n1385	deletion
n1423	1284	1	0	32	159.33437499999891
n1424	1286	1	0	44	159.32187499999893
n1401	1282	1	0	59	159.7874999999989
n1405	1288	1	0	59	160.24270833333225
n1402	1283	1	0	62	159.89895833333225
n1404	1287	1	0	62	160.1260416666656
n1403	1285	1	0	65	160.01249999999894
n1398	1292	1	0	71	159.47083333333222
n1425	1293	1	0	44	160.66770833333226
n1426	1294	1	0	46	160.80833333333229
n1427	1295	1	0	47	160.92187499999898
n1429	1306	1	0	47	161.05729166666566
n1407	1290	1	0	59	160.46354166666558
n1411	1296	1	0	59	160.95312499999898
n1406	1289	1	0	62	160.35208333333225
n1408	1291	1	0	62	160.56666666666558
n1410	1298	1	0	62	160.82916666666563
n1409	1297	1	0	65	160.6947916666656
n1428	1305	1	0	35	161.0739583333323
n1412	1300	1	0	56	161.21041666666565
n1416	1304	1	0	56	161.687499999999
n1413	1301	1	0	62	161.31041666666567
n1415	1303	1	0	62	161.57291666666566
n1414	1302	1	0	65	161.4177083333323
n1400	1312	1	0	68	161.44270833333232
n1430	1310	1	0	47	162.1333333333324
n1431	1313	1	0	49	162.27291666666574
n1432	1314	1	0	50	162.38854166666576
n1418	1308	1	0	56	161.92499999999905
n1422	1315	1	0	56	162.44479166666576
n1417	1307	1	0	62	161.82187499999904
n1419	1309	1	0	62	162.0229166666657
n1421	1316	1	0	62	162.28541666666575
n1420	1311	1	0	65	162.14583333333238
n1459	1323	1	0	38	162.56354166666574
n1460	1325	1	0	50	162.55937499999908
n1437	1318	1	0	56	162.69895833333243
n1441	1322	1	0	56	163.17083333333247
n1438	1319	1	0	58	162.83020833333242
n1440	1321	1	0	58	163.0166666666658
n1439	1320	1	0	59	162.91770833333246
n1434	1329	1	0	65	162.9385416666658
n1433	1317	1	0	66	162.54479166666573
n1461	1328	1	0	50	163.6145833333326
n1462	1331	1	0	51	163.75520833333263
n1463	1332	1	0	53	163.88020833333263
n1443	1326	1	0	56	163.39479166666587
n1447	1333	1	0	56	163.89791666666596
n1448	1336	1	0	56	164.20520833333262
n1442	1324	1	0	58	163.28124999999918
n1444	1327	1	0	58	163.49999999999923
n1446	1334	1	0	58	163.7687499999993
n1445	1330	1	0	59	163.6364583333326
n1464	1342	1	0	41	164.06770833333263
n1465	1348	1	0	53	164.07395833333263
n1452	1340	1	0	56	164.72291666666604
n1449	1337	1	0	58	164.33229166666598
n1451	1339	1	0	58	164.5833333333327
n1450	1338	1	0	59	164.44479166666602
n1436	1344	1	0	62	164.46249999999935
n1435	1335	1	0	63	164.05520833333264
n1468	1358	1	0	63	166.38854166666616
n1478	deletion
n1466	1349	1	0	41	165.23854166666604
n1454	1343	1	0	56	164.96979166666605
n1458	1350	1	0	56	165.6010416666661
n1453	1341	1	0	58	164.84999999999937
n1455	1345	1	0	58	165.0989583333327
n1457	1347	1	0	58	165.4468749999994
n1456	1346	1	0	59	165.29791666666605
n1499	1355	1	0	42	165.8041666666661
n1476	1351	1	0	54	166.19583333333284
n1479	1354	1	0	54	166.54270833333285
n1477	1353	1	0	58	166.29270833333283
n1480	1357	1	0	58	166.64999999999952
n1467	1352	1	0	65	165.93229166666612
n1475	deletion
n1500	1356	1	0	38	166.71458333333288
n1482	1361	1	0	56	166.92708333333294
n1485	1367	1	0	56	167.23645833333296
n1483	1362	1	0	59	167.02291666666628
n1486	1369	1	0	59	167.3718749999996
n1470	1370	1	0	65	167.12083333333297
n1484	deletion
n1469	1364	1	0	66	166.76666666666623
n1472	1374	1	0	66	167.917708333333
n1490	deletion
n1481	deletion
n1501	1377	1	0	39	167.5260416666663
n1488	1371	1	0	58	167.68645833333295
n1491	1376	1	0	58	168.04791666666634
n1489	1372	1	0	63	167.827083333333
n1492	1375	1	0	63	168.2343749999997
n1471	1373	1	0	68	167.5499999999996
n1474	deletion
n1487	deletion
n1502	1384	1	0	32	168.29166666666637
n1494	1379	1	0	56	168.5468749999997
n1495	1380	1	0	59	168.69583333333307
n1497	1382	1	0	59	169.06562499999973
n1473	1378	1	0	64	168.38958333333304
n1493	deletion
n1498	1383	1	0	64	169.2385416666664
n1496	deletion
n1527	1390	1	0	34	169.52916666666644
n1505	1385	1	0	51	169.98958333333317
n1509	1389	1	0	51	170.54895833333322
n1506	1386	1	0	54	170.14166666666654
n1508	1388	1	0	54	170.40937499999987
n1507	1387	1	0	58	170.28229166666654
n1503	1397	1	0	63	169.65833333333313
n1529	1392	1	0	33	170.75208333333322
n1533	1401	1	0	33	171.3374999999999
n1530	1394	1	0	34	170.92291666666657
n1532	1399	1	0	34	171.2031249999999
n1534	1408	1	0	34	171.52395833333324
n1531	1396	1	0	35	171.05208333333323
n1511	1393	1	0	51	170.8249999999999
n1515	1400	1	0	51	171.41249999999988
n1510	1391	1	0	54	170.6614583333332
n1512	1395	1	0	54	170.98124999999987
n1514	1402	1	0	54	171.26354166666655
n1513	1398	1	0	58	171.13541666666654
n1516	1403	1	0	50	171.76979166666658
n1520	1407	1	0	50	172.3333333333333
n1517	1404	1	0	53	171.90104166666663
n1519	1405	1	0	53	172.18854166666665
n1518	1406	1	0	58	172.04999999999995
n1504	1412	1	0	62	171.5999999999999
n1535	1416	1	0	32	172.48333333333326
n1522	1410	1	0	50	172.6624999999999
n1526	1415	1	0	50	173.45937499999994
n1521	1409	1	0	53	172.49999999999991
n1523	1411	1	0	53	172.82604166666658
n1525	1414	1	0	53	173.23437499999997
n1524	1413	1	0	58	173.01666666666662
n1561	1422	1	0	31	174.06770833333326
n1562	1428	1	0	43	174.06770833333326
n1540	1417	1	0	58	174.68229166666666
n1544	1421	1	0	58	175.3833333333333
n1546	1424	1	0	58	175.63020833333331
n1541	1418	1	0	63	174.93749999999997
n1543	1420	1	0	63	175.24687499999996
n1542	1419	1	0	67	175.1302083333333
n1536	1426	1	0	70	174.1854166666666
n1550	1429	1	0	58	176.11041666666668
n1551	1431	1	0	58	176.5541666666667
n1545	1423	1	0	63	175.47291666666663
n1547	1425	1	0	63	175.70729166666666
n1549	1430	1	0	63	175.96458333333334
n1548	1427	1	0	67	175.84270833333332
n1563	1443	1	0	41	176.19375000000002
n1555	1436	1	0	58	177.07916666666677
n1552	1432	1	0	62	176.6770833333334
n1554	1435	1	0	62	176.9218750000001
n1553	1434	1	0	68	176.77604166666677
n1537	1433	1	0	70	176.3479166666667
n1539	1440	1	0	70	177.75625000000022
n1558	deletion
n1556	1439	1	0	62	177.4531250000002
n1560	1441	1	0	62	178.1697916666669
n1557	1438	1	0	68	177.60729166666687
n1559	1442	1	0	68	177.95625000000024
n1538	1437	1	0	72	177.22812500000012
n1592	1456	1	0	39	178.63333333333358
n1570	1444	1	0	67	179.36354166666698
n1574	1449	1	0	67	180.09062500000033
n1571	1445	1	0	70	179.61458333333366
n1573	1447	1	0	70	179.95312500000034
n1572	1448	1	0	75	179.807291666667
n1564	1446	1	0	79	178.80000000000024
n1576	1451	1	0	67	180.294791666667
n1579	1454	1	0	67	180.90833333333364
n1575	1450	1	0	70	180.18645833333366
n1577	1452	1	0	70	180.42395833333367
n1578	1455	1	0	71	180.744791666667
n1565	1453	1	0	77	180.55208333333366
n1566	1457	1	0	77	181.15833333333367
n1593	1466	1	0	44	181.054166666667
n1582	1459	1	0	63	181.57083333333372
n1585	1462	1	0	63	181.9239583333338
n1581	1458	1	0	72	181.41354166666704
n1584	1461	1	0	72	181.77812500000041
n1567	1460	1	0	75	181.64270833333373
n1583	deletion
n1580	deletion
n1591	1467	1	0	60	182.6718750000005
n1588	1465	1	0	63	182.25937500000046
n1590	1468	1	0	65	182.5125000000005
n1587	1464	1	0	68	182.16354166666713
n1569	1469	1	0	68	182.36979166666714
n1589	deletion
n1568	1463	1	0	72	182.0145833333338
n1586	deletion
n1623	1474	1	0	46	182.7895833333339
n1600	1470	1	0	55	183.1750000000006
n1604	1475	1	0	55	183.62916666666734
n1601	1471	1	0	58	183.2937500000006
n1603	1472	1	0	58	183.495833333334
n1602	1473	1	0	63	183.40208333333396
n1594	1477	1	0	67	182.9375000000006
n1606	1478	1	0	55	183.88229166666738
n1610	1483	1	0	55	184.38437500000072
n1605	1476	1	0	58	183.75729166666738
n1607	1479	1	0	58	183.9572916666674
n1609	1482	1	0	58	184.25729166666738
n1608	1481	1	0	63	184.13958333333406
n1595	1480	1	0	67	184.08541666666738
n1626	1495	1	0	46	184.52291666666738
n1624	1492	1	0	53	184.52291666666738
n1612	1484	1	0	62	184.82395833333408
n1615	1488	1	0	62	185.1520833333341
n1613	1486	1	0	65	184.91875000000078
n1616	1489	1	0	65	185.2770833333341
n1597	1487	1	0	70	184.9927083333341
n1614	deletion
n1596	1485	1	0	72	184.63333333333406
n1611	deletion
n1625	1493	1	0	56	185.8395833333341
n1618	1490	1	0	58	185.5541666666674
n1621	1497	1	0	58	186.01875000000075
n1619	1491	1	0	62	185.69375000000076
n1622	1498	1	0	62	186.20208333333414
n1599	1496	1	0	65	185.8395833333341
n1620	deletion
n1598	1494	1	0	68	185.38750000000076
n1617	deletion
n1651	1510	1	0	39	186.5093750000008
n1629	1499	1	0	51	187.02083333333417
n1633	1503	1	0	51	187.57812500000088
n1630	1500	1	0	55	187.20104166666755
n1632	1502	1	0	55	187.4781250000009
n1631	1501	1	0	58	187.32708333333423
n1627	1507	1	0	63	186.65312500000084
n1635	1505	1	0	51	187.80000000000086
n1639	1509	1	0	51	188.29270833333416
n1634	1504	1	0	55	187.71354166666754
n1636	1506	1	0	55	187.92708333333417
n1638	1511	1	0	55	188.14583333333417
n1637	1508	1	0	58	188.0354166666675
n1652	1521	1	0	37	188.4333333333342
n1640	1512	1	0	51	188.7947916666676
n1644	1516	1	0	51	189.25729166666767
n1641	1513	1	0	55	188.9020833333343
n1643	1515	1	0	55	189.15729166666765
n1642	1514	1	0	58	189.021875000001
n1628	1523	1	0	63	188.5343750000009
n1655	1525	1	0	37	190.00312500000106
n1654	1524	1	0	39	189.88229166666773
n1653	1522	1	0	40	189.75833333333438
n1646	1518	1	0	51	189.49375000000103
n1650	1526	1	0	51	190.02291666666773
n1645	1517	1	0	55	189.35937500000102
n1647	1519	1	0	55	189.61145833333435
n1649	1527	1	0	55	189.86562500000105
n1648	1520	1	0	58	189.71458333333436
n1680	1539	1	0	35	190.1708333333344
n1658	1529	1	0	51	190.4500000000011
n1662	1532	1	0	51	190.89479166666789
n1659	1528	1	0	56	190.5791666666678
n1661	1530	1	0	56	190.77187500000116
n1660	1531	1	0	59	190.66979166666778
n1656	1537	1	0	63	190.2468750000011
n1664	1534	1	0	51	191.15000000000123
n1668	1538	1	0	51	191.63229166666787
n1663	1533	1	0	56	191.02708333333456
n1665	1535	1	0	56	191.22708333333455
n1667	1540	1	0	56	191.4812500000012
n1666	1536	1	0	59	191.36145833333455
n1681	1546	1	0	34	191.73437500000122
n1669	1541	1	0	51	192.06041666666795
n1673	1544	1	0	51	192.51770833333458
n1670	1542	1	0	55	192.15729166666793
n1672	1543	1	0	55	192.41458333333458
n1671	1547	1	0	61	192.27812500000127
n1657	1554	1	0	63	191.86666666666792
n1684	1551	1	0	34	192.90520833333454
n1687	1556	1	0	34	193.32916666666793
n1683	1549	1	0	35	192.7604166666679
n1686	1555	1	0	35	193.15937500000126
n1685	1552	1	0	37	193.04479166666792
n1675	1548	1	0	51	192.7822916666679
n1679	1557	1	0	51	193.33125000000126
n1674	1545	1	0	55	192.64687500000124
n1676	1550	1	0	55	192.9187500000012
n1678	1558	1	0	55	193.1833333333346
n1677	1553	1	0	61	193.03437500000123
n1712	1571	1	0	32	193.52916666666795
n1690	1559	1	0	51	193.81770833333462
n1694	1563	1	0	51	194.2583333333347
n1696	1565	1	0	51	194.5135416666681
n1691	1560	1	0	56	193.91770833333467
n1693	1562	1	0	56	194.1552083333347
n1692	1561	1	0	59	194.03020833333468
n1688	1568	1	0	63	193.61666666666795
n1700	1570	1	0	51	195.0031250000015
n1695	1564	1	0	56	194.40208333333473
n1697	1566	1	0	56	194.64375000000143
n1699	1569	1	0	56	194.89687500000147
n1698	1567	1	0	59	194.76562500000145
n1713	1572	1	0	30	195.16354166666815
n1719	1576	1	0	30	195.62500000000156
n1721	1579	1	0	30	195.84375000000156
n1723	1582	1	0	30	196.05937500000164
n1727	1587	1	0	30	196.2843750000017
n1731	1591	1	0	30	196.55312500000164
n1715	deletion
n1725	deletion
n1737	deletion
n1717	deletion
n1716	1574	1	0	32	195.48854166666823
n1722	1580	1	0	32	195.9541666666683
n1726	1585	1	0	32	196.16875000000164
n1728	1589	1	0	32	196.41979166666835
n1718	deletion
n1730	deletion
n1734	deletion
n1720	1577	1	0	32	195.73750000000157
n1724	deletion
n1714	deletion
n1701	1573	1	0	56	195.46666666666823
n1705	1581	1	0	56	195.93020833333495
n1707	1586	1	0	56	196.20000000000167
n1711	1593	1	0	56	196.74270833333497
n1702	1575	1	0	59	195.5697916666682
n1704	1578	1	0	59	195.80625000000157
n1706	1584	1	0	59	196.06458333333498
n1708	1588	1	0	59	196.32187500000168
n1710	1592	1	0	59	196.602083333335
n1748	1599	1	0	59	197.44270833333502
n1703	1583	1	0	62	195.68541666666823
n1689	1594	1	0	68	195.25312500000152
n1744	1595	1	0	29	196.70000000000164
n1771	1597	1	0	29	197.04166666666833
n1739	1596	1	0	30	196.8541666666683
n1735	deletion
n1741	deletion
n1733	deletion
n1729	deletion
n1743	deletion
n1732	deletion
n1736	deletion
n1738	deletion
n1740	deletion
n1742	deletion
n1709	1590	1	0	62	196.46041666666832
n1745	deletion
n1772	1600	1	0	41	197.03854166666832
n1752	1602	1	0	59	197.9979166666684
n1749	1598	1	0	61	197.58125000000172
n1751	1601	1	0	61	197.87083333333507
n1750	1603	1	0	68	197.71875000000173
n1746	1625	1	0	71	197.117708333335
n1776	1608	1	0	41	198.13333333333506
n1777	1606	1	0	44	198.39687500000173
n1778	1609	1	0	47	198.62916666666837
n1779	1611	1	0	49	198.96041666666844
n1754	1607	1	0	59	198.30833333333507
n1760	1616	1	0	59	199.58854166666845
n1758	1612	1	0	59	199.0791666666684
n1753	1604	1	0	61	198.14687500000173
n1755	1605	1	0	61	198.45937500000173
n1757	1610	1	0	61	198.84895833333508
n1756	1613	1	0	68	198.65312500000172
n1780	1626	1	0	41	199.26562500000176
n1774	1620	1	0	50	199.27187500000176
n1764	1618	1	0	59	200.3572916666685
n1759	1614	1	0	62	199.3385416666684
n1761	1615	1	0	62	199.7500000000018
n1763	1617	1	0	62	200.12395833333517
n1762	1619	1	0	68	199.94166666666845
n1775	1623	1	0	49	200.5385416666685
n1766	1624	1	0	59	200.82708333333522
n1770	1629	1	0	59	202.11875000000197
n1765	1621	1	0	61	200.5989583333352
n1767	1622	1	0	61	201.04270833333524
n1769	1628	1	0	61	201.6802083333353
n1785	1631	1	0	61	204.03437500000206
n1787	1633	1	0	61	204.4114583333354
n1789	1637	1	0	61	204.63854166666871
n1791	1639	1	0	61	204.8854166666687
n1793	1643	1	0	61	205.11250000000203
n1796	1647	1	0	61	205.62708333333538
n1768	1627	1	0	68	201.3197916666686
n1805	1636	1	0	42	203.0739583333353
n1806	1634	1	0	49	203.07812500000196
n1784	1630	1	0	58	203.74791666666871
n1788	1635	1	0	58	204.55833333333538
n1794	1642	1	0	58	205.25312500000203
n1795	1644	1	0	58	205.51145833333538
n1799	1650	1	0	58	205.99166666666875
n1800	1652	1	0	58	206.29062500000208
n1804	1659	1	0	58	206.81666666666874
n1813	1660	1	0	58	207.42604166666874
n1817	1665	1	0	58	207.90833333333543
n1786	1632	1	0	66	204.2739583333354
n1781	1640	1	0	70	203.15937500000197
n1790	1638	1	0	58	204.79687500000205
n1792	1641	1	0	66	205.01458333333537
n1797	1649	1	0	66	205.74583333333538
n1807	1648	1	0	42	205.35312500000205
n1808	1646	1	0	49	205.34375000000205
n1798	1651	1	0	61	205.86562500000207
n1782	1645	1	0	70	205.35104166666872
n1809	1658	1	0	42	206.06145833333542
n1810	1655	1	0	49	206.0843750000021
n1801	1653	1	0	61	206.3927083333354
n1803	1657	1	0	61	206.6802083333354
n1802	1656	1	0	66	206.5270833333354
n1783	1654	1	0	70	206.11458333333542
n1835	1684	1	0	39	206.96770833333542
n1836	1674	1	0	51	206.96250000000208
n1814	1661	1	0	63	207.5250000000021
n1816	1663	1	0	63	207.80000000000211
n1815	1662	1	0	66	207.67083333333545
n1811	1664	1	0	70	207.10625000000206
n1819	1667	1	0	58	208.16770833333544
n1823	1671	1	0	58	208.61041666666878
n1818	1666	1	0	63	207.98958333333545
n1820	1668	1	0	63	208.27500000000214
n1822	1670	1	0	63	208.47708333333546
n1821	1669	1	0	66	208.38333333333546
n1824	1672	1	0	54	208.91770833333544
n1828	1677	1	0	54	209.3906250000021
n1830	1679	1	0	54	209.65000000000214
n1825	1673	1	0	58	209.02083333333545
n1827	1676	1	0	58	209.26458333333545
n1826	1675	1	0	63	209.15416666666877
n1812	1681	1	0	66	208.7125000000021
n1834	1685	1	0	54	210.1260416666688
n1829	1678	1	0	58	209.50625000000213
n1831	1680	1	0	58	209.75625000000213
n1833	1683	1	0	58	209.97395833333547
n1832	1682	1	0	63	209.87187500000212
n1867	1690	1	0	35	210.2666666666688
n1868	1691	1	0	47	210.28020833333548
n1844	1686	1	0	56	210.6614583333355
n1848	1692	1	0	56	211.11250000000223
n1845	1687	1	0	59	210.7656250000022
n1847	1689	1	0	59	210.99583333333558
n1846	1688	1	0	63	210.89270833333555
n1839	1696	1	0	68	210.39375000000214
n1850	1694	1	0	56	211.37395833333557
n1854	1698	1	0	56	211.8447916666689
n1849	1693	1	0	59	211.2291666666689
n1851	1695	1	0	59	211.45937500000224
n1853	1699	1	0	59	211.70937500000224
n1852	1697	1	0	63	211.57187500000225
n1869	1703	1	0	37	211.9010416666689
n1870	1706	1	0	49	211.95833333333556
n1856	1701	1	0	56	212.25520833333556
n1859	1704	1	0	56	212.613541666669
n1857	1702	1	0	59	212.42187500000227
n1860	1705	1	0	59	212.73125000000232
n1841	1709	1	0	65	212.49166666666895
n1858	deletion
n1840	1700	1	0	66	212.07187500000222
n1873	1718	1	0	66	213.5927083333357
n1855	deletion
n1871	1713	1	0	47	213.1406250000023
n1872	1711	1	0	49	213.14270833333563
n1865	1712	1	0	53	213.297916666669
n1862	1707	1	0	56	212.96354166666896
n1866	1714	1	0	56	213.4239583333357
n1863	1708	1	0	59	213.04583333333565
n1843	1715	1	0	61	213.14270833333563
n1864	deletion
n1842	1710	1	0	63	212.81041666666897
n1861	deletion
n1898	1723	1	0	46	213.5114583333357
n1899	1719	1	0	49	213.5239583333357
n1877	1716	1	0	54	213.7770833333357
n1881	1722	1	0	54	214.216666666669
n1878	1717	1	0	58	213.86145833333566
n1880	1721	1	0	58	214.088541666669
n1879	1720	1	0	61	213.96770833333565
n1900	1729	1	0	42	214.285416666669
n1901	1727	1	0	51	214.29791666666898
n1882	1724	1	0	60	214.5895833333357
n1886	1730	1	0	60	215.12604166666912
n1883	1725	1	0	63	214.68958333333575
n1885	1731	1	0	63	214.97812500000245
n1884	1728	1	0	66	214.84270833333576
n1874	1726	1	0	70	214.376041666669
n1902	1732	1	0	37	215.33854166666913
n1903	1744	1	0	53	215.78020833333582
n1887	1733	1	0	56	215.65208333333584
n1891	1737	1	0	56	216.15000000000248
n1893	1739	1	0	56	216.39791666666918
n1888	1734	1	0	61	215.76770833333583
n1890	1736	1	0	61	215.99375000000245
n1889	1735	1	0	65	215.8864583333358
n1875	1740	1	0	68	215.44270833333582
n1897	1745	1	0	57	217.27395833333594
n1892	1738	1	0	61	216.26458333333582
n1894	1741	1	0	61	216.53541666666916
n1896	1743	1	0	61	217.0468750000026
n1895	1746	1	0	65	216.78020833333588
n1876	1742	1	0	69	216.75312500000254
n1928	1754	1	0	42	217.74895833333596
n1929	1750	1	0	49	217.72395833333596
n1907	1747	1	0	58	218.28854166666937
n1911	1751	1	0	58	218.99791666666948
n1908	1748	1	0	61	218.53020833333608
n1910	1749	1	0	61	218.8583333333361
n1909	1752	1	0	66	218.72500000000278
n1904	1757	1	0	70	217.8260416666693
n1913	1755	1	0	58	219.2281250000028
n1917	1759	1	0	58	219.68854166666947
n1918	1761	1	0	58	219.92708333333613
n1912	1753	1	0	61	219.0812500000028
n1914	1756	1	0	61	219.33541666666946
n1916	1760	1	0	61	219.53854166666946
n1919	1762	1	0	61	220.06145833333613
n1915	1758	1	0	66	219.4343750000028
n1930	1766	1	0	42	219.78229166666947
n1931	1764	1	0	49	219.80520833333614
n1922	1767	1	0	58	220.39375000000283
n1923	1769	1	0	58	220.68229166666956
n1921	1768	1	0	61	220.2656250000028
n1920	1765	1	0	66	220.15937500000283
n1905	1763	1	0	70	219.7750000000028
n1932	1774	1	0	42	220.49062500000284
n1933	1771	1	0	49	220.50000000000284
n1927	1775	1	0	58	221.14895833333625
n1924	1770	1	0	61	220.79791666666958
n1926	1776	1	0	61	221.0031250000029
n1925	1773	1	0	66	220.88750000000292
n1906	1772	1	0	70	220.52083333333618
n1958	1794	1	0	39	221.3104166666696
n1959	1789	1	0	51	221.31250000000293
n1937	1777	1	0	58	221.75729166666957
n1941	1781	1	0	58	222.2281250000029
n1938	1778	1	0	63	221.86562500000292
n1940	1780	1	0	63	222.1093750000029
n1939	1779	1	0	66	221.98645833333623
n1934	1785	1	0	70	221.46354166666956
n1943	1783	1	0	58	222.47708333333622
n1947	1788	1	0	58	222.90520833333622
n1949	1791	1	0	58	223.2625000000029
n1942	1782	1	0	63	222.32916666666955
n1944	1784	1	0	63	222.54583333333622
n1946	1787	1	0	63	222.77916666666957
n1945	1786	1	0	66	222.66666666666956
n1935	1792	1	0	66	223.00104166666955
n1948	1790	1	0	54	223.1937500000029
n1952	1795	1	0	54	223.63958333333622
n1951	1796	1	0	58	223.5312500000029
n1950	1793	1	0	63	223.3968750000029
n1962	1801	1	0	34	223.73750000000288
n1963	1802	1	0	46	223.73541666666955
n1953	1797	1	0	53	223.9875000000029
n1957	1803	1	0	53	224.4270833333363
n1954	1798	1	0	56	224.07187500000293
n1956	1804	1	0	56	224.30937500000297
n1955	1800	1	0	62	224.2020833333363
n1936	1799	1	0	65	223.83854166666953
n1992	1811	1	0	35	224.58229166666962
n1993	1807	1	0	47	224.5479166666696
n1970	1805	1	0	51	224.70312500000293
n1974	1812	1	0	51	225.17083333333633
n1971	1806	1	0	54	224.7989583333363
n1973	1810	1	0	54	225.0239583333363
n1972	1809	1	0	59	224.9208333333363
n1964	1808	1	0	63	224.58125000000294
n1994	1814	1	0	32	225.2885416666697
n1995	1815	1	0	44	225.28958333333637
n1975	1813	1	0	56	225.51458333333642
n1979	1819	1	0	56	226.06250000000304
n1976	1816	1	0	59	225.62291666666977
n1978	1820	1	0	59	225.9197916666697
n1977	1818	1	0	63	225.74166666666974
n1965	1817	1	0	68	225.34687500000305
n1996	1831	1	0	37	226.21770833333642
n1997	1830	1	0	49	226.22187500000308
n1981	1822	1	0	56	226.6885416666698
n1984	1826	1	0	56	227.02187500000312
n1987	1828	1	0	56	227.35833333333645
n1982	1823	1	0	59	226.5541666666698
n1985	1825	1	0	59	226.88645833333646
n1967	1824	1	0	65	226.73333333333647
n1983	deletion
n1966	1821	1	0	66	226.31354166666978
n1980	deletion
n1990	1834	1	0	56	227.81875000000312
n1988	1829	1	0	59	227.23541666666978
n1991	1833	1	0	59	227.66145833333647
n1968	1827	1	0	63	227.0812500000031
n1986	deletion
n1969	1832	1	0	65	227.46770833333647
n1989	deletion
n2022	1851	1	0	42	228.04375000000312
n2023	1850	1	0	49	228.05520833333645
n2000	1835	1	0	59	228.55312500000315
n2004	1839	1	0	59	229.0760416666698
n2001	1836	1	0	61	228.68333333333646
n2003	1838	1	0	61	228.93333333333646
n2002	1837	1	0	65	228.82187500000313
n1998	1842	1	0	68	228.2010416666698
n2006	1841	1	0	59	229.33125000000314
n2010	1845	1	0	59	229.78854166666977
n2005	1840	1	0	61	229.17083333333647
n2007	1843	1	0	61	229.4135416666698
n2009	1846	1	0	61	229.6906250000031
n2008	1844	1	0	65	229.55729166666978
n2011	1847	1	0	54	230.19895833333652
n2015	1853	1	0	54	230.65312500000323
n2012	1848	1	0	58	230.3156250000032
n2014	1852	1	0	58	230.5302083333365
n2013	1849	1	0	61	230.42812500000318
n1999	1857	1	0	66	229.96875000000313
n2017	1855	1	0	54	230.89375000000325
n2021	1860	1	0	54	231.40208333333658
n2016	1854	1	0	58	230.75520833333658
n2018	1856	1	0	58	231.02083333333658
n2020	1859	1	0	58	231.2145833333366
n2019	1858	1	0	61	231.1114583333366
n2050	1872	1	0	49	231.58437500000326
n2051	1866	1	0	53	231.6020833333366
n2028	1861	1	0	56	231.98437500000333
n2032	1865	1	0	56	232.44270833333672
n2034	1868	1	0	56	232.69895833333672
n2029	1862	1	0	61	232.08437500000338
n2031	1864	1	0	61	232.31354166667006
n2030	1863	1	0	65	232.2125000000034
n2026	1870	1	0	68	231.70000000000326
n2038	1871	1	0	56	233.11979166667007
n2033	1867	1	0	61	232.55729166667007
n2035	1869	1	0	61	232.79583333333673
n2037	1873	1	0	61	232.99270833333674
n2036	1874	1	0	65	232.8875000000034
n2054	1888	1	0	46	233.26041666667007
n2052	1881	1	0	52	233.26458333333673
n2055	1885	1	0	55	233.25833333333674
n2039	1875	1	0	61	233.59687500000348
n2043	1879	1	0	61	234.0385416666702
n2040	1876	1	0	64	233.71354166667015
n2042	1878	1	0	64	233.92812500000352
n2041	1877	1	0	67	233.8000000000035
n2027	1886	1	0	70	233.38750000000343
n2053	1884	1	0	51	234.1385416666702
n2045	1882	1	0	61	234.31145833333684
n2049	1889	1	0	61	234.81458333333686
n2044	1880	1	0	63	234.1760416666702
n2046	1883	1	0	63	234.4197916666702
n2048	1887	1	0	63	234.66666666667018
n2047	1890	1	0	67	234.54791666667018
n2085	1901	1	0	44	235.0697916666702
n2086	1905	1	0	51	235.07395833333686
n2081	1893	1	0	55	235.05833333333686
n2059	1891	1	0	61	235.41875000000363
n2063	1895	1	0	61	235.85625000000368
n2060	1892	1	0	63	235.53125000000364
n2062	1894	1	0	63	235.76458333333701
n2061	1899	1	0	70	235.63645833333695
n2056	1896	1	0	73	235.1677083333369
n2082	1902	1	0	56	236.2812500000037
n2069	1906	1	0	59	236.63333333333705
n2065	1898	1	0	61	236.10208333333705
n2064	1897	1	0	63	235.98541666667035
n2066	1900	1	0	63	236.21145833333702
n2068	1907	1	0	63	236.49895833333704
n2067	1903	1	0	68	236.33541666667037
n2057	1904	1	0	71	236.3000000000037
n2087	1919	1	0	44	236.78229166667037
n2083	1913	1	0	51	236.7781250000037
n2084	1911	1	0	56	236.79479166667036
n2070	1908	1	0	59	237.13958333333707
n2074	1914	1	0	59	237.6218750000038
n2071	1909	1	0	63	237.26770833333708
n2073	1912	1	0	63	237.50104166667043
n2072	1910	1	0	68	237.38229166667043
n2058	1920	1	0	71	236.8937500000037
n2088	1921	1	0	42	238.27291666667045
n2076	1916	1	0	59	237.87395833333716
n2080	1922	1	0	59	238.4552083333371
n2075	1915	1	0	63	237.7531250000038
n2077	1917	1	0	63	237.97291666667047
n2079	1923	1	0	63	238.2468750000038
n2078	1918	1	0	68	238.09479166667046
n2114	1935	1	0	40	238.6833333333371
n2092	1924	1	0	59	239.07812500000384
n2096	1928	1	0	59	239.5520833333372
n2093	1925	1	0	64	239.20208333333719
n2095	1927	1	0	64	239.4520833333372
n2094	1926	1	0	68	239.31041666667056
n2089	1933	1	0	71	238.83645833333713
n2098	1930	1	0	59	239.78333333333725
n2102	1934	1	0	59	240.21145833333725
n2103	1937	1	0	59	240.59375000000398
n2097	1929	1	0	64	239.67500000000388
n2099	1931	1	0	64	239.87395833333724
n2101	1936	1	0	64	240.09479166667057
n2109	1946	1	0	64	241.49270833333736
n2113	1955	1	0	64	242.0145833333374
n2100	1932	1	0	68	239.9625000000039
n2115	1943	1	0	39	240.30208333333727
n2121	1945	1	0	39	241.4760416666707
n2123	1949	1	0	39	241.71354166667072
n2117	deletion
n2127	deletion
n2107	1942	1	0	59	241.037500000004
n2104	1938	1	0	63	240.70000000000397
n2106	1941	1	0	63	240.94479166667068
n2105	1940	1	0	66	240.83020833333734
n2090	1939	1	0	71	240.4260416666706
n2131	1953	1	0	35	241.96354166667075
n2116	1944	1	0	37	241.121875000004
n2122	1948	1	0	37	241.5958333333374
n2124	1951	1	0	37	241.8114583333374
n2128	1954	1	0	37	242.12291666667076
n2120	deletion
n2118	deletion
n2126	deletion
n2130	deletion
n2119	deletion
n2125	deletion
n2129	deletion
n2110	1947	1	0	66	241.59375000000406
n2112	1952	1	0	66	241.84687500000408
n2111	1950	1	0	70	241.7104166666707
n2091	1956	1	0	73	241.250000000004
n2160	1971	1	0	35	242.29270833333743
n2132	deletion
n2137	1957	1	0	64	242.67395833333748
n2141	1960	1	0	64	243.1968750000042
n2138	1958	1	0	66	242.8093750000042
n2140	1959	1	0	66	243.05000000000425
n2139	1965	1	0	73	242.92395833333757
n2133	1961	1	0	76	242.39270833333745
n2147	1968	1	0	63	244.10312500000424
n2149	1970	1	0	63	244.4593750000043
n2143	1963	1	0	64	243.45520833333757
n2142	1962	1	0	66	243.3104166666709
n2144	1964	1	0	66	243.5822916666709
n2146	1969	1	0	66	243.9958333333376
n2150	1972	1	0	66	244.58125000000425
n2152	1973	1	0	66	244.86250000000425
n2145	1966	1	0	71	243.7458333333376
n2134	1967	1	0	75	243.71979166667091
n2153	1974	1	0	63	245.01458333333758
n2151	1976	1	0	71	244.72395833333758
n2135	1979	1	0	75	244.21979166667091
n2155	1977	1	0	63	245.27812500000428
n2159	1980	1	0	63	246.02187500000426
n2154	1975	1	0	66	245.13854166667093
n2156	1978	1	0	66	245.40312500000428
n2158	1981	1	0	66	245.79687500000426
n2157	1982	1	0	71	245.57500000000428
n2191	1990	1	0	47	246.4364583333376
n2192	1993	1	0	54	246.44583333333762
n2168	1983	1	0	63	247.0562500000044
n2172	1986	1	0	63	247.67187500000443
n2174	1989	1	0	63	247.88958333333775
n2169	1984	1	0	66	247.23854166667107
n2171	1985	1	0	66	247.50937500000444
n2170	1988	1	0	71	247.3697916666711
n2162	1992	1	0	75	246.57187500000433
n2178	1996	1	0	63	248.41770833333777
n2173	1987	1	0	66	247.76458333333778
n2175	1991	1	0	66	247.98437500000443
n2177	1994	1	0	66	248.2760416666711
n2176	1995	1	0	71	248.1166666666711
n2195	2005	1	0	47	248.58750000000444
n2193	2007	1	0	56	248.58750000000444
n2181	1998	1	0	65	249.15416666667124
n2184	2002	1	0	65	249.50104166667126
n2180	1997	1	0	68	249.00937500000458
n2183	2000	1	0	68	249.3864583333379
n2164	1999	1	0	71	249.25416666667124
n2182	deletion
n2163	2001	1	0	75	248.71145833333782
n2179	deletion
n2194	2008	1	0	53	249.59479166667128
n2187	2003	1	0	61	249.85937500000466
n2190	2009	1	0	61	250.23020833333803
n2186	2004	1	0	65	249.76562500000466
n2189	2011	1	0	65	250.12083333333803
n2166	2010	1	0	68	249.952083333338
n2188	deletion
n2165	2006	1	0	70	249.5979166666713
n2185	deletion
n2225	2017	1	0	46	250.37500000000472
n2226	2018	1	0	54	250.3968750000047
n2202	2012	1	0	61	250.68437500000474
n2206	2015	1	0	61	251.15937500000481
n2203	2013	1	0	66	250.80312500000474
n2205	2014	1	0	66	251.03541666667147
n2204	2016	1	0	70	250.93125000000478
n2196	2022	1	0	73	250.47291666667138
n2208	2020	1	0	61	251.40625000000486
n2212	2025	1	0	61	251.9125000000049
n2207	2019	1	0	66	251.26770833333816
n2209	2021	1	0	66	251.5312500000049
n2211	2024	1	0	66	251.8020833333382
n2210	2023	1	0	70	251.65104166667155
n2229	2038	1	0	47	252.03229166667157
n2227	2034	1	0	54	252.0500000000049
n2215	2027	1	0	63	252.481250000005
n2218	2031	1	0	63	252.80312500000502
n2214	2028	1	0	66	252.3645833333383
n2217	2030	1	0	66	252.72604166667168
n2198	2029	1	0	71	252.57708333333832
n2216	deletion
n2197	2026	1	0	73	252.15625000000492
n2213	deletion
n2228	2035	1	0	56	252.9083333333384
n2224	2039	1	0	56	253.60937500000506
n2221	2036	1	0	59	253.17291666667174
n2223	2037	1	0	59	253.46562500000505
n2220	2033	1	0	63	253.05000000000507
n2200	2040	1	0	63	253.27812500000505
n2222	deletion
n2199	2032	1	0	68	252.90208333333837
n2219	deletion
n2242	2044	1	0	49	253.70312500000506
n2231	2041	1	0	54	254.05729166667177
n2235	2046	1	0	54	254.57500000000516
n2232	2042	1	0	58	254.1614583333385
n2234	2045	1	0	58	254.43437500000516
n2233	2043	1	0	61	254.31458333333853
n2230	2050	1	0	66	253.8625000000051
n2243	2055	1	0	66	255.63437500000526
n2247	deletion
n2237	2048	1	0	54	254.82291666667183
n2241	2052	1	0	54	255.35833333333852
n2236	2047	1	0	58	254.68750000000514
n2238	2049	1	0	58	254.91666666667183
n2240	2053	1	0	58	255.1989583333385
n2239	2051	1	0	61	255.07395833333848
n2259	2054	1	0	37	255.22500000000517
n2260	2067	1	0	49	255.56979166667188
n2263	deletion
n2249	2056	1	0	56	255.92083333333855
n2252	2060	1	0	56	256.2552083333386
n2248	2057	1	0	59	255.81875000000525
n2251	2059	1	0	59	256.1552083333386
n2244	2058	1	0	65	255.99895833333858
n2250	deletion
n2262	2065	1	0	53	256.7562500000051
n2261	2061	1	0	54	256.3322916666719
n2255	2064	1	0	59	256.68645833333846
n2258	2069	1	0	59	257.10000000000497
n2254	2062	1	0	61	256.5604166666718
n2257	2066	1	0	61	256.95416666667165
n2246	2068	1	0	68	256.76562500000506
n2256	deletion
n2245	2063	1	0	70	256.3687500000052
n2253	deletion
n2290	2083	1	0	51	257.2833333333383
n2291	2076	1	0	54	257.26875000000496
n2267	2070	1	0	59	257.6677083333382
n2271	2074	1	0	59	258.1218750000049
n2273	2077	1	0	59	258.36458333333826
n2268	2071	1	0	63	257.7635416666716
n2270	2073	1	0	63	258.0135416666716
n2269	2072	1	0	66	257.8947916666716
n2264	2080	1	0	71	257.3822916666716
n2277	2082	1	0	59	258.8072916666716
n2325	deletion
n2272	2075	1	0	63	258.21979166667154
n2274	2078	1	0	63	258.4468750000049
n2276	2081	1	0	63	258.69687500000487
n2275	2079	1	0	66	258.5864583333382
n2292	2086	1	0	54	258.9166666666716
n2293	2085	1	0	58	258.91875000000493
n2279	2084	1	0	64	259.18229166667163
n2283	2089	1	0	64	259.68541666667164
n2280	2087	1	0	66	259.2979166666716
n2282	2091	1	0	66	259.54791666667165
n2281	2088	1	0	70	259.4447916666716
n2265	2090	1	0	73	259.00312500000496
n2285	2092	1	0	64	260.16145833333826
n2289	2098	1	0	64	260.8447916666716
n2286	2093	1	0	66	260.2864583333382
n2288	2099	1	0	66	260.60937500000495
n2287	2097	1	0	70	260.4437500000049
n2266	2094	1	0	74	259.937500000005
n2323	2108	1	0	47	261.26770833333825
n2324	2112	1	0	54	261.2812500000049
n2300	2100	1	0	63	261.8916666666713
n2304	2103	1	0	63	262.5343750000047
n2301	2101	1	0	66	262.0697916666713
n2303	2102	1	0	66	262.405208333338
n2302	2104	1	0	71	262.245833333338
n2294	2109	1	0	75	261.39375000000484
n2306	2106	1	0	63	262.78958333333804
n2310	2113	1	0	63	263.31250000000466
n2305	2105	1	0	66	262.648958333338
n2307	2107	1	0	66	262.88333333333804
n2309	2111	1	0	66	263.1583333333381
n2308	2110	1	0	71	263.0156250000047
n2328	2122	1	0	47	263.4541666666713
n2326	2123	1	0	56	263.4718750000046
n2313	2116	1	0	65	263.99166666667116
n2316	2119	1	0	65	264.34687500000445
n2312	2115	1	0	68	263.8885416666712
n2315	2118	1	0	68	264.2260416666711
n2296	2117	1	0	74	264.0906250000045
n2314	deletion
n2295	2114	1	0	75	263.592708333338
n2311	deletion
n2327	2126	1	0	53	264.43020833333776
n2322	2127	1	0	61	265.1291666666708
n2319	2121	1	0	62	264.719791666671
n2321	2125	1	0	65	264.9781250000042
n2318	deletion
n2298	2124	1	0	68	264.8395833333376
n2320	deletion
n2297	2120	1	0	71	264.43958333333774
n2317	deletion
n2358	2136	1	0	46	265.2822916666708
n2359	2139	1	0	54	265.30833333333743
n2335	2128	1	0	61	265.67604166667076
n2339	2133	1	0	61	266.2052083333374
n2336	2130	1	0	66	265.80312500000406
n2338	2132	1	0	66	266.07604166667073
n2337	2131	1	0	70	265.9427083333374
n2329	2129	1	0	73	265.42708333333746
n2341	2135	1	0	61	266.4489583333374
n2345	2140	1	0	61	266.95937500000394
n2340	2134	1	0	66	266.2989583333374
n2342	2137	1	0	66	266.559375000004
n2344	2141	1	0	66	266.806250000004
n2343	2138	1	0	70	266.678125000004
n2363	2153	1	0	47	267.09895833333724
n2360	2145	1	0	55	267.10520833333726
n2361	2149	1	0	56	267.5979166666704
n2348	2144	1	0	63	267.5406250000038
n2351	2148	1	0	63	267.88958333333704
n2347	2143	1	0	67	267.42083333333716
n2350	2147	1	0	68	267.73750000000376
n2331	2146	1	0	71	267.60937500000375
n2349	deletion
n2330	2142	1	0	73	267.1708333333372
n2346	deletion
n2364	2156	1	0	48	268.41354166667026
n2362	2155	1	0	51	267.9468750000037
n2357	2157	1	0	56	268.8302083333368
n2354	2152	1	0	59	268.2812500000036
n2356	2154	1	0	60	268.6364583333368
n2353	2151	1	0	63	268.13229166667026
n2333	2158	1	0	63	268.4250000000036
n2355	deletion
n2332	2150	1	0	68	267.98229166667033
n2352	deletion
n2393	2164	1	0	49	269.0489583333369
n2370	2159	1	0	54	269.39791666667
n2374	2165	1	0	54	269.9104166666699
n2376	2167	1	0	54	270.16458333333657
n2371	2160	1	0	58	269.51666666666995
n2373	2163	1	0	58	269.75625000000326
n2372	2161	1	0	61	269.63854166666994
n2365	2162	1	0	66	269.15625000000347
n2380	2171	1	0	54	270.7531250000032
n2375	2166	1	0	58	270.02812500000323
n2377	2168	1	0	58	270.28020833333653
n2379	2170	1	0	58	270.61562500000326
n2378	2169	1	0	61	270.4375000000032
n2394	2172	1	0	37	270.6583333333366
n2395	2183	1	0	49	271.0020833333365
n2398	deletion
n2383	2174	1	0	56	271.3843750000032
n2386	2177	1	0	56	271.7645833333366
n2385	2176	1	0	59	271.6104166666699
n2382	deletion
n2367	2175	1	0	65	271.4916666666699
n2384	deletion
n2366	2173	1	0	66	271.06666666666985
n2381	deletion
n2397	2185	1	0	53	272.40208333333646
n2396	2178	1	0	54	271.8937500000032
n2389	2179	1	0	59	272.2697916666699
n2392	2184	1	0	59	272.8177083333365
n2388	2181	1	0	61	272.10208333333657
n2391	2186	1	0	61	272.6093750000031
n2369	2182	1	0	68	272.42500000000314
n2390	deletion
n2368	2180	1	0	70	271.90625000000324
n2387	deletion
n2423	2198	1	0	42	273.1281250000032
n2401	2187	1	0	54	273.6645833333363
n2405	2191	1	0	54	274.23750000000274
n2402	2188	1	0	58	273.8385416666696
n2404	2190	1	0	58	274.07708333333613
n2403	2189	1	0	61	273.97395833333616
n2399	2196	1	0	66	273.2520833333365
n2407	2193	1	0	54	274.4697916666693
n2411	2197	1	0	54	274.92708333333593
n2412	2200	1	0	54	275.42291666666927
n2406	2192	1	0	58	274.3562500000027
n2408	2194	1	0	58	274.552083333336
n2410	2199	1	0	58	274.81041666666925
n2409	2195	1	0	61	274.70833333333593
n2424	2210	1	0	40	275.0937500000026
n2416	2204	1	0	54	275.88541666666924
n2413	2201	1	0	58	275.5375000000026
n2415	2203	1	0	58	275.77083333333593
n2414	2202	1	0	61	275.6697916666693
n2400	2209	1	0	66	275.1916666666693
n2418	2206	1	0	54	276.1125000000025
n2422	2211	1	0	54	276.5718750000026
n2417	2205	1	0	58	275.98750000000257
n2419	2207	1	0	58	276.2489583333359
n2421	2212	1	0	58	276.43750000000256
n2420	2208	1	0	61	276.34375000000256
n2451	2220	1	0	38	276.70833333333593
n2429	2213	1	0	54	277.0593750000026
n2433	2217	1	0	54	277.4854166666693
n2435	2219	1	0	54	277.74375000000265
n2430	2214	1	0	59	277.15729166666927
n2432	2216	1	0	59	277.3968750000027
n2436	2221	1	0	59	277.827083333336
n2438	2226	1	0	59	278.0718750000027
n2431	2215	1	0	62	277.2625000000027
n2425	2223	1	0	66	276.84062500000266
n2439	2225	1	0	54	278.21875000000273
n2434	2218	1	0	59	277.611458333336
n2437	2222	1	0	62	277.94791666666936
n2455	2227	1	0	37	278.38333333333605
n2461	2230	1	0	37	278.7625000000027
n2463	2233	1	0	37	278.9666666666693
n2465	2237	1	0	37	279.16875000000266
n2457	deletion
n2459	deletion
n2453	deletion
n2469	2239	1	0	37	279.3708333333359
n2467	deletion
n2454	2224	1	0	38	278.14062500000273
n2458	2228	1	0	38	278.6385416666694
n2462	2232	1	0	38	278.8750000000027
n2464	2234	1	0	38	279.0604166666693
n2470	2242	1	0	38	279.4468750000025
n2468	deletion
n2452	deletion
n2456	deletion
n2460	deletion
n2466	2238	1	0	38	279.26666666666927
n2440	2229	1	0	54	278.6489583333361
n2444	2245	1	0	54	279.42083333333585
insertion	2236	1	0	54	279.10625000000266
n2441	2231	1	0	58	278.7645833333361
n2443	2241	1	0	58	278.9947916666693
n2442	2244	1	0	64	278.8937500000027
n2426	2235	1	0	66	278.4250000000028
n2484	2251	1	0	35	279.96875000000256
n2510	2269	1	0	35	280.2885416666692
n2471	2243	1	0	37	279.5614583333358
n2473	2248	1	0	37	279.6989583333359
n2477	2250	1	0	37	279.8708333333359
n2481	2254	1	0	37	280.0864583333359
n2475	deletion
n2483	deletion
n2485	deletion
n2479	deletion
n2472	2246	1	0	38	279.63854166666914
n2476	2249	1	0	38	279.79791666666927
n2474	deletion
n2482	deletion
n2480	deletion
n2478	deletion
n2450	2255	1	0	54	280.00937500000254
n2488	2257	1	0	54	280.62812500000257
n2446	deletion
n2445	2247	1	0	58	279.5614583333358
n2447	2256	1	0	58	279.84375000000256
n2449	deletion
n2448	2253	1	0	64	279.6666666666692
n2428	2252	1	0	66	279.6437500000025
n2486	2266	1	0	66	280.3958333333358
n2427	2240	1	0	67	279.2489583333359
n2492	2260	1	0	54	281.09375000000256
n2489	2258	1	0	59	280.73750000000257
n2491	2259	1	0	59	280.9958333333359
n2490	2261	1	0	62	280.85625000000255
n2494	2263	1	0	54	281.361458333336
n2498	2268	1	0	54	281.8906250000025
n2493	2262	1	0	59	281.22604166666923
n2495	2264	1	0	59	281.47708333333594
n2497	2267	1	0	59	281.74895833333585
n2496	2265	1	0	62	281.60416666666924
n2511	2280	1	0	38	282.1093750000025
n2499	2270	1	0	48	282.5427083333358
n2503	2274	1	0	48	283.0760416666691
n2500	2271	1	0	54	282.6604166666691
n2502	2272	1	0	54	282.9229166666691
n2501	2273	1	0	57	282.79687500000244
n2487	2278	1	0	60	282.2062500000025
n2505	2276	1	0	48	283.35208333333577
n2509	2282	1	0	48	283.9958333333358
n2504	2275	1	0	54	283.2177083333358
n2506	2277	1	0	54	283.4802083333357
n2508	2281	1	0	54	283.80208333333576
n2507	2279	1	0	57	283.6197916666691
n2540	2285	1	0	37	284.2927083333357
n2517	2283	1	0	49	284.78854166666895
n2521	2288	1	0	49	285.3312500000022
n2523	2290	1	0	49	285.5958333333356
n2518	2284	1	0	54	284.9197916666689
n2520	2287	1	0	54	285.1947916666689
n2519	2286	1	0	58	285.0645833333356
n2512	2291	1	0	61	284.397916666669
n2527	2294	1	0	49	286.12708333333563
n2522	2289	1	0	54	285.4583333333356
n2524	2292	1	0	54	285.6989583333356
n2526	2295	1	0	54	285.97708333333566
n2525	2293	1	0	58	285.83020833333563
n2541	2299	1	0	37	286.28541666666894
n2542	2303	1	0	49	286.9572916666688
n2545	2311	1	0	49	287.89479166666877
n2529	2296	1	0	53	286.6437500000022
n2530	2298	1	0	56	286.8031250000022
n2532	2300	1	0	59	287.28333333333546
n2513	2297	1	0	61	286.41458333333554
n2528	deletion
n2533	2301	1	0	61	287.41562500000214
n2514	2302	1	0	71	287.0656250000021
n2531	deletion
n2543	2305	1	0	53	287.48645833333546
n2544	2309	1	0	56	287.85625000000203
n2535	2304	1	0	59	287.6739583333354
n2538	2310	1	0	59	288.05104166666877
n2536	2307	1	0	61	287.7958333333354
n2539	2312	1	0	61	288.1583333333354
n2516	2308	1	0	65	287.8770833333354
n2537	deletion
n2515	2306	1	0	68	287.5125000000021
n2534	deletion
n2570	2323	1	0	42	288.26041666666873
n2548	2313	1	0	54	288.50208333333535
n2552	2317	1	0	54	288.9958333333352
n2549	2314	1	0	58	288.609375000002
n2551	2316	1	0	58	288.86770833333526
n2550	2315	1	0	61	288.7208333333353
n2546	2321	1	0	66	288.32500000000203
n2554	2319	1	0	54	289.2083333333352
n2558	2324	1	0	54	289.6739583333351
n2553	2318	1	0	58	289.0864583333352
n2555	2320	1	0	58	289.31666666666854
n2557	2325	1	0	58	289.54375000000186
n2556	2322	1	0	61	289.43125000000185
n2571	2336	1	0	40	289.83645833333514
n2559	2326	1	0	54	290.14062500000176
n2563	2330	1	0	54	290.6135416666683
n2560	2327	1	0	58	290.2531250000018
n2562	2329	1	0	58	290.49270833333503
n2561	2328	1	0	61	290.37291666666846
n2547	2335	1	0	66	289.9447916666685
n2565	2332	1	0	54	290.86562500000167
n2569	2337	1	0	54	291.32708333333494
n2564	2331	1	0	58	290.73750000000166
n2566	2333	1	0	58	290.9625000000017
n2568	2338	1	0	58	291.1947916666683
n2567	2334	1	0	61	291.073958333335
n2596	2346	1	0	38	291.4677083333349
n2574	2339	1	0	54	291.7677083333348
n2578	2343	1	0	54	292.185416666668
n2575	2340	1	0	59	291.8593750000014
n2577	2342	1	0	59	292.0822916666681
n2576	2341	1	0	62	291.9541666666681
n2572	2349	1	0	66	291.57083333333486
n2580	2345	1	0	54	292.4364583333347
n2584	2351	1	0	54	292.9406250000014
n2585	2355	1	0	54	293.4000000000013
n2591	2364	1	0	54	293.8791666666679
n2589	deletion
n2579	2344	1	0	59	292.3187500000014
n2581	2347	1	0	59	292.5302083333347
n2583	2352	1	0	59	292.78125000000136
n2582	2348	1	0	62	292.65104166666805
n2587	2360	1	0	62	293.63645833333464
n2597	2353	1	0	36	293.1177083333347
n2605	2356	1	0	36	293.5041666666679
n2603	deletion
n2609	deletion
n2611	2359	1	0	36	293.71041666666804
n2615	2363	1	0	36	293.9197916666679
n2617	2367	1	0	36	294.14270833333455
n2621	2370	1	0	36	294.33958333333453
n2623	2375	1	0	36	294.51562500000125
n2607	deletion
n2613	deletion
n2619	deletion
n2599	deletion
n2601	deletion
n2598	2350	1	0	38	292.85625000000135
n2602	2354	1	0	38	293.3979166666679
n2608	2358	1	0	38	293.616666666668
n2614	2362	1	0	38	293.8166666666679
n2616	2366	1	0	38	294.01458333333454
n2618	2369	1	0	38	294.2520833333345
n2622	2372	1	0	38	294.4406250000012
n2624	2374	1	0	38	294.58333333333456
n2600	deletion
n2604	deletion
n2612	deletion
n2620	deletion
n2626	deletion
n2606	deletion
n2610	deletion
n2586	2357	1	0	57	293.5114583333346
n2588	2361	1	0	57	293.77395833333463
n2590	2365	1	0	57	294.02083333333456
n2592	2371	1	0	57	294.2687500000012
n2594	2376	1	0	57	294.5583333333346
n2573	2378	1	0	66	293.1906250000013
n2628	2377	1	0	34	294.6750000000012
n2625	2380	1	0	36	294.82187500000117
n2627	deletion
n2595	2379	1	0	54	294.71041666666787
insertion	2368	1	0	54	294.14270833333455
n2593	2373	1	0	62	294.41354166666787
n2642	2393	1	0	34	294.95104166666783
n2629	deletion
n2631	2381	1	0	55	295.33750000000106
n2635	2385	1	0	55	295.83541666666764
n2637	2387	1	0	55	296.10625000000095
n2632	2382	1	0	58	295.4635416666677
n2634	2384	1	0	58	295.69791666666765
n2636	2386	1	0	58	295.9854166666676
n2633	2383	1	0	62	295.5854166666677
n2630	2389	1	0	67	295.0697916666678
n2641	2392	1	0	55	296.68437500000095
n2638	2388	1	0	58	296.221875000001
n2640	2391	1	0	58	296.49062500000093
n2639	2390	1	0	62	296.3739583333343
n2655	2406	1	0	38	296.9125000000009
n2644	2394	1	0	48	297.37500000000085
n2648	2398	1	0	48	297.8802083333341
n2645	2395	1	0	54	297.5041666666675
n2647	2397	1	0	54	297.72604166666747
n2646	2396	1	0	57	297.6114583333342
n2643	2402	1	0	60	297.04062500000083
n2650	2400	1	0	48	298.1708333333341
n2654	2405	1	0	48	298.7333333333341
n2649	2399	1	0	54	297.9885416666674
n2651	2401	1	0	54	298.28125000000074
n2653	2404	1	0	54	298.57812500000074
n2652	2403	1	0	57	298.4166666666674
n2684	2407	1	0	37	298.95625000000075
n2661	2408	1	0	49	299.3614583333339
n2665	2413	1	0	49	299.9104166666673
n2667	2416	1	0	49	300.14062500000057
n2671	2419	1	0	49	300.69895833333385
n2686	2425	1	0	49	301.50208333333376
n2689	deletion
n2662	2409	1	0	54	299.502083333334
n2664	2412	1	0	54	299.7218750000007
n2663	2410	1	0	58	299.6125000000007
n2656	2415	1	0	61	299.05729166666737
n2666	2414	1	0	54	300.0010416666673
n2668	2417	1	0	54	300.24687500000056
n2670	2420	1	0	54	300.5052083333339
n2669	2418	1	0	58	300.40729166666716
n2685	2424	1	0	37	300.83020833333387
n2673	2422	1	0	53	301.17083333333375
n2674	2423	1	0	56	301.32708333333375
n2676	2426	1	0	59	301.8208333333338
n2657	2421	1	0	61	300.97604166666713
n2672	deletion
n2677	2427	1	0	61	301.95208333333375
n2658	2428	1	0	71	301.59895833333377
n2675	deletion
n2687	2431	1	0	53	302.0218750000004
n2688	2433	1	0	56	302.3822916666671
n2679	2429	1	0	59	302.20104166666715
n2682	2435	1	0	59	302.53437500000035
n2680	2432	1	0	61	302.2927083333338
n2683	2436	1	0	61	302.68750000000034
n2660	2434	1	0	65	302.3927083333337
n2681	deletion
n2659	2430	1	0	68	302.0239583333338
n2678	deletion
n2728	2445	1	0	42	302.77604166666697
n2718	2440	1	0	46	303.2020833333336
n2719	2442	1	0	49	303.18020833333355
n2695	2437	1	0	54	302.98750000000024
n2698	2439	1	0	54	303.3468750000002
n2696	2438	1	0	58	303.07291666666686
n2699	2443	1	0	58	303.46041666666684
n2697	2441	1	0	61	303.1864583333336
n2690	2449	1	0	66	302.81458333333364
n2722	2450	1	0	46	304.0041666666668
n2720	2448	1	0	47	303.56770833333354
n2723	2455	1	0	49	303.99270833333344
n2721	2446	1	0	51	303.5697916666669
n2701	2444	1	0	54	303.74791666666687
n2704	2451	1	0	54	304.19479166666673
n2705	2454	1	0	58	304.33229166666683
n2702	2447	1	0	59	303.89687500000014
n2703	2452	1	0	61	304.0437500000001
n2700	2453	1	0	63	303.62291666666687
n2724	2457	1	0	37	304.4114583333335
n2725	2470	1	0	49	304.87395833333346
n2729	deletion
n2707	2458	1	0	59	304.6604166666668
n2710	2460	1	0	59	305.0385416666668
n2708	2459	1	0	61	304.74270833333344
n2711	2461	1	0	61	305.1520833333335
n2691	2456	1	0	65	304.48125000000016
n2694	2467	1	0	65	305.6520833333334
n2715	deletion
n2706	deletion
n2692	2463	1	0	71	304.8718750000001
n2709	deletion
n2726	2465	1	0	53	305.28020833333346
n2727	2468	1	0	56	305.6572916666667
n2713	2462	1	0	59	305.42187500000006
n2716	2469	1	0	59	305.8156250000001
n2714	2466	1	0	61	305.5218750000001
n2717	2471	1	0	61	305.97812500000015
n2693	2464	1	0	68	305.2531250000001
n2712	deletion
n2768	2480	1	0	42	306.12395833333346
n2758	2474	1	0	46	306.60937500000006
n2759	2477	1	0	49	306.6364583333334
n2763	2489	1	0	49	307.53749999999997
n2765	2503	1	0	49	308.95312499999983
n2769	deletion
n2735	2472	1	0	54	306.3875000000001
n2738	2475	1	0	54	306.7947916666667
n2741	2479	1	0	54	307.22916666666663
n2736	2473	1	0	58	306.5145833333334
n2739	2478	1	0	58	306.91875
n2737	2476	1	0	61	306.61979166666674
n2730	2483	1	0	66	306.1895833333335
n2762	2486	1	0	46	307.5479166666666
n2760	2481	1	0	47	307.07916666666665
n2761	2484	1	0	51	307.0708333333333
n2744	2487	1	0	54	307.74479166666663
n2745	2490	1	0	58	307.91875
n2742	2482	1	0	59	307.4020833333333
n2743	2485	1	0	61	307.56770833333326
n2740	2488	1	0	63	307.0833333333333
n2764	2494	1	0	37	308.1083333333333
n2747	2492	1	0	59	308.4645833333333
n2748	2493	1	0	61	308.7322916666666
n2731	2491	1	0	65	308.21354166666663
n2746	deletion
n2750	2496	1	0	65	309.4354166666664
n2751	2497	1	0	68	309.6718749999998
n2732	2495	1	0	75	309.0864583333331
n2749	deletion
n2766	2502	1	0	56	309.8906249999998
n2767	2500	1	0	59	310.4697916666665
n2753	2498	1	0	61	310.1020833333331
n2756	2506	1	0	61	310.66458333333316
n2754	2499	1	0	65	310.2333333333331
n2757	2505	1	0	65	310.90624999999983
n2734	2504	1	0	68	310.44791666666646
n2755	deletion
n2733	2501	1	0	71	309.8708333333331
n2752	deletion
n2796	2516	1	0	42	311.3322916666665
n2797	2517	1	0	49	311.3322916666665
n2773	2507	1	0	54	311.92708333333303
n2777	2512	1	0	54	312.6729166666662
n2774	2508	1	0	58	312.17916666666633
n2776	2511	1	0	58	312.53645833333286
n2775	2509	1	0	61	312.36041666666625
n2770	2510	1	0	66	311.4552083333332
n2779	2514	1	0	54	312.92499999999956
n2783	2520	1	0	54	313.4520833333329
n2785	2522	1	0	54	313.7729166666662
n2778	2513	1	0	58	312.79999999999956
n2780	2515	1	0	58	313.04166666666623
n2782	2519	1	0	58	313.29479166666624
n2784	2521	1	0	58	313.58124999999956
n2786	2524	1	0	58	313.8760416666662
n2788	2528	1	0	58	314.11041666666625
n2781	2518	1	0	61	313.18749999999955
n2798	2525	1	0	42	313.5583333333329
n2799	2523	1	0	49	313.58645833333287
n2789	2529	1	0	54	314.2499999999996
n2787	2527	1	0	61	314.0083333333329
n2771	2526	1	0	66	313.5583333333329
n2800	2538	1	0	42	314.3520833333329
n2801	2534	1	0	49	314.36562499999957
n2791	2531	1	0	54	314.5781249999996
n2795	2537	1	0	54	315.1572916666663
n2790	2530	1	0	58	314.39687499999957
n2792	2532	1	0	58	314.7135416666663
n2794	2536	1	0	58	314.9718749999996
n2793	2535	1	0	61	314.836458333333
n2772	2533	1	0	66	314.37604166666625
n2812	2540	1	0	42	315.758333333333
n2816	2544	1	0	42	316.4666666666663
n2824	2555	1	0	42	317.76458333333284
n2813	2541	1	0	46	316.020833333333
n2815	2543	1	0	46	316.29166666666634
n2814	2542	1	0	49	316.15312499999965
n2802	2550	1	0	54	315.5531249999996
n2803	2551	1	0	58	315.5447916666663
n2804	2549	1	0	66	315.5374999999996
n2818	2546	1	0	42	316.73437499999966
n2822	2553	1	0	42	317.38124999999957
n2817	2545	1	0	46	316.60937499999966
n2825	2556	1	0	46	317.9416666666661
n2819	2547	1	0	46	316.89999999999964
n2821	2552	1	0	46	317.2104166666663
n2820	2548	1	0	49	317.05937499999965
n2826	2557	1	0	49	318.0791666666661
n2828	2562	1	0	42	318.44895833333277
n2823	2554	1	0	46	317.5864583333328
n2827	2561	1	0	46	318.26979166666615
n2805	2559	1	0	54	317.54895833333285
n2806	2560	1	0	58	317.5374999999995
n2807	2558	1	0	66	317.54895833333285
n2834	2571	1	0	34	320.20833333333246
n2831	2565	1	0	37	319.12499999999943
n2833	2567	1	0	37	319.72916666666595
n2830	2564	1	0	42	318.9010416666661
n2832	2566	1	0	42	319.3927083333327
n2829	2563	1	0	46	318.67187499999943
n2808	2569	1	0	54	318.6374999999994
n2809	2570	1	0	58	318.6218749999994
n2810	2568	1	0	66	318.63333333333276
n2841	2575	1	0	30	321.5645833333324
n2842	2577	1	0	37	321.57395833333237
n2843	2576	1	0	42	321.55312499999906
n2835	2574	1	0	54	321.5385416666657
n2836	2573	1	0	58	321.53749999999906
n2837	2572	1	0	66	321.5354166666657
insertion	326	1	0	73	42.26979166666679
insertion	798	1	0	51	100.68229166666465
insertion	823	1	0	72	103.52604166666443
insertion	856	1	0	50	106.78020833333089
insertion	861	1	0	50	106.9291666666642
insertion	854	1	0	51	106.64687499999759
insertion	858	1	0	51	106.83541666666422
insertion	947	1	0	64	118.33020833332986
insertion	1197	1	0	49	150.1791666666647
insertion	1274	1	0	62	158.40729166666557
insertion	1360	1	0	38	166.96562499999962
insertion	1365	1	0	38	167.1572916666663
insertion	1368	1	0	38	167.38958333333292
insertion	1359	1	0	39	166.8374999999996
insertion	1363	1	0	39	167.05104166666626
insertion	1366	1	0	36	167.29270833333294
insertion	1381	1	0	71	168.89583333333306
insertion	2095	1	0	54	259.84791666667167
insertion	2096	1	0	58	259.84375000000495
insertion	2411	1	0	37	299.520833333334
insertion	2539	1	0	61	315.2229166666663
