xml_id	midi_id	track	channel	pitch	onset
n27	1	1	0	32	1.0229166666666667
n28	2	1	0	51	1.6447916666666664
n32	8	1	0	51	1.9729166666666667
n31	4	1	0	56	1.7562499999999999
n29	deletion
n30	7	1	0	60	1.8427083333333332
n6	9	1	0	63	1.8447916666666666
n4	3	1	0	68	1.5843749999999999
n7	12	1	0	68	1.9729166666666667
n5	5	1	0	72	1.7291666666666665
n8	10	1	0	72	2.0520833333333335
n1	0	1	0	75	0.2875
n3	6	1	0	75	1.1333333333333333
n33	11	1	0	44	2.1364583333333336
n34	13	1	0	51	2.30625
n38	19	1	0	51	2.63125
n40	24	1	0	51	2.9364583333333334
n35	deletion
n37	deletion
n36	16	1	0	60	2.529166666666667
n12	18	1	0	63	2.525
n10	14	1	0	68	2.355208333333333
n13	21	1	0	68	2.63125
n16	23	1	0	68	2.935416666666667
n11	15	1	0	72	2.458333333333333
n14	20	1	0	72	2.68125
n17	25	1	0	72	3.0229166666666667
n9	17	1	0	75	2.2239583333333335
n39	22	1	0	44	2.8
n44	29	1	0	51	3.2364583333333337
n41	deletion
n43	deletion
n42	27	1	0	60	3.144791666666667
n18	28	1	0	63	3.107291666666667
n19	31	1	0	68	3.2125000000000004
n20	30	1	0	72	3.2593750000000004
n15	26	1	0	75	2.8052083333333333
n45	32	1	0	44	3.403125
n46	35	1	0	51	3.551041666666667
n50	39	1	0	51	3.880208333333334
n47	deletion
n49	deletion
n48	37	1	0	60	3.725
n24	38	1	0	63	3.6927083333333335
n22	33	1	0	68	3.535416666666667
n25	43	1	0	68	3.816666666666667
n23	34	1	0	72	3.622916666666667
n26	40	1	0	72	3.8677083333333337
n21	36	1	0	75	3.3958333333333335
n75	41	1	0	44	3.9927083333333337
n76	45	1	0	51	4.2510416666666675
n80	48	1	0	51	4.622916666666667
n77	deletion
n79	deletion
n78	46	1	0	60	4.467708333333333
n54	47	1	0	63	4.4281250000000005
n55	49	1	0	68	4.55
n52	deletion
n53	44	1	0	72	4.312500000000001
n56	50	1	0	72	4.596875
n51	42	1	0	77	4.081250000000001
n81	51	1	0	44	4.753125
n82	52	1	0	51	4.859374999999999
n86	58	1	0	51	5.179166666666667
n83	deletion
n85	deletion
n84	56	1	0	60	5.063541666666667
n60	57	1	0	63	5.055208333333333
n58	53	1	0	68	4.912499999999999
n61	59	1	0	68	5.170833333333333
n59	55	1	0	72	4.940624999999999
n62	60	1	0	72	5.221875000000001
n57	54	1	0	75	4.746875
n87	61	1	0	44	5.331250000000001
n88	62	1	0	51	5.444791666666668
n92	67	1	0	51	5.752083333333334
n89	deletion
n91	deletion
n90	65	1	0	60	5.6625000000000005
n66	66	1	0	63	5.661458333333334
n67	69	1	0	68	5.8083333333333345
n64	deletion
n65	63	1	0	72	5.541666666666668
n68	68	1	0	72	5.848958333333335
n63	64	1	0	75	5.3395833333333345
n93	70	1	0	44	5.9645833333333345
n94	72	1	0	51	6.071875000000001
n98	77	1	0	51	6.432291666666669
n95	deletion
n97	deletion
n96	74	1	0	60	6.303125000000001
n72	76	1	0	63	6.272916666666668
n73	75	1	0	68	6.405208333333335
n70	deletion
n71	73	1	0	72	6.144791666666668
n74	78	1	0	72	6.479166666666669
n69	71	1	0	75	5.946875000000001
n123	79	1	0	44	6.609375000000003
n124	81	1	0	51	6.894791666666667
n128	87	1	0	51	7.252083333333335
n127	84	1	0	55	7.086458333333334
n125	deletion
n126	85	1	0	61	7.150000000000001
n102	86	1	0	63	7.134375000000001
n100	80	1	0	70	6.947916666666667
n103	89	1	0	70	7.268750000000002
n101	82	1	0	73	7.022916666666667
n104	88	1	0	73	7.295833333333335
n99	83	1	0	75	6.705208333333336
n129	90	1	0	44	7.396875000000002
n130	91	1	0	51	7.5135416666666694
n134	96	1	0	51	7.890625000000003
n136	101	1	0	51	8.112500000000002
n131	deletion
n133	deletion
n132	94	1	0	61	7.740625000000002
n108	95	1	0	63	7.7322916666666694
n109	99	1	0	70	7.8260416666666694
n106	deletion
n107	92	1	0	73	7.6281250000000025
n110	97	1	0	73	7.907291666666669
n105	93	1	0	75	7.418750000000002
n135	98	1	0	44	7.985416666666669
n140	106	1	0	51	8.475000000000003
n137	deletion
n139	deletion
n138	104	1	0	61	8.347916666666668
n114	105	1	0	63	8.348958333333336
n112	102	1	0	70	8.271875000000001
n115	107	1	0	70	8.442708333333336
n113	103	1	0	73	8.223958333333336
n116	108	1	0	73	8.520833333333336
n111	100	1	0	77	8.027083333333335
n141	109	1	0	44	8.633333333333336
n142	110	1	0	51	8.744791666666671
n146	117	1	0	51	9.098958333333336
n143	deletion
n145	deletion
n144	deletion
n120	114	1	0	63	8.914583333333336
n118	111	1	0	70	8.809375000000005
n121	115	1	0	70	9.006250000000003
n119	112	1	0	73	8.827083333333338
n122	116	1	0	73	9.091666666666669
n117	113	1	0	75	8.625000000000004
n171	118	1	0	44	9.257291666666669
n172	120	1	0	51	9.61979166666667
n176	125	1	0	51	10.032291666666667
n175	122	1	0	56	9.823958333333335
n173	deletion
n174	deletion
n150	124	1	0	63	9.909375000000002
n148	121	1	0	72	9.661458333333336
n151	127	1	0	72	10.003125
n149	123	1	0	75	9.868750000000002
n152	126	1	0	75	10.0625
n147	119	1	0	82	9.364583333333336
n177	128	1	0	44	10.15625
n178	130	1	0	51	10.272916666666667
n182	136	1	0	51	10.602083333333335
n181	134	1	0	56	10.488541666666665
n179	deletion
n180	133	1	0	60	10.492708333333333
n156	135	1	0	63	10.491666666666665
n154	131	1	0	72	10.320833333333333
n157	138	1	0	72	10.601041666666667
n155	132	1	0	75	10.382291666666665
n158	137	1	0	75	10.641666666666667
n153	129	1	0	80	10.142708333333333
n183	139	1	0	44	10.7375
n184	143	1	0	52	10.916666666666666
n188	147	1	0	52	11.23125
n187	145	1	0	56	11.056249999999999
n185	deletion
n186	144	1	0	60	11.099999999999998
n162	146	1	0	64	11.089583333333332
n160	141	1	0	72	10.891666666666666
n163	148	1	0	72	11.177083333333332
n161	142	1	0	76	10.973958333333332
n164	149	1	0	76	11.228124999999999
n159	140	1	0	80	10.759375
n189	150	1	0	44	11.355208333333332
n190	154	1	0	52	11.505208333333332
n194	deletion
n191	156	1	0	56	11.647916666666667
n220	161	1	0	56	12.370833333333337
n224	168	1	0	56	12.583333333333337
n226	173	1	0	56	12.884375000000006
n230	178	1	0	56	13.225000000000005
n232	184	1	0	56	13.426041666666672
n193	deletion
n192	155	1	0	60	11.653125000000001
n168	157	1	0	64	11.680208333333335
n166	152	1	0	72	11.489583333333332
n169	158	1	0	72	11.777083333333335
n167	153	1	0	76	11.547916666666666
n170	159	1	0	76	11.867708333333335
n165	151	1	0	80	11.344791666666666
n219	160	1	0	37	11.963541666666668
n223	164	1	0	61	12.47916666666667
n221	deletion
n222	165	1	0	65	12.509375000000004
n198	167	1	0	68	12.518750000000004
n196	162	1	0	73	12.35729166666667
n199	169	1	0	73	12.608333333333338
n197	163	1	0	77	12.446875000000004
n200	170	1	0	77	12.660416666666672
n195	166	1	0	80	12.09479166666667
n225	171	1	0	49	12.762500000000005
n227	deletion
n229	deletion
n228	176	1	0	65	13.078125000000005
n204	177	1	0	68	13.058333333333339
n202	172	1	0	73	12.915625000000006
n205	179	1	0	73	13.158333333333339
n203	174	1	0	77	12.959375000000005
n206	180	1	0	77	13.211458333333338
n201	175	1	0	80	12.750000000000005
n231	181	1	0	49	13.327083333333338
n236	188	1	0	56	13.775000000000007
n233	deletion
n235	deletion
n234	186	1	0	65	13.651041666666673
n210	187	1	0	68	13.61458333333334
n208	182	1	0	73	13.47395833333334
n211	189	1	0	73	13.71458333333334
n209	183	1	0	77	13.518750000000006
n212	190	1	0	77	13.785416666666674
n207	185	1	0	80	13.316666666666672
n237	191	1	0	49	13.891666666666673
n238	193	1	0	55	14.042708333333339
n242	197	1	0	55	14.375000000000005
n239	deletion
n241	deletion
n240	deletion
n216	196	1	0	67	14.218750000000005
n214	194	1	0	73	14.050000000000006
n217	198	1	0	73	14.295833333333338
n215	195	1	0	77	14.09270833333334
n218	199	1	0	77	14.396875000000005
n213	192	1	0	82	13.891666666666673
n267	200	1	0	48	14.500000000000004
n268	206	1	0	55	14.856250000000003
n272	deletion
n271	204	1	0	60	15.037500000000003
n269	deletion
n270	205	1	0	65	15.073958333333337
n246	207	1	0	67	15.093750000000004
n244	202	1	0	72	14.959375000000003
n247	210	1	0	72	15.165625000000004
n245	203	1	0	77	14.992708333333336
n248	208	1	0	77	15.229166666666671
n243	201	1	0	84	14.651041666666671
n273	209	1	0	48	15.360416666666671
n274	213	1	0	55	15.512500000000005
n278	216	1	0	55	15.873958333333336
n275	deletion
n277	deletion
n276	214	1	0	64	15.715625000000005
n252	215	1	0	67	15.693750000000005
n253	220	1	0	72	15.867708333333336
n250	deletion
n251	212	1	0	76	15.570833333333338
n254	217	1	0	76	15.89166666666667
n249	211	1	0	82	15.400000000000004
n279	219	1	0	53	15.962500000000002
n280	218	1	0	56	16.190625
n284	225	1	0	56	16.462499999999995
n281	223	1	0	60	16.331249999999997
n283	deletion
n282	224	1	0	65	16.41458333333333
n258	226	1	0	68	16.428124999999994
n259	227	1	0	72	16.556249999999995
n256	deletion
n257	221	1	0	77	16.29583333333333
n260	228	1	0	77	16.63333333333333
n255	222	1	0	80	16.075000000000003
n285	229	1	0	47	16.738541666666666
n286	231	1	0	53	17.026041666666664
n290	236	1	0	53	17.408333333333328
n289	234	1	0	56	17.191666666666666
n287	deletion
n288	233	1	0	63	17.265624999999996
n264	238	1	0	65	17.24583333333333
n262	230	1	0	71	17.094791666666666
n265	237	1	0	71	17.37291666666666
n263	232	1	0	75	17.153125
n266	239	1	0	75	17.443749999999994
n261	235	1	0	77	16.879166666666666
n315	240	1	0	46	17.53749999999999
n316	241	1	0	53	17.778124999999985
n320	248	1	0	53	18.114583333333314
n317	246	1	0	56	17.89479166666665
n319	deletion
n318	244	1	0	63	17.97604166666665
n294	247	1	0	65	17.958333333333314
n292	242	1	0	70	17.82291666666665
n295	253	1	0	70	18.06979166666665
n293	243	1	0	75	17.886458333333316
n296	249	1	0	75	18.126041666666648
n291	245	1	0	77	17.597916666666656
n321	250	1	0	46	18.245833333333312
n322	251	1	0	53	18.368749999999977
n326	258	1	0	53	18.73437499999998
n323	254	1	0	56	18.478124999999977
n325	deletion
n324	255	1	0	63	18.567708333333307
n300	257	1	0	65	18.570833333333308
n301	264	1	0	70	18.652083333333312
n298	deletion
n299	256	1	0	75	18.460416666666642
n302	259	1	0	75	18.735416666666644
n297	252	1	0	79	18.254166666666645
n327	260	1	0	46	18.868749999999974
n333	269	1	0	46	19.50416666666664
n364	280	1	0	46	20.44895833333331
n368	deletion
n328	262	1	0	53	19.023958333333304
n332	267	1	0	53	19.367708333333304
n329	266	1	0	56	19.15416666666664
n331	deletion
n330	deletion
n306	265	1	0	65	19.255208333333304
n307	268	1	0	68	19.38541666666664
n304	deletion
n308	deletion
n305	263	1	0	74	19.109374999999975
n303	261	1	0	80	18.878124999999972
n334	270	1	0	53	19.632291666666642
n338	275	1	0	53	19.851041666666646
n335	273	1	0	56	19.774999999999977
n337	deletion
n312	276	1	0	58	19.85312499999998
n336	deletion
n310	271	1	0	65	19.740624999999977
n313	277	1	0	65	19.98645833333331
n311	272	1	0	68	19.783333333333314
n314	278	1	0	68	20.061458333333313
n309	274	1	0	70	19.552083333333307
n363	279	1	0	39	20.135416666666647
n365	282	1	0	51	20.588541666666643
n367	286	1	0	51	20.808333333333312
n342	285	1	0	58	20.66458333333331
n366	deletion
n340	281	1	0	63	20.51979166666664
n343	291	1	0	63	20.778124999999978
n341	283	1	0	68	20.585416666666642
n344	287	1	0	68	20.883333333333315
n339	284	1	0	70	20.27083333333331
n369	288	1	0	39	21.034374999999983
n370	290	1	0	46	21.158333333333314
n374	295	1	0	46	21.48124999999999
n376	299	1	0	46	21.79895833333332
n371	deletion
n373	deletion
n372	293	1	0	56	21.308333333333316
n415	323	1	0	56	24.322916666666654
n413	deletion
n348	294	1	0	58	21.327083333333317
n349	303	1	0	63	21.45520833333332
n352	deletion
n346	deletion
n347	292	1	0	68	21.18437499999998
n350	296	1	0	68	21.521874999999987
n345	289	1	0	72	20.99687499999998
n375	297	1	0	39	21.63749999999999
n380	305	1	0	46	22.154166666666658
n377	302	1	0	51	21.99687499999999
n360	313	1	0	51	23.010416666666657
n412	319	1	0	51	24.178124999999984
n416	324	1	0	51	24.442708333333318
n418	331	1	0	51	24.764583333333317
n379	deletion
n378	301	1	0	55	22.013541666666658
n354	304	1	0	58	22.11249999999999
n355	306	1	0	61	22.247916666666658
n356	deletion
n353	300	1	0	67	21.90520833333332
n351	298	1	0	73	21.65624999999999
n381	307	1	0	39	22.39687499999999
n382	308	1	0	46	22.720833333333324
n386	315	1	0	46	23.18854166666666
n383	310	1	0	49	22.840624999999992
n385	314	1	0	49	23.03749999999999
n384	deletion
n358	309	1	0	58	22.73541666666666
n361	316	1	0	58	23.09791666666666
n359	312	1	0	61	22.84999999999999
n362	317	1	0	61	23.341666666666658
n357	311	1	0	63	22.48541666666666
n411	318	1	0	32	23.670833333333324
n414	deletion
n390	325	1	0	63	24.381249999999984
n388	320	1	0	68	24.16979166666665
n391	326	1	0	68	24.48020833333332
n389	321	1	0	72	24.252083333333317
n392	327	1	0	72	24.540624999999984
n395	330	1	0	72	24.852083333333315
n387	322	1	0	75	23.80208333333332
n417	328	1	0	44	24.643749999999986
n424	339	1	0	51	25.389583333333313
n422	deletion
n419	deletion
n421	deletion
n420	333	1	0	60	24.99062499999998
n396	334	1	0	63	24.97499999999998
n394	329	1	0	68	24.839583333333316
n397	335	1	0	68	25.05312499999998
n400	338	1	0	68	25.38437499999998
n398	336	1	0	72	25.11562499999998
n401	340	1	0	72	25.448958333333312
n393	332	1	0	75	24.64895833333332
n423	337	1	0	44	25.230208333333312
n428	345	1	0	51	25.66354166666664
n427	342	1	0	56	25.55208333333331
n425	deletion
n426	341	1	0	60	25.560416666666644
n402	344	1	0	63	25.557291666666643
n403	346	1	0	68	25.65104166666664
n404	347	1	0	72	25.69479166666664
n399	343	1	0	75	25.247916666666647
n429	348	1	0	44	25.821874999999974
n430	350	1	0	51	25.965624999999974
n434	356	1	0	51	26.274999999999974
n433	354	1	0	56	26.143749999999972
n431	deletion
n432	353	1	0	60	26.13749999999997
n408	355	1	0	63	26.129166666666638
n406	349	1	0	68	25.96666666666664
n409	360	1	0	68	26.220833333333307
n407	351	1	0	72	26.020833333333307
n410	357	1	0	72	26.27708333333331
n405	352	1	0	75	25.820833333333308
n459	358	1	0	44	26.41041666666664
n460	361	1	0	51	26.613541666666645
n464	364	1	0	51	26.905208333333317
n461	deletion
n463	deletion
n462	deletion
n438	363	1	0	63	26.796874999999982
n439	366	1	0	68	26.877083333333317
n436	deletion
n437	362	1	0	72	26.65937499999998
n440	365	1	0	72	26.96666666666665
n435	359	1	0	77	26.474999999999977
n465	367	1	0	44	27.07604166666665
n466	368	1	0	51	27.19791666666665
n470	373	1	0	51	27.510416666666654
n467	deletion
n469	deletion
n468	371	1	0	60	27.40729166666665
n444	372	1	0	63	27.41458333333332
n445	374	1	0	68	27.504166666666652
n442	deletion
n443	369	1	0	72	27.30416666666665
n446	375	1	0	72	27.584374999999987
n441	370	1	0	75	27.099999999999984
n471	376	1	0	44	27.685416666666654
n472	378	1	0	51	27.81041666666665
n476	382	1	0	51	28.11874999999998
n473	deletion
n475	deletion
n474	380	1	0	60	28.02604166666665
n450	381	1	0	63	28.014583333333317
n451	383	1	0	68	28.14687499999998
n448	deletion
n449	379	1	0	72	27.908333333333317
n452	384	1	0	72	28.192708333333314
n447	377	1	0	75	27.69895833333332
n477	385	1	0	44	28.271874999999984
n478	387	1	0	51	28.392708333333317
n482	393	1	0	51	28.74166666666665
n479	deletion
n481	deletion
n480	390	1	0	60	28.64166666666665
n456	392	1	0	63	28.627083333333317
n454	388	1	0	68	28.51041666666665
n457	391	1	0	68	28.724999999999984
n455	389	1	0	72	28.509374999999984
n458	394	1	0	72	28.823958333333316
n453	386	1	0	75	28.296874999999982
n507	395	1	0	44	28.981249999999985
n508	396	1	0	51	29.196874999999984
n512	404	1	0	51	29.536458333333314
n509	400	1	0	55	29.364583333333314
n511	deletion
n510	401	1	0	61	29.453124999999982
n486	402	1	0	63	29.423958333333317
n484	398	1	0	70	29.235416666666648
n487	403	1	0	70	29.547916666666648
n485	399	1	0	73	29.352083333333315
n488	405	1	0	73	29.624999999999982
n483	397	1	0	75	29.009374999999984
n513	407	1	0	44	29.77395833333332
n514	408	1	0	51	29.928124999999987
n518	415	1	0	51	30.23124999999999
n515	410	1	0	55	30.084374999999987
n517	deletion
n516	411	1	0	61	30.138541666666654
n492	412	1	0	63	30.117708333333322
n490	409	1	0	70	30.065624999999986
n493	413	1	0	70	30.232291666666654
n494	414	1	0	73	30.26249999999999
n491	deletion
n489	406	1	0	82	29.821874999999984
n519	417	1	0	44	30.437499999999986
n520	418	1	0	51	30.597916666666656
n524	423	1	0	51	30.92187499999999
n521	421	1	0	55	30.728124999999988
n523	deletion
n522	deletion
n498	422	1	0	63	30.790624999999988
n496	419	1	0	70	30.716666666666654
n499	424	1	0	70	30.863541666666656
n497	420	1	0	73	30.75520833333332
n500	425	1	0	73	30.947916666666657
n495	416	1	0	84	30.443749999999987
n525	426	1	0	44	31.07187499999999
n526	428	1	0	51	31.17604166666666
n530	436	1	0	51	31.562499999999993
n527	432	1	0	55	31.31770833333333
n529	deletion
n528	431	1	0	61	31.40104166666666
n504	433	1	0	63	31.378124999999994
n502	430	1	0	70	31.311458333333327
n505	435	1	0	70	31.478124999999995
n503	429	1	0	73	31.28541666666666
n506	434	1	0	73	31.564583333333328
n501	427	1	0	79	31.08124999999999
n555	437	1	0	44	31.727083333333333
n556	439	1	0	51	32.006249999999994
n560	445	1	0	51	32.334374999999994
n559	442	1	0	56	32.19166666666666
n557	deletion
n558	443	1	0	60	32.21666666666666
n534	444	1	0	63	32.244791666666664
n532	440	1	0	72	32.048958333333324
n535	446	1	0	72	32.34479166666666
n533	441	1	0	75	32.20208333333333
n536	447	1	0	75	32.381249999999994
n531	438	1	0	82	31.803124999999998
n561	448	1	0	44	32.48749999999999
n562	450	1	0	51	32.61458333333332
n566	456	1	0	51	32.953125
n563	454	1	0	56	32.774999999999984
n565	deletion
n564	453	1	0	60	32.816666666666656
n540	455	1	0	63	32.856249999999996
n538	451	1	0	72	32.67291666666665
n541	457	1	0	72	32.94479166666667
n539	452	1	0	75	32.716666666666654
n542	458	1	0	75	32.989583333333336
n537	449	1	0	80	32.48541666666666
n567	459	1	0	44	33.08645833333334
n568	463	1	0	52	33.26041666666668
n572	467	1	0	52	33.559375
n571	464	1	0	56	33.40729166666667
n569	deletion
n570	465	1	0	60	33.45104166666667
n546	466	1	0	64	33.440625000000004
n544	461	1	0	72	33.26979166666668
n547	469	1	0	72	33.521875
n545	462	1	0	76	33.34062500000001
n548	468	1	0	76	33.603125000000006
n543	460	1	0	80	33.103125000000006
n573	470	1	0	44	33.71354166666667
n574	474	1	0	52	33.85104166666667
n578	deletion
n575	475	1	0	56	33.99062500000001
n577	deletion
n576	476	1	0	60	34.02604166666668
n552	477	1	0	64	34.00416666666668
n550	472	1	0	72	33.834375
n553	478	1	0	72	34.09687500000002
n551	473	1	0	76	33.89270833333334
n554	479	1	0	76	34.19687500000002
n549	471	1	0	80	33.69895833333334
n603	480	1	0	37	34.311458333333356
n604	481	1	0	56	34.7072916666667
n608	488	1	0	56	34.945833333333354
n607	485	1	0	61	34.80520833333336
n605	deletion
n606	486	1	0	65	34.846875000000026
n582	487	1	0	68	34.86354166666669
n580	482	1	0	73	34.68437500000003
n583	489	1	0	73	34.94895833333335
n581	484	1	0	77	34.78125000000003
n584	490	1	0	77	35.01562500000002
n579	483	1	0	80	34.43333333333336
n609	491	1	0	49	35.10833333333335
n610	493	1	0	56	35.23958333333335
n614	499	1	0	56	35.578125000000014
n613	496	1	0	61	35.40520833333335
n611	deletion
n612	495	1	0	65	35.441666666666684
n588	498	1	0	68	35.43437500000002
n586	492	1	0	73	35.256250000000016
n589	500	1	0	73	35.52812500000002
n587	494	1	0	77	35.32395833333335
n590	501	1	0	77	35.57708333333335
n585	497	1	0	80	35.10833333333335
n615	502	1	0	49	35.69479166666668
n616	504	1	0	56	35.81562500000002
n620	510	1	0	56	36.11145833333335
n619	508	1	0	61	36.012500000000024
n617	deletion
n618	507	1	0	65	36.01041666666669
n594	509	1	0	68	35.98645833333335
n592	503	1	0	73	35.81979166666669
n595	511	1	0	73	36.082291666666684
n593	505	1	0	77	35.88125000000002
n596	512	1	0	77	36.144791666666684
n591	506	1	0	80	35.678125000000016
n621	513	1	0	49	36.23750000000002
n622	515	1	0	55	36.34895833333335
n626	521	1	0	55	36.65833333333334
n623	518	1	0	61	36.48958333333334
n625	deletion
n624	519	1	0	65	36.53125000000001
n600	520	1	0	67	36.55520833333334
n598	516	1	0	73	36.38958333333335
n601	522	1	0	73	36.64062500000001
n599	517	1	0	77	36.44375000000001
n602	523	1	0	77	36.72916666666668
n597	514	1	0	82	36.256250000000016
n651	525	1	0	48	36.81354166666668
n652	529	1	0	55	37.125000000000014
n656	deletion
n655	528	1	0	60	37.298958333333346
n653	deletion
n654	530	1	0	65	37.35833333333335
n630	531	1	0	67	37.334375000000016
n628	526	1	0	72	37.209375000000016
n631	532	1	0	72	37.428125000000016
n629	527	1	0	77	37.24583333333335
n632	534	1	0	77	37.51354166666668
n627	524	1	0	84	36.94687500000002
n657	533	1	0	48	37.58333333333335
n658	537	1	0	55	37.71770833333335
n662	542	1	0	55	38.08854166666668
n659	539	1	0	60	37.879166666666684
n661	deletion
n660	540	1	0	65	37.95000000000002
n636	541	1	0	67	37.91770833333335
n634	535	1	0	72	37.771875000000016
n637	543	1	0	72	38.017708333333346
n635	538	1	0	77	37.816666666666684
n638	544	1	0	77	38.10833333333335
n633	536	1	0	79	37.61458333333335
n663	545	1	0	48	38.19479166666669
n664	550	1	0	55	38.35208333333336
n668	deletion
n667	549	1	0	60	38.531250000000036
n665	deletion
n666	551	1	0	64	38.603125000000034
n642	552	1	0	67	38.560416666666704
n640	546	1	0	72	38.40520833333337
n643	553	1	0	72	38.650000000000034
n641	548	1	0	76	38.45000000000004
n644	555	1	0	76	38.761458333333366
n639	547	1	0	79	38.22812500000003
n669	554	1	0	48	38.84270833333336
n670	558	1	0	55	38.9697916666667
n674	deletion
n671	deletion
n673	deletion
n672	deletion
n648	560	1	0	67	39.20520833333337
n646	557	1	0	72	39.015625000000036
n649	561	1	0	72	39.34687500000003
n647	559	1	0	76	39.089583333333366
n650	564	1	0	76	39.453125000000036
n645	556	1	0	79	38.855208333333366
n699	562	1	0	43	39.567708333333364
n700	566	1	0	50	39.8635416666667
n704	570	1	0	50	40.45208333333336
n701	565	1	0	55	40.07083333333336
n703	deletion
n702	568	1	0	59	40.27604166666669
n678	569	1	0	65	40.33020833333336
n676	575	1	0	71	39.89895833333336
n679	deletion
n677	567	1	0	76	40.175000000000026
n680	571	1	0	76	40.473958333333364
n675	563	1	0	79	39.66770833333337
n705	572	1	0	43	40.56145833333336
n706	576	1	0	50	40.661458333333364
n710	580	1	0	50	41.07604166666671
n712	584	1	0	50	41.28125000000005
n707	574	1	0	55	40.8197916666667
n713	587	1	0	55	41.427083333333385
n709	deletion
n715	deletion
n708	578	1	0	59	40.91666666666671
n684	579	1	0	65	40.894791666666706
n685	585	1	0	71	40.98541666666671
n682	deletion
n683	577	1	0	74	40.73645833333337
n686	581	1	0	74	41.05208333333338
n681	573	1	0	79	40.554166666666696
n711	582	1	0	43	41.17604166666671
n717	593	1	0	43	41.76770833333338
n748	605	1	0	43	42.68437500000003
n752	611	1	0	43	43.138541666666704
n716	590	1	0	50	41.610416666666715
n714	588	1	0	62	41.52291666666672
n690	589	1	0	65	41.50625000000005
n691	591	1	0	71	41.59583333333338
n688	deletion
n689	586	1	0	77	41.35729166666672
n692	592	1	0	77	41.668750000000045
n687	583	1	0	79	41.151041666666714
n718	595	1	0	50	41.89166666666671
n722	599	1	0	50	42.107291666666704
n719	597	1	0	55	42.05312500000004
n721	deletion
n720	deletion
n696	600	1	0	65	42.10520833333337
n694	596	1	0	71	41.86979166666671
n697	601	1	0	71	42.20520833333337
n695	598	1	0	76	41.95000000000004
n698	602	1	0	76	42.2979166666667
n693	594	1	0	79	41.744791666666714
n747	603	1	0	36	42.413541666666696
n751	606	1	0	48	42.86250000000003
n749	deletion
n750	609	1	0	55	43.00312500000003
n726	610	1	0	60	43.01770833333337
n724	607	1	0	65	42.723958333333364
n727	612	1	0	65	43.122916666666704
n725	608	1	0	67	42.94583333333337
n728	614	1	0	67	43.20937500000004
n723	604	1	0	74	42.48333333333336
n753	613	1	0	36	43.23958333333337
n754	616	1	0	43	43.34895833333337
n758	622	1	0	43	43.75520833333337
n760	626	1	0	43	43.98958333333338
n755	619	1	0	48	43.531250000000036
n757	deletion
n756	621	1	0	55	43.68437500000004
n732	620	1	0	60	43.5947916666667
n730	617	1	0	64	43.42708333333337
n733	623	1	0	64	43.703125000000036
n734	629	1	0	67	43.83333333333337
n737	deletion
n731	deletion
n729	615	1	0	72	43.25520833333337
n759	624	1	0	36	43.88645833333337
n764	632	1	0	43	44.39895833333338
n761	628	1	0	48	44.186458333333384
n763	deletion
n762	deletion
n738	630	1	0	60	44.22708333333338
n736	627	1	0	62	44.09375000000005
n739	631	1	0	62	44.35625000000005
n740	633	1	0	67	44.47812500000005
n735	625	1	0	72	43.86979166666671
n765	634	1	0	36	44.55833333333337
n766	636	1	0	43	44.717708333333384
n767	deletion
n795	644	1	0	48	45.7020833333334
n797	650	1	0	48	46.04791666666673
n799	654	1	0	48	46.34375000000007
n801	659	1	0	48	46.596875000000075
n803	665	1	0	48	46.92500000000007
n769	deletion
n768	638	1	0	55	44.979166666666714
n744	639	1	0	60	44.89583333333338
n742	637	1	0	64	44.73645833333338
n745	641	1	0	64	45.05208333333338
n746	642	1	0	67	45.16145833333338
n743	deletion
n741	635	1	0	72	44.53541666666671
n794	643	1	0	40	45.31979166666671
n796	648	1	0	58	45.94375000000006
n773	649	1	0	60	45.88125000000006
n771	645	1	0	67	45.69791666666673
n774	651	1	0	67	45.97187500000006
n772	646	1	0	70	45.78125000000006
n775	652	1	0	70	46.0927083333334
n770	647	1	0	72	45.445833333333375
n798	653	1	0	40	46.1927083333334
n800	657	1	0	58	46.50729166666674
n779	658	1	0	60	46.47291666666674
n780	660	1	0	67	46.58854166666674
n777	deletion
n778	655	1	0	70	46.35104166666674
n781	661	1	0	70	46.65104166666674
n784	666	1	0	70	46.92916666666674
n776	656	1	0	72	46.166666666666735
n802	662	1	0	40	46.789583333333404
n805	668	1	0	48	47.22187500000007
n804	667	1	0	58	47.1052083333334
n785	669	1	0	60	47.051041666666734
n783	663	1	0	67	46.945833333333404
n786	670	1	0	67	47.151041666666735
n787	671	1	0	70	47.23437500000007
n782	664	1	0	73	46.75625000000007
n806	672	1	0	40	47.36875000000007
n807	674	1	0	48	47.515625000000064
n809	680	1	0	48	47.80729166666673
n808	677	1	0	58	47.65937500000006
n791	679	1	0	60	47.611458333333395
n789	673	1	0	67	47.502083333333395
n792	678	1	0	67	47.709375000000065
n790	675	1	0	70	47.52500000000006
n793	681	1	0	70	47.80937500000006
n788	676	1	0	72	47.340625000000074
n834	682	1	0	41	47.921875000000064
n835	684	1	0	48	48.23229166666674
n837	690	1	0	48	48.518750000000075
n836	686	1	0	58	48.369791666666735
n813	688	1	0	60	48.31979166666674
n811	683	1	0	65	48.200000000000074
n814	694	1	0	65	48.452083333333405
n812	685	1	0	70	48.25625000000007
n815	689	1	0	70	48.49166666666674
n810	687	1	0	72	48.01250000000007
n838	691	1	0	41	48.656250000000085
n839	695	1	0	48	48.79791666666675
n841	700	1	0	48	49.08645833333341
n840	696	1	0	56	48.93541666666675
n819	698	1	0	60	48.938541666666744
n820	697	1	0	65	49.01979166666674
n817	deletion
n818	693	1	0	68	48.84687500000008
n821	699	1	0	68	49.09270833333341
n816	692	1	0	74	48.652083333333415
n842	701	1	0	41	49.26875000000008
n843	704	1	0	48	49.41562500000009
n845	709	1	0	48	49.713541666666764
n844	705	1	0	55	49.55416666666676
n825	706	1	0	60	49.54583333333343
n823	707	1	0	67	49.455208333333424
n826	deletion
n824	703	1	0	72	49.461458333333425
n827	708	1	0	72	49.700000000000095
n822	702	1	0	76	49.253125000000075
n846	711	1	0	41	49.882291666666774
n847	714	1	0	48	50.06979166666679
n849	deletion
n848	715	1	0	53	50.18333333333346
n831	deletion
n829	713	1	0	68	50.06979166666679
n832	716	1	0	68	50.30625000000012
n833	717	1	0	72	50.383333333333454
n830	deletion
n828	710	1	0	77	49.868750000000105
n874	718	1	0	43	50.492708333333454
n875	719	1	0	51	50.772916666666795
n877	725	1	0	51	51.00833333333346
n876	723	1	0	61	50.91875000000013
n853	724	1	0	63	50.88437500000013
n851	720	1	0	70	50.714583333333465
n854	726	1	0	70	50.985416666666794
n852	721	1	0	73	50.782291666666794
n855	727	1	0	73	51.04270833333346
n850	722	1	0	75	50.551041666666784
n878	728	1	0	43	51.172916666666794
n879	730	1	0	51	51.30104166666679
n881	735	1	0	51	51.579166666666794
n880	732	1	0	61	51.45208333333346
n859	734	1	0	63	51.43958333333346
n857	729	1	0	70	51.31041666666679
n860	736	1	0	70	51.53333333333346
n858	731	1	0	73	51.331250000000125
n861	737	1	0	73	51.5979166666668
n856	733	1	0	75	51.14895833333346
n882	738	1	0	43	51.71145833333346
n883	740	1	0	51	51.860416666666794
n885	744	1	0	51	52.12187500000013
n884	743	1	0	61	52.0010416666668
n865	747	1	0	63	52.017708333333466
n863	741	1	0	70	51.91250000000013
n866	745	1	0	70	52.11250000000013
n864	742	1	0	73	51.911458333333464
n867	746	1	0	73	52.181250000000134
n862	739	1	0	77	51.72500000000013
n886	748	1	0	43	52.28958333333347
n887	749	1	0	51	52.45208333333347
n889	756	1	0	51	52.72812500000012
n888	752	1	0	61	52.59270833333346
n871	754	1	0	63	52.61875000000013
n869	750	1	0	70	52.4604166666668
n872	755	1	0	70	52.72500000000012
n870	751	1	0	73	52.502083333333466
n873	757	1	0	73	52.79270833333345
n868	753	1	0	75	52.308333333333465
n914	758	1	0	44	52.910416666666784
n915	761	1	0	51	53.239583333333464
n917	766	1	0	51	53.5729166666668
n916	762	1	0	61	53.42083333333346
n893	764	1	0	63	53.39895833333346
n891	759	1	0	68	53.2479166666668
n894	767	1	0	68	53.5104166666668
n892	760	1	0	73	53.315625000000125
n895	765	1	0	73	53.53437500000013
n890	763	1	0	75	53.026041666666785
n918	769	1	0	44	53.72187500000013
n919	771	1	0	51	53.8510416666668
n921	776	1	0	51	54.181250000000134
n920	774	1	0	60	54.01250000000013
n899	773	1	0	63	54.017708333333466
n897	770	1	0	68	53.9041666666668
n900	775	1	0	68	54.115625000000136
n898	772	1	0	72	53.877083333333466
n901	777	1	0	72	54.208333333333464
n896	768	1	0	77	53.71145833333347
n922	779	1	0	44	54.35208333333346
n923	782	1	0	51	54.481250000000124
n925	787	1	0	51	54.82083333333347
n924	784	1	0	58	54.65000000000013
n905	783	1	0	63	54.65833333333346
n903	780	1	0	68	54.547916666666794
n906	785	1	0	68	54.75312500000013
n904	781	1	0	72	54.46145833333346
n907	786	1	0	72	54.85000000000013
n902	778	1	0	79	54.32812500000013
n926	789	1	0	44	55.01875000000013
n927	792	1	0	51	55.171875000000135
n929	795	1	0	51	55.491666666666795
n928	794	1	0	56	55.34687500000014
n911	793	1	0	63	55.36458333333347
n909	791	1	0	68	55.254166666666805
n912	796	1	0	68	55.4385416666668
n910	790	1	0	72	55.176041666666805
n913	797	1	0	72	55.53958333333346
n908	788	1	0	80	54.98750000000013
n954	798	1	0	39	55.7322916666668
n955	801	1	0	55	56.11770833333347
n957	804	1	0	55	56.35312500000014
n956	802	1	0	60	56.225000000000136
n933	805	1	0	67	56.1791666666668
n931	799	1	0	72	56.0260416666668
n934	807	1	0	72	56.303125000000136
n932	800	1	0	75	56.087500000000134
n935	806	1	0	75	56.35520833333347
n930	803	1	0	79	55.825000000000124
n958	808	1	0	48	56.457291666666805
n959	809	1	0	55	56.631250000000136
n961	deletion
n960	812	1	0	60	56.76458333333347
n939	814	1	0	67	56.771875000000136
n937	810	1	0	72	56.5947916666668
n940	817	1	0	72	56.91145833333347
n938	811	1	0	75	56.66458333333347
n941	815	1	0	75	56.95000000000014
n936	813	1	0	79	56.475000000000136
n962	816	1	0	41	57.05416666666681
n963	819	1	0	50	57.311458333333476
n965	824	1	0	50	57.663541666666795
n964	821	1	0	60	57.48750000000013
n945	822	1	0	68	57.484375000000135
n946	823	1	0	72	57.60000000000013
n943	deletion
n944	818	1	0	74	57.367708333333475
n947	825	1	0	74	57.6916666666668
n942	820	1	0	80	57.14479166666681
n966	826	1	0	43	57.7697916666668
n967	828	1	0	50	58.050000000000146
n970	834	1	0	50	58.45104166666682
n969	832	1	0	55	58.380208333333485
n968	831	1	0	59	58.25729166666681
n951	835	1	0	65	58.288541666666816
n949	827	1	0	71	58.09895833333348
n952	833	1	0	71	58.39062500000015
n950	830	1	0	74	58.168750000000145
n953	836	1	0	74	58.469791666666815
n948	829	1	0	77	57.8854166666668
n995	841	1	0	48	58.630208333333485
n996	840	1	0	52	58.87812500000016
n1000	845	1	0	52	59.308333333333515
n997	837	1	0	55	59.02812500000018
n999	deletion
n998	842	1	0	60	59.146875000000186
n974	846	1	0	64	59.15104166666685
n972	838	1	0	67	59.048958333333516
n975	844	1	0	67	59.26875000000018
n973	839	1	0	72	59.04062500000018
n976	847	1	0	72	59.33333333333351
n971	843	1	0	76	58.743750000000155
n1001	852	1	0	48	59.455208333333516
n1002	849	1	0	53	59.58958333333352
n1006	856	1	0	53	59.97291666666686
n1003	850	1	0	56	59.725000000000186
n1005	deletion
n1004	853	1	0	59	59.832291666666855
n980	854	1	0	62	59.82500000000019
n978	848	1	0	68	59.62812500000019
n981	858	1	0	68	59.92187500000019
n979	851	1	0	71	59.68541666666685
n982	857	1	0	71	60.00000000000019
n977	855	1	0	74	59.480208333333515
n1007	859	1	0	48	60.139583333333526
n1008	861	1	0	53	60.30833333333352
n1012	866	1	0	53	60.615625000000186
n1009	863	1	0	56	60.425000000000196
n1011	deletion
n1010	865	1	0	62	60.52708333333352
n986	867	1	0	65	60.48645833333352
n984	862	1	0	68	60.33333333333353
n987	868	1	0	68	60.629166666666855
n985	864	1	0	71	60.38645833333353
n988	869	1	0	71	60.72187500000019
n983	860	1	0	77	60.18125000000019
n1013	870	1	0	48	60.76666666666685
n1014	873	1	0	52	60.953125000000185
n1018	879	1	0	52	61.33229166666687
n1015	874	1	0	56	61.05729166666687
n1017	deletion
n1016	876	1	0	62	61.22291666666687
n992	877	1	0	64	61.17604166666687
n990	872	1	0	68	61.03541666666687
n993	878	1	0	68	61.245833333333536
n991	875	1	0	71	61.02916666666687
n994	880	1	0	71	61.36770833333353
n989	871	1	0	76	60.83020833333351
n1043	881	1	0	48	61.451041666666875
n1044	884	1	0	52	61.63437500000022
n1048	890	1	0	52	62.04791666666688
n1045	883	1	0	55	61.77708333333356
n1047	deletion
n1046	886	1	0	60	61.878125000000225
n1022	889	1	0	64	61.87187500000023
n1020	882	1	0	67	61.73854166666689
n1023	888	1	0	67	61.97708333333355
n1021	885	1	0	72	61.76145833333356
n1024	891	1	0	72	62.03541666666688
n1019	887	1	0	76	61.53125000000021
n1049	893	1	0	47	62.17083333333355
n1050	894	1	0	53	62.402083333333564
n1054	900	1	0	53	62.75416666666691
n1056	906	1	0	53	63.090625000000266
n1051	895	1	0	56	62.53437500000024
n1053	deletion
n1052	897	1	0	59	62.61666666666691
n1028	899	1	0	62	62.58750000000024
n1026	892	1	0	68	62.470833333333566
n1029	902	1	0	68	62.68125000000025
n1027	896	1	0	71	62.48750000000023
n1030	901	1	0	71	62.80104166666691
n1033	907	1	0	71	63.139583333333604
n1025	898	1	0	74	62.23333333333355
n1055	903	1	0	47	62.929166666666916
n1060	910	1	0	53	63.40104166666694
n1057	908	1	0	56	63.2052083333336
n1059	deletion
n1058	909	1	0	62	63.30312500000027
n1034	911	1	0	65	63.25000000000027
n1032	905	1	0	68	63.110416666666936
n1035	912	1	0	68	63.37916666666694
n1036	913	1	0	71	63.46354166666694
n1031	904	1	0	77	62.92395833333358
n1061	914	1	0	47	63.52812500000027
n1062	915	1	0	52	63.741666666666944
n1066	923	1	0	52	64.22812500000026
n1063	916	1	0	56	63.86250000000028
n1065	921	1	0	56	64.13541666666694
n1064	920	1	0	62	64.02395833333361
n1040	922	1	0	64	64.00416666666695
n1038	917	1	0	68	63.77187500000028
n1041	924	1	0	68	64.14062500000027
n1039	918	1	0	71	63.87395833333361
n1042	925	1	0	71	64.2427083333336
n1037	919	1	0	76	63.60937500000027
n1091	926	1	0	45	64.42500000000027
n1092	927	1	0	52	64.77395833333358
n1096	933	1	0	52	65.12812500000024
n1095	928	1	0	57	64.89583333333358
n1093	deletion
n1094	932	1	0	61	65.03333333333357
n1070	934	1	0	64	65.0197916666669
n1068	929	1	0	69	64.76458333333358
n1071	935	1	0	69	65.15520833333358
n1069	930	1	0	73	64.86145833333359
n1072	937	1	0	73	65.17916666666692
n1067	931	1	0	76	64.52291666666693
n1097	936	1	0	45	65.27291666666693
n1098	938	1	0	54	65.4458333333336
n1102	944	1	0	54	65.78125000000026
n1104	947	1	0	54	66.06562500000024
n1099	939	1	0	57	65.54062500000026
n1101	deletion
n1100	deletion
n1076	942	1	0	62	65.63125000000025
n1074	940	1	0	69	65.55208333333358
n1077	949	1	0	69	65.73333333333359
n1075	941	1	0	71	65.5114583333336
n1078	945	1	0	71	65.81250000000026
n1073	943	1	0	74	65.31666666666693
n1103	946	1	0	45	65.91666666666691
n1109	deletion
n1108	953	1	0	54	66.36875000000022
n1105	deletion
n1107	deletion
n1106	951	1	0	62	66.32187500000022
n1082	952	1	0	66	66.26250000000022
n1083	954	1	0	69	66.37812500000021
n1080	deletion
n1081	950	1	0	71	66.1354166666669
n1084	955	1	0	71	66.44062500000021
n1079	948	1	0	78	65.96458333333358
n1110	958	1	0	52	66.69062500000022
n1114	963	1	0	52	67.03229166666686
n1111	deletion
n1113	deletion
n1112	deletion
n1088	962	1	0	64	66.87395833333353
n1086	957	1	0	68	66.70312500000021
n1089	961	1	0	68	66.96354166666687
n1087	960	1	0	74	66.77916666666687
n1090	964	1	0	74	67.05416666666686
n1085	959	1	0	76	66.56875000000022
n1139	965	1	0	45	67.1843750000002
n1140	966	1	0	52	67.35520833333351
n1144	975	1	0	52	67.6875000000002
n1141	967	1	0	57	67.46666666666684
n1143	973	1	0	57	67.63437500000019
n1142	970	1	0	61	67.55833333333352
n1118	972	1	0	64	67.54895833333352
n1116	968	1	0	69	67.40000000000018
n1119	974	1	0	69	67.63645833333352
n1117	969	1	0	73	67.44166666666685
n1120	976	1	0	73	67.7218750000002
n1115	971	1	0	76	67.22395833333353
n1145	977	1	0	45	67.83645833333352
n1146	981	1	0	52	67.99895833333353
n1150	985	1	0	52	68.3052083333335
n1147	978	1	0	57	68.08750000000019
n1149	984	1	0	57	68.2645833333335
n1148	983	1	0	61	68.19062500000018
n1124	986	1	0	69	68.20520833333352
n1122	980	1	0	73	68.03541666666686
n1125	987	1	0	73	68.30416666666683
n1123	982	1	0	76	68.1000000000002
n1126	988	1	0	76	68.3927083333335
n1121	979	1	0	81	67.89479166666686
n1151	989	1	0	45	68.44479166666684
n1152	991	1	0	51	68.71666666666682
n1156	999	1	0	51	69.13437500000013
n1153	993	1	0	54	68.80833333333348
n1155	997	1	0	54	69.03437500000014
n1154	995	1	0	60	68.92604166666682
n1130	996	1	0	69	68.94375000000015
n1128	992	1	0	75	68.73958333333348
n1131	998	1	0	75	69.0385416666668
n1129	994	1	0	78	68.83854166666681
n1132	1000	1	0	78	69.15208333333347
n1127	990	1	0	83	68.55937500000017
n1157	1002	1	0	44	69.25416666666679
n1158	1003	1	0	51	69.5187500000001
n1162	1009	1	0	51	69.91354166666675
n1159	1004	1	0	54	69.6312500000001
n1161	1008	1	0	54	69.82812500000007
n1160	1006	1	0	60	69.74375000000009
n1136	1010	1	0	68	69.79791666666675
n1134	1005	1	0	75	69.56145833333343
n1137	1011	1	0	75	69.9052083333334
n1135	1007	1	0	78	69.6937500000001
n1138	1012	1	0	78	70.03541666666675
n1133	1001	1	0	84	69.35000000000012
n1187	1013	1	0	37	70.20937500000008
n1192	1020	1	0	56	70.98854166666672
n1194	1024	1	0	56	71.16354166666672
n1188	deletion
n1191	1019	1	0	58	70.87604166666672
n1189	deletion
n1190	1017	1	0	61	70.77812500000006
n1166	1018	1	0	65	70.82291666666673
n1164	1015	1	0	73	70.59479166666672
n1167	1021	1	0	73	70.88541666666673
n1165	1016	1	0	77	70.71562500000006
n1168	1022	1	0	77	70.95833333333339
n1163	1014	1	0	84	70.33541666666673
n1193	1023	1	0	49	71.05937500000005
n1198	1030	1	0	56	71.31562500000004
n1195	1026	1	0	58	71.22812500000005
n1197	deletion
n1196	1027	1	0	61	71.26875000000004
n1172	1031	1	0	65	71.3854166666667
n1170	1028	1	0	73	71.16666666666671
n1173	1032	1	0	73	71.4666666666667
n1171	1029	1	0	77	71.26250000000005
n1174	1033	1	0	77	71.57708333333336
n1169	1025	1	0	82	71.05208333333339
n1199	1034	1	0	37	71.66458333333335
n1200	1037	1	0	56	72.04895833333336
n1204	1042	1	0	56	72.315625
n1201	1038	1	0	58	72.10208333333335
n1203	1040	1	0	58	72.28541666666666
n1202	1039	1	0	61	72.19375000000001
n1178	1041	1	0	65	72.19583333333334
n1176	1036	1	0	70	72.05416666666669
n1179	1043	1	0	70	72.278125
n1180	1045	1	0	73	72.35833333333333
n1177	deletion
n1175	1035	1	0	85	71.7979166666667
n1205	1044	1	0	49	72.43854166666668
n1206	1046	1	0	56	72.55416666666667
n1210	1052	1	0	56	72.78541666666668
n1207	1051	1	0	58	72.6375
n1209	deletion
n1208	1050	1	0	61	72.70937500000001
n1184	1053	1	0	65	72.76041666666669
n1182	1048	1	0	70	72.65104166666667
n1185	1055	1	0	70	72.90937500000001
n1183	1049	1	0	73	72.66145833333334
n1186	1054	1	0	73	72.92812500000001
n1181	1047	1	0	77	72.46770833333335
n1235	1056	1	0	39	73.06145833333335
n1236	1058	1	0	51	73.45312499999999
n1240	1064	1	0	51	73.74166666666665
n1239	1061	1	0	56	73.57187499999998
n1237	deletion
n1238	1062	1	0	60	73.62291666666664
n1214	1063	1	0	63	73.63333333333331
n1212	1059	1	0	72	73.43020833333333
n1215	1066	1	0	72	73.7177083333333
n1213	1060	1	0	75	73.56666666666665
n1216	1065	1	0	75	73.77187499999998
n1211	1057	1	0	82	73.16354166666667
n1241	1067	1	0	48	73.81770833333331
n1242	1069	1	0	51	73.93229166666664
n1246	deletion
n1243	1071	1	0	56	74.05312499999997
n1245	deletion
n1244	deletion
n1220	1073	1	0	63	74.15729166666662
n1218	1070	1	0	72	74.0177083333333
n1221	1074	1	0	72	74.27083333333329
n1219	1072	1	0	75	74.0677083333333
n1222	1075	1	0	75	74.33958333333328
n1217	1068	1	0	80	73.86562499999998
n1247	1076	1	0	39	74.4822916666666
n1248	1079	1	0	51	74.82604166666658
n1252	1084	1	0	51	75.0437499999999
n1249	deletion
n1251	deletion
n1250	1081	1	0	60	74.96666666666658
n1226	1082	1	0	63	74.94374999999992
n1224	1078	1	0	68	74.79062499999992
n1227	1083	1	0	68	75.00520833333324
n1225	1080	1	0	72	74.88229166666659
n1228	1085	1	0	72	75.07395833333324
n1223	1077	1	0	84	74.53333333333326
n1253	1086	1	0	48	75.1812499999999
n1254	deletion
n1258	deletion
n1255	1091	1	0	56	75.38749999999992
n1257	deletion
n1256	1090	1	0	60	75.46562499999992
n1232	1093	1	0	63	75.49062499999992
n1230	1087	1	0	68	75.36666666666659
n1233	1092	1	0	68	75.57812499999991
n1231	1089	1	0	72	75.38437499999992
n1234	1094	1	0	72	75.65833333333325
n1229	1088	1	0	75	75.19270833333324
n1283	1095	1	0	39	75.75416666666659
n1284	deletion
n1288	1104	1	0	51	76.4656249999999
n1290	1107	1	0	51	76.59583333333323
n1294	1111	1	0	51	76.82604166666655
n1296	1120	1	0	51	77.35416666666656
n1300	1127	1	0	51	77.64583333333321
n1302	deletion
n1287	1101	1	0	55	76.33020833333323
n1285	deletion
n1262	1100	1	0	61	76.1906249999999
n1286	deletion
n1260	1096	1	0	67	76.03020833333322
n1263	1103	1	0	67	76.28333333333323
n1261	1099	1	0	70	76.09062499999989
n1264	1102	1	0	70	76.3562499999999
n1259	1097	1	0	75	75.83333333333326
n1289	1105	1	0	46	76.51458333333323
n1291	1109	1	0	55	76.6906249999999
n1293	deletion
n1268	1112	1	0	61	76.78645833333323
n1292	deletion
n1266	1108	1	0	67	76.65104166666656
n1269	1113	1	0	67	76.87604166666655
n1267	1110	1	0	70	76.67187499999989
n1270	1115	1	0	70	76.96041666666655
n1265	1106	1	0	76	76.47916666666657
n1295	1114	1	0	39	77.03333333333322
n1299	1122	1	0	55	77.52499999999989
n1297	deletion
n1274	1121	1	0	61	77.4249999999999
n1298	1123	1	0	63	77.54583333333322
n1272	1118	1	0	67	77.26145833333322
n1275	1124	1	0	67	77.52812499999989
n1273	1119	1	0	70	77.30624999999989
n1276	1125	1	0	70	77.60312499999988
n1271	1117	1	0	77	77.10833333333322
n1301	1126	1	0	46	77.74791666666655
n1306	1132	1	0	51	78.1031249999999
n1303	1130	1	0	55	77.89999999999989
n1305	deletion
n1280	1136	1	0	61	78.01770833333323
n1304	deletion
n1278	1129	1	0	67	77.86041666666655
n1281	1133	1	0	67	78.13020833333324
n1279	1131	1	0	70	77.93124999999989
n1282	1134	1	0	70	78.2124999999999
n1277	1128	1	0	75	77.71979166666655
n1331	1135	1	0	41	78.3218749999999
n1332	1138	1	0	53	78.70104166666657
n1334	1143	1	0	53	78.91666666666656
n1333	1142	1	0	56	78.79791666666657
n1310	1141	1	0	61	78.7593749999999
n1308	1137	1	0	65	78.59166666666657
n1311	1144	1	0	65	78.85520833333322
n1309	1139	1	0	68	78.6656249999999
n1312	1145	1	0	68	78.9437499999999
n1307	1140	1	0	73	78.40833333333323
n1335	1146	1	0	48	79.06041666666655
n1339	1153	1	0	48	79.41041666666655
n1336	1148	1	0	53	79.24270833333323
n1338	1152	1	0	53	79.29687499999989
n1337	1149	1	0	56	79.2531249999999
n1316	1158	1	0	60	79.36249999999988
n1314	1150	1	0	65	79.17604166666655
n1317	1154	1	0	65	79.46041666666655
n1315	1151	1	0	68	79.25833333333323
n1318	1155	1	0	68	79.54479166666654
n1313	1147	1	0	72	79.0531249999999
n1340	1157	1	0	41	79.61354166666653
n1341	1161	1	0	53	79.98645833333319
n1343	1166	1	0	53	80.22083333333318
n1342	1162	1	0	57	80.10937499999984
n1322	1163	1	0	60	80.10208333333318
n1320	1159	1	0	63	79.88854166666653
n1323	1164	1	0	63	80.1791666666665
n1321	1160	1	0	65	79.96354166666653
n1324	1165	1	0	65	80.29062499999985
n1319	1156	1	0	72	79.73229166666653
n1344	1168	1	0	48	80.35833333333319
n1348	1174	1	0	48	81.08124999999987
n1345	1169	1	0	53	80.7739583333332
n1347	1173	1	0	53	80.98541666666652
n1346	1171	1	0	57	80.89687499999987
n1328	1175	1	0	72	80.98124999999986
n1326	1170	1	0	75	80.73749999999987
n1329	1176	1	0	75	81.1083333333332
n1327	1172	1	0	77	80.85624999999986
n1330	1177	1	0	77	81.25729166666653
n1325	1167	1	0	84	80.54166666666653
n1373	1178	1	0	34	81.4458333333332
n1374	1181	1	0	53	81.91354166666652
n1378	1185	1	0	53	82.22604166666652
n1380	1189	1	0	53	82.44374999999984
n1375	deletion
n1377	deletion
n1376	1182	1	0	61	82.07604166666651
n1352	1184	1	0	65	82.14062499999984
n1350	1180	1	0	73	81.88854166666651
n1353	1187	1	0	73	82.21770833333318
n1351	1183	1	0	77	82.01354166666651
n1354	1188	1	0	77	82.29583333333318
n1349	1179	1	0	84	81.60104166666653
n1379	1186	1	0	46	82.31354166666651
n1384	1194	1	0	53	82.64999999999984
n1381	1191	1	0	58	82.57187499999984
n1383	deletion
n1382	1192	1	0	61	82.59895833333317
n1358	1196	1	0	65	82.75937499999984
n1356	1193	1	0	73	82.53229166666651
n1359	1197	1	0	73	82.8510416666665
n1357	1195	1	0	77	82.61874999999984
n1360	1198	1	0	77	82.9760416666665
n1355	1190	1	0	82	82.3854166666665
n1385	1199	1	0	34	83.08541666666652
n1386	1203	1	0	52	83.53437499999986
n1390	1207	1	0	52	83.8822916666665
n1389	1202	1	0	56	83.62708333333319
n1387	deletion
n1388	1205	1	0	61	83.74374999999985
n1364	1206	1	0	64	83.75104166666651
n1362	1201	1	0	70	83.57708333333319
n1365	1208	1	0	70	83.8322916666665
n1363	1204	1	0	73	83.66458333333318
n1366	1209	1	0	73	83.91770833333317
n1361	1200	1	0	85	83.23229166666651
n1391	1210	1	0	46	84.01979166666649
n1392	1211	1	0	52	84.16770833333315
n1396	1219	1	0	52	84.64687499999982
n1393	1212	1	0	56	84.3135416666665
n1395	1218	1	0	56	84.54895833333316
n1394	1215	1	0	61	84.4510416666665
n1370	1217	1	0	64	84.4697916666665
n1368	1213	1	0	70	84.30937499999983
n1371	1220	1	0	70	84.59895833333316
n1369	1214	1	0	73	84.28541666666649
n1372	1221	1	0	73	84.77708333333317
n1367	1216	1	0	76	84.05208333333316
n1421	1222	1	0	39	85.11562499999984
n1422	1224	1	0	51	85.67604166666648
n1428	1233	1	0	51	86.29479166666654
n1426	deletion
n1425	1226	1	0	56	85.83854166666649
n1423	deletion
n1424	1227	1	0	60	85.92187499999983
n1400	1229	1	0	63	86.01562499999984
n1401	1225	1	0	72	85.73124999999982
n1404	1232	1	0	72	86.10520833333318
n1398	deletion
n1399	1228	1	0	75	85.87499999999983
n1402	1231	1	0	75	86.18541666666653
n1397	1223	1	0	82	85.29062499999984
n1427	1230	1	0	48	86.15833333333319
n1432	deletion
n1429	1235	1	0	56	86.49062499999987
n1431	deletion
n1430	1237	1	0	60	86.53124999999987
n1406	1238	1	0	63	86.61041666666654
n1407	1239	1	0	72	86.7145833333332
n1405	1236	1	0	75	86.49166666666653
n1408	1240	1	0	75	86.81354166666652
n1403	1234	1	0	80	86.28437499999987
n1433	1241	1	0	39	86.94374999999985
n1434	1244	1	0	51	87.38749999999985
n1438	deletion
n1437	1245	1	0	56	87.51562499999984
n1435	deletion
n1436	1247	1	0	60	87.5916666666665
n1412	1248	1	0	63	87.58437499999984
n1410	1243	1	0	68	87.43749999999984
n1413	1249	1	0	68	87.66249999999982
n1411	1246	1	0	72	87.51041666666652
n1414	1250	1	0	72	87.73958333333316
n1409	1242	1	0	84	87.10208333333318
n1439	1251	1	0	48	87.81041666666648
n1440	deletion
n1444	deletion
n1441	1255	1	0	56	88.10208333333314
n1443	deletion
n1442	1254	1	0	60	88.13645833333314
n1418	1257	1	0	63	88.1593749999998
n1416	1252	1	0	68	88.05104166666648
n1419	1258	1	0	68	88.26562499999979
n1417	1253	1	0	72	88.05312499999981
n1420	1259	1	0	72	88.34791666666646
n1415	1256	1	0	75	87.85833333333315
n1469	1260	1	0	39	88.46354166666647
n1470	1262	1	0	57	88.80208333333313
n1472	1267	1	0	57	89.00520833333312
n1471	1266	1	0	60	88.89791666666646
n1448	1265	1	0	63	88.87604166666647
n1446	1261	1	0	69	88.71354166666646
n1449	1272	1	0	69	88.98749999999978
n1447	1263	1	0	72	88.80833333333312
n1450	1268	1	0	72	89.05312499999978
n1445	1264	1	0	75	88.52604166666646
n1473	1269	1	0	51	89.16249999999978
n1477	1274	1	0	51	89.49062499999978
n1474	deletion
n1476	deletion
n1475	1271	1	0	60	89.37187499999978
n1454	1275	1	0	63	89.47291666666645
n1455	1280	1	0	69	89.58333333333312
n1452	deletion
n1453	1273	1	0	72	89.38124999999978
n1456	1277	1	0	72	89.6624999999998
n1451	1270	1	0	77	89.17916666666645
n1478	1276	1	0	39	89.70104166666646
n1479	1279	1	0	57	90.03020833333312
n1481	1287	1	0	57	90.25208333333312
n1480	1282	1	0	60	90.14166666666645
n1460	1283	1	0	63	90.15833333333312
n1461	1285	1	0	69	90.25833333333311
n1458	deletion
n1459	1281	1	0	72	90.06041666666646
n1462	1286	1	0	72	90.33854166666644
n1457	1278	1	0	78	89.83958333333312
n1482	1284	1	0	51	90.35729166666644
n1486	1293	1	0	51	90.72812499999979
n1483	1290	1	0	57	90.59791666666646
n1485	deletion
n1466	1294	1	0	63	90.73541666666645
n1484	1288	1	0	65	90.54999999999978
n1464	1291	1	0	69	90.66562499999979
n1467	1295	1	0	69	90.83541666666645
n1465	1292	1	0	72	90.68437499999979
n1468	1296	1	0	72	90.90937499999977
n1463	1289	1	0	77	90.47499999999978
n1511	1297	1	0	39	90.93854166666644
n1512	1299	1	0	58	91.27291666666645
n1514	1304	1	0	58	91.5114583333331
n1490	1303	1	0	61	91.43124999999976
n1513	1301	1	0	65	91.40520833333309
n1488	1300	1	0	70	91.25624999999978
n1491	1306	1	0	70	91.51562499999976
n1489	1302	1	0	73	91.32395833333311
n1492	1305	1	0	73	91.6020833333331
n1487	1298	1	0	77	91.05520833333311
n1515	1307	1	0	51	91.7083333333331
n1519	1312	1	0	51	91.96770833333312
n1516	1311	1	0	58	91.79999999999977
n1518	deletion
n1517	1309	1	0	61	91.88124999999978
n1496	1314	1	0	65	91.99270833333313
n1494	1310	1	0	70	91.84374999999977
n1497	1315	1	0	70	92.09687499999978
n1495	1313	1	0	73	91.87187499999978
n1498	1316	1	0	73	92.15833333333312
n1493	1308	1	0	79	91.70937499999977
n1520	1317	1	0	39	92.20937499999978
n1521	1319	1	0	59	92.6677083333331
n1523	1327	1	0	59	92.87187499999975
n1522	1322	1	0	62	92.73437499999976
n1502	1323	1	0	65	92.75624999999975
n1500	1320	1	0	71	92.58124999999976
n1503	1325	1	0	71	92.86458333333309
n1501	1321	1	0	74	92.66979166666643
n1504	1326	1	0	74	92.92291666666641
n1499	1318	1	0	80	92.36562499999977
n1524	1324	1	0	51	92.94791666666642
n1528	1333	1	0	51	93.29791666666642
n1525	1330	1	0	59	93.18229166666643
n1527	deletion
n1508	1334	1	0	65	93.30937499999976
n1526	deletion
n1506	1331	1	0	71	93.20937499999975
n1509	1335	1	0	71	93.39791666666643
n1507	1332	1	0	74	93.20208333333309
n1510	1336	1	0	74	93.47083333333309
n1505	1329	1	0	79	93.02291666666642
n1553	1337	1	0	39	93.52916666666641
n1554	1340	1	0	60	93.94895833333307
n1556	1343	1	0	60	94.16249999999974
n1558	1347	1	0	60	94.36249999999973
n1560	deletion
n1532	1342	1	0	63	93.9697916666664
n1555	deletion
n1530	1339	1	0	72	93.84270833333306
n1533	1344	1	0	72	94.06770833333306
n1536	1349	1	0	72	94.39895833333306
n1531	1341	1	0	75	93.88124999999974
n1534	1345	1	0	75	94.1385416666664
n1529	1338	1	0	79	93.64062499999974
n1557	1346	1	0	51	94.24583333333307
n1561	1352	1	0	51	94.56249999999972
n1559	1348	1	0	63	94.43854166666638
n1538	1353	1	0	68	94.52812499999972
n1539	1354	1	0	72	94.64166666666637
n1537	1350	1	0	75	94.44166666666638
n1540	1355	1	0	75	94.71041666666636
n1535	1351	1	0	80	94.24270833333307
n1562	1356	1	0	39	94.78645833333303
n1563	1359	1	0	60	95.12812499999967
n1565	1364	1	0	60	95.370833333333
n1564	deletion
n1544	1362	1	0	69	95.21562499999968
n1542	1358	1	0	72	95.03749999999967
n1545	1363	1	0	72	95.32604166666633
n1543	1360	1	0	75	95.09479166666634
n1546	1365	1	0	75	95.40416666666633
n1541	1357	1	0	81	94.88124999999968
n1566	1366	1	0	51	95.58124999999967
n1567	1369	1	0	60	95.92604166666634
n1571	deletion
n1568	1361	1	0	63	95.22291666666634
n1570	1372	1	0	63	96.03229166666634
n1569	deletion
n1550	1373	1	0	75	96.130208333333
n1548	1370	1	0	81	95.927083333333
n1551	1374	1	0	81	96.25937499999966
n1549	1371	1	0	84	96.05416666666633
n1552	1375	1	0	84	96.35104166666633
n1547	1367	1	0	90	95.70937499999967
n1596	1377	1	0	51	96.455208333333
n1597	1378	1	0	58	96.79791666666631
n1601	1383	1	0	58	97.20208333333296
n1603	1388	1	0	58	97.53020833333296
n1600	1381	1	0	62	97.00104166666631
n1598	deletion
n1599	1380	1	0	68	97.09583333333298
n1575	1384	1	0	70	97.15729166666631
n1573	1379	1	0	77	96.9135416666663
n1576	1385	1	0	77	97.2354166666663
n1579	1389	1	0	77	97.67083333333296
n1574	1382	1	0	80	97.03020833333298
n1577	1387	1	0	80	97.3604166666663
n1580	1390	1	0	80	97.68020833333297
n1583	1402	1	0	80	97.99062499999965
n1586	deletion
n1572	1376	1	0	89	96.583333333333
n1602	1386	1	0	51	97.37499999999963
n1607	1395	1	0	58	97.89999999999965
n1604	1391	1	0	62	97.73645833333298
n1606	deletion
n1605	1392	1	0	68	97.79999999999966
n1581	1394	1	0	70	97.77604166666632
n1582	1396	1	0	77	97.88124999999965
n1578	1393	1	0	82	97.45312499999963
n1608	1397	1	0	51	98.13541666666632
n1609	1399	1	0	58	98.35416666666629
n1613	1407	1	0	58	98.90937499999961
n1610	1401	1	0	61	98.53124999999963
n1612	1404	1	0	61	98.77083333333296
n1611	1403	1	0	68	98.67187499999963
n1587	1405	1	0	70	98.63124999999962
n1585	1400	1	0	76	98.41458333333296
n1588	1406	1	0	76	98.82291666666629
n1589	1408	1	0	80	98.94270833333294
n1584	1398	1	0	85	98.17499999999966
n1614	1409	1	0	51	99.16041666666626
n1615	1410	1	0	58	99.47604166666623
n1619	1418	1	0	58	100.05416666666625
n1616	1413	1	0	61	99.64270833333292
n1618	1417	1	0	61	99.92916666666625
n1617	1415	1	0	63	99.78333333333292
n1593	1416	1	0	67	99.78229166666625
n1591	1412	1	0	73	99.49999999999957
n1594	1419	1	0	73	99.97708333333291
n1592	1414	1	0	75	99.63333333333291
n1595	1420	1	0	75	100.16666666666625
n1590	1411	1	0	79	99.24895833333294
n1644	1422	1	0	44	100.46666666666624
n1645	1423	1	0	51	100.88124999999957
n1649	1429	1	0	51	101.45104166666624
n1651	1434	1	0	51	101.71562499999958
n1648	1425	1	0	56	101.10937499999957
n1646	deletion
n1647	1427	1	0	60	101.24374999999957
n1623	1428	1	0	63	101.2739583333329
n1621	1424	1	0	68	101.02604166666623
n1624	1430	1	0	68	101.38958333333291
n1622	1426	1	0	72	101.13749999999958
n1625	1431	1	0	72	101.44999999999958
n1620	1421	1	0	80	100.59374999999957
n1650	1432	1	0	44	101.61562499999958
n1655	1439	1	0	51	102.03229166666624
n1657	1444	1	0	51	102.30937499999956
n1654	1437	1	0	56	101.93645833333291
n1660	1448	1	0	56	102.49791666666621
n1652	deletion
n1659	1447	1	0	60	102.50312499999954
n1653	deletion
n1629	1438	1	0	63	101.90937499999957
n1627	1433	1	0	68	101.73333333333291
n1630	1440	1	0	68	102.0020833333329
n1633	1443	1	0	68	102.34583333333289
n1628	1435	1	0	72	101.79479166666624
n1631	1441	1	0	72	102.06979166666623
n1634	1445	1	0	72	102.3864583333329
n1626	1436	1	0	75	101.58437499999958
n1656	1442	1	0	44	102.18437499999956
n1661	1449	1	0	51	102.6479166666662
n1658	deletion
n1635	1450	1	0	63	102.47499999999955
n1636	1451	1	0	68	102.56874999999954
n1637	1452	1	0	72	102.64999999999954
n1632	1446	1	0	75	102.18437499999956
n1662	1453	1	0	44	102.78124999999955
n1663	1455	1	0	51	102.87187499999955
n1667	1462	1	0	51	103.20208333333288
n1664	1458	1	0	56	103.07187499999954
n1666	deletion
n1665	1460	1	0	60	103.11562499999954
n1641	1459	1	0	63	103.04791666666621
n1639	1454	1	0	68	102.91041666666621
n1642	1461	1	0	68	103.13645833333288
n1640	1457	1	0	72	102.96562499999955
n1643	1463	1	0	72	103.22083333333288
n1638	1456	1	0	75	102.76458333333288
n1692	1464	1	0	44	103.36770833333287
n1693	1466	1	0	51	103.54583333333287
n1697	1471	1	0	51	103.88229166666622
n1694	1468	1	0	55	103.70520833333288
n1696	deletion
n1695	1470	1	0	61	103.78541666666621
n1671	1472	1	0	63	103.79583333333288
n1669	1467	1	0	70	103.5697916666662
n1672	1473	1	0	70	103.90416666666621
n1670	1469	1	0	73	103.66874999999953
n1673	1474	1	0	73	103.97708333333289
n1668	1465	1	0	77	103.40729166666621
n1698	1475	1	0	44	104.05312499999955
n1699	1476	1	0	51	104.17395833333289
n1703	1484	1	0	51	104.58020833333289
n1700	1479	1	0	55	104.31041666666621
n1702	deletion
n1701	1480	1	0	61	104.40624999999956
n1677	1481	1	0	63	104.3427083333329
n1675	1478	1	0	70	104.27916666666621
n1678	1482	1	0	70	104.44479166666622
n1679	1483	1	0	73	104.51354166666621
n1676	deletion
n1674	1477	1	0	75	104.05416666666622
n1704	1486	1	0	44	104.74479166666622
n1705	1487	1	0	51	104.99479166666622
n1709	1493	1	0	51	105.33437499999955
n1708	1489	1	0	55	105.15416666666621
n1706	deletion
n1707	1492	1	0	61	105.25312499999956
n1683	1491	1	0	63	105.2614583333329
n1681	1488	1	0	70	105.15624999999955
n1684	1494	1	0	70	105.32812499999956
n1682	1490	1	0	73	105.18124999999955
n1685	1496	1	0	73	105.41562499999955
n1680	1485	1	0	84	104.81249999999955
n1710	1495	1	0	44	105.4760416666662
n1711	1498	1	0	51	105.6135416666662
n1715	1504	1	0	51	106.02291666666618
n1712	1501	1	0	55	105.78229166666618
n1714	deletion
n1713	1502	1	0	61	105.85729166666617
n1689	1503	1	0	63	105.83958333333284
n1687	1499	1	0	70	105.74062499999953
n1690	1505	1	0	70	105.9499999999995
n1688	1500	1	0	73	105.74583333333285
n1691	1506	1	0	73	106.10833333333284
n1686	1497	1	0	79	105.50937499999954
n1740	1508	1	0	44	106.26666666666617
n1741	1509	1	0	51	106.64166666666614
n1745	1515	1	0	51	107.08854166666613
n1744	1511	1	0	56	106.83958333333281
n1742	deletion
n1743	1513	1	0	60	106.9427083333328
n1719	1514	1	0	63	107.01249999999946
n1717	1510	1	0	68	106.79479166666614
n1720	1516	1	0	68	107.13749999999946
n1718	1512	1	0	72	106.91249999999948
n1721	1517	1	0	72	107.18749999999946
n1716	1507	1	0	80	106.42083333333282
n1746	1518	1	0	44	107.27499999999947
n1747	1519	1	0	51	107.4552083333328
n1751	1523	1	0	51	107.78541666666615
n1753	1529	1	0	51	108.05520833333283
n1748	deletion
n1750	deletion
n1749	1522	1	0	60	107.66770833333281
n1725	1524	1	0	63	107.6583333333328
n1726	1525	1	0	68	107.75416666666615
n1729	1528	1	0	68	108.08020833333283
n1723	deletion
n1724	1520	1	0	72	107.52812499999948
n1727	1526	1	0	72	107.80937499999949
n1730	1530	1	0	72	108.15208333333284
n1722	1521	1	0	75	107.32187499999947
n1752	1527	1	0	44	107.94270833333283
n1757	1534	1	0	51	108.37499999999952
n1754	deletion
n1756	deletion
n1755	1532	1	0	60	108.28958333333286
n1731	1533	1	0	63	108.26354166666619
n1732	1535	1	0	68	108.34687499999951
n1733	1536	1	0	72	108.40416666666619
n1728	1531	1	0	75	107.9406249999995
n1758	1537	1	0	44	108.53854166666619
n1759	1539	1	0	51	108.65416666666619
n1763	1546	1	0	51	108.99895833333284
n1789	1550	1	0	51	109.41666666666616
n1760	1542	1	0	56	108.83020833333286
n1762	deletion
n1761	1543	1	0	60	108.88541666666619
n1737	1544	1	0	63	108.85104166666619
n1735	1538	1	0	68	108.71354166666619
n1738	1545	1	0	68	108.95833333333285
n1736	1540	1	0	72	108.7697916666662
n1739	1547	1	0	72	109.04166666666617
n1734	1541	1	0	75	108.55208333333286
n1788	1548	1	0	44	109.19791666666616
n1793	1555	1	0	51	109.82499999999952
n1790	1552	1	0	55	109.60937499999949
n1792	deletion
n1791	deletion
n1767	1554	1	0	63	109.75416666666618
n1765	1551	1	0	70	109.5062499999995
n1768	1556	1	0	70	109.84687499999951
n1766	1553	1	0	73	109.61770833333283
n1769	1557	1	0	73	109.9499999999995
n1764	1549	1	0	77	109.26354166666616
n1794	1558	1	0	44	110.00833333333284
n1795	1559	1	0	51	110.1531249999995
n1799	1569	1	0	51	110.69791666666617
n1796	1562	1	0	55	110.3093749999995
n1798	1566	1	0	55	110.56354166666617
n1797	1564	1	0	61	110.4531249999995
n1773	1565	1	0	63	110.44687499999951
n1771	1561	1	0	70	110.25416666666618
n1774	1567	1	0	70	110.55833333333284
n1772	1563	1	0	73	110.30312499999951
n1775	1568	1	0	73	110.72604166666618
n1770	1560	1	0	75	110.0468749999995
n1800	1571	1	0	44	111.06874999999951
n1801	1572	1	0	51	111.46249999999951
n1805	1578	1	0	51	112.04791666666615
n1804	1574	1	0	55	111.69479166666618
n1802	deletion
n1803	1577	1	0	61	111.88333333333283
n1779	1576	1	0	63	111.85520833333283
n1777	1573	1	0	70	111.62395833333284
n1780	1580	1	0	70	111.95416666666615
n1778	1575	1	0	73	111.74479166666617
n1781	1579	1	0	73	112.04999999999949
n1776	1570	1	0	89	111.16249999999951
n1806	1581	1	0	44	112.21458333333281
n1807	1583	1	0	51	112.35104166666615
n1811	1586	1	0	51	112.75312499999949
n1808	deletion
n1810	deletion
n1809	deletion
n1785	1584	1	0	63	112.54687499999949
n1786	1585	1	0	70	112.65937499999949
n1783	deletion
n1787	1587	1	0	73	112.78854166666615
n1784	deletion
n1782	1582	1	0	79	112.17812499999948
n1836	1589	1	0	44	112.99479166666615
n1837	1590	1	0	51	113.35624999999945
n1841	1596	1	0	51	113.86041666666611
n1840	1592	1	0	56	113.57187499999945
n1838	deletion
n1839	1594	1	0	60	113.69479166666612
n1815	1595	1	0	63	113.73958333333277
n1813	1591	1	0	68	113.48854166666612
n1816	1597	1	0	68	113.86979166666612
n1814	1593	1	0	72	113.61354166666612
n1817	1598	1	0	72	113.90729166666611
n1812	1588	1	0	80	113.11562499999948
n1842	1599	1	0	44	114.04062499999944
n1843	1600	1	0	51	114.21770833333278
n1847	1606	1	0	51	114.56979166666612
n1849	1610	1	0	51	114.85312499999944
n1846	1604	1	0	56	114.42395833333278
n1850	1613	1	0	56	115.00937499999944
n1844	deletion
n1852	deletion
n1845	deletion
n1821	1605	1	0	63	114.43958333333278
n1819	1601	1	0	68	114.32708333333277
n1822	1611	1	0	68	114.51458333333278
n1820	1603	1	0	72	114.3197916666661
n1823	1607	1	0	72	114.58854166666612
n1826	1612	1	0	72	114.91041666666611
n1818	1602	1	0	75	114.09999999999944
n1848	1608	1	0	44	114.71770833333278
n1854	1619	1	0	44	115.32499999999943
n1885	1631	1	0	44	116.25624999999943
n1891	1642	1	0	44	117.07395833333274
n1895	1648	1	0	44	117.52291666666609
n1897	1652	1	0	44	117.73854166666608
n1889	deletion
n1853	1616	1	0	51	115.16145833333277
n1855	1620	1	0	51	115.4479166666661
n1859	1626	1	0	51	115.73437499999945
n1886	1632	1	0	51	116.47916666666609
n1888	1637	1	0	51	116.75312499999943
n1892	1644	1	0	51	117.24687499999942
n1894	deletion
n1851	1614	1	0	60	115.0541666666661
n1827	1615	1	0	63	115.05208333333277
n1828	1617	1	0	68	115.16145833333277
n1831	1621	1	0	68	115.54270833333277
n1825	deletion
n1829	1618	1	0	72	115.24374999999944
n1832	1622	1	0	72	115.6010416666661
n1824	1609	1	0	77	114.72291666666611
n1856	1623	1	0	56	115.67604166666611
n1858	deletion
n1857	1624	1	0	60	115.66145833333277
n1833	1628	1	0	63	115.68437499999945
n1834	1627	1	0	68	115.78854166666612
n1835	1629	1	0	72	115.86874999999945
n1830	1625	1	0	75	115.36562499999944
n1884	1630	1	0	39	115.99062499999944
n1887	1635	1	0	56	116.63124999999944
n1863	1638	1	0	61	116.6541666666661
n1861	1634	1	0	63	116.35208333333276
n1864	1643	1	0	63	116.81249999999942
n1862	1636	1	0	68	116.42812499999943
n1865	1639	1	0	68	116.94166666666608
n1860	1633	1	0	73	116.08958333333277
n1890	1640	1	0	39	116.98020833333274
n1893	1646	1	0	56	117.33749999999942
n1869	1647	1	0	60	117.31874999999943
n1870	1653	1	0	63	117.45624999999943
n1867	deletion
n1868	1645	1	0	68	117.22083333333275
n1871	1649	1	0	68	117.50937499999942
n1874	1654	1	0	68	117.84479166666607
n1866	1641	1	0	72	117.02083333333275
n1896	1650	1	0	39	117.63541666666609
n1902	1659	1	0	39	118.26145833333274
n1933	1669	1	0	39	119.1958333333327
n1937	1674	1	0	39	119.73854166666604
n1901	1657	1	0	44	118.13437499999941
n1898	deletion
n1900	deletion
n1899	1655	1	0	56	117.97187499999941
n1875	1656	1	0	61	117.98229166666609
n1876	1658	1	0	63	118.08333333333275
n1873	deletion
n1877	1663	1	0	68	118.18645833333274
n1872	1651	1	0	73	117.63645833333275
n1903	1660	1	0	44	118.34895833333275
n1907	deletion
n1904	deletion
n1906	deletion
n1905	deletion
n1881	1666	1	0	60	118.58229166666608
n1879	1662	1	0	63	118.46458333333274
n1882	1664	1	0	63	118.71354166666607
n1883	1665	1	0	68	118.7968749999994
n1880	deletion
n1878	1661	1	0	72	118.28854166666608
n1932	1667	1	0	32	118.91354166666606
n1934	1670	1	0	44	119.36874999999937
n1936	1673	1	0	44	119.6302083333327
n1935	deletion
n1911	1675	1	0	58	119.48229166666603
n1909	1671	1	0	60	119.38229166666603
n1912	1676	1	0	60	119.6614583333327
n1910	1672	1	0	63	119.3864583333327
n1913	deletion
n1908	1668	1	0	70	119.0156249999994
n1938	1677	1	0	32	119.85833333333271
n1939	1679	1	0	39	119.93749999999937
n1943	1683	1	0	39	120.3802083333327
n1945	1686	1	0	39	120.59374999999936
n1940	deletion
n1942	deletion
n1941	deletion
n1917	1681	1	0	56	120.1552083333327
n1918	1682	1	0	60	120.2770833333327
n1915	deletion
n1916	1680	1	0	63	120.0677083333327
n1919	deletion
n1914	1678	1	0	68	119.83229166666604
n1944	1684	1	0	32	120.51041666666603
n1950	deletion
n1949	1689	1	0	39	121.0270833333327
n1946	1687	1	0	44	120.7489583333327
n1948	deletion
n1947	deletion
n1923	1688	1	0	58	120.79062499999937
n1924	1690	1	0	60	120.95208333333271
n1921	deletion
n1922	deletion
n1925	deletion
n1920	1685	1	0	70	120.4645833333327
n1951	1692	1	0	39	121.2270833333327
n1955	1696	1	0	39	121.64374999999934
n1952	1693	1	0	44	121.39791666666602
n1954	deletion
n1953	deletion
n1929	1694	1	0	56	121.44895833333268
n1930	1695	1	0	60	121.58645833333267
n1927	deletion
n1928	deletion
n1931	1697	1	0	63	121.70729166666601
n1926	1691	1	0	68	121.10729166666603
n1980	1698	1	0	32	121.791666666666
n1981	1700	1	0	39	121.891666666666
n1985	1703	1	0	39	122.32604166666599
n1982	deletion
n1984	deletion
n1983	1701	1	0	51	122.18437499999932
n1959	1702	1	0	58	122.10208333333266
n1960	1704	1	0	60	122.26770833333265
n1957	deletion
n1958	deletion
n1961	deletion
n1956	1699	1	0	70	121.77187499999934
n1986	1705	1	0	32	122.44583333333264
n1987	1707	1	0	39	122.54166666666598
n1991	1710	1	0	39	122.98958333333266
n1993	1713	1	0	39	123.23333333333267
n1988	deletion
n1990	deletion
n1989	deletion
n1965	1708	1	0	56	122.76354166666599
n1966	1709	1	0	60	122.93020833333266
n1969	deletion
n1963	deletion
n1964	deletion
n1967	deletion
n1962	1706	1	0	68	122.43541666666597
n1992	1712	1	0	32	123.122916666666
n1997	1716	1	0	39	123.68541666666599
n1994	1714	1	0	44	123.39687499999933
n1996	deletion
n1995	deletion
n1971	1715	1	0	58	123.44895833333266
n1972	1717	1	0	60	123.62083333333266
n1970	deletion
n1976	1722	1	0	63	124.12187499999935
n1979	1726	1	0	63	124.70520833333269
n2008	1737	1	0	63	125.9124999999993
n2034	1740	1	0	63	126.15208333333261
n1973	deletion
n1968	1711	1	0	70	123.11249999999933
n1998	1718	1	0	32	123.86249999999933
n1999	1721	1	0	39	123.98020833333267
n2003	1727	1	0	39	124.66145833333269
n2002	1724	1	0	44	124.45520833333268
n2000	deletion
n2001	deletion
n1977	1723	1	0	56	124.26562499999935
n1975	1720	1	0	60	124.007291666666
n1978	1725	1	0	60	124.45729166666601
n1974	1719	1	0	68	123.79479166666599
n2027	1728	1	0	32	125.06145833333268
n2028	1729	1	0	39	125.36770833333263
n2029	deletion
n2004	1730	1	0	48	125.37083333333263
n2030	1732	1	0	48	125.63958333333262
n2005	1731	1	0	51	125.50416666666595
n2031	1734	1	0	51	125.78333333333262
n2006	1733	1	0	56	125.64166666666596
n2032	1736	1	0	56	125.9062499999993
n2007	1735	1	0	60	125.79999999999929
n2033	1739	1	0	60	126.04062499999928
n2009	1738	1	0	68	126.03333333333262
n2035	1742	1	0	68	126.2270833333326
n2010	1741	1	0	72	126.14687499999928
n2036	1745	1	0	72	126.36666666666594
n2011	1743	1	0	75	126.24791666666594
n2037	1746	1	0	75	126.47812499999925
n2041	1753	1	0	75	126.83124999999926
n2012	1744	1	0	80	126.36249999999927
n2038	1748	1	0	80	126.57291666666593
n2013	1747	1	0	84	126.47499999999926
n2039	1750	1	0	84	126.66354166666592
n2014	1749	1	0	87	126.5739583333326
n2016	1752	1	0	87	126.7958333333326
n2044	1758	1	0	63	127.14999999999925
n2043	deletion
n2042	1755	1	0	72	126.95937499999926
n2020	1759	1	0	72	127.17499999999926
n2019	1757	1	0	75	127.11666666666592
n2018	1756	1	0	80	126.97083333333259
n2040	deletion
n2017	1754	1	0	84	126.86666666666592
n2015	1751	1	0	92	126.67291666666593
n2045	1761	1	0	56	127.2802083333326
n2046	1762	1	0	63	127.36354166666592
n2021	1760	1	0	68	127.28333333333259
n2047	1764	1	0	68	127.46041666666592
n2022	1763	1	0	72	127.38854166666593
n2048	1766	1	0	72	127.57708333333258
n2023	1765	1	0	75	127.49166666666592
n2049	1768	1	0	75	127.68645833333258
n2024	1767	1	0	80	127.58124999999924
n2050	1770	1	0	80	127.80416666666592
n2025	1769	1	0	84	127.71666666666592
n2026	1771	1	0	87	127.81979166666592
n2080	1780	1	0	63	128.4416666666659
n2079	deletion
n2078	1777	1	0	72	128.2541666666659
n2056	1781	1	0	72	128.4197916666659
n2077	1776	1	0	75	128.13020833333258
n2055	1779	1	0	75	128.3322916666659
n2054	1778	1	0	80	128.24270833333256
n2076	deletion
n2075	1772	1	0	84	127.90729166666591
n2053	1775	1	0	84	128.1229166666659
n2052	1774	1	0	87	128.0697916666659
n2051	1773	1	0	92	127.91979166666592
n2081	1782	1	0	56	128.5447916666659
n2082	1783	1	0	63	128.63124999999923
n2057	deletion
n2083	deletion
n2058	1784	1	0	72	128.63645833333257
n2084	1786	1	0	72	128.84999999999923
n2059	1785	1	0	75	128.75624999999923
n2085	1788	1	0	75	128.94062499999922
n2060	1787	1	0	80	128.8385416666659
n2086	1790	1	0	80	129.0572916666659
n2061	1789	1	0	84	128.96458333333254
n2062	1791	1	0	87	129.0604166666659
n2092	1800	1	0	63	129.6604166666659
n2091	deletion
n2090	deletion
n2068	deletion
n2089	1797	1	0	75	129.35520833333257
n2067	1799	1	0	75	129.5697916666659
n2088	1794	1	0	80	129.25624999999923
n2066	1798	1	0	80	129.4510416666659
n2087	1792	1	0	84	129.1635416666659
n2065	1796	1	0	84	129.3416666666659
n2064	1795	1	0	87	129.2697916666659
n2063	1793	1	0	92	129.14999999999924
n2093	1802	1	0	56	129.7749999999992
n2094	1803	1	0	63	129.84687499999922
n2069	1801	1	0	68	129.7874999999992
n2095	1805	1	0	68	129.93854166666588
n2070	1804	1	0	72	129.87604166666588
n2096	deletion
n2071	1806	1	0	75	129.99166666666588
n2097	1808	1	0	75	130.1843749999992
n2072	1807	1	0	80	130.08020833333254
n2098	1810	1	0	80	130.32291666666583
n2073	1809	1	0	84	130.2062499999992
n2074	1811	1	0	87	130.32499999999916
n2128	1820	1	0	63	131.03020833333255
n2127	1821	1	0	68	131.2385416666659
n2126	1817	1	0	72	130.8124999999992
n2104	1823	1	0	72	131.06874999999923
n2125	1815	1	0	75	130.6781249999992
n2103	1819	1	0	75	130.96458333333254
n2102	1818	1	0	80	130.7937499999992
n2124	deletion
n2123	1812	1	0	84	130.4364583333325
n2101	1816	1	0	84	130.69583333333253
n2100	1814	1	0	87	130.5895833333325
n2099	1813	1	0	92	130.44479166666582
n2129	1822	1	0	56	131.2072916666659
n2130	1824	1	0	63	131.3520833333326
n2134	1832	1	0	63	131.84270833333258
n2131	1826	1	0	68	131.49374999999927
n2133	1830	1	0	68	131.71354166666592
n2111	1834	1	0	68	131.9447916666659
n2137	1838	1	0	68	132.15624999999923
n2139	1842	1	0	68	132.39166666666588
n2117	1846	1	0	68	132.56979166666588
n2143	1850	1	0	68	132.7854166666659
n2145	1854	1	0	68	132.9802083333326
n2147	1859	1	0	68	133.20937499999926
n2173	1862	1	0	68	133.43541666666593
n2175	1866	1	0	68	133.62812499999927
n2105	deletion
n2153	deletion
n2106	1825	1	0	72	131.33333333333258
n2110	1833	1	0	72	131.82708333333258
n2132	1828	1	0	75	131.6427083333326
n2107	1827	1	0	80	131.45312499999926
n2109	1831	1	0	80	131.74999999999926
n2108	1829	1	0	84	131.59270833333258
n2135	1835	1	0	56	131.95833333333258
n2136	1836	1	0	63	132.04687499999923
n2140	1844	1	0	63	132.47395833333255
n2112	1837	1	0	72	132.0604166666659
n2116	1845	1	0	72	132.46979166666588
n2138	1840	1	0	75	132.29270833333257
n2113	1839	1	0	80	132.1479166666659
n2115	1843	1	0	80	132.38124999999923
n2114	1841	1	0	84	132.2635416666659
n2141	1847	1	0	56	132.58124999999922
n2142	1848	1	0	63	132.69999999999922
n2146	1856	1	0	63	133.08854166666595
n2118	1849	1	0	72	132.6916666666659
n2122	1857	1	0	72	133.09062499999928
n2144	1852	1	0	75	132.9135416666659
n2119	1851	1	0	80	132.7885416666659
n2121	1855	1	0	80	133.0052083333326
n2120	1853	1	0	84	132.88541666666592
n2171	1858	1	0	56	133.2052083333326
n2172	1861	1	0	63	133.3177083333326
n2176	1868	1	0	63	133.76666666666594
n2148	1860	1	0	72	133.31979166666594
n2152	1869	1	0	72	133.76770833333262
n2174	1864	1	0	75	133.55624999999927
n2149	1863	1	0	80	133.4270833333326
n2151	1867	1	0	80	133.68124999999927
n2150	1865	1	0	84	133.53437499999927
n2177	1870	1	0	56	133.8906249999993
n2178	1871	1	0	63	133.97499999999928
n2182	1879	1	0	63	134.46249999999932
n2184	1883	1	0	63	134.70208333333264
n2179	1873	1	0	68	134.14062499999932
n2181	1877	1	0	68	134.304166666666
n2154	1872	1	0	72	134.01041666666595
n2158	1880	1	0	72	134.46458333333266
n2160	1884	1	0	72	134.74270833333264
n2180	1876	1	0	75	134.260416666666
n2155	1874	1	0	80	134.1062499999993
n2157	1878	1	0	80	134.36770833333267
n2156	1875	1	0	84	134.21562499999933
n2183	1881	1	0	56	134.5906249999993
n2188	1891	1	0	63	135.27395833333267
n2190	1895	1	0	63	135.54270833333268
n2159	1882	1	0	68	134.6312499999993
n2185	1885	1	0	68	134.82708333333267
n2187	1889	1	0	68	135.10833333333267
n2164	1892	1	0	72	135.251041666666
n2166	1896	1	0	72	135.51562499999935
n2186	1888	1	0	75	135.026041666666
n2161	1886	1	0	80	134.844791666666
n2163	1890	1	0	80	135.11874999999932
n2162	1887	1	0	84	134.985416666666
n2189	1893	1	0	56	135.429166666666
n2194	1903	1	0	63	136.1739583333327
n2165	1894	1	0	68	135.44270833333266
n2191	1897	1	0	68	135.6989583333327
n2193	1901	1	0	68	136.0114583333327
n2170	1904	1	0	72	136.2114583333327
n2192	1899	1	0	75	135.8937499999994
n2167	1898	1	0	80	135.65937499999936
n2169	1902	1	0	80	136.02291666666605
n2168	1900	1	0	84	135.8249999999994
n2201	1906	1	0	56	136.66666666666603
n2195	1905	1	0	68	136.66979166666604
n2202	1907	1	0	44	137.64791666666602
n2203	1908	1	0	51	137.80729166666603
n2204	1909	1	0	60	138.36458333333272
n2196	1912	1	0	80	138.33333333333272
n2197	1910	1	0	92	138.30624999999938
n2209	1913	1	0	38	140.99583333333288
n2210	1914	1	0	39	141.44791666666626
n2225	deletion
n2214	1916	1	0	39	141.84687499999959
n2216	1918	1	0	39	142.0624999999996
n2218	1920	1	0	39	142.2604166666663
n2220	1922	1	0	39	142.44999999999962
n2222	1924	1	0	39	142.62916666666626
n2224	1927	1	0	39	142.8374999999996
n2226	1928	1	0	39	142.9406249999996
n2212	deletion
n2207	deletion
n2211	1915	1	0	41	141.66458333333293
n2206	1917	1	0	41	141.96354166666626
n2213	1919	1	0	41	142.1593749999996
n2215	1921	1	0	41	142.3697916666663
n2219	1925	1	0	41	142.7124999999996
n2223	1929	1	0	41	143.05520833333293
n2217	1923	1	0	41	142.55208333333294
n2221	1926	1	0	41	142.87708333333293
n2199	1930	1	0	63	140.9833333333329
n2200	1932	1	0	72	140.94791666666623
n2230	1931	1	0	32	143.2874999999996
n2234	deletion
n2231	1933	1	0	44	143.61770833333296
n2235	deletion
n2232	1934	1	0	51	144.39583333333297
n2236	deletion
n2228	1935	1	0	60	144.00833333333298
n2237	deletion
n2229	1936	1	0	68	144.63333333333298
n2238	deletion
insertion	618	1	0	69	43.4604166666667
insertion	640	1	0	43	45.09479166666671
insertion	712	1	0	74	50.008333333333454
insertion	956	1	0	47	66.50937500000022
insertion	1098	1	0	52	76.16145833333323
insertion	1116	1	0	76	77.15833333333322
insertion	1328	1	0	65	93.15520833333309
insertion	1368	1	0	87	95.939583333333
insertion	1911	1	0	87	138.32291666666606
