xml_id	midi_id	track	channel	pitch	onset
n25	0	1	0	53	1.0208333333333333
n26	3	1	0	57	1.2739583333333333
n28	9	1	0	57	1.759375
n27	6	1	0	60	1.5270833333333331
n7	10	1	0	65	1.7666666666666666
n4	5	1	0	67	1.4104166666666667
n3	4	1	0	69	1.290625
n5	7	1	0	69	1.5312499999999998
n8	11	1	0	69	1.8656249999999999
n2	2	1	0	72	1.1781249999999999
n6	8	1	0	72	1.6416666666666666
n1	1	1	0	77	1.0343749999999998
n29	12	1	0	53	2.008333333333333
n30	15	1	0	57	2.2374999999999994
n31	18	1	0	58	2.4791666666666665
n14	20	1	0	70	2.594791666666666
n9	13	1	0	72	1.9854166666666664
n12	17	1	0	72	2.339583333333333
n11	16	1	0	74	2.232291666666666
n13	19	1	0	74	2.4697916666666666
n10	14	1	0	75	2.088541666666666
n34	30	1	0	41	3.23125
n33	24	1	0	58	2.928124999999999
n32	21	1	0	62	2.7177083333333325
n19	27	1	0	62	3.201041666666667
n16	23	1	0	64	2.8291666666666657
n15	22	1	0	65	2.7083333333333326
n17	25	1	0	65	2.954166666666666
n20	28	1	0	65	3.3125
n18	26	1	0	70	3.0635416666666666
n60	34	1	0	53	3.910416666666667
n37	36	1	0	67	4.029166666666667
n21	29	1	0	69	3.4406250000000003
n24	33	1	0	69	3.782291666666667
n23	32	1	0	70	3.6739583333333337
n36	35	1	0	70	3.922916666666667
n22	31	1	0	72	3.546875
n61	37	1	0	55	4.1625
n63	43	1	0	55	4.639583333333333
n62	40	1	0	58	4.391666666666667
n42	44	1	0	60	4.65
n39	39	1	0	62	4.2625
n38	38	1	0	64	4.160416666666666
n40	41	1	0	64	4.411458333333333
n43	45	1	0	64	4.748958333333333
n41	42	1	0	67	4.5062500000000005
n65	49	1	0	48	5.106249999999999
n64	46	1	0	52	4.875
n66	52	1	0	53	5.3583333333333325
n44	47	1	0	67	4.880208333333333
n47	51	1	0	67	5.232291666666666
n49	54	1	0	67	5.4833333333333325
n46	50	1	0	69	5.1083333333333325
n48	53	1	0	69	5.367708333333332
n45	48	1	0	70	4.979166666666666
n69	64	1	0	41	6.098958333333332
n68	58	1	0	53	5.8322916666666655
n67	55	1	0	57	5.612499999999999
n54	61	1	0	60	6.098958333333332
n51	57	1	0	64	5.715624999999999
n55	62	1	0	64	6.213541666666665
n50	56	1	0	65	5.595833333333332
n52	59	1	0	65	5.8427083333333325
n53	60	1	0	69	5.961458333333332
n109	72	1	0	50	6.9416666666666655
n108	69	1	0	53	6.815625
n56	63	1	0	65	6.344791666666665
n59	67	1	0	65	6.673958333333332
n58	66	1	0	67	6.558333333333332
n57	65	1	0	69	6.442708333333332
n84	68	1	0	69	6.822916666666666
n85	70	1	0	71	6.888541666666666
n71	deletion
n87	73	1	0	71	7.048958333333332
n86	71	1	0	72	6.961458333333332
n114	86	1	0	43	7.5677083333333295
n111	77	1	0	45	7.174999999999999
n110	74	1	0	47	7.067708333333332
n112	79	1	0	47	7.303124999999998
n115	88	1	0	47	7.701041666666663
n113	83	1	0	50	7.406249999999997
n91	76	1	0	71	7.194791666666665
n93	80	1	0	71	7.336458333333331
n95	82	1	0	71	7.478124999999997
n97	85	1	0	71	7.6197916666666625
n99	89	1	0	71	7.754166666666664
n89	deletion
n88	75	1	0	72	7.119791666666666
n92	78	1	0	72	7.266666666666665
n94	81	1	0	72	7.402083333333331
n96	84	1	0	72	7.547916666666663
n98	87	1	0	72	7.683333333333329
n90	deletion
n116	91	1	0	50	7.812499999999997
n119	97	1	0	50	8.121874999999998
n121	100	1	0	50	8.278124999999998
n118	96	1	0	52	8.031249999999998
n122	102	1	0	52	8.378124999999999
n120	deletion
n124	deletion
n117	94	1	0	53	7.921874999999997
n123	104	1	0	53	8.472916666666665
n73	103	1	0	67	8.431249999999999
n106	98	1	0	69	8.118749999999997
n101	92	1	0	71	7.895833333333331
n103	95	1	0	71	8.027083333333332
n107	99	1	0	71	8.180208333333331
n105	deletion
n100	90	1	0	72	7.821874999999998
n102	93	1	0	72	7.952083333333331
n72	101	1	0	72	8.294791666666665
n104	deletion
n126	105	1	0	52	8.560416666666665
n128	109	1	0	52	8.741666666666665
n130	112	1	0	52	8.917708333333334
n134	115	1	0	52	9.090625000000001
n136	120	1	0	52	9.271875000000001
n132	deletion
n127	107	1	0	53	8.658333333333331
n129	111	1	0	53	8.844791666666667
n131	deletion
n133	114	1	0	53	9.015625
n135	117	1	0	53	9.181250000000002
n125	deletion
n78	116	1	0	60	9.058333333333334
n75	108	1	0	62	8.676041666666665
n74	106	1	0	64	8.546874999999998
n76	110	1	0	64	8.805208333333333
n79	118	1	0	64	9.171875000000002
n77	113	1	0	67	8.929166666666667
n143	123	1	0	50	9.50104166666667
n142	126	1	0	52	9.608333333333336
n183	131	1	0	52	9.893750000000006
n187	142	1	0	52	10.403125000000008
n190	149	1	0	52	10.788541666666678
n144	deletion
n138	deletion
n140	deletion
n137	122	1	0	53	9.348958333333336
n139	deletion
n141	deletion
n182	128	1	0	55	9.761458333333337
n80	119	1	0	67	9.292708333333335
n83	125	1	0	67	9.634375000000002
n82	124	1	0	69	9.514583333333336
n81	121	1	0	70	9.40729166666667
n160	130	1	0	71	9.92708333333334
n159	129	1	0	73	9.854166666666671
n161	132	1	0	73	9.991666666666672
n145	deletion
n158	127	1	0	74	9.802083333333337
n188	145	1	0	45	10.55625000000001
n185	136	1	0	47	10.156250000000007
n184	134	1	0	49	10.018750000000006
n186	139	1	0	49	10.276041666666675
n189	148	1	0	49	10.680208333333344
n163	135	1	0	73	10.146875000000007
n165	138	1	0	73	10.289583333333342
n169	141	1	0	73	10.439583333333342
n171	144	1	0	73	10.58125000000001
n173	147	1	0	73	10.729166666666677
n167	deletion
n162	133	1	0	74	10.06458333333334
n164	137	1	0	74	10.221875000000008
n168	140	1	0	74	10.364583333333341
n170	143	1	0	74	10.517708333333342
n172	146	1	0	74	10.657291666666676
n166	deletion
n193	155	1	0	52	11.120833333333344
n195	158	1	0	52	11.259375000000011
n192	154	1	0	53	11.011458333333344
n196	160	1	0	53	11.351041666666678
n194	deletion
n198	deletion
n191	152	1	0	55	10.903125000000012
n197	162	1	0	55	11.452083333333345
n147	161	1	0	69	11.401041666666679
n180	156	1	0	71	11.08437500000001
n175	150	1	0	73	10.876041666666678
n177	153	1	0	73	10.998958333333345
n181	157	1	0	73	11.163541666666678
n179	deletion
n174	151	1	0	74	10.806250000000011
n146	159	1	0	74	11.264583333333345
n176	deletion
n178	deletion
n200	163	1	0	53	11.53229166666668
n202	167	1	0	53	11.720833333333347
n204	170	1	0	53	11.90104166666668
n208	174	1	0	53	12.08229166666668
n210	177	1	0	53	12.254166666666682
n206	deletion
n201	165	1	0	55	11.646875000000014
n203	169	1	0	55	11.830208333333347
n205	deletion
n207	172	1	0	55	12.01041666666668
n209	175	1	0	55	12.186458333333348
n199	deletion
n152	173	1	0	62	12.042708333333348
n149	166	1	0	64	11.652083333333348
n148	164	1	0	65	11.515625000000012
n150	168	1	0	65	11.773958333333347
n153	176	1	0	65	12.157291666666682
n151	171	1	0	69	11.90104166666668
n217	184	1	0	52	12.608333333333348
n214	180	1	0	53	12.429166666666681
n216	186	1	0	53	12.666666666666682
n218	deletion
n212	deletion
n211	179	1	0	55	12.351041666666681
n215	182	1	0	55	12.529166666666681
n243	187	1	0	55	12.787500000000016
n213	deletion
n220	189	1	0	67	12.926041666666682
n154	178	1	0	69	12.290625000000016
n157	185	1	0	69	12.656250000000016
n156	183	1	0	70	12.533333333333347
n219	188	1	0	70	12.791666666666682
n155	181	1	0	72	12.402083333333348
n246	196	1	0	52	13.576041666666685
n245	193	1	0	55	13.31770833333335
n244	190	1	0	58	13.063541666666683
n225	197	1	0	60	13.590625000000017
n222	192	1	0	62	13.181250000000016
n221	191	1	0	64	13.044791666666683
n223	194	1	0	64	13.31770833333335
n226	198	1	0	64	13.703125000000018
n224	195	1	0	67	13.451041666666685
n247	199	1	0	48	13.819791666666685
n248	201	1	0	52	14.065625000000018
n249	205	1	0	53	14.339583333333353
n232	207	1	0	65	14.475000000000021
n227	200	1	0	67	13.831250000000018
n230	204	1	0	67	14.204166666666687
n229	203	1	0	69	14.072916666666686
n231	206	1	0	69	14.348958333333353
n228	202	1	0	70	13.952083333333352
n252	214	1	0	50	15.119791666666687
n251	211	1	0	53	14.858333333333354
n250	208	1	0	57	14.613541666666688
n237	215	1	0	58	15.131250000000021
n234	210	1	0	61	14.73125000000002
n233	209	1	0	62	14.613541666666688
n235	212	1	0	62	14.866666666666688
n238	216	1	0	62	15.240625000000023
n236	213	1	0	65	14.975000000000021
n253	217	1	0	46	15.37916666666669
n254	220	1	0	50	15.630208333333355
n273	223	1	0	52	15.893750000000022
n256	225	1	0	64	16.014583333333356
n239	218	1	0	65	15.37916666666669
n242	222	1	0	65	15.748958333333356
n241	221	1	0	67	15.626041666666689
n255	224	1	0	67	15.893750000000022
n240	219	1	0	69	15.489583333333355
n276	232	1	0	49	16.65520833333335
n275	229	1	0	52	16.391666666666687
n274	226	1	0	55	16.154166666666686
n261	233	1	0	57	16.675000000000015
n258	228	1	0	59	16.27812500000002
n257	227	1	0	61	16.14062500000002
n259	230	1	0	61	16.405208333333352
n262	234	1	0	61	16.784375000000015
n260	231	1	0	64	16.528125000000014
n277	235	1	0	45	16.91354166666668
n280	243	1	0	45	17.59687500000001
n278	238	1	0	49	17.17395833333335
n279	242	1	0	50	17.44062500000001
n263	236	1	0	64	16.91354166666668
n266	240	1	0	64	17.289583333333347
n265	239	1	0	65	17.17395833333335
n267	241	1	0	65	17.45000000000001
n264	237	1	0	67	17.021875000000016
n285	251	1	0	38	18.220833333333342
n282	246	1	0	40	17.847916666666677
n281	245	1	0	41	17.71562500000001
n283	248	1	0	41	17.961458333333344
n286	252	1	0	41	18.330208333333342
n284	249	1	0	45	18.07187500000001
n268	244	1	0	69	17.710416666666678
n270	250	1	0	69	18.216666666666676
n269	247	1	0	74	17.969791666666676
n287	254	1	0	45	18.441666666666677
n290	258	1	0	45	18.82708333333334
n289	257	1	0	46	18.707291666666677
n304	261	1	0	46	19.094791666666676
n288	255	1	0	48	18.56562500000001
n303	260	1	0	50	18.969791666666676
n272	256	1	0	62	18.717708333333345
n271	253	1	0	65	18.47187500000001
n291	259	1	0	67	18.980208333333344
n309	269	1	0	38	19.74583333333334
n306	264	1	0	42	19.34062500000001
n305	263	1	0	43	19.221875000000008
n307	266	1	0	43	19.479166666666675
n310	270	1	0	43	19.87604166666667
n308	267	1	0	46	19.606250000000006
n292	262	1	0	70	19.236458333333342
n294	268	1	0	70	19.75520833333334
n293	265	1	0	74	19.49895833333334
n311	272	1	0	46	20.01979166666667
n316	279	1	0	46	20.661458333333336
n314	276	1	0	47	20.36458333333334
n313	275	1	0	49	20.256250000000005
n315	278	1	0	49	20.523958333333336
n312	273	1	0	50	20.12708333333334
n296	274	1	0	62	20.275000000000006
n295	271	1	0	67	20.015625000000004
n297	277	1	0	67	20.5375
n321	287	1	0	38	21.305208333333333
n318	282	1	0	42	20.905208333333334
n319	284	1	0	43	21.029166666666665
n322	288	1	0	43	21.421875000000004
n317	deletion
n320	285	1	0	46	21.157291666666666
n298	280	1	0	73	20.8
n300	286	1	0	73	21.297916666666666
n299	283	1	0	76	21.046875
n323	290	1	0	49	21.57604166666667
n326	295	1	0	49	21.935416666666672
n325	294	1	0	50	21.81770833333334
n351	296	1	0	50	22.10208333333334
n324	291	1	0	52	21.670833333333338
n302	292	1	0	64	21.83958333333334
n301	289	1	0	67	21.571875000000002
n328	298	1	0	69	22.236458333333342
n327	297	1	0	74	22.109375000000007
n352	299	1	0	53	22.375000000000007
n354	305	1	0	53	22.880208333333343
n353	302	1	0	57	22.62395833333334
n333	306	1	0	62	22.880208333333343
n330	301	1	0	64	22.48958333333334
n329	300	1	0	65	22.359375000000007
n331	303	1	0	65	22.616666666666674
n334	307	1	0	65	22.98437500000001
n332	304	1	0	69	22.72812500000001
n357	314	1	0	38	23.648958333333333
n355	308	1	0	50	23.13854166666668
n356	311	1	0	53	23.376041666666673
n335	309	1	0	69	23.120833333333344
n338	313	1	0	69	23.489583333333336
n337	312	1	0	70	23.38020833333334
n336	310	1	0	72	23.234375000000007
n340	316	1	0	74	23.775
n339	315	1	0	77	23.644791666666666
n358	317	1	0	41	23.890625
n359	320	1	0	46	24.147916666666664
n360	326	1	0	50	24.426041666666663
n345	323	1	0	65	24.446874999999995
n342	319	1	0	69	24.032291666666666
n341	318	1	0	70	23.914583333333333
n343	321	1	0	70	24.171874999999996
n346	324	1	0	70	24.568749999999994
n344	322	1	0	74	24.29479166666666
n400	334	1	0	59	25.344791666666662
n399	332	1	0	62	25.20729166666666
n347	325	1	0	74	24.695833333333322
n350	329	1	0	74	25.045833333333327
n349	328	1	0	76	24.945833333333326
n348	327	1	0	77	24.81354166666666
n377	333	1	0	78	25.344791666666662
n376	331	1	0	80	25.256249999999994
n378	335	1	0	80	25.40104166666666
n362	deletion
n375	330	1	0	81	25.223958333333325
n405	348	1	0	52	25.934374999999978
n402	340	1	0	54	25.559374999999985
n401	336	1	0	56	25.458333333333325
n403	342	1	0	56	25.67499999999998
n406	351	1	0	56	26.063541666666644
n404	345	1	0	59	25.782291666666648
n380	338	1	0	80	25.559374999999985
n382	341	1	0	80	25.691666666666645
n386	344	1	0	80	25.835416666666646
n388	347	1	0	80	25.976041666666642
n390	350	1	0	80	26.111458333333314
n384	deletion
n379	337	1	0	81	25.48437499999999
n383	339	1	0	81	25.638541666666647
n385	343	1	0	81	25.77499999999998
n387	346	1	0	81	25.919791666666644
n389	349	1	0	81	26.05208333333331
n381	deletion
n407	352	1	0	59	26.15937499999998
n410	358	1	0	59	26.46770833333331
n412	361	1	0	59	26.611458333333303
n409	356	1	0	61	26.369791666666643
n413	363	1	0	61	26.694791666666635
n411	deletion
n415	deletion
n408	354	1	0	62	26.26874999999998
n414	364	1	0	62	26.801041666666634
n364	365	1	0	76	26.780208333333302
n397	359	1	0	78	26.47291666666664
n392	353	1	0	80	26.246874999999978
n394	357	1	0	80	26.385416666666643
n396	deletion
n398	360	1	0	80	26.545833333333306
n391	355	1	0	81	26.19270833333331
n363	362	1	0	81	26.638541666666637
n393	deletion
n395	deletion
n417	366	1	0	61	26.899999999999967
n419	369	1	0	61	27.083333333333297
n421	373	1	0	61	27.254166666666627
n425	376	1	0	61	27.420833333333295
n427	379	1	0	61	27.576041666666626
n423	deletion
n418	368	1	0	62	26.999999999999964
n420	371	1	0	62	27.17499999999996
n424	375	1	0	62	27.356249999999964
n426	378	1	0	62	27.51874999999996
n416	deletion
n422	deletion
n369	377	1	0	69	27.40729166666663
n366	370	1	0	71	27.01979166666663
n365	367	1	0	73	26.8833333333333
n367	372	1	0	73	27.13854166666663
n370	380	1	0	73	27.51354166666663
n368	374	1	0	76	27.26562499999996
n474	394	1	0	57	28.27083333333329
n434	386	1	0	59	27.963541666666625
n473	391	1	0	60	28.11562499999996
n429	383	1	0	61	27.74583333333329
n433	389	1	0	61	27.957291666666624
n431	deletion
n435	deletion
n428	381	1	0	62	27.68645833333329
n430	385	1	0	62	27.826041666666626
n432	deletion
n371	382	1	0	76	27.63333333333329
n374	388	1	0	76	27.99895833333329
n449	390	1	0	76	28.13958333333329
n373	387	1	0	78	27.878124999999958
n450	392	1	0	78	28.179166666666625
n452	395	1	0	78	28.35208333333329
n436	deletion
n372	384	1	0	79	27.747916666666626
n451	393	1	0	79	28.27083333333329
n479	408	1	0	50	28.915624999999952
n476	400	1	0	52	28.52604166666662
n475	397	1	0	54	28.404166666666622
n477	402	1	0	54	28.656249999999957
n480	411	1	0	54	29.040624999999952
n478	405	1	0	57	28.769791666666624
n454	398	1	0	78	28.506249999999955
n458	401	1	0	78	28.656249999999957
n460	404	1	0	78	28.790624999999956
n462	407	1	0	78	28.931249999999952
n464	410	1	0	78	29.070833333333283
n456	deletion
n453	396	1	0	79	28.43229166666662
n455	399	1	0	79	28.58333333333329
n459	403	1	0	79	28.719791666666623
n461	406	1	0	79	28.865624999999955
n463	409	1	0	79	29.007291666666617
n465	412	1	0	79	29.151041666666618
n457	deletion
n481	414	1	0	57	29.170833333333285
n484	419	1	0	57	29.514583333333288
n486	422	1	0	57	29.649999999999952
n483	418	1	0	59	29.41041666666662
n485	deletion
n487	424	1	0	59	29.742708333333287
n489	deletion
n482	416	1	0	60	29.284374999999955
n488	426	1	0	60	29.83229166666662
n438	425	1	0	74	29.796874999999954
n471	420	1	0	76	29.456249999999955
n466	413	1	0	78	29.197916666666618
n468	417	1	0	78	29.34791666666662
n472	421	1	0	78	29.552083333333286
n470	deletion
n467	415	1	0	79	29.280208333333288
n437	423	1	0	79	29.645833333333286
n469	deletion
n491	427	1	0	59	29.923958333333285
n493	430	1	0	59	30.09999999999995
n495	434	1	0	59	30.283333333333285
n499	437	1	0	59	30.444791666666617
n501	440	1	0	59	30.61249999999995
n497	deletion
n492	429	1	0	60	30.01666666666662
n494	432	1	0	60	30.20104166666662
n496	deletion
n498	436	1	0	60	30.36874999999995
n500	439	1	0	60	30.530208333333285
n490	deletion
n443	438	1	0	67	30.427083333333282
n440	431	1	0	69	30.043749999999953
n439	428	1	0	71	29.923958333333285
n441	433	1	0	71	30.16979166666662
n444	441	1	0	71	30.548958333333285
n442	435	1	0	74	30.292708333333284
n508	448	1	0	57	30.97083333333328
n503	444	1	0	59	30.777083333333284
n509	450	1	0	59	31.083333333333282
n505	deletion
n507	deletion
n502	442	1	0	60	30.70104166666662
n506	446	1	0	60	30.888541666666615
n534	451	1	0	60	31.162499999999948
n504	deletion
n511	453	1	0	72	31.308333333333284
n445	443	1	0	74	30.681249999999952
n448	449	1	0	74	31.03333333333328
n447	447	1	0	75	30.912499999999948
n510	452	1	0	75	31.17395833333328
n446	445	1	0	77	30.786458333333282
n537	460	1	0	57	31.966666666666615
n536	457	1	0	60	31.70312499999995
n535	454	1	0	63	31.45312499999995
n516	461	1	0	65	31.979166666666615
n513	456	1	0	67	31.577083333333285
n512	455	1	0	69	31.441666666666617
n514	458	1	0	69	31.705208333333285
n517	462	1	0	69	32.088541666666615
n515	459	1	0	72	31.829166666666616
n538	463	1	0	53	32.22499999999995
n539	466	1	0	57	32.48437499999995
n540	469	1	0	58	32.73437499999996
n523	471	1	0	70	32.84895833333329
n518	464	1	0	72	32.217708333333285
n521	468	1	0	72	32.603124999999956
n520	467	1	0	74	32.47083333333328
n522	470	1	0	74	32.74895833333329
n519	465	1	0	75	32.356249999999946
n543	478	1	0	55	33.499999999999964
n542	475	1	0	58	33.24687499999997
n541	472	1	0	62	33.002083333333296
n528	479	1	0	63	33.50937499999996
n525	474	1	0	66	33.11249999999997
n524	473	1	0	67	32.986458333333296
n526	476	1	0	67	33.240624999999966
n529	480	1	0	67	33.627083333333296
n527	477	1	0	70	33.3645833333333
n544	481	1	0	51	33.76666666666663
n545	484	1	0	55	34.01874999999996
n583	487	1	0	57	34.26874999999996
n547	489	1	0	69	34.41249999999996
n530	482	1	0	70	33.75729166666663
n533	486	1	0	70	34.1239583333333
n532	485	1	0	72	34.01458333333329
n546	488	1	0	72	34.26874999999996
n531	483	1	0	74	33.87499999999996
n586	496	1	0	54	35.01874999999996
n585	493	1	0	57	34.783333333333296
n584	490	1	0	60	34.56041666666663
n552	497	1	0	62	35.03958333333329
n549	492	1	0	64	34.656249999999964
n548	491	1	0	66	34.52604166666663
n550	494	1	0	66	34.78541666666663
n553	498	1	0	66	35.15104166666663
n551	495	1	0	69	34.91145833333329
n587	499	1	0	50	35.292708333333294
n590	509	1	0	50	35.92812499999996
n588	502	1	0	54	35.542708333333294
n589	506	1	0	55	35.792708333333294
n554	500	1	0	69	35.28749999999996
n557	504	1	0	69	35.66041666666663
n559	505	1	0	69	35.792708333333294
n556	503	1	0	70	35.54791666666663
n560	507	1	0	70	35.84999999999996
n562	510	1	0	70	36.011458333333294
n558	deletion
n555	501	1	0	72	35.39999999999996
n561	508	1	0	72	35.93229166666663
n595	523	1	0	43	36.55520833333329
n592	514	1	0	45	36.165624999999956
n591	511	1	0	46	36.04374999999996
n593	517	1	0	46	36.29895833333329
n596	525	1	0	46	36.68854166666662
n594	519	1	0	50	36.40833333333329
n564	513	1	0	70	36.169791666666626
n568	516	1	0	70	36.31458333333329
n570	520	1	0	70	36.46666666666662
n572	522	1	0	70	36.61041666666662
n574	526	1	0	70	36.76562499999996
n566	deletion
n563	512	1	0	72	36.09999999999996
n567	515	1	0	72	36.25833333333329
n569	518	1	0	72	36.39895833333329
n571	521	1	0	72	36.54791666666662
n573	524	1	0	72	36.69374999999996
n565	deletion
n654	540	1	0	43	37.4458333333333
n653	537	1	0	48	37.29999999999997
n597	528	1	0	50	36.81145833333329
n600	534	1	0	50	37.1802083333333
n599	533	1	0	52	37.060416666666626
n598	530	1	0	53	36.9458333333333
n651	560	1	0	64	37.26666666666664
n576	529	1	0	70	36.92291666666662
n580	532	1	0	70	37.095833333333296
n604	536	1	0	70	37.29999999999997
n606	539	1	0	70	37.46041666666663
n578	deletion
n582	deletion
n575	527	1	0	72	36.86041666666662
n579	531	1	0	72	37.013541666666626
n581	535	1	0	72	37.222916666666634
n605	538	1	0	72	37.40416666666663
n577	deletion
n603	deletion
n659	553	1	0	36	38.041666666666636
n656	545	1	0	38	37.67604166666663
n655	542	1	0	40	37.55624999999996
n657	547	1	0	40	37.78749999999996
n658	550	1	0	43	37.8958333333333
n660	554	1	0	43	38.17291666666664
n608	543	1	0	70	37.61666666666663
n610	546	1	0	70	37.763541666666626
n612	549	1	0	70	37.91354166666664
n616	552	1	0	70	38.066666666666634
n618	555	1	0	70	38.233333333333306
n614	deletion
n607	541	1	0	72	37.55624999999996
n609	544	1	0	72	37.716666666666626
n613	548	1	0	72	37.86041666666663
n615	551	1	0	72	38.008333333333304
n617	557	1	0	72	38.16874999999997
n611	deletion
n661	556	1	0	48	38.2677083333333
n664	564	1	0	48	38.620833333333316
n666	569	1	0	48	38.89270833333332
n663	562	1	0	50	38.49791666666664
n662	559	1	0	52	38.39062499999997
n665	566	1	0	53	38.76041666666665
n652	565	1	0	63	38.73124999999998
n630	568	1	0	63	38.91041666666665
n628	deletion
n627	567	1	0	65	38.80104166666665
n631	570	1	0	65	38.969791666666644
n629	deletion
n602	596	1	0	69	38.70624999999998
n620	558	1	0	70	38.39062499999997
n624	563	1	0	70	38.56874999999998
n622	deletion
n626	deletion
n619	deletion
n621	deletion
n623	deletion
n625	deletion
n671	583	1	0	41	39.50937499999999
n668	574	1	0	43	39.120833333333316
n667	571	1	0	45	38.99999999999998
n669	576	1	0	45	39.23541666666665
n670	579	1	0	48	39.35520833333332
n672	585	1	0	48	39.64062499999999
n632	572	1	0	63	39.06666666666665
n634	575	1	0	63	39.20520833333332
n636	578	1	0	63	39.34999999999999
n638	581	1	0	63	39.49583333333332
n642	584	1	0	63	39.64479166666666
n640	deletion
n633	573	1	0	65	39.120833333333316
n635	577	1	0	65	39.26666666666665
n637	580	1	0	65	39.41145833333332
n639	582	1	0	65	39.55624999999999
n643	586	1	0	65	39.70520833333333
n641	deletion
n673	588	1	0	53	39.765625
n676	595	1	0	53	40.110416666666666
n675	594	1	0	55	40.00625
n674	591	1	0	57	39.89479166666666
n705	599	1	0	57	40.288541666666674
n704	600	1	0	58	40.370833333333344
n702	deletion
n706	deletion
n707	602	1	0	60	40.47604166666668
n703	deletion
n701	601	1	0	62	40.288541666666674
n644	587	1	0	63	39.78125
n646	590	1	0	63	39.93020833333333
n648	593	1	0	63	40.07083333333333
n650	598	1	0	63	40.19270833333334
n645	589	1	0	65	39.842708333333334
n647	592	1	0	65	39.98645833333333
n649	deletion
n678	603	1	0	69	40.448958333333344
n708	604	1	0	58	40.58125000000002
n710	608	1	0	58	40.80104166666669
n714	612	1	0	58	41.02291666666669
n718	615	1	0	58	41.231250000000024
n712	deletion
n716	deletion
n709	606	1	0	60	40.702083333333356
n713	610	1	0	60	40.91041666666669
n717	614	1	0	60	41.13020833333336
n711	deletion
n715	deletion
n683	613	1	0	62	41.061458333333356
n680	607	1	0	64	40.67291666666669
n679	605	1	0	65	40.551041666666684
n681	609	1	0	65	40.81041666666669
n684	616	1	0	65	41.190625000000026
n682	611	1	0	69	40.93333333333336
n720	619	1	0	58	41.439583333333346
n724	623	1	0	58	41.63541666666668
n728	626	1	0	58	41.84270833333335
n730	629	1	0	58	42.039583333333354
n722	deletion
n726	deletion
n719	617	1	0	60	41.34687500000002
n723	621	1	0	60	41.54583333333334
n725	625	1	0	60	41.74791666666668
n729	628	1	0	60	41.93854166666669
n721	deletion
n727	deletion
n689	627	1	0	67	41.82604166666668
n685	618	1	0	69	41.31458333333335
n688	624	1	0	69	41.67812500000001
n687	622	1	0	70	41.56145833333334
n686	620	1	0	72	41.428125000000016
n690	630	1	0	74	41.945833333333354
n734	633	1	0	58	42.21979166666669
n736	637	1	0	58	42.410416666666684
n740	640	1	0	58	42.58333333333334
n742	643	1	0	58	42.764583333333334
n732	deletion
n738	deletion
n731	632	1	0	60	42.13020833333335
n735	635	1	0	60	42.31250000000002
n737	638	1	0	60	42.49375000000001
n741	642	1	0	60	42.681250000000006
n733	deletion
n739	deletion
n695	641	1	0	67	42.56770833333334
n692	634	1	0	69	42.182291666666686
n691	631	1	0	70	42.07395833333335
n693	636	1	0	70	42.32395833333335
n696	644	1	0	70	42.690625000000004
n694	639	1	0	74	42.44062500000002
n744	647	1	0	58	42.954166666666666
n748	650	1	0	58	43.14687500000001
n750	654	1	0	58	43.33645833333334
n785	657	1	0	58	43.52604166666667
n746	deletion
n783	deletion
n743	646	1	0	60	42.864583333333336
n747	649	1	0	60	43.05833333333334
n749	652	1	0	60	43.257291666666674
n784	656	1	0	60	43.44375000000001
n745	deletion
n782	deletion
n697	645	1	0	74	42.821875000000006
n700	653	1	0	74	43.20416666666667
n699	651	1	0	76	43.07916666666667
n751	655	1	0	76	43.351041666666674
n698	648	1	0	77	42.942708333333336
n752	658	1	0	79	43.464583333333344
n787	661	1	0	58	43.71145833333335
n791	664	1	0	58	43.87812500000001
n793	668	1	0	58	44.06770833333335
n797	671	1	0	58	44.24687500000002
n789	deletion
n795	deletion
n786	659	1	0	60	43.62916666666668
n790	663	1	0	60	43.81562500000001
n792	666	1	0	60	43.98125000000002
n794	670	1	0	60	44.15937500000002
n798	673	1	0	60	44.339583333333344
n796	deletion
n788	deletion
n757	669	1	0	72	44.10312500000002
n754	662	1	0	74	43.71145833333335
n753	660	1	0	76	43.60416666666667
n755	665	1	0	76	43.85312500000001
n758	672	1	0	76	44.23229166666668
n756	667	1	0	79	43.96145833333335
n776	683	1	0	57	44.865625000000016
n799	675	1	0	58	44.41875000000001
n803	678	1	0	58	44.61666666666668
n805	681	1	0	58	44.80416666666668
n801	deletion
n800	676	1	0	60	44.51666666666668
n802	deletion
n804	deletion
n759	674	1	0	79	44.357291666666676
n762	682	1	0	79	44.71250000000001
n761	679	1	0	81	44.59791666666668
n764	685	1	0	81	45.00312500000002
n760	677	1	0	82	44.47708333333335
n763	684	1	0	84	44.86041666666668
n779	692	1	0	53	45.64583333333335
n778	689	1	0	57	45.38750000000002
n777	686	1	0	60	45.12812500000002
n769	693	1	0	74	45.65208333333335
n766	688	1	0	76	45.267708333333346
n765	687	1	0	77	45.13854166666668
n767	690	1	0	77	45.394791666666684
n770	694	1	0	77	45.75937500000002
n768	691	1	0	81	45.51770833333335
n780	695	1	0	50	45.916666666666686
n781	697	1	0	53	46.163541666666696
n830	701	1	0	55	46.434375000000024
n807	703	1	0	79	46.58541666666669
n771	696	1	0	81	45.91354166666669
n774	700	1	0	81	46.30625000000003
n773	699	1	0	82	46.172916666666694
n806	702	1	0	82	46.445833333333354
n772	698	1	0	84	46.028125000000024
n833	710	1	0	52	47.20000000000002
n832	707	1	0	55	46.94375000000002
n831	704	1	0	58	46.706250000000026
n812	711	1	0	72	47.21666666666669
n809	706	1	0	74	46.84166666666669
n808	705	1	0	76	46.702083333333356
n810	708	1	0	76	46.96250000000002
n813	712	1	0	76	47.338541666666686
n811	709	1	0	79	47.08125000000002
n834	713	1	0	48	47.45729166666669
n837	721	1	0	48	48.09791666666669
n835	715	1	0	52	47.70833333333336
n836	719	1	0	53	47.96145833333336
n819	722	1	0	77	48.11979166666669
n814	714	1	0	79	47.46250000000003
n817	718	1	0	79	47.844791666666694
n816	717	1	0	81	47.71979166666669
n818	720	1	0	81	47.987500000000026
n815	716	1	0	82	47.59166666666669
n842	732	1	0	41	48.745833333333366
n839	725	1	0	43	48.35833333333337
n838	723	1	0	45	48.230208333333366
n840	727	1	0	45	48.4791666666667
n843	733	1	0	45	48.88437500000003
n841	729	1	0	48	48.605208333333366
n824	731	1	0	69	48.750000000000036
n821	726	1	0	70	48.368750000000034
n820	724	1	0	72	48.2354166666667
n822	728	1	0	72	48.493750000000034
n825	734	1	0	72	48.87395833333336
n823	730	1	0	77	48.618750000000034
n844	735	1	0	48	49.00208333333337
n847	742	1	0	48	49.379166666666706
n846	739	1	0	50	49.26250000000003
n871	747	1	0	50	49.64375000000003
n845	737	1	0	51	49.11770833333337
n870	744	1	0	53	49.53333333333336
n848	745	1	0	74	49.60208333333336
n862	748	1	0	74	49.745833333333366
n864	751	1	0	74	49.88229166666671
n826	736	1	0	75	49.00625000000004
n829	741	1	0	75	49.379166666666706
n861	743	1	0	75	49.538541666666696
n863	746	1	0	75	49.665625000000034
n828	740	1	0	77	49.2666666666667
n827	738	1	0	79	49.134375000000034
n876	758	1	0	41	50.293750000000045
n873	753	1	0	45	49.88958333333338
n872	750	1	0	46	49.765625000000036
n874	755	1	0	46	49.99895833333338
n877	760	1	0	46	50.43854166666671
n875	757	1	0	50	50.12083333333338
n850	761	1	0	72	50.46458333333337
n866	754	1	0	74	50.008333333333375
n868	759	1	0	74	50.12291666666671
n865	749	1	0	75	49.82187500000004
n867	752	1	0	75	49.94062500000005
n883	772	1	0	48	51.23020833333337
n878	762	1	0	50	50.587500000000034
n881	769	1	0	50	50.978125000000034
n880	767	1	0	52	50.85416666666669
n882	771	1	0	52	51.1104166666667
n879	764	1	0	53	50.71875000000003
n854	768	1	0	65	50.9666666666667
n853	766	1	0	67	50.83645833333336
n852	765	1	0	69	50.69687500000003
n851	763	1	0	70	50.5729166666667
n855	770	1	0	70	51.11770833333337
n888	780	1	0	43	51.9072916666667
n885	775	1	0	45	51.49583333333337
n884	774	1	0	46	51.36562500000004
n886	777	1	0	46	51.64166666666671
n889	781	1	0	46	52.04270833333337
n887	778	1	0	52	51.75625000000004
n858	779	1	0	72	51.9135416666667
n857	776	1	0	76	51.65104166666671
n856	773	1	0	79	51.38645833333337
n890	783	1	0	52	52.189583333333374
n893	787	1	0	52	52.587500000000055
n892	786	1	0	53	52.45937500000005
n913	788	1	0	53	52.74687500000005
n891	784	1	0	55	52.31458333333338
n895	790	1	0	67	52.895833333333385
n894	789	1	0	69	52.75833333333338
n859	782	1	0	70	52.18750000000004
n860	785	1	0	79	52.46354166666672
n914	791	1	0	45	53.03958333333339
n916	798	1	0	46	53.641666666666715
n929	802	1	0	46	53.81250000000006
n927	deletion
n928	800	1	0	48	53.728125000000055
n926	deletion
n915	794	1	0	50	53.32395833333339
n900	799	1	0	62	53.62500000000005
n897	793	1	0	64	53.175000000000054
n896	792	1	0	65	53.034375000000054
n898	795	1	0	65	53.31979166666672
n901	801	1	0	65	53.73854166666672
n899	796	1	0	69	53.44895833333339
n920	818	1	0	41	54.566666666666734
n917	806	1	0	45	54.04479166666673
n931	803	1	0	46	53.96041666666673
n918	807	1	0	46	54.1270833333334
n930	804	1	0	48	53.89375000000006
n919	810	1	0	48	54.17916666666674
n904	809	1	0	55	54.19687500000007
n903	808	1	0	58	54.037500000000065
n907	812	1	0	58	54.758333333333404
n902	805	1	0	62	53.88958333333339
n905	811	1	0	64	54.367708333333404
n906	813	1	0	65	54.5739583333334
n922	819	1	0	48	56.04375000000008
n912	821	1	0	53	55.81875000000008
n909	815	1	0	55	55.14062500000007
n908	814	1	0	57	54.95312500000007
n910	816	1	0	57	55.342708333333405
n911	817	1	0	60	55.563541666666744
n925	823	1	0	41	57.009375000000084
n923	820	1	0	45	56.292708333333415
n924	822	1	0	48	56.59270833333341
insertion	281	1	0	44	20.780208333333334
insertion	293	1	0	52	21.872916666666672
insertion	561	1	0	69	38.49791666666664
insertion	597	1	0	62	40.114583333333336
insertion	680	1	0	57	44.71770833333335
insertion	756	1	0	75	50.06145833333338
insertion	797	1	0	45	53.596875000000054
