xml_id	midi_id	track	channel	pitch	onset
n16	26	1	0	36	2.013886875
n17	0	1	0	48	2.0058740624999998
n1	25	1	0	48	2.3918245312499997
n2	1	1	0	55	2.49599109375
n3	2	1	0	60	2.606835
n5	4	1	0	60	2.777775
n4	3	1	0	64	2.692305
n6	5	1	0	67	2.8605740625
n7	6	1	0	72	2.93402484375
n9	8	1	0	72	3.0795909375
n8	7	1	0	76	3.0007982812500003
n10	10	1	0	79	3.1356806249999996
n11	11	1	0	84	3.2077959375
n13	13	1	0	84	3.349355625
n12	12	1	0	88	3.27590484375
n14	14	1	0	91	3.42547734375
n15	16	1	0	96	3.498928125
n21	20	1	0	84	3.7580090624999998
n20	19	1	0	91	3.6858937499999995
n19	18	1	0	96	3.6324749999999995
n18	17	1	0	100	3.53632125
n25	24	1	0	72	4.04513484375
n27	28	1	0	72	4.209397499999999
n24	23	1	0	79	3.9770259374999997
n23	22	1	0	84	3.9089170312499997
n22	21	1	0	88	3.8488209374999998
n29	31	1	0	60	4.341608906249999
n28	30	1	0	67	4.298873906249999
n26	27	1	0	76	4.131940312499999
n33	35	1	0	48	4.6928371874999995
n32	33	1	0	55	4.599354375
n31	34	1	0	60	4.524568124999999
n30	32	1	0	64	4.445775468749999
n51	52	1	0	29	4.88915109375
n52	43	1	0	41	4.88648015625
n36	36	1	0	48	5.0827940625000005
n37	37	1	0	57	5.178947812500001
n38	38	1	0	60	5.257740468750001
n40	40	1	0	60	5.409983906250001
n39	39	1	0	65	5.352558750000001
n41	41	1	0	69	5.495453906250001
n42	42	1	0	72	5.579588437500001
n44	45	1	0	72	5.6957742187500005
n43	44	1	0	77	5.64235546875
n45	46	1	0	81	5.7772378125
n46	47	1	0	84	5.8546949999999995
n48	49	1	0	84	5.992248281249999
n47	48	1	0	89	5.92814578125
n49	50	1	0	93	6.056350781249999
n50	51	1	0	96	6.125795156249999
n69	64	1	0	30	6.211265156249999
n70	62	1	0	42	6.211265156249999
n56	56	1	0	84	6.414256406249999
n55	55	1	0	93	6.33947015625
n54	54	1	0	96	6.266019374999999
n53	53	1	0	100	6.1898976562499985
n60	61	1	0	72	6.697375781249998
n59	60	1	0	81	6.625260468749999
n58	59	1	0	84	6.555816093749998
n57	58	1	0	88	6.499726406249999
n64	67	1	0	60	7.005869062499999
n63	66	1	0	69	6.937760156249999
n62	65	1	0	72	6.861638437499999
n61	63	1	0	76	6.792194062499998
n68	71	1	0	48	7.323710624999999
n67	69	1	0	57	7.236905156249999
n66	70	1	0	60	7.168796249999999
n65	68	1	0	62	7.095345468749999
n86	79	1	0	31	7.503998906249999
n87	75	1	0	43	7.4999924999999985
n71	72	1	0	47	7.664255156249999
n72	73	1	0	55	7.763079843749999
n73	74	1	0	59	7.8418725
n75	77	1	0	59	8.00212875
n74	76	1	0	62	7.932684375
n76	78	1	0	67	8.08092140625
n77	80	1	0	71	8.16372046875
n79	83	1	0	71	8.3253121875
n88	85	1	0	30	8.21179734375
n89	82	1	0	42	8.2077909375
n78	81	1	0	74	8.25453234375
n80	84	1	0	79	8.3947565625
n81	87	1	0	83	8.4748846875
n90	92	1	0	28	8.522961562499999
n91	89	1	0	40	8.512277812499999
n83	90	1	0	83	8.617779843749998
n82	88	1	0	86	8.549670937499998
n84	91	1	0	91	8.696572499999997
n85	93	1	0	93	8.776700624999997
n108	102	1	0	26	8.876860781249997
n109	103	1	0	38	8.864841562499997
n95	97	1	0	84	9.099884062499996
n94	96	1	0	90	9.021091406249996
n93	95	1	0	93	8.948976093749996
n92	94	1	0	98	8.870183437499996
n99	101	1	0	72	9.374990624999995
n98	100	1	0	78	9.305546249999995
n97	99	1	0	81	9.234766406249994
n96	98	1	0	86	9.161315624999995
n103	107	1	0	60	9.656774531249994
n102	106	1	0	66	9.598013906249994
n101	105	1	0	69	9.533911406249995
n100	104	1	0	74	9.457789687499995
n107	111	1	0	48	9.993312656249994
n106	109	1	0	54	9.918526406249994
n105	108	1	0	57	9.849082031249994
n104	110	1	0	62	9.756934687499994
n125	140	1	0	31	10.166923593749994
n126	139	1	0	43	10.162917187499994
n110	112	1	0	48	10.325844374999994
n111	113	1	0	53	10.416656249999994
n112	114	1	0	56	10.470074999999994
n114	116	1	0	60	10.637008593749993
n113	115	1	0	62	10.562222343749992
n115	117	1	0	65	10.705117499999993
n116	118	1	0	68	10.775897343749993
n118	120	1	0	72	10.926805312499992
n117	119	1	0	74	10.860031874999992
n119	121	1	0	77	10.986901406249991
n120	122	1	0	80	11.053674843749992
n122	124	1	0	84	11.20992468749999
n121	123	1	0	86	11.137809374999991
n123	125	1	0	89	11.282039999999991
n124	126	1	0	92	11.348813437499992
n130	130	1	0	83	11.619913593749986
n129	129	1	0	89	11.547798281249987
n128	128	1	0	91	11.48770218749999
n127	127	1	0	98	11.408909531249991
n134	134	1	0	71	11.911045781249989
n133	133	1	0	77	11.838930468749988
n132	132	1	0	79	11.766815156249987
n131	131	1	0	86	11.686687031249987
n138	141	1	0	59	12.212861718749991
n137	138	1	0	65	12.13273359374999
n136	137	1	0	67	12.06596015624999
n135	136	1	0	74	11.992509374999988
n142	145	1	0	47	12.60281859374999
n141	146	1	0	53	12.508000312499991
n140	144	1	0	55	12.406504687499991
n139	142	1	0	63	12.299667187499992
n160	171	1	0	36	12.839196562499989
n161	147	1	0	48	12.83519015624999
n145	169	1	0	48	13.235830781249993
n146	148	1	0	55	13.306610624999992
n147	149	1	0	60	13.381396874999993
n149	151	1	0	60	13.534975781249994
n148	150	1	0	64	13.470873281249993
n150	152	1	0	67	13.607091093749993
n151	153	1	0	72	13.684548281249993
n153	155	1	0	72	13.832785312499992
n152	154	1	0	76	13.766011874999991
n154	156	1	0	79	13.899558749999992
n155	157	1	0	84	13.969003124999992
n157	159	1	0	84	14.13193031249999
n156	158	1	0	88	14.05313765624999
n158	160	1	0	91	14.194697343749992
n159	161	1	0	96	14.257464374999993
n165	165	1	0	84	14.513874374999991
n164	164	1	0	91	14.441759062499992
n163	163	1	0	96	14.380327499999993
n162	162	1	0	100	14.309547656249993
n169	170	1	0	72	14.79298734374999
n171	173	1	0	72	14.96926921874999
n168	168	1	0	79	14.71285921874999
n167	167	1	0	84	14.66077593749999
n166	166	1	0	88	14.58732515624999
n173	175	1	0	60	15.081448593749988
n172	174	1	0	67	15.007997812499989
n170	172	1	0	76	14.87979281249999
n177	179	1	0	48	15.409973906249988
n176	177	1	0	55	15.331181249999988
n175	178	1	0	60	15.259065937499988
n174	176	1	0	64	15.178937812499989
n195	206	1	0	33	15.612965156249986
n196	205	1	0	45	15.604952343749988
n180	180	1	0	48	15.827975624999986
n181	181	1	0	53	15.921458437499986
n182	182	1	0	60	16.001586562499988
n184	184	1	0	60	16.15249453124999
n183	183	1	0	65	16.093733906249987
n185	185	1	0	65	16.24197093749999
n186	186	1	0	72	16.30740890624999
n188	188	1	0	72	16.42225921874999
n187	187	1	0	77	16.37818874999999
n189	189	1	0	77	16.498380937499988
n190	190	1	0	84	16.567825312499988
n192	193	1	0	84	16.702707656249988
n191	191	1	0	89	16.65195984374999
n193	194	1	0	89	16.802867812499986
n194	195	1	0	96	16.865634843749987
n200	200	1	0	84	17.118038437499983
n199	199	1	0	90	17.052600468749983
n198	197	1	0	96	16.995175312499985
n197	196	1	0	100	16.917718124999986
n204	204	1	0	72	17.379790312499985
n206	209	1	0	72	17.53470468749998
n203	203	1	0	78	17.323700624999987
n202	202	1	0	84	17.255591718749987
n201	201	1	0	88	17.192824687499986
n208	211	1	0	60	17.654896874999974
n207	210	1	0	66	17.606819999999974
n205	207	1	0	76	17.47193765624998
n212	216	1	0	48	17.998112343749973
n211	213	1	0	54	17.900623124999974
n210	214	1	0	60	17.843197968749973
n209	212	1	0	64	17.765740781249974
n230	243	1	0	31	18.191755312499975
n231	241	1	0	43	18.185077968749976
n215	217	1	0	48	18.325302187499975
n216	218	1	0	55	18.405430312499973
n217	219	1	0	60	18.488229374999975
n219	221	1	0	60	18.640472812499972
n218	220	1	0	62	18.561680156249974
n220	222	1	0	67	18.71525906249997
n221	223	1	0	72	18.800729062499972
n223	225	1	0	72	18.952972499999973
n222	224	1	0	74	18.87417984374997
n224	226	1	0	79	19.015739531249974
n225	227	1	0	84	19.07984203124997
n227	229	1	0	84	19.26013031249997
n226	228	1	0	86	19.17332484374997
n228	230	1	0	91	19.318890937499972
n229	231	1	0	96	19.38032249999997
n235	236	1	0	83	19.67412562499997
n234	235	1	0	91	19.592662031249972
n233	234	1	0	95	19.51787578124997
n232	233	1	0	98	19.432405781249972
n239	240	1	0	71	19.943890312499963
n241	244	1	0	71	20.090791874999965
n238	239	1	0	79	19.891807031249964
n237	238	1	0	83	19.829039999999967
n236	237	1	0	86	19.75291828124997
n243	246	1	0	59	20.216325937499963
n242	245	1	0	67	20.158900781249965
n240	242	1	0	74	20.021347499999965
n247	248	1	0	47	20.55152859374996
n246	249	1	0	55	20.46872953124996
n245	250	1	0	59	20.38993687499996
n244	247	1	0	62	20.31782156249996
n265	275	1	0	36	20.771880937499958
n266	273	1	0	48	20.76386812499996
n250	251	1	0	50	21.000246093749958
n251	252	1	0	55	21.10040624999996
n252	253	1	0	62	21.179198906249958
n254	255	1	0	62	21.32877140624996
n253	254	1	0	64	21.272681718749958
n255	256	1	0	67	21.408899531249958
n256	257	1	0	74	21.486356718749956
n258	259	1	0	74	21.619903593749953
n257	258	1	0	76	21.555801093749956
n259	260	1	0	79	21.686677031249953
n260	261	1	0	86	21.774817968749954
n262	263	1	0	86	21.92572593749995
n261	262	1	0	88	21.862958906249954
n263	264	1	0	91	22.00184765624995
n264	265	1	0	98	22.07396296874995
n270	269	1	0	84	22.338385781249954
n269	268	1	0	91	22.272947812499954
n268	267	1	0	96	22.207509843749953
n267	266	1	0	100	22.13940093749995
n274	274	1	0	72	22.618834218749956
n276	277	1	0	72	22.80045796874996
n273	272	1	0	79	22.55740265624996
n272	271	1	0	84	22.49196468749996
n271	270	1	0	88	22.411836562499957
n278	279	1	0	60	22.92866296874996
n277	278	1	0	67	22.85788312499996
n275	276	1	0	76	22.701633281249958
n282	281	1	0	48	23.314613437499958
n281	282	1	0	55	23.19709218749996
n280	283	1	0	60	23.11295765624996
n279	280	1	0	64	23.038171406249962
n300	300	1	0	33	23.58170718749995
n301	294	1	0	45	23.575029843749952
n285	284	1	0	52	23.87951671874995
n286	285	1	0	60	23.983683281249952
n287	286	1	0	64	24.059804999999955
n289	288	1	0	64	24.226738593749957
n288	287	1	0	65	24.146610468749955
n290	289	1	0	72	24.300189374999956
n291	290	1	0	76	24.373640156249955
n293	292	1	0	76	24.524548124999953
n292	291	1	0	77	24.448426406249954
n294	293	1	0	84	24.589986093749953
n295	295	1	0	88	24.654088593749954
n297	297	1	0	88	24.855744374999947
n296	296	1	0	89	24.77294531249995
n298	298	1	0	96	24.909163124999946
n299	299	1	0	100	24.965252812499944
n318	311	1	0	35	25.080103124999944
n319	305	1	0	47	25.092122343749942
n305	304	1	0	86	25.273746093749946
n304	303	1	0	95	25.212314531249945
n303	302	1	0	98	25.130850937499943
n302	301	1	0	101	25.050722812499945
n309	310	1	0	74	25.556865468749944
n308	309	1	0	83	25.495433906249943
n307	308	1	0	86	25.409963906249946
n306	306	1	0	89	25.361887031249946
n320	321	1	0	33	25.678393124999943
n321	316	1	0	45	25.671715781249944
n313	315	1	0	62	25.882719843749943
n312	314	1	0	71	25.811939999999943
n311	313	1	0	74	25.723799062499943
n310	312	1	0	77	25.651683749999943
n317	320	1	0	50	26.243296406249943
n316	318	1	0	59	26.152484531249943
n315	319	1	0	62	26.075027343749944
n314	317	1	0	65	25.993563749999943
n337	338	1	0	32	26.432932968749945
n338	334	1	0	44	26.428926562499946
n322	322	1	0	50	26.565144374999946
n323	323	1	0	59	26.643937031249948
n324	324	1	0	62	26.709374999999948
n326	326	1	0	62	26.88565687499995
n325	325	1	0	64	26.81487703124995
n327	327	1	0	71	26.97513328124995
n328	329	1	0	74	27.036564843749947
n330	331	1	0	74	27.18480187499995
n329	330	1	0	76	27.10868015624995
n331	333	1	0	83	27.24890437499995
n332	335	1	0	86	27.31033593749995
n334	337	1	0	86	27.474598593749946
n333	336	1	0	88	27.38779312499995
n335	339	1	0	95	27.534694687499947
n336	340	1	0	98	27.578765156249947
n355	351	1	0	33	27.70029281249995
n356	346	1	0	45	27.69094453124995
n342	345	1	0	84	27.913967812499955
n341	344	1	0	93	27.833839687499953
n340	343	1	0	96	27.73902140624995
n339	342	1	0	100	27.66824156249995
n346	350	1	0	72	28.190409843749958
n348	353	1	0	72	28.37470453124995
n345	349	1	0	81	28.124971874999957
n344	348	1	0	84	28.048850156249955
n343	347	1	0	88	27.992760468749957
n357	361	1	0	31	28.289234531249956
n358	356	1	0	43	28.279886249999958
n350	355	1	0	60	28.517599687499953
n349	354	1	0	69	28.446819843749953
n347	352	1	0	76	28.291905468749956
n354	360	1	0	48	28.908892031249948
n353	358	1	0	57	28.80606093749995
n352	359	1	0	60	28.71257812499995
n351	357	1	0	64	28.631114531249953
n374	392	1	0	29	29.10520593749995
n375	391	1	0	41	29.10787687499995
n359	362	1	0	48	29.27080406249995
n360	363	1	0	57	29.33624203124995
n361	364	1	0	60	29.40835734374995
n363	366	1	0	60	29.572619999999947
n362	365	1	0	64	29.501840156249948
n364	367	1	0	69	29.642064374999947
n365	368	1	0	72	29.720857031249945
n367	370	1	0	72	29.877106874999946
n366	369	1	0	76	29.817010781249948
n368	372	1	0	81	29.947886718749945
n369	373	1	0	84	30.021337499999944
n371	375	1	0	84	30.18827109374994
n370	374	1	0	88	30.11482031249994
n372	378	1	0	93	30.25771546874994
n373	deletion
n379	382	1	0	83	30.62096296874994
n378	381	1	0	93	30.52614468749994
n377	380	1	0	95	30.47272593749994
n376	379	1	0	99	30.37390124999994
n383	386	1	0	71	30.932127187499944
n385	388	1	0	71	31.058996718749945
n382	385	1	0	81	30.841315312499944
n381	384	1	0	83	30.775877343749944
n380	383	1	0	87	30.68372999999994
n387	390	1	0	59	31.215246562499942
n386	389	1	0	69	31.139124843749943
n384	387	1	0	75	30.989552343749946
n391	397	1	0	47	31.56380390624994
n390	395	1	0	57	31.464979218749942
n389	394	1	0	59	31.38351562499994
n388	393	1	0	63	31.298045624999943
n409	424	1	0	28	31.765459687499938
n410	425	1	0	40	31.75611140624994
n394	399	1	0	47	31.903012968749938
n395	400	1	0	57	32.00717953124994
n396	401	1	0	59	32.06727562499993
n398	403	1	0	59	32.21951906249992
n397	402	1	0	64	32.15541656249992
n399	405	1	0	69	32.31033093749992
n400	406	1	0	71	32.375768906249924
n402	409	1	0	71	32.52667687499992
n401	407	1	0	76	32.44921968749992
n403	410	1	0	81	32.596121249999925
n404	411	1	0	83	32.66022374999992
n406	413	1	0	83	32.82448640624991
n405	412	1	0	88	32.73768093749992
n407	414	1	0	93	32.89660171874991
n408	415	1	0	95	32.96070421874991
n414	419	1	0	83	33.247829999999894
n413	418	1	0	92	33.16369546874989
n412	417	1	0	95	33.0915801562499
n411	416	1	0	100	33.02480671874991
n418	423	1	0	71	33.52293656249989
n420	427	1	0	71	33.697882968749894
n417	422	1	0	80	33.4521567187499
n416	421	1	0	83	33.3933960937499
n415	420	1	0	88	33.3092615624999
n422	429	1	0	59	33.83543624999989
n421	428	1	0	68	33.76465640624989
n419	426	1	0	76	33.604400156249895
n426	431	1	0	47	34.214709374999885
n425	433	1	0	56	34.113213749999886
n424	432	1	0	59	34.04376937499988
n423	430	1	0	64	33.942273749999885
n444	446	1	0	33	34.487144999999884
n445	447	1	0	45	34.477796718749886
n429	434	1	0	52	34.724858437499876
n430	435	1	0	57	34.81834124999987
n431	436	1	0	61	34.890456562499864
n433	438	1	0	64	35.04269999999986
n432	437	1	0	67	34.971920156249865
n434	440	1	0	69	35.110808906249865
n435	441	1	0	73	35.18292421874986
n437	443	1	0	76	35.315135624999854
n436	442	1	0	79	35.263052343749855
n438	444	1	0	81	35.401941093749855
n439	445	1	0	85	35.47272093749986
n443	451	1	0	76	35.75584031249986
n442	452	1	0	81	35.68639593749986
n441	deletion
n440	448	1	0	91	35.56086187499986
n462	462	1	0	38	35.91342562499986
n463	461	1	0	50	35.90674828124986
n449	456	1	0	76	36.112410468749836
n448	455	1	0	81	36.060327187499844
n447	454	1	0	84	35.97886359374985
n446	453	1	0	91	35.885380781249864
n453	460	1	0	64	36.40087171874983
n452	459	1	0	69	36.33276281249983
n451	458	1	0	72	36.27266671874983
n450	457	1	0	79	36.18986765624983
n457	466	1	0	52	36.76411921874983
n456	465	1	0	57	36.65327531249983
n455	464	1	0	60	36.57982453124983
n454	463	1	0	67	36.48500624999983
n461	470	1	0	50	37.18746281249983
n460	468	1	0	57	37.08596718749983
n459	469	1	0	60	37.00583906249983
n458	467	1	0	66	36.90300796874983
n479	504	1	0	31	37.34771906249983
n480	495	1	0	43	37.34237718749983
n464	471	1	0	50	37.49328515624982
n465	472	1	0	55	37.57741968749981
n466	473	1	0	60	37.6615542187498
n468	475	1	0	62	37.8365006249998
n467	474	1	0	65	37.7683917187498
n469	476	1	0	67	37.9112868749998
n470	477	1	0	72	37.996756874999804
n472	479	1	0	74	38.128968281249804
n471	478	1	0	77	38.080891406249805
n473	480	1	0	79	38.20108359374981
n474	481	1	0	84	38.27854078124981
n476	483	1	0	86	38.42410687499981
n475	482	1	0	89	38.36267531249981
n477	484	1	0	91	38.49889312499981
n478	485	1	0	96	38.567002031249814
n484	490	1	0	86	38.8354312499998
n483	489	1	0	91	38.77800609374981
n482	488	1	0	95	38.68051687499982
n481	486	1	0	101	38.62576265624982
n488	494	1	0	74	39.1198860937498
n487	493	1	0	79	39.047770781249795
n486	492	1	0	83	38.995687499999796
n485	491	1	0	89	38.918230312499794
n492	499	1	0	62	39.409682812499796
n491	498	1	0	67	39.33756749999979
n490	497	1	0	71	39.278806874999795
n489	496	1	0	77	39.20001421874979
n496	503	1	0	50	39.75556921874979
n495	502	1	0	55	39.650067187499786
n494	501	1	0	59	39.58195828124979
n493	500	1	0	65	39.49648828124979
n514	521	1	0	36	39.923838281249786
n499	505	1	0	48	40.07474624999978
n515	deletion
n500	506	1	0	55	40.17089999999976
n501	507	1	0	58	40.24167984374976
n503	509	1	0	60	40.399265156249754
n502	508	1	0	64	40.32848531249975
n504	510	1	0	67	40.47271593749976
n505	511	1	0	70	40.536818437499754
n507	513	1	0	72	40.673036249999754
n506	512	1	0	76	40.612940156249756
n508	514	1	0	79	40.753164374999756
n509	515	1	0	82	40.81726687499975
n511	517	1	0	84	40.96817484374975
n510	516	1	0	88	40.900065937499754
n512	519	1	0	91	41.046967499999745
n513	deletion
n532	539	1	0	30	41.18986265624975
n533	532	1	0	42	41.18852718749975
n519	525	1	0	84	41.420898749999736
n518	524	1	0	87	41.35946718749974
n517	523	1	0	94	41.268655312499746
n516	522	1	0	99	41.18986265624975
n523	529	1	0	72	41.71870828124973
n522	528	1	0	75	41.659947656249734
n521	527	1	0	82	41.569135781249734
n520	526	1	0	87	41.517052499999735
n527	534	1	0	60	42.01918874999973
n526	533	1	0	63	41.96176359374973
n525	531	1	0	70	41.87896453124973
n524	530	1	0	75	41.82421031249973
n531	538	1	0	48	42.32367562499973
n530	537	1	0	51	42.25156031249973
n529	536	1	0	58	42.16208390624973
n528	535	1	0	63	42.11267156249973
n549	550	1	0	29	42.43318406249973
n550	551	1	0	41	42.43184859374973
n534	540	1	0	48	42.548034374999716
n535	541	1	0	51	42.621485156249705
n536	542	1	0	57	42.6749039062497
n538	544	1	0	60	42.8578631249997
n537	543	1	0	63	42.7737285937497
n539	545	1	0	63	42.9513459374997
n540	546	1	0	69	43.0061001562497
n542	548	1	0	72	43.157008124999706
n541	547	1	0	75	43.0848928124997
n543	549	1	0	75	43.245149062499706
n544	552	1	0	81	43.3119224999997
n546	554	1	0	84	43.4628304687497
n545	553	1	0	87	43.3973924999997
n547	555	1	0	87	43.5549778124997
n548	557	1	0	93	43.6017192187497
n567	574	1	0	35	43.69520203124969
n568	566	1	0	47	43.68986015624969
n554	561	1	0	83	43.93825734374968
n553	560	1	0	87	43.875490312499686
n552	559	1	0	92	43.79269124999969
n551	558	1	0	99	43.69920843749969
n558	565	1	0	71	44.25342796874968
n557	564	1	0	75	44.189325468749686
n556	563	1	0	80	44.114539218749684
n555	562	1	0	87	44.03040468749968
n562	570	1	0	59	44.54990203124968
n561	569	1	0	63	44.48713499999968
n560	568	1	0	68	44.421697031249685
n559	567	1	0	75	44.334891562499685
n566	575	1	0	47	44.85572437499968
n565	573	1	0	51	44.787615468749685
n564	572	1	0	56	44.71416468749968
n563	571	1	0	63	44.63537203124968
n584	606	1	0	34	44.935852499999676
n569	576	1	0	46	45.054709218749665
n570	578	1	0	53	45.156204843749656
insertion	577	1	0	53	45.058715624999664
n571	579	1	0	56	45.200275312499656
n573	581	1	0	58	45.37255078124966
n572	580	1	0	62	45.300435468749654
n574	582	1	0	65	45.468704531249664
n575	583	1	0	68	45.508768593749664
n577	585	1	0	70	45.67436671874967
n576	584	1	0	74	45.61159968749966
n578	586	1	0	77	45.769184999999666
n579	587	1	0	80	45.818597343749666
n581	589	1	0	82	45.99487921874967
n580	588	1	0	86	45.906738281249666
n582	590	1	0	89	46.06432359374967
n583	591	1	0	92	46.13777437499967
n602	602	1	0	46	46.18050937499967
n588	596	1	0	82	46.40753906249966
n587	595	1	0	88	46.31272078124966
n586	594	1	0	92	46.23926999999967
n585	592	1	0	98	46.19787046874967
n592	600	1	0	70	46.70401312499966
n591	599	1	0	76	46.65192984374966
n590	598	1	0	80	46.57580812499966
n589	597	1	0	86	46.50769921874966
n596	605	1	0	58	47.02319015624967
n595	604	1	0	64	46.953745781249665
n594	603	1	0	68	46.88296593749966
n593	601	1	0	74	46.81085062499966
n600	610	1	0	46	47.41181156249967
n599	611	1	0	52	47.32099968749967
n598	608	1	0	56	47.21282671874967
n597	607	1	0	62	47.12869218749967
n618	645	1	0	33	47.63349937499967
n619	612	1	0	45	47.626822031249674
n603	613	1	0	45	47.901928593749645
n604	614	1	0	52	47.96870203124965
n605	615	1	0	57	48.02212078124965
n607	618	1	0	57	48.203744531249654
n606	616	1	0	61	48.11693906249965
n608	619	1	0	64	48.291885468749655
n609	620	1	0	69	48.36667171874966
n611	623	1	0	69	48.514908749999655
n610	622	1	0	73	48.44412890624965
n612	624	1	0	76	48.59370140624966
n613	625	1	0	81	48.655132968749655
n615	627	1	0	81	48.81271828124965
n614	626	1	0	85	48.735261093749656
n616	628	1	0	88	48.89551734374965
n617	629	1	0	93	48.98632921874965
n623	633	1	0	81	49.25475843749966
n622	632	1	0	88	49.17596578124966
n621	631	1	0	93	49.107856874999655
n620	630	1	0	97	49.022386874999654
n627	638	1	0	69	49.561916249999655
n629	641	1	0	69	49.73018531249965
n626	636	1	0	76	49.473775312499654
n625	635	1	0	81	49.41501468749966
n624	634	1	0	85	49.330880156249655
n631	643	1	0	57	49.91180906249965
n630	642	1	0	64	49.82099718749965
n628	640	1	0	73	49.64070890624965
n635	648	1	0	45	50.299094999999646
n634	646	1	0	52	50.20427671874965
n633	647	1	0	57	50.10945843749965
n632	644	1	0	61	50.01597562499965
n653	665	1	0	38	50.60491734374965
n638	649	1	0	45	50.857320937499644
n639	650	1	0	50	50.96549390624963
n640	651	1	0	54	51.03627374999962
n642	653	1	0	57	51.20320734374962
n641	652	1	0	60	51.12975656249962
n643	654	1	0	62	51.28333546874962
n644	655	1	0	66	51.35411531249962
n646	657	1	0	69	51.49567499999962
n645	656	1	0	72	51.440920781249616
n647	659	1	0	74	51.57713859374962
n648	660	1	0	78	51.64257656249963
n650	662	1	0	81	51.81084562499962
n649	661	1	0	84	51.73873031249963
n651	663	1	0	86	51.90566390624963
n652	664	1	0	90	51.98045015624963
n670	683	1	0	31	52.12067437499963
n671	674	1	0	43	52.11399703124963
n657	669	1	0	79	52.327672031249605
n656	668	1	0	86	52.25288578124961
n655	667	1	0	89	52.18878328124962
n654	666	1	0	96	52.08595218749963
n661	673	1	0	67	52.60945593749961
n660	672	1	0	74	52.546688906249614
n659	671	1	0	77	52.46255437499961
n658	670	1	0	84	52.38910359374961
n665	678	1	0	55	52.9833871874996
n664	677	1	0	62	52.8965817187496
n663	676	1	0	65	52.8137826562496
n662	675	1	0	72	52.690919531249605
n669	682	1	0	43	53.4027243749996
n668	680	1	0	50	53.3105770312496
n667	681	1	0	53	53.2424681249996
n666	679	1	0	59	53.0942310937496
n687	700	1	0	36	53.5522968749996
n672	684	1	0	43	53.687179218749584
n673	685	1	0	48	53.783332968749576
n674	686	1	0	52	53.858119218749565
n676	688	1	0	55	54.01436906249957
n675	687	1	0	59	53.948931093749565
n677	690	1	0	60	54.08781984374957
n678	691	1	0	64	54.159935156249574
n680	693	1	0	67	54.29481749999957
n679	692	1	0	71	54.24006328124957
n681	694	1	0	72	54.36559734374957
n682	695	1	0	76	54.43637718749957
n684	697	1	0	79	54.57793687499957
insertion	705	1	0	79	55.06938937499955
n683	696	1	0	83	54.525853593749574
n685	698	1	0	84	54.651387656249575
n686	699	1	0	88	54.736857656249576
n704	719	1	0	29	54.85304343749957
n705	709	1	0	41	54.84770156249957
n691	704	1	0	77	55.056034687499555
n690	703	1	0	84	54.98792578124956
n689	702	1	0	88	54.90913312499957
n688	701	1	0	95	54.837017812499575
n695	710	1	0	65	55.33648312499955
n694	708	1	0	72	55.26970968749956
n693	707	1	0	76	55.193587968749554
n692	706	1	0	83	55.11479531249955
n699	714	1	0	53	55.731781874999555
n698	713	1	0	60	55.63295718749956
n697	712	1	0	64	55.52879062499956
n696	711	1	0	71	55.42996593749956
n703	718	1	0	41	56.12173874999955
n702	717	1	0	48	56.03226234374955
n701	716	1	0	52	55.969495312499554
n700	715	1	0	57	55.84396124999955
n721	735	1	0	35	56.28466593749955
n706	720	1	0	41	56.41287093749954
n707	721	1	0	47	56.495669999999535
n708	722	1	0	50	56.566449843749524
n710	724	1	0	53	56.72002874999953
n709	723	1	0	57	56.647913437499525
n711	725	1	0	59	56.80282781249953
n712	726	1	0	62	56.87894953124953
n714	728	1	0	65	57.01516734374953
n713	727	1	0	69	56.96441953124953
n715	729	1	0	71	57.10330828124953
n716	730	1	0	74	57.172752656249536
n718	732	1	0	77	57.319654218749534
n717	731	1	0	81	57.258222656249536
n719	733	1	0	83	57.407795156249534
n720	734	1	0	86	57.48124593749954
n738	741	1	0	28	57.61879921874953
n739	742	1	0	40	57.61078640624953
n725	740	1	0	76	57.81911953124951
n724	739	1	0	83	57.73632046874951
n723	738	1	0	86	57.66286968749952
n722	737	1	0	91	57.60143812499953
n729	746	1	0	64	58.118264531249515
n728	745	1	0	71	58.04882015624951
n727	744	1	0	74	57.97002749999952
n726	743	1	0	79	57.897912187499514
n740	751	1	0	33	58.19839265624952
n741	750	1	0	45	58.19037984374952
n730	747	1	0	69	58.19839265624952
n731	748	1	0	72	58.27985624999951
n733	753	1	0	76	58.445454374999485
n732	749	1	0	79	58.3733390624995
n734	754	1	0	81	58.52825343749949
n735	755	1	0	84	58.56698203124949
n737	759	1	0	88	58.72189640624949
n736	757	1	0	91	58.655122968749495
n758	762	1	0	26	58.74326390624949
n759	764	1	0	38	58.760624999999486
n745	766	1	0	74	59.03172515624947
n744	763	1	0	81	58.91286843749947
n743	761	1	0	84	58.85277234374947
n742	deletion
n749	770	1	0	62	59.29080609374947
n748	769	1	0	69	59.23605187499947
n747	768	1	0	72	59.15725921874947
n746	767	1	0	77	59.06911828124947
n760	775	1	0	31	59.38028249999946
n761	774	1	0	43	59.37494062499946
n750	771	1	0	67	59.38028249999946
n751	772	1	0	71	59.464417031249454
n753	776	1	0	74	59.620666874999436
n752	773	1	0	77	59.55255796874944
n754	778	1	0	79	59.70747234374943
n755	780	1	0	83	59.76356203124943
n757	783	1	0	86	59.91313453124942
n756	782	1	0	89	59.85570937499942
n778	788	1	0	24	59.96788874999942
n779	789	1	0	36	59.96655328124942
n765	790	1	0	72	60.188241093749404
n764	787	1	0	79	60.1147903124994
n763	786	1	0	83	60.033326718749414
n762	784	1	0	88	59.977237031249416
n769	794	1	0	60	60.46868953124941
n768	793	1	0	67	60.405922499999406
n767	792	1	0	71	60.3364781249994
n766	791	1	0	76	60.2656982812494
n780	798	1	0	29	60.588881718749406
n781	799	1	0	41	60.584875312499406
n770	795	1	0	65	60.57018515624941
n771	796	1	0	69	60.651648749999396
n773	800	1	0	72	60.821253281249376
n772	797	1	0	76	60.74112515624939
n774	801	1	0	77	60.89871046874937
n775	802	1	0	81	60.96548390624937
n777	804	1	0	84	61.12173374999937
n776	803	1	0	88	61.04160562499937
n795	811	1	0	35	61.20586828124937
n796	809	1	0	47	61.20586828124937
n785	808	1	0	71	61.43690437499936
n784	807	1	0	77	61.35009890624936
n783	806	1	0	81	61.27397718749937
n782	805	1	0	86	61.193849062499375
n789	814	1	0	59	61.73738484374936
n788	813	1	0	65	61.67061140624936
n787	812	1	0	69	61.595825156249354
n786	810	1	0	74	61.510355156249354
n793	818	1	0	47	62.09128406249936
n792	817	1	0	53	62.00848499999936
n791	816	1	0	57	61.939040624999365
n790	815	1	0	62	61.848228749999365
n797	829	1	0	35	62.20079249999935
n811	828	1	0	47	62.55068531249935
n801	824	1	0	71	62.81644359374934
n800	823	1	0	78	62.72963812499934
n799	822	1	0	81	62.64416812499934
n798	820	1	0	87	62.562704531249345
n805	830	1	0	59	63.165000937499336
n804	827	1	0	66	63.09555656249934
n803	826	1	0	69	63.019434843749345
n802	825	1	0	75	62.91793921874934
n809	835	1	0	47	63.52424203124933
n808	833	1	0	54	63.43610109374933
n807	832	1	0	57	63.34395374999933
n806	831	1	0	63	63.263825624999335
n812	834	1	0	35	63.641763281249325
n828	859	1	0	28	64.42568343749932
n829	860	1	0	40	64.42167703124932
n813	836	1	0	47	64.74085406249931
n814	837	1	0	52	64.8677235937493
n815	838	1	0	56	64.9692192187493
n817	840	1	0	59	65.13882374999929
n816	839	1	0	64	65.0653729687493
n818	841	1	0	64	65.22162281249929
n819	842	1	0	68	65.2817189062493
n821	844	1	0	71	65.42594953124929
n820	843	1	0	76	65.36051156249928
n822	845	1	0	76	65.49940031249929
n823	846	1	0	80	65.5688446874993
n825	848	1	0	83	65.7130753124993
n824	847	1	0	88	65.6489728124993
n826	849	1	0	88	65.8118999999993
n827	850	1	0	92	65.8906926562493
n833	854	1	0	83	66.1965149999993
n832	853	1	0	88	66.1217287499993
n831	852	1	0	92	66.0309168749993
n830	851	1	0	100	65.9547951562493
n837	858	1	0	71	66.52504031249929
n836	857	1	0	76	66.4542604687493
n835	856	1	0	80	66.3647840624993
n834	855	1	0	88	66.2859914062493
n841	864	1	0	59	66.94571296874926
n840	863	1	0	64	66.83486906249927
n839	862	1	0	68	66.72135421874927
n838	861	1	0	76	66.63054234374928
n848	867	1	0	26	67.03919578124926
n849	866	1	0	38	67.03652484374926
n845	871	1	0	50	67.52397093749923
n844	870	1	0	55	67.37974031249924
n843	868	1	0	59	67.23283874999925
n842	865	1	0	65	67.08593718749925
n865	874	1	0	24	67.85917359374923
n866	898	1	0	36	67.85383171874923
n850	872	1	0	48	68.12092546874922
n851	873	1	0	55	68.22108562499922
n852	875	1	0	60	68.31323296874922
n854	877	1	0	60	68.49485671874922
n853	876	1	0	64	68.41739953124922
n855	878	1	0	67	68.57364937499922
n856	879	1	0	72	68.65778390624922
n858	881	1	0	72	68.82071109374922
n857	880	1	0	76	68.73390562499922
n859	883	1	0	79	68.88214265624921
n860	884	1	0	84	68.96093531249922
n862	886	1	0	84	69.13187531249922
n861	885	1	0	88	69.04774078124922
n863	888	1	0	91	69.18395859374921
n864	889	1	0	96	69.25473843749921
n884	897	1	0	48	69.33753749999921
n870	893	1	0	84	69.54987703124921
n869	892	1	0	91	69.46040062499922
n868	891	1	0	96	69.39229171874922
n867	890	1	0	100	69.31884093749922
n874	899	1	0	72	69.84768656249919
n876	901	1	0	72	70.02263296874919
n873	896	1	0	79	69.7729003124992
n872	895	1	0	84	69.70078499999921
n871	894	1	0	88	69.62866968749921
n878	903	1	0	60	70.15350890624917
n877	902	1	0	67	70.08673546874918
n875	900	1	0	76	69.94384031249919
n882	907	1	0	48	70.49672437499918
n881	905	1	0	55	70.39789968749918
n880	906	1	0	60	70.32444890624917
n879	904	1	0	64	70.25500453124917
n900	925	1	0	29	70.70505749999917
n901	917	1	0	41	70.69704468749917
n885	908	1	0	48	70.87599749999916
n886	909	1	0	57	70.96948031249914
n887	910	1	0	60	71.05094390624913
n889	912	1	0	60	71.20185187499914
n888	911	1	0	65	71.12973656249913
n890	914	1	0	69	71.27797359374914
n891	915	1	0	72	71.35142437499914
n893	918	1	0	72	71.47962937499915
n892	916	1	0	77	71.41686234374914
n894	919	1	0	81	71.54773828124915
n895	920	1	0	84	71.61451171874916
n897	922	1	0	84	71.77343249999916
n896	921	1	0	89	71.69731078124916
n898	923	1	0	93	71.84421234374916
n899	924	1	0	96	71.91499218749917
n918	936	1	0	30	72.00313312499915
n919	934	1	0	42	72.00580406249915
n905	929	1	0	84	72.20345343749912
n904	928	1	0	93	72.13267359374913
n903	927	1	0	96	72.06723562499914
n902	926	1	0	100	71.98710749999915
n909	933	1	0	72	72.4852373437491
n908	932	1	0	81	72.42514124999911
n907	931	1	0	84	72.35836781249913
n906	930	1	0	88	72.29292984374912
n913	939	1	0	60	72.77770499999907
n912	938	1	0	69	72.71226703124908
n911	937	1	0	72	72.6348098437491
n910	935	1	0	76	72.5693718749991
n917	944	1	0	48	73.08886921874908
n916	942	1	0	57	73.00607015624908
n915	943	1	0	60	72.94196765624908
n914	941	1	0	62	72.88721343749907
n935	954	1	0	31	73.27182843749908
n936	951	1	0	43	73.26381562499908
n920	947	1	0	47	73.37599499999907
n921	948	1	0	55	73.46413593749905
n922	949	1	0	59	73.53358031249904
n924	952	1	0	59	73.70184937499904
n923	950	1	0	62	73.63106953124904
n925	953	1	0	67	73.78999031249904
n926	955	1	0	71	73.87946671874904
n937	960	1	0	30	73.94757562499903
n938	958	1	0	42	73.93956281249903
n928	957	1	0	71	74.03571656249903
n927	956	1	0	74	73.96760765624903
n929	959	1	0	79	74.10382546874904
n930	961	1	0	83	74.18795999999904
n939	966	1	0	28	74.26675265624903
n940	963	1	0	40	74.25473343749903
n932	964	1	0	83	74.36290640624901
n931	962	1	0	86	74.29079109374902
n933	965	1	0	91	74.44570546874901
n934	967	1	0	93	74.52449812499901
n957	976	1	0	26	74.66071593749902
n958	977	1	0	38	74.65270312499902
n944	971	1	0	84	74.874390937499
n943	970	1	0	90	74.81028843749901
n942	969	1	0	93	74.72748937499902
n941	968	1	0	98	74.64335484374902
n948	975	1	0	72	75.15216843749899
n947	974	1	0	78	75.094743281249
n946	973	1	0	81	75.02129249999899
n945	972	1	0	86	74.95986093749899
n952	981	1	0	60	75.43795874999897
n951	980	1	0	66	75.37786265624898
n950	979	1	0	69	75.31376015624899
n949	978	1	0	74	75.23897390624899
n956	985	1	0	48	75.78384515624897
n955	984	1	0	54	75.68769140624897
n954	982	1	0	57	75.61691156249897
n953	983	1	0	62	75.53277703124897
n974	1014	1	0	31	75.95478515624897
n975	1013	1	0	43	75.95077874999897
n959	987	1	0	48	76.09100296874897
n960	988	1	0	53	76.18448578124895
n961	989	1	0	56	76.23523359374896
n963	991	1	0	60	76.41285093749897
n962	990	1	0	62	76.34073562499897
n964	992	1	0	65	76.48095984374898
n965	993	1	0	68	76.56108796874898
n967	995	1	0	72	76.71199593749897
n966	994	1	0	74	76.64388703124897
n968	996	1	0	77	76.78811765624897
n969	997	1	0	80	76.85622656249897
n971	999	1	0	84	77.02182468749896
n970	998	1	0	86	76.94970937499896
n972	1000	1	0	89	77.09794640624897
n973	1001	1	0	92	77.16204890624897
n979	1005	1	0	83	77.43448453124894
n978	1004	1	0	89	77.37572390624895
n977	1003	1	0	91	77.29426031249895
n976	1002	1	0	98	77.23549968749896
n983	1009	1	0	71	77.71226203124893
n982	1008	1	0	77	77.65083046874894
n981	1007	1	0	79	77.57470874999895
n980	1006	1	0	86	77.50793531249894
n987	1017	1	0	59	78.03143906249892
n986	1012	1	0	65	77.94863999999892
n985	1011	1	0	67	77.86851187499893
n984	1010	1	0	74	77.79773203124893
n991	1020	1	0	47	78.4080412499989
n990	1021	1	0	53	78.3118874999989
n989	1019	1	0	55	78.2237465624989
n988	1016	1	0	63	78.11557359374892
n1009	1049	1	0	36	78.6257226562489
n1010	1022	1	0	48	78.6217162499989
n994	1047	1	0	48	79.00499578124888
n995	1023	1	0	55	79.07577562499888
n996	1024	1	0	60	79.15456828124888
n998	1026	1	0	60	79.31883093749889
n997	1025	1	0	64	79.24671562499888
n999	1027	1	0	67	79.39495265624889
n1000	1028	1	0	72	79.47641624999889
n1002	1030	1	0	72	79.6153049999989
n1001	1029	1	0	76	79.5538734374989
n1003	1031	1	0	79	79.6860848437489
n1004	1033	1	0	84	79.7889159374989
n1006	1035	1	0	84	79.94115937499889
n1005	1034	1	0	88	79.85969578124889
n1007	1036	1	0	91	80.0025909374989
n1008	1037	1	0	96	80.0773771874989
n1014	1041	1	0	84	80.34046453124888
n1013	1040	1	0	91	80.2563299999989
n1012	1039	1	0	96	80.2069176562489
n1011	1038	1	0	100	80.1294604687489
n1018	1048	1	0	72	80.61290015624887
n1020	1052	1	0	72	80.79318843749887
n1017	1046	1	0	79	80.53677843749888
n1016	1044	1	0	84	80.49537890624889
n1015	1042	1	0	88	80.42192812499889
n1022	1054	1	0	60	80.91872249999885
n1021	1053	1	0	67	80.85328453124886
n1019	1050	1	0	76	80.70237656249887
n1026	1058	1	0	48	81.26327343749885
n1025	1056	1	0	55	81.17379703124885
n1024	1057	1	0	60	81.10568812499885
n1023	1055	1	0	64	81.01888265624885
n1044	1092	1	0	33	81.50098687499886
n1045	1087	1	0	45	81.49297406249886
n1029	1059	1	0	48	81.65189484374885
n1030	1060	1	0	53	81.74003578124884
n1031	1061	1	0	60	81.81882843749882
n1033	1063	1	0	60	81.98175562499883
n1032	1062	1	0	65	81.91898859374882
n1034	1064	1	0	65	82.06722562499883
n1035	1065	1	0	72	82.14067640624883
n1037	1067	1	0	72	82.26888140624882
n1036	1066	1	0	77	82.20477890624882
n1038	1068	1	0	77	82.35168046874882
n1039	1069	1	0	84	82.42913765624883
n1041	1071	1	0	84	82.58271656249883
n1040	1070	1	0	89	82.50926578124883
n1042	1074	1	0	89	82.70157328124881
n1043	1075	1	0	96	82.73495999999881
n1049	1081	1	0	84	83.03009859374878
n1051	1084	1	0	84	83.15563265624876
n1048	1080	1	0	90	82.94596406249877
n1047	1079	1	0	96	82.87651968749879
n1046	1078	1	0	100	82.87251328124879
n1053	1086	1	0	72	83.30119874999875
n1055	1089	1	0	72	83.45744859374875
n1052	1085	1	0	78	83.23576078124876
n1050	1083	1	0	88	83.10087843749876
n1059	1096	1	0	60	83.75926453124873
n1068	1101	1	0	60	84.5298299999987
n1070	1103	1	0	60	84.69008624999869
n1057	deletion
n1056	1090	1	0	66	83.53089937499874
n1054	1088	1	0	75	83.38399781249875
n1064	1094	1	0	32	83.68581374999873
n1065	1093	1	0	44	83.68180734374873
n1061	1097	1	0	48	83.98896515624874
n1060	1098	1	0	54	83.86877296874874
n1058	1095	1	0	63	83.69516203124873
n1081	1126	1	0	31	84.23068499999873
n1082	1124	1	0	43	84.22534312499873
n1066	1099	1	0	48	84.37892203124872
n1067	1100	1	0	55	84.45905015624871
n1069	1102	1	0	62	84.6286546874987
n1071	1104	1	0	67	84.78089812499869
n1072	1105	1	0	72	84.85568437499869
n1074	1107	1	0	72	85.0039214062487
n1073	1106	1	0	74	84.93314156249869
n1075	1108	1	0	79	85.0720303124987
n1076	1109	1	0	84	85.1428101562487
n1078	1111	1	0	84	85.3297757812487
n1077	1110	1	0	86	85.2336220312487
n1079	1112	1	0	91	85.3938782812487
n1080	1114	1	0	96	85.45263890624871
n1086	1119	1	0	83	85.73442281249866
n1085	1118	1	0	91	85.66631390624867
n1084	1117	1	0	95	85.58752124999869
n1083	1115	1	0	98	85.5207478124987
n1090	1123	1	0	71	86.02021312499866
n1089	1122	1	0	79	85.96278796874867
n1088	1121	1	0	83	85.88533078124867
n1087	1120	1	0	86	85.83458296874866
n1094	1130	1	0	59	86.30333249999865
n1093	1128	1	0	67	86.24991374999865
n1092	1127	1	0	71	86.16978562499867
n1091	1125	1	0	74	86.10167671874866
n1098	1133	1	0	47	86.61449671874865
n1097	1132	1	0	55	86.52902671874865
n1096	1134	1	0	59	86.46492421874865
n1095	1131	1	0	62	86.39681531249865
n1116	1152	1	0	30	86.76807562499866
n1117	1144	1	0	42	86.76540468749866
n1101	1135	1	0	48	86.94569296874863
n1102	1137	1	0	57	87.01914374999862
n1103	1138	1	0	60	87.08191078124861
n1105	1140	1	0	60	87.2635345312486
n1104	1139	1	0	62	87.18607734374861
n1106	1141	1	0	69	87.3369853124986
n1107	1142	1	0	72	87.4077651562486
n1109	1145	1	0	72	87.5600085937486
n1108	1143	1	0	74	87.4918996874986
n1110	1146	1	0	81	87.62811749999861
n1111	1148	1	0	84	87.71225203124861
n1113	1150	1	0	84	87.86583093749859
n1112	1149	1	0	86	87.7857028124986
n1114	1151	1	0	93	87.94595906249859
n1115	1153	1	0	96	87.9967068749986
n1134	1167	1	0	29	88.0808414062486
n1135	1165	1	0	41	88.0808414062486
n1121	1157	1	0	84	88.31321296874856
n1120	1156	1	0	93	88.24777499999857
n1119	1155	1	0	96	88.17565968749858
n1118	1154	1	0	99	88.0835123437486
n1125	1161	1	0	72	88.60968703124855
n1124	1160	1	0	81	88.53757171874855
n1123	1159	1	0	84	88.44943078124855
n1122	1158	1	0	87	88.41070218749856
n1129	1168	1	0	59	88.95023156249854
n1128	1166	1	0	69	88.87544531249856
n1127	1164	1	0	71	88.78863984374856
n1126	1162	1	0	75	88.70984718749855
n1133	1174	1	0	47	89.34285937499853
n1132	1172	1	0	57	89.22667359374853
n1131	1171	1	0	59	89.14654546874853
n1130	1170	1	0	63	89.04905624999853
n1151	1177	1	0	28	89.55252796874852
n1152	1203	1	0	40	89.54451515624852
n1136	1176	1	0	47	89.70076499999851
n1137	1178	1	0	56	89.81828624999851
n1138	1179	1	0	59	89.88906609374851
n1140	1181	1	0	59	90.03863859374852
n1139	1180	1	0	64	89.98388437499851
n1141	1182	1	0	68	90.13479234374852
n1142	1183	1	0	71	90.20824312499852
n1144	1186	1	0	71	90.37651218749852
n1143	1184	1	0	76	90.29371312499852
n1145	1187	1	0	80	90.43794374999851
n1146	1189	1	0	83	90.51673640624851
n1148	1191	1	0	83	90.6689798437485
n1147	1190	1	0	88	90.5941935937485
n1149	1192	1	0	92	90.7330823437485
n1150	1193	1	0	95	90.8225587499985
n1170	1199	1	0	52	90.88532578124851
n1156	1197	1	0	83	91.1297165624985
n1155	1196	1	0	92	91.05092390624851
n1154	1195	1	0	95	90.97613765624851
n1153	1194	1	0	100	90.90802874999851
n1160	1202	1	0	71	91.43019703124851
n1162	1205	1	0	71	91.5957951562485
n1159	1201	1	0	80	91.36075265624851
n1158	1200	1	0	83	91.2926437499985
n1157	1198	1	0	88	91.2125156249985
n1164	1207	1	0	59	91.73067749999849
n1163	1206	1	0	68	91.6598976562485
n1161	1204	1	0	76	91.5103251562485
n1168	1210	1	0	47	92.14333734374847
n1167	1211	1	0	56	92.03115796874847
n1166	1212	1	0	59	91.97239734374847
n1165	1209	1	0	64	91.84552781249849
n1186	1229	1	0	38	92.47586906249848
n1171	1213	1	0	50	92.66417015624846
n1172	1214	1	0	57	92.73494999999845
n1173	1215	1	0	60	92.80973624999844
n1175	1217	1	0	62	92.96197968749841
n1174	1216	1	0	65	92.89921265624842
n1176	1218	1	0	69	93.02474671874842
n1177	1219	1	0	72	93.10487484374842
n1179	1221	1	0	74	93.26646656249842
n1178	1220	1	0	77	93.17966109374842
n1180	1223	1	0	81	93.31187249999842
n1181	1224	1	0	84	93.39600703124842
n1183	1226	1	0	86	93.56694703124842
n1182	1225	1	0	89	93.48681890624842
n1184	1227	1	0	93	93.62704312499841
n1185	1228	1	0	96	93.70984218749841
n1203	1248	1	0	31	93.80866687499841
n1204	1239	1	0	43	93.80733140624841
n1190	1234	1	0	86	93.99029062499838
n1189	1233	1	0	91	93.94087828124839
n1188	1232	1	0	95	93.8754403124984
n1187	1230	1	0	101	93.79531218749841
n1194	1238	1	0	74	94.28676468749838
n1193	1237	1	0	79	94.23468140624838
n1192	1236	1	0	83	94.15321781249838
n1191	1235	1	0	89	94.07843156249838
n1198	1243	1	0	62	94.60327078124838
n1197	1242	1	0	67	94.53249093749838
n1196	1241	1	0	71	94.46571749999838
n1195	1240	1	0	77	94.38024749999838
n1202	1247	1	0	50	94.97586656249838
n1201	1246	1	0	55	94.87971281249838
n1200	1245	1	0	59	94.81026843749838
n1199	1244	1	0	65	94.70610187499838
n1220	1279	1	0	36	95.08270406249838
n1205	1249	1	0	48	95.19087703124836
n1206	1250	1	0	55	95.26165687499835
n1207	1251	1	0	60	95.33777859374834
n1209	1253	1	0	60	95.51406046874834
n1208	1252	1	0	64	95.44194515624834
n1210	1254	1	0	67	95.58884671874834
n1211	1255	1	0	72	95.67565218749834
n1213	1257	1	0	72	95.81721187499834
n1212	1256	1	0	76	95.73708374999835
n1214	1258	1	0	82	95.88398531249833
n1215	1259	1	0	84	95.98681640624832
n1219	1263	1	0	76	96.23921999999833
n1218	1262	1	0	82	96.15374999999833
n1217	1261	1	0	84	96.08297015624832
n1216	1260	1	0	91	96.03088687499832
n1238	1280	1	0	48	96.33003187499833
n1224	1268	1	0	75	96.5356940624983
n1223	1267	1	0	81	96.4916235937483
n1222	1266	1	0	84	96.42217921874831
n1221	1265	1	0	90	96.34338656249832
n1228	1271	1	0	63	96.87890953124828
n1227	1272	1	0	69	96.83483906249829
n1226	1273	1	0	72	96.73467890624829
n1225	1269	1	0	78	96.65588624999829
n1232	1278	1	0	62	97.17671906249825
n1231	1277	1	0	68	97.12196484374826
n1230	1276	1	0	71	97.06721062499825
n1229	1275	1	0	77	96.96304406249827
n1236	1284	1	0	50	97.50791531249824
n1235	1283	1	0	56	97.43579999999824
n1234	1282	1	0	59	97.35567187499824
n1233	1281	1	0	65	97.26485999999824
n1254	1300	1	0	36	97.61341734374824
n1239	1285	1	0	48	97.72826765624824
n1240	1286	1	0	55	97.80438937499822
n1241	1287	1	0	60	97.86448546874821
n1243	1289	1	0	60	98.02607718749822
n1242	1288	1	0	64	97.94995546874821
n1244	1290	1	0	67	98.10620531249822
n1245	1291	1	0	72	98.17965609374822
n1247	1293	1	0	72	98.33857687499822
n1246	1292	1	0	76	98.26646156249822
n1248	1294	1	0	79	98.41736953124823
n1249	1295	1	0	84	98.46945281249822
n1253	1299	1	0	72	98.77126874999821
n1252	1298	1	0	79	98.66843765624822
n1251	1297	1	0	84	98.60967703124822
n1250	1296	1	0	88	98.53622624999822
n1271	1311	1	0	31	98.8340357812482
n1272	1309	1	0	43	98.8313648437482
n1258	1304	1	0	72	99.06373640624817
n1257	1303	1	0	78	98.98627921874818
n1256	1302	1	0	81	98.96624718749818
n1255	1301	1	0	87	98.8580742187482
n1262	1308	1	0	60	99.35086218749817
n1261	1307	1	0	66	99.31480453124817
n1260	1306	1	0	69	99.23868281249817
n1259	1305	1	0	75	99.15588374999817
n1266	1314	1	0	59	99.66469734374814
n1265	1313	1	0	65	99.59391749999816
n1264	1312	1	0	68	99.50978296874817
n1263	1310	1	0	74	99.43633218749817
n1270	1318	1	0	47	99.98788078124815
n1269	1317	1	0	53	99.93846843749816
n1268	1316	1	0	56	99.84632109374816
n1267	1315	1	0	62	99.78088312499816
n1288	1344	1	0	31	100.12543406249814
n1289	1343	1	0	43	100.12276312499814
n1273	1319	1	0	46	100.25363906249814
n1274	1320	1	0	52	100.31239968749813
n1275	1321	1	0	55	100.38184406249812
n1277	1323	1	0	58	100.5554549999981
n1276	1322	1	0	61	100.44728203124811
n1278	1324	1	0	64	100.62356390624811
n1279	1325	1	0	67	100.68633093749811
n1281	1327	1	0	70	100.87730296874811
n1280	1326	1	0	73	100.77180093749811
n1282	1328	1	0	76	100.94006999999812
n1283	1330	1	0	79	101.0081789062481
n1285	1332	1	0	82	101.1737770312481
n1284	1331	1	0	85	101.08964249999809
n1286	1333	1	0	88	101.2392149999981
n1287	1334	1	0	91	101.3033174999981
n1293	1338	1	0	81	101.60112703124808
n1292	1337	1	0	87	101.52099890624808
n1291	1336	1	0	90	101.45823187499808
n1290	1335	1	0	97	101.38478109374809
n1297	1342	1	0	69	101.91629765624808
n1296	1341	1	0	75	101.83616953124809
n1295	1340	1	0	78	101.78275078124808
n1294	1339	1	0	85	101.69995171874808
n1301	1348	1	0	57	102.22345546874807
n1300	1347	1	0	63	102.15267562499807
n1299	1346	1	0	66	102.08323124999808
n1298	1345	1	0	73	102.00844499999808
n1305	1353	1	0	57	102.55598718749808
n1304	1352	1	0	63	102.47986546874807
n1303	1350	1	0	66	102.40775015624807
n1302	1349	1	0	72	102.32361562499807
n1324	1380	1	0	31	102.65481187499807
n1325	1378	1	0	43	102.65481187499807
n1309	1355	1	0	56	102.81907453124806
n1310	1357	1	0	62	102.86848687499806
insertion	1354	1	0	62	102.79236515624807
n1311	1358	1	0	65	102.94594406249806
n1313	1360	1	0	68	103.10887124999805
n1312	1359	1	0	72	103.02740765624804
n1314	1361	1	0	74	103.20636046874804
n1315	1362	1	0	77	103.27446937499805
n1317	1364	1	0	80	103.44273843749804
n1316	1363	1	0	84	103.37062312499803
n1318	1365	1	0	86	103.54690499999803
n1319	1366	1	0	89	103.63371046874803
n1323	1370	1	0	80	104.06239593749802
n1322	1369	1	0	86	103.96891312499802
n1321	1368	1	0	89	103.86875296874803
n1320	1367	1	0	96	103.74722531249803
n1329	1374	1	0	79	104.49909421874801
n1328	1373	1	0	86	104.42297249999801
n1327	1372	1	0	89	104.32681874999801
n1326	1371	1	0	95	104.19727828124802
n1333	1379	1	0	67	104.800910156248
n1332	1377	1	0	74	104.731465781248
n1331	1376	1	0	77	104.65667953124802
n1330	1375	1	0	83	104.58456421874801
n1337	1386	1	0	55	105.13744828124797
n1336	1384	1	0	62	105.05732015624797
n1335	1383	1	0	65	104.98119843749798
n1334	1381	1	0	71	104.90774765624799
n1341	1392	1	0	43	105.61688156249795
n1340	1389	1	0	50	105.48333468749796
n1339	1391	1	0	53	105.35245874999796
insertion	1397	1	0	53	106.48760718749791
n1338	1387	1	0	59	105.23894390624797
n1359	1423	1	0	24	105.88798171874792
n1360	1421	1	0	36	105.88263984374792
n1344	1393	1	0	43	106.11768234374792
n1345	1394	1	0	52	106.20982968749792
n1346	1395	1	0	55	106.28995781249792
n1348	1398	1	0	55	106.46356874999792
n1347	1396	1	0	60	106.38878249999792
n1349	1399	1	0	64	106.55037421874792
n1350	1400	1	0	67	106.63183781249792
n1352	1402	1	0	67	106.80277781249792
n1351	1401	1	0	72	106.71997874999792
n1353	1403	1	0	76	106.88157046874792
n1354	1404	1	0	79	106.96303406249793
n1356	1406	1	0	79	107.13397406249793
n1355	1405	1	0	84	107.04583312499793
n1357	1407	1	0	88	107.21276671874793
n1358	1408	1	0	91	107.30224312499793
n1364	1412	1	0	79	107.65480687499793
n1363	1411	1	0	88	107.57734968749794
n1362	1410	1	0	91	107.47585406249794
n1361	1409	1	0	96	107.39973234374794
n1368	1417	1	0	67	108.04342828124793
n1370	1419	1	0	67	108.27312890624792
n1367	1416	1	0	76	107.95662281249793
n1366	1415	1	0	79	107.85779812499793
n1365	1414	1	0	84	107.77099265624793
n1372	1422	1	0	55	108.51084234374792
n1371	1420	1	0	64	108.38931468749792
n1369	1418	1	0	72	108.15961406249792
n1376	1425	1	0	43	109.15587374999794
n1375	1426	1	0	52	108.96890812499794
n1374	1427	1	0	55	108.80731640624793
n1373	1424	1	0	60	108.65373749999793
n1380	1429	1	0	24	109.60726218749794
n1381	1428	1	0	36	109.60058484374794
insertion	9	1	0	74	3.1063003124999997
insertion	15	1	0	95	3.509611875
insertion	29	1	0	65	4.320241406249999
insertion	57	1	0	89	6.501061874999999
insertion	86	1	0	84	8.48690390625
insertion	135	1	0	76	11.989838437499989
insertion	143	1	0	62	12.381130781249992
insertion	192	1	0	88	16.67733374999999
insertion	198	1	0	95	17.012536406249982
insertion	208	1	0	74	17.540046562499978
insertion	215	1	0	50	18.052866562499972
insertion	232	1	0	95	19.37498062499997
insertion	307	1	0	88	25.393938281249945
insertion	328	1	0	72	26.984481562499948
insertion	332	1	0	76	27.208840312499948
insertion	341	1	0	96	27.65221593749995
insertion	371	1	0	74	29.937202968749947
insertion	376	1	0	86	30.23367703124994
insertion	377	1	0	95	30.29777953124994
insertion	396	1	0	55	31.54377187499994
insertion	398	1	0	58	31.821549374999936
insertion	404	1	0	67	32.34371765624992
insertion	408	1	0	72	32.558728124999924
insertion	439	1	0	65	35.12149265624986
insertion	449	1	0	89	35.58890671874986
insertion	450	1	0	84	35.65167374999986
insertion	487	1	0	100	38.644459218749816
insertion	518	1	0	86	41.03361281249975
insertion	520	1	0	94	41.11240546874975
insertion	556	1	0	86	43.5589842187497
insertion	593	1	0	96	46.23793453124967
insertion	609	1	0	51	47.29295484374967
insertion	617	1	0	45	48.06886218749965
insertion	639	1	0	45	48.17970609374965
insertion	621	1	0	71	48.376019999999656
insertion	637	1	0	79	49.468433437499655
insertion	658	1	0	71	51.569125781249625
insertion	689	1	0	57	53.986324218749566
insertion	736	1	0	93	57.61479281249953
insertion	752	1	0	77	58.47617015624949
insertion	756	1	0	93	58.67248406249949
insertion	758	1	0	36	58.78199249999948
insertion	760	1	0	86	58.72990921874949
insertion	765	1	0	76	58.99967390624947
insertion	777	1	0	76	59.64069890624943
insertion	779	1	0	81	59.70880781249943
insertion	781	1	0	91	59.84101921874942
insertion	785	1	0	84	59.94385031249942
insertion	819	1	0	86	62.60543953124934
insertion	821	1	0	85	62.58407203124934
insertion	869	1	0	57	67.41846890624923
insertion	882	1	0	74	68.84474953124922
insertion	887	1	0	86	69.14389453124922
insertion	913	1	0	62	71.24992874999914
insertion	940	1	0	64	72.88587796874907
insertion	945	1	0	54	73.28518312499908
insertion	946	1	0	58	73.32257624999907
insertion	986	1	0	56	76.03090687499896
insertion	1015	1	0	57	78.09554156249892
insertion	1018	1	0	62	78.17166328124891
insertion	1032	1	0	83	79.8182962499989
insertion	1043	1	0	86	80.44997296874888
insertion	1045	1	0	83	80.50339171874889
insertion	1051	1	0	74	80.80921406249887
insertion	1072	1	0	86	82.61343234374883
insertion	1073	1	0	91	82.69088953124881
insertion	1077	1	0	100	82.8217654687488
insertion	1076	1	0	101	82.8110817187488
insertion	1082	1	0	86	83.06214984374877
insertion	1091	1	0	62	83.60435015624873
insertion	1113	1	0	95	85.46065171874871
insertion	1116	1	0	96	85.57016015624869
insertion	1129	1	0	69	86.26193296874865
insertion	1136	1	0	50	87.00445359374862
insertion	1147	1	0	83	87.72160031249861
insertion	1163	1	0	74	88.72720828124855
insertion	1169	1	0	60	88.99296656249854
insertion	1173	1	0	60	89.41497468749853
insertion	1175	1	0	58	89.64467531249852
insertion	1185	1	0	69	90.37517671874852
insertion	1188	1	0	81	90.52474921874851
insertion	1208	1	0	62	91.87891453124848
insertion	1222	1	0	76	93.27581484374842
insertion	1231	1	0	96	93.8861240624984
insertion	1264	1	0	81	96.31667718749833
insertion	1270	1	0	75	96.8121360937483
insertion	1274	1	0	75	96.97773421874827
insertion	1329	1	0	78	100.98681140624811
insertion	1351	1	0	68	102.49455562499807
insertion	1356	1	0	57	102.85913859374806
insertion	1382	1	0	69	104.91576046874799
insertion	1385	1	0	57	105.15614484374797
insertion	1388	1	0	48	105.49535390624796
insertion	1390	1	0	54	105.67831312499794
insertion	1413	1	0	86	107.77366359374793
