xml_id	midi_id	track	channel	pitch	onset
n25	8	1	0	37	2.376061366666665
n6	1	1	0	44	2.0598229833333326
n26	9	1	0	49	2.376061366666665
n7	0	1	0	56	2.0566178645833326
n5	2	1	0	68	2.0534127458333327
n11	12	1	0	72	2.532043812499999
n8	10	1	0	73	2.3493520437499984
n12	13	1	0	73	2.6228555104166658
n4	6	1	0	75	2.2628138374999986
n10	11	1	0	75	2.4658046916666656
n3	5	1	0	76	2.1944379708333317
n2	4	1	0	78	2.1249937312499987
n1	3	1	0	80	2.049139254166666
n9	7	1	0	85	2.3568306541666653
n28	deletion
n29	14	1	0	69	2.7414449041666655
n15	17	1	0	73	2.8717863999999986
n13	15	1	0	75	2.7061885979166656
n16	18	1	0	75	2.949777622916665
n14	16	1	0	76	2.793795177083332
n31	19	1	0	64	3.042726066666665
n32	20	1	0	68	3.042726066666665
n19	deletion
n17	21	1	0	76	3.0437944395833316
n20	23	1	0	76	3.290588583333332
n18	22	1	0	78	3.120717289583332
n34	25	1	0	63	3.3728532979166648
n35	24	1	0	66	3.3685798062499983
n23	28	1	0	76	3.5331092354166644
n21	26	1	0	78	3.364306314583332
n24	29	1	0	78	3.6185790687499977
n22	27	1	0	80	3.4337505541666644
n53	30	1	0	61	3.6965702916666645
n54	31	1	0	64	3.7029805291666644
n37	32	1	0	80	3.6933651729166646
n39	34	1	0	80	3.865373212499998
n38	33	1	0	81	3.7927238541666646
n40	deletion
n56	39	1	0	57	4.048064981249998
n57	36	1	0	61	4.023492404166665
n58	37	1	0	66	4.035244506249998
n41	38	1	0	78	4.016013793749998
n43	41	1	0	78	4.192295324999998
n42	40	1	0	80	4.111098983333331
n44	42	1	0	85	4.274560039583331
n60	44	1	0	56	4.369645229166665
n61	45	1	0	61	4.376055466666665
n90	57	1	0	64	5.044856912499997
n62	deletion
n45	43	1	0	76	4.358961499999999
n47	47	1	0	76	4.527764420833333
n46	46	1	0	78	4.4273373666666656
n48	48	1	0	85	4.611097508333333
n64	50	1	0	54	4.715798054166666
n65	52	1	0	61	4.723276664583333
n66	51	1	0	63	4.716866427083333
n49	49	1	0	75	4.681610120833333
n51	54	1	0	75	4.847207922916665
n50	53	1	0	76	4.7713534458333315
n52	55	1	0	85	4.945498231249998
n88	59	1	0	49	5.014942470833331
n89	58	1	0	56	5.054472268749997
n68	56	1	0	73	5.023489454166664
n69	60	1	0	80	5.110027660416664
n84	deletion
n71	63	1	0	81	5.28417244583333
n70	61	1	0	88	5.194429120833331
n92	62	1	0	44	5.30660827708333
n93	65	1	0	54	5.372847397916663
n94	66	1	0	60	5.372847397916663
n72	64	1	0	72	5.365368787499997
n73	67	1	0	78	5.4326762812499965
n85	deletion
n75	70	1	0	80	5.5940005916666635
n74	68	1	0	87	5.516009368749997
n96	73	1	0	49	5.710453239583329
n97	71	1	0	52	5.71365835833333
n98	69	1	0	61	5.690154154166663
n76	72	1	0	68	5.680538797916663
n77	74	1	0	76	5.7638718854166635
n86	85	1	0	76	6.239297833333331
n83	90	1	0	76	6.623912083333329
n79	76	1	0	78	5.916649212499998
n78	75	1	0	85	5.8301110062499975
n100	77	1	0	44	6.029896741666665
n101	79	1	0	56	6.019213012499998
n80	78	1	0	68	6.003187418749998
n81	80	1	0	75	6.0907939979166645
n87	deletion
n82	81	1	0	84	6.153827999999997
n120	84	1	0	37	6.345066752083332
n122	88	1	0	45	6.532032012499997
n121	86	1	0	49	6.340793260416665
n123	87	1	0	57	6.526690147916663
n105	89	1	0	69	6.54378411458333
n103	82	1	0	73	6.347203497916665
n106	91	1	0	81	6.622843710416663
n104	83	1	0	85	6.347203497916665
n126	96	1	0	43	6.8557490062499955
n124	92	1	0	44	6.709381916666662
n127	97	1	0	55	6.8578857520833285
n125	93	1	0	56	6.707245170833329
n109	98	1	0	67	6.862159243749995
n107	94	1	0	68	6.709381916666662
n110	99	1	0	79	6.943355585416662
n108	95	1	0	80	6.799125241666662
n130	105	1	0	37	7.188012983333328
n128	103	1	0	44	7.024551927083329
n131	106	1	0	49	7.186944610416662
n129	102	1	0	56	7.020278435416662
n113	107	1	0	61	7.188012983333328
n111	101	1	0	68	7.020278435416662
n114	108	1	0	73	7.251046985416662
n112	104	1	0	80	7.0939961666666616
n132	115	1	0	39	7.351474039583329
n136	117	1	0	46	7.645276591666663
n135	116	1	0	47	7.55339652083333
n134	114	1	0	49	7.455106212499996
n133	111	1	0	51	7.347200547916662
n115	113	1	0	61	7.361089395833329
n116	deletion
n117	112	1	0	67	7.355747531249996
n118	110	1	0	70	7.371773124999995
n119	109	1	0	75	7.361089395833329
n156	124	1	0	43	7.913438193749995
n154	122	1	0	44	7.746772018749996
n157	125	1	0	44	8.007455010416662
n155	123	1	0	46	7.847199072916662
n137	119	1	0	59	7.748908764583329
n138	120	1	0	63	7.7563873749999965
n139	121	1	0	68	7.760660866666663
n140	118	1	0	71	7.742498527083329
n160	131	1	0	44	8.262796137499995
n158	126	1	0	46	8.099335081249995
n161	132	1	0	46	8.355744581249995
n159	130	1	0	47	8.179463049999995
n142	129	1	0	61	8.126044404166661
n143	128	1	0	63	8.120702539583329
n144	127	1	0	67	8.105745318749996
n164	138	1	0	46	8.631384793749993
n162	135	1	0	47	8.449761397916662
n165	139	1	0	47	8.714717881249992
n163	137	1	0	49	8.532026112499993
n146	133	1	0	59	8.465786991666661
n147	136	1	0	63	8.449761397916662
n148	134	1	0	68	8.446556279166662
n168	145	1	0	47	8.936939447916657
n166	140	1	0	49	8.767068154166658
n169	146	1	0	49	9.036298129166656
n167	144	1	0	51	8.843991004166659
n150	141	1	0	58	8.811939816666658
n151	143	1	0	64	8.815144935416658
n152	142	1	0	68	8.813008189583325
n185	147	1	0	51	9.117494470833323
n187	152	1	0	51	9.299117866666654
n186	151	1	0	52	9.196554066666655
n188	153	1	0	56	9.398476547916653
n170	148	1	0	59	9.151682404166657
n171	150	1	0	63	9.155955895833323
n172	149	1	0	68	9.152750777083323
n189	155	1	0	49	9.493561737499986
n191	159	1	0	49	9.680526997916653
n190	158	1	0	51	9.58544180833332
n192	160	1	0	56	9.746766118749987
n174	154	1	0	61	9.504245466666653
n175	156	1	0	64	9.513860822916653
n176	157	1	0	68	9.507450585416652
n193	162	1	0	47	9.827962460416652
n195	165	1	0	47	10.015996093749987
n194	164	1	0	49	9.91236392083332
n196	166	1	0	56	10.10787616458332
n178	161	1	0	63	9.856808529166653
n179	163	1	0	68	9.865355512499987
n197	169	1	0	46	10.218986947916655
n199	172	1	0	46	10.362148918749988
n198	171	1	0	47	10.282020949999987
n200	173	1	0	55	10.482875058333319
n181	167	1	0	61	10.209371591666654
n182	170	1	0	63	10.217918574999988
n183	168	1	0	70	10.21043996458332
n216	177	1	0	44	10.56620814583332
n219	181	1	0	51	10.81620740833332
n217	179	1	0	52	10.640994249999986
n232	deletion
n201	174	1	0	59	10.570481637499986
n218	180	1	0	59	10.714711981249987
n202	176	1	0	63	10.584370485416652
n203	178	1	0	68	10.58223373958332
n204	175	1	0	71	10.570481637499986
n220	182	1	0	43	10.962574497916654
n223	185	1	0	51	11.243556574999987
n221	183	1	0	52	11.069411789583318
n233	deletion
n222	184	1	0	58	11.166633724999986
n206	186	1	0	75	10.97966846458332
n207	187	1	0	82	10.990352193749986
n208	188	1	0	87	10.956164260416653
n224	191	1	0	44	11.350393866666654
n227	194	1	0	51	11.59184614583332
n225	192	1	0	52	11.421974852083318
n234	deletion
n226	193	1	0	59	11.52774377083332
n210	190	1	0	80	11.363214341666653
n211	189	1	0	83	11.339710137499987
n228	deletion
n231	199	1	0	51	11.91983663124999
n229	196	1	0	52	11.804452356249989
n235	deletion
n230	197	1	0	58	11.86855473124999
n213	198	1	0	63	11.74355509999999
n241	210	1	0	63	12.418766783333323
n254	deletion
n214	200	1	0	70	11.736076489583322
n215	201	1	0	75	11.713640658333322
n260	202	1	0	44	12.051246499999987
n261	203	1	0	56	12.070477212499988
n262	208	1	0	61	12.257442472916656
n239	206	1	0	64	12.26598945624999
n253	deletion
n240	207	1	0	67	12.324749966666657
n237	205	1	0	68	12.071545585416654
n238	204	1	0	71	12.059793483333321
n263	209	1	0	59	12.41983515624999
n264	214	1	0	64	12.595048314583323
n243	212	1	0	67	12.607868789583323
n255	deletion
n242	211	1	0	68	12.529877566666656
n244	213	1	0	70	12.680518147916658
n265	215	1	0	63	12.769193099999992
n245	216	1	0	66	12.757440997916659
n266	219	1	0	66	12.933722529166658
n256	deletion
n247	218	1	0	69	12.919833681249992
n291	235	1	0	69	13.832224152083322
n257	deletion
n246	217	1	0	71	12.839705712499992
n248	220	1	0	72	12.982867683333323
n268	227	1	0	56	13.32047352499999
n269	226	1	0	63	13.325815389583322
n267	221	1	0	64	13.105730568749989
n270	225	1	0	66	13.29483257499999
n249	222	1	0	68	13.077952872916656
n258	deletion
n251	224	1	0	72	13.279875354166657
n259	deletion
n250	223	1	0	73	13.180516672916657
n252	228	1	0	75	13.354661458333322
n287	229	1	0	61	13.489276445833324
n288	230	1	0	64	13.49354993749999
n273	233	1	0	72	13.633506789583322
n271	231	1	0	73	13.462567122916658
n274	234	1	0	73	13.716839877083322
n272	232	1	0	75	13.556583939583323
n290	237	1	0	66	13.849318118749988
n277	239	1	0	73	13.990343343749988
n275	236	1	0	75	13.814061812499988
n278	240	1	0	75	14.060855956249988
n276	238	1	0	76	13.884574424999988
n293	243	1	0	64	14.198676062499988
n294	242	1	0	68	14.200812808333321
n281	245	1	0	75	14.349316643749988
n279	241	1	0	76	14.174103485416655
n282	246	1	0	76	14.460427427083323
n280	244	1	0	78	14.247821216666654
n296	248	1	0	63	14.556580989583322
n297	247	1	0	66	14.55444424374999
n285	251	1	0	76	14.709358316666652
n283	249	1	0	78	14.529871666666656
n286	252	1	0	78	14.794828149999985
n284	250	1	0	80	14.629230347916653
n315	255	1	0	61	14.901665441666651
n316	253	1	0	64	14.902733814583318
n299	254	1	0	80	14.871750999999984
n301	257	1	0	80	15.048032531249984
n300	256	1	0	81	14.966836189583317
n302	258	1	0	85	15.14525446666665
n318	262	1	0	57	15.24140802916665
n319	260	1	0	61	15.242476402083316
n320	261	1	0	66	15.242476402083316
n303	259	1	0	78	15.213630333333317
n305	264	1	0	78	15.384569999999982
n304	263	1	0	80	15.300168539583316
n306	265	1	0	85	15.494612410416648
n322	269	1	0	56	15.588629227083315
n323	266	1	0	61	15.590765972916648
n324	267	1	0	64	15.595039464583314
n307	268	1	0	76	15.581150616666648
n309	271	1	0	76	15.744611672916648
n308	270	1	0	78	15.655936720833315
n310	272	1	0	85	15.827944760416647
n326	276	1	0	54	15.932645306249979
n327	275	1	0	61	15.91982483124998
n328	274	1	0	63	15.927303441666647
n311	273	1	0	75	15.91661971249998
n313	278	1	0	75	16.065123547916645
n312	277	1	0	76	15.99033744374998
n314	279	1	0	85	16.170892466666647
n350	283	1	0	49	16.232858095833315
n351	280	1	0	56	16.24781531666665
n352	282	1	0	64	16.285208368749984
n330	281	1	0	73	16.249952062499982
n331	284	1	0	80	16.33649026874998
n346	deletion
n333	287	1	0	81	16.519182037499977
n332	285	1	0	88	16.43584894999998
n354	286	1	0	44	16.519182037499977
n355	290	1	0	54	16.609993735416644
n356	288	1	0	60	16.616403972916643
n334	289	1	0	72	16.608925362499978
n335	291	1	0	78	16.68691658541664
n347	305	1	0	78	17.36640176041663
n337	295	1	0	80	16.86533486249997
n336	292	1	0	87	16.76383943541664
n358	293	1	0	45	16.816189708333305
n359	294	1	0	52	16.88777069374997
n360	297	1	0	61	16.9540098145833
n338	deletion
n339	298	1	0	75	17.0309326645833
n348	deletion
n341	301	1	0	76	17.2072141958333
n340	299	1	0	85	17.119607616666634
n362	302	1	0	53	17.294820774999966
n363	307	1	0	59	17.326871962499965
n364	303	1	0	62	17.291615656249967
n365	304	1	0	65	17.2873421645833
n342	300	1	0	68	17.288410537499967
n343	306	1	0	73	17.370675252083295
n349	deletion
n345	309	1	0	74	17.544820037499957
n344	308	1	0	83	17.460418577083292
n386	317	1	0	50	17.801229537499957
n382	314	1	0	54	17.66554617708329
n383	312	1	0	57	17.652725702083288
n384	313	1	0	61	17.65165732916662
n387	316	1	0	62	17.794819299999958
n385	311	1	0	66	17.642041972916623
n366	310	1	0	69	17.621742887499956
n367	315	1	0	73	17.720033195833288
n369	319	1	0	78	17.85251143749996
n368	318	1	0	81	17.772383468749958
n390	324	1	0	45	18.107852564583297
n388	320	1	0	49	17.962553847916627
n391	325	1	0	57	18.0982372083333
n389	321	1	0	61	17.957211983333295
n370	322	1	0	81	17.936912897916628
n371	323	1	0	85	18.014904120833297
n373	327	1	0	90	18.181570295833296
n372	326	1	0	93	18.096100462499965
n394	333	1	0	37	18.42515932083329
n392	328	1	0	42	18.26062989166663
n395	332	1	0	49	18.418749083333292
n393	329	1	0	54	18.258493145833295
n377	335	1	0	73	18.55443244374996
n376	334	1	0	78	18.436911422916626
n375	331	1	0	81	18.33648436874996
n374	330	1	0	85	18.268108502083294
n396	342	1	0	38	18.64310739583329
n397	340	1	0	50	18.632423666666625
n381	339	1	0	57	18.949730422916627
n380	341	1	0	62	18.86105547083329
n379	338	1	0	66	18.756354924999957
n378	337	1	0	69	18.658064616666625
n408	345	1	0	40	19.447592202083293
n406	343	1	0	41	19.23498599166663
n409	346	1	0	41	19.56083973124996
n412	350	1	0	41	19.794813399999963
n407	344	1	0	42	19.34930189374996
n402	356	1	0	59	19.237122737499963
n403	355	1	0	62	19.24139622916663
n398	348	1	0	68	19.205071549999964
n410	347	1	0	42	19.639899327083292
n413	351	1	0	42	19.900582318749965
n411	349	1	0	44	19.716822177083294
n399	352	1	0	66	19.61212163124996
n416	357	1	0	42	20.11959876666663
n414	353	1	0	44	19.9700265583333
n417	359	1	0	44	20.209342091666628
n415	354	1	0	45	20.038402424999965
n400	358	1	0	65	19.9700265583333
n418	360	1	0	45	20.301222162499965
n420	364	1	0	45	20.504213016666633
n419	362	1	0	47	20.3898971145833
n421	365	1	0	47	20.6078451895833
n404	361	1	0	57	20.343957079166632
n405	363	1	0	62	20.343957079166632
n401	366	1	0	66	20.328999858333297
n432	369	1	0	40	20.9155365895833
n430	367	1	0	41	20.741391804166636
n433	370	1	0	41	21.009553406249967
n431	368	1	0	42	20.8225881458333
n426	378	1	0	59	20.759554143749966
n427	382	1	0	62	20.749938787499968
n422	372	1	0	68	20.732844820833304
n436	374	1	0	41	21.256347549999965
n434	371	1	0	42	21.09715998541663
n437	375	1	0	42	21.352501112499965
n435	373	1	0	44	21.169809343749964
n423	376	1	0	66	21.101433477083297
n440	380	1	0	42	21.583269662499962
n438	377	1	0	44	21.42408209791663
n441	383	1	0	44	21.67728647916663
n439	379	1	0	45	21.505278439583297
n424	381	1	0	65	21.442244437499966
n442	385	1	0	45	21.77344004166663
n444	388	1	0	45	21.964678793749957
n443	387	1	0	47	21.862114993749955
n445	389	1	0	47	22.048011881249955
n428	deletion
n429	deletion
n425	386	1	0	66	21.800149364583294
n456	392	1	0	47	22.40484843541662
n454	390	1	0	48	22.201857581249957
n457	393	1	0	48	22.503138743749954
n455	391	1	0	49	22.307626499999955
n450	402	1	0	66	22.22643015833329
n451	403	1	0	69	22.234977141666622
n446	394	1	0	75	22.201857581249957
n460	397	1	0	48	22.75206963333329
n458	395	1	0	49	22.583266712499956
n461	398	1	0	49	22.862112043749956
n459	396	1	0	51	22.663394681249954
n447	399	1	0	73	22.600360679166624
n464	404	1	0	49	23.10783781458329
n462	400	1	0	51	22.926214418749957
n465	406	1	0	51	23.175145308333292
n463	401	1	0	52	23.020231235416624
n448	405	1	0	72	22.956128860416623
n468	411	1	0	51	23.42514457083329
n466	407	1	0	52	23.27450398958329
n469	412	1	0	52	23.52450325208329
n467	409	1	0	54	23.31830727916662
n452	408	1	0	64	23.31830727916662
n453	410	1	0	68	23.31830727916662
n449	419	1	0	73	23.308691922916623
n483	416	1	0	52	23.788391362499954
n481	413	1	0	54	23.61745169583329
n484	417	1	0	54	23.886681670833287
n482	414	1	0	56	23.68689593541662
n480	421	1	0	63	23.646297764583288
n470	415	1	0	69	23.637750781249956
n488	424	1	0	54	24.212535410416628
n485	418	1	0	56	23.959331029166623
n487	423	1	0	56	24.116381847916625
n486	420	1	0	57	24.043732489583288
n472	422	1	0	68	24.002065945833287
n473	425	1	0	72	23.993518962499955
n492	432	1	0	47	24.572577083333286
n491	431	1	0	49	24.490312368749954
n490	430	1	0	51	24.41552626458329
n489	426	1	0	52	24.316167583333296
n474	427	1	0	64	24.348218770833295
n475	428	1	0	68	24.351423889583295
n476	429	1	0	73	24.33753504166663
n496	439	1	0	40	24.888815466666614
n495	437	1	0	42	24.791593531249948
n494	436	1	0	44	24.716807427083282
n493	433	1	0	45	24.67086739166662
n478	435	1	0	73	24.71467068124995
n479	434	1	0	85	24.70826044374995
n513	440	1	0	39	25.07257560833328
n499	443	1	0	65	25.279839954166615
n497	441	1	0	67	25.07898584583328
n500	444	1	0	67	25.378130262499948
n498	442	1	0	68	25.170865916666614
n515	445	1	0	59	25.486035927083282
n516	446	1	0	63	25.468941960416615
n503	449	1	0	67	25.648428610416612
n501	447	1	0	68	25.47001033333328
n504	450	1	0	68	25.724283087499945
n502	448	1	0	70	25.57577925208328
n518	451	1	0	58	25.841804108333278
n519	452	1	0	61	25.842872481249945
n507	455	1	0	68	25.99030794374994
n505	453	1	0	70	25.820436649999944
n508	456	1	0	70	26.07577777708327
n506	454	1	0	71	25.892017635416607
n521	457	1	0	56	26.18902530624994
n522	458	1	0	59	26.18902530624994
n511	461	1	0	70	26.345007752083273
n509	459	1	0	71	26.174068085416604
n512	462	1	0	71	26.457186908333274
n510	460	1	0	73	26.271290020833273
n540	deletion
n541	464	1	0	55	26.556545589583273
n542	463	1	0	58	26.54799860624994
n524	465	1	0	73	26.545861860416608
n526	467	1	0	73	26.72428013749994
n525	466	1	0	75	26.629194947916606
n527	468	1	0	82	26.81402346249994
n544	470	1	0	51	26.91338214374994
n545	471	1	0	56	26.908040279166606
n546	469	1	0	59	26.90697190624994
n528	472	1	0	71	26.924065872916604
n530	474	1	0	71	27.080048318749935
n529	473	1	0	73	26.993510112499937
n531	475	1	0	80	27.176201881249934
n548	deletion
n549	478	1	0	58	27.265945206249935
n550	476	1	0	61	27.2638084604166
n532	477	1	0	70	27.257398222916603
n534	480	1	0	70	27.434748127083267
n533	479	1	0	71	27.341799683333267
n535	481	1	0	79	27.535175181249937
n552	484	1	0	52	27.634533862499936
n553	482	1	0	64	27.622781760416604
n536	483	1	0	68	27.62705525208327
n538	486	1	0	68	27.794789799999933
n537	485	1	0	70	27.707183220833265
n539	487	1	0	80	27.8888066166666
n572	493	1	0	41	28.199703135416602
n570	491	1	0	43	28.027695095833266
n573	494	1	0	43	28.297993443749935
n571	492	1	0	44	28.1131649291666
n554	489	1	0	64	28.025558349999933
n555	488	1	0	70	28.025558349999933
n556	490	1	0	73	28.0170113666666
n576	500	1	0	43	28.5682917916666
n574	495	1	0	44	28.38346327708327
n577	501	1	0	44	28.660171862499933
n575	499	1	0	46	28.470001483333267
n558	496	1	0	63	28.397352124999937
n559	498	1	0	68	28.414446091666605
n560	497	1	0	71	28.39948887083327
n580	507	1	0	44	28.9112394979166
n578	502	1	0	46	28.7509835604166
n581	508	1	0	46	28.998846077083268
n579	506	1	0	47	28.8247012916666
n562	504	1	0	61	28.777692883333266
n563	505	1	0	67	28.780898002083266
n564	503	1	0	70	28.7702142729166
n584	514	1	0	46	29.2798281541666
n582	509	1	0	47	29.098204758333267
n585	515	1	0	47	29.343930529166602
n583	513	1	0	49	29.17833272708327
n566	511	1	0	59	29.1195722166666
n567	512	1	0	63	29.1195722166666
n568	510	1	0	68	29.112093606249935
n600	516	1	0	49	29.45717805833327
n602	521	1	0	49	29.617433995833267
n601	520	1	0	51	29.520212060416604
n586	517	1	0	58	29.484955754166602
n603	522	1	0	58	29.724271287499935
n587	519	1	0	64	29.48922924583327
n588	518	1	0	67	29.47961388958327
n604	526	1	0	47	29.823629968749938
n606	528	1	0	47	29.996706381249936
n605	527	1	0	49	29.903757937499936
n607	530	1	0	56	30.093928316666602
n590	523	1	0	59	29.82897183333327
n591	524	1	0	63	29.83538207083327
n592	525	1	0	68	29.830040206249937
n608	534	1	0	46	30.191150252083265
n610	536	1	0	46	30.35247456249993
n609	535	1	0	47	30.26166286458326
n611	537	1	0	55	30.443286260416595
n594	531	1	0	61	30.193286997916598
n595	532	1	0	63	30.19542374374993
n596	533	1	0	70	30.1868767604166
n612	540	1	0	45	30.55760216249993
n614	542	1	0	45	30.738157185416593
n613	541	1	0	46	30.635593385416595
n615	543	1	0	54	30.79584932291659
n598	538	1	0	75	30.56294402708326
n599	539	1	0	87	30.558670535416596
n632	544	1	0	41	30.986019702083258
n633	545	1	0	53	30.992429939583257
n618	548	1	0	68	31.19862591249992
n616	546	1	0	69	30.98495132916659
n619	549	1	0	69	31.27234364374992
n617	547	1	0	70	31.09072024791659
n635	550	1	0	61	31.382386054166588
n636	551	1	0	65	31.377044189583255
n622	554	1	0	69	31.545847110416588
n620	552	1	0	70	31.355676731249922
n623	555	1	0	70	31.619564841666588
n621	553	1	0	72	31.444351683333256
n638	557	1	0	60	31.742427727083253
n639	556	1	0	63	31.72960725208325
n626	560	1	0	70	31.919777631249918
n624	558	1	0	72	31.718923522916587
n627	561	1	0	72	31.990290243749918
n625	559	1	0	73	31.818282204166586
n641	563	1	0	58	32.08430706041659
n642	562	1	0	61	32.08217031458325
n630	566	1	0	72	32.24563137083325
n628	564	1	0	73	32.08003356874992
n631	567	1	0	73	32.34712679791659
n629	565	1	0	75	32.17084526666659
n660	570	1	0	53	32.48174178541659
n661	569	1	0	57	32.45503246249992
n662	568	1	0	60	32.45503246249992
n644	571	1	0	75	32.449690597916586
n646	573	1	0	75	32.63024562083326
n645	572	1	0	77	32.54798090624992
n647	574	1	0	84	32.71998894583326
n664	577	1	0	53	32.84498857708326
n665	578	1	0	58	32.83857833958326
n666	575	1	0	61	32.835373220833254
n648	576	1	0	73	32.821484372916586
n650	580	1	0	73	32.99669753124993
n649	579	1	0	75	32.9080225791666
n651	581	1	0	82	33.106739941666596
n668	582	1	0	53	33.19541489374993
n669	583	1	0	60	33.210372114583265
n670	585	1	0	63	33.1964832666666
n652	584	1	0	72	33.19541489374993
n654	587	1	0	72	33.35139733958327
n653	586	1	0	73	33.25951726874994
n655	588	1	0	81	33.464644868749936
n672	590	1	0	54	33.57255053333327
n673	589	1	0	66	33.554388193749936
n656	591	1	0	70	33.55973005833327
n658	593	1	0	70	33.71784924999994
n657	592	1	0	72	33.64733663749993
n659	594	1	0	82	33.82361816874994
n692	600	1	0	44	34.12917282291661
n690	598	1	0	45	33.956096410416606
n693	601	1	0	45	34.21891614791661
n691	599	1	0	46	34.054386718749946
n674	595	1	0	66	33.958233156249946
n675	596	1	0	72	33.96678013958328
n676	597	1	0	75	33.957164783333276
n696	607	1	0	45	34.51165032708328
n694	605	1	0	46	34.31827482916661
n697	608	1	0	46	34.59818853333328
n695	606	1	0	48	34.394129306249944
n678	602	1	0	65	34.314001337499946
n679	603	1	0	70	34.31613808333328
n680	604	1	0	73	34.314001337499946
n700	614	1	0	46	34.86314501666663
n698	611	1	0	48	34.701820706249954
n701	615	1	0	48	34.963572070833294
n699	613	1	0	49	34.76592308124996
n682	612	1	0	63	34.70716257083329
n683	610	1	0	69	34.70609419791662
n684	609	1	0	72	34.694342095833285
n704	621	1	0	48	35.23814391041664
n702	619	1	0	49	35.05758888749997
n705	622	1	0	49	35.32681886249997
n703	620	1	0	51	35.14946895833331
n686	616	1	0	61	35.05224702291663
n687	618	1	0	65	35.05865726041664
n688	617	1	0	70	35.04904190416663
n724	628	1	0	49	35.58429673541664
n722	623	1	0	50	35.39626310208331
n725	629	1	0	50	35.66976656874998
n723	627	1	0	51	35.49241666458331
n706	624	1	0	59	35.42938266249998
n707	626	1	0	65	35.42938266249998
n708	625	1	0	68	35.424040797916646
n728	635	1	0	50	35.95181701874999
n726	630	1	0	51	35.77553548749998
n729	636	1	0	51	36.05438081874999
n727	634	1	0	53	35.84818484583332
n710	632	1	0	58	35.79797131874998
n711	633	1	0	63	35.79903969166665
n712	631	1	0	66	35.78408247083331
n732	642	1	0	52	36.31506381041666
n730	637	1	0	53	36.14091902499999
n733	643	1	0	53	36.40373876249999
n731	641	1	0	54	36.213568383333325
n714	639	1	0	58	36.15587624583332
n715	640	1	0	61	36.15801299166665
n716	638	1	0	65	36.14305577083332
n736	649	1	0	53	36.705019925
n734	644	1	0	54	36.49134534166666
n737	650	1	0	54	36.75416507916667
n735	648	1	0	56	36.58002029375
n718	645	1	0	58	36.527670020833334
n719	646	1	0	60	36.51484954583333
n720	647	1	0	64	36.52446490208333
n758	656	1	0	53	36.909079152083336
n759	652	1	0	57	36.91121589791667
n755	653	1	0	60	36.908010779166666
n740	657	1	0	64	37.115275125000004
n738	651	1	0	65	36.92510474583334
n741	658	1	0	65	37.18899285625
n739	654	1	0	66	37.012711325
n761	664	1	0	52	37.313992487500016
n762	662	1	0	58	37.327881335416684
n756	660	1	0	61	37.28621479166668
n744	663	1	0	65	37.45822283125002
n742	659	1	0	66	37.28300967291668
n745	665	1	0	66	37.55758151250002
n743	661	1	0	68	37.36100089583335
n764	669	1	0	51	37.69005975416668
n765	667	1	0	58	37.69433324583335
n757	668	1	0	61	37.669760668750015
n748	671	1	0	66	37.83215335208335
n746	666	1	0	67	37.65907693958335
n749	672	1	0	67	37.88877711666669
n747	670	1	0	68	37.74027328125002
n767	674	1	0	44	38.03407583333336
n768	676	1	0	56	38.03300746041669
n753	678	1	0	67	38.24988716250003
n750	675	1	0	68	38.03193908750002
n754	680	1	0	68	38.342835606250034
n752	deletion
n751	673	1	0	80	38.02552885000002
n789	684	1	0	56	38.45715150833336
n790	686	1	0	60	38.46569849166669
n786	681	1	0	63	38.42830543958336
n771	683	1	0	67	38.606723716666686
n772	685	1	0	68	38.686851685416684
n770	682	1	0	70	38.525527375000024
n792	691	1	0	55	38.844970877083355
n793	688	1	0	61	38.80757782500002
n787	deletion
n775	692	1	0	68	38.979585864583356
n773	687	1	0	69	38.78834711250001
n776	693	1	0	69	39.059713833333355
n774	690	1	0	70	38.897321150000025
n795	695	1	0	54	39.188986956250034
n796	694	1	0	61	39.187918583333364
n788	deletion
n779	699	1	0	69	39.32467031666672
n777	696	1	0	70	39.16655112500003
n780	700	1	0	70	39.381294081250054
n778	698	1	0	71	39.22958512708337
n798	702	1	0	47	39.54902862916673
n799	704	1	0	59	39.545823510416724
n784	706	1	0	70	39.7584297208334
n781	703	1	0	71	39.54368676458339
n785	707	1	0	71	39.8609935208334
n783	705	1	0	72	39.67082314166673
n782	701	1	0	83	39.52766117083339
n820	709	1	0	59	39.958215456250066
n821	713	1	0	63	39.97851454166673
n816	710	1	0	66	39.942189862500065
n802	711	1	0	70	40.13236024166673
n803	712	1	0	71	40.21889844791673
n800	deletion
n801	708	1	0	72	40.038343425000065
n822	717	1	0	59	40.349239943750064
n823	720	1	0	64	40.36312879166673
n817	715	1	0	67	40.34069296041673
n806	718	1	0	71	40.5308633395834
n804	714	1	0	72	40.31612038333339
n807	719	1	0	72	40.62808527500006
n805	716	1	0	73	40.43577815000007
n824	724	1	0	59	40.735990939583395
n825	727	1	0	65	40.72423883750006
n818	722	1	0	68	40.729580702083396
n810	725	1	0	72	40.877016164583395
n808	721	1	0	73	40.71782860000006
n811	726	1	0	73	40.974238100000065
n809	723	1	0	74	40.809708670833395
n826	732	1	0	59	41.12274193541673
n827	734	1	0	66	41.10351122291672
n819	729	1	0	69	41.090690747916724
n814	731	1	0	73	41.25735692291674
n812	728	1	0	74	41.06718654375006
n815	733	1	0	74	41.328937908333415
n813	730	1	0	75	41.168681970833404
n848	738	1	0	59	41.485988727083424
n849	740	1	0	67	41.46996313333342
n844	737	1	0	70	41.47530499791676
n830	739	1	0	74	41.638766054166766
n828	735	1	0	75	41.45073242083342
n831	741	1	0	75	41.74774009166677
n829	736	1	0	76	41.56184320416676
n850	746	1	0	59	41.85671412916678
n851	747	1	0	68	41.840688535416774
n845	743	1	0	71	41.85350901041678
n834	745	1	0	75	42.02124355833344
n832	742	1	0	76	41.83855178958344
n835	748	1	0	76	42.0896194250001
n833	744	1	0	77	41.93684209791678
n852	754	1	0	59	42.22209766666678
n853	752	1	0	69	42.212482310416775
n846	750	1	0	72	42.218892547916774
n838	753	1	0	76	42.372738247916764
n836	749	1	0	77	42.19325159791677
n839	755	1	0	77	42.48278065833343
n837	751	1	0	78	42.286200041666774
n854	756	1	0	59	42.59816493333343
n855	757	1	0	70	42.587481204166764
n847	759	1	0	73	42.59816493333343
n843	762	1	0	76	42.8428223312501
n840	758	1	0	78	42.5767974750001
n842	761	1	0	78	42.75735249791676
n841	760	1	0	79	42.67829290208343
n875	767	1	0	59	42.96354847083343
n876	764	1	0	71	42.9550014875001
n858	766	1	0	74	43.11312067916677
n856	763	1	0	75	42.94431775833343
n859	768	1	0	75	43.196453766666764
n857	765	1	0	76	43.0255141000001
n880	777	1	0	59	43.57679452500012
n878	772	1	0	66	43.41119672291677
n877	769	1	0	67	43.32572688958343
n879	774	1	0	67	43.50948703125012
n872	770	1	0	71	43.322521770833426
n862	775	1	0	75	43.505213539583444
n860	771	1	0	76	43.31183804166676
n863	776	1	0	76	43.590683372916786
n861	773	1	0	78	43.42722231666677
n881	782	1	0	60	43.70072578333345
n873	778	1	0	76	43.70393090208346
n866	781	1	0	80	43.859913347916795
n864	779	1	0	81	43.70072578333345
n867	783	1	0	81	43.94751992708346
n865	780	1	0	83	43.79260585416679
n885	791	1	0	57	44.31290346458348
n883	786	1	0	65	44.15051078125014
n882	784	1	0	66	44.069314439583465
n884	789	1	0	66	44.23277549583347
n874	785	1	0	69	44.077861422916804
n870	790	1	0	73	44.24773271666681
n868	787	1	0	74	44.0746563041668
n871	deletion
n869	788	1	0	76	44.17294661250014
n906	798	1	0	59	44.43790309583348
n902	794	1	0	74	44.444313333333476
n888	796	1	0	78	44.61738974583348
n886	793	1	0	79	44.44751845208348
n889	797	1	0	79	44.72209029166681
n887	795	1	0	81	44.54367201458348
n910	807	1	0	55	45.08106359166682
n908	801	1	0	63	44.898371822916815
n907	799	1	0	64	44.81824385416681
n909	805	1	0	64	44.97529467291682
n903	800	1	0	67	44.82144897291681
n892	804	1	0	71	45.01268772500015
n890	802	1	0	72	44.83426944791681
n893	806	1	0	72	45.07572172708348
n891	803	1	0	74	44.91012392500015
n911	813	1	0	57	45.181490645833485
n904	809	1	0	72	45.19217437500015
n896	812	1	0	77	45.360977295833486
n894	810	1	0	78	45.20178973125015
n897	814	1	0	78	45.46354109583348
n895	811	1	0	79	45.27978095416682
n915	823	1	0	54	45.85990744791683
n913	818	1	0	62	45.68362591666683
n912	816	1	0	63	45.576788625000155
n914	821	1	0	63	45.7680273770835
n905	815	1	0	66	45.58213048958349
n900	820	1	0	70	45.76695900416683
n898	817	1	0	71	45.592814218750156
n901	822	1	0	71	45.8257195145835
n899	819	1	0	72	45.68362591666683
n938	830	1	0	54	46.139821152083506
n936	825	1	0	55	45.96247124791684
n939	831	1	0	55	46.223154239583515
n937	827	1	0	57	46.04794108125017
n922	829	1	0	69	46.138752779166836
n920	824	1	0	71	45.945377281250174
n923	832	1	0	71	46.20499190000018
n921	826	1	0	72	46.03191548750017
n916	828	1	0	76	45.945377281250174
n942	837	1	0	52	46.52229865625019
n940	833	1	0	54	46.321444547916855
n943	840	1	0	54	46.61631547291686
n941	835	1	0	55	46.39729902500019
n926	838	1	0	67	46.52764052083353
n924	834	1	0	69	46.31503431041685
n927	841	1	0	69	46.621657337500196
n925	836	1	0	71	46.41546136458352
n917	839	1	0	74	46.31610268333352
n946	847	1	0	50	46.897297550000204
n944	843	1	0	52	46.70712717083353
n947	849	1	0	52	46.989177620833544
n945	844	1	0	54	46.778708156250204
n930	848	1	0	66	46.9037077875002
n928	842	1	0	67	46.71674252708354
n931	850	1	0	67	46.988109247916874
n929	845	1	0	69	46.809690970833536
n918	846	1	0	72	46.71567415416687
n950	857	1	0	48	47.271228070833544
n948	851	1	0	50	47.06823721666688
n951	859	1	0	50	47.35669790416688
n949	853	1	0	52	47.148365185416885
n934	856	1	0	64	47.25306573125021
n932	852	1	0	66	47.07571582708355
n935	858	1	0	66	47.33426207291688
n933	854	1	0	67	47.16118566041688
n919	855	1	0	71	47.07571582708355
n974	866	1	0	47	47.650500456250214
n972	860	1	0	48	47.43896261875021
n975	867	1	0	48	47.73703866250021
n973	862	1	0	50	47.53404780833354
n958	865	1	0	62	47.62699625208354
n956	861	1	0	64	47.45285146666688
n959	868	1	0	64	47.72956005208354
n957	863	1	0	66	47.53511618125021
n952	864	1	0	69	47.44537285625021
n978	875	1	0	45	48.012678875000226
n976	869	1	0	47	47.801141037500216
n979	876	1	0	47	48.09494358958356
n977	871	1	0	48	47.893021108333556
n962	874	1	0	60	47.98276443333356
n960	870	1	0	62	47.816098258333554
n963	877	1	0	62	48.08212311458356
n961	873	1	0	64	47.91545693958356
n953	872	1	0	67	47.808619647916885
n982	883	1	0	43	48.35135308958356
n980	878	1	0	45	48.153704100000226
n983	885	1	0	45	48.434686177083556
n981	881	1	0	47	48.24024230625023
n966	884	1	0	59	48.35990007291689
n964	879	1	0	60	48.17293481250023
n967	887	1	0	60	48.500925297916886
n969	891	1	0	60	48.71246313541688
n965	882	1	0	62	48.273361866666896
n954	880	1	0	66	48.1804134229169
n986	893	1	0	42	48.727420356250214
n984	886	1	0	43	48.52122438333355
n987	894	1	0	43	48.81823205416689
n985	889	1	0	45	48.62058306458355
n970	892	1	0	57	48.73917245833355
n968	888	1	0	59	48.587463504166884
n971	895	1	0	59	48.821437172916895
n955	890	1	0	64	48.57250628333355
n999	897	1	0	41	48.95925727916689
n988	896	1	0	56	48.97528287291689
n989	898	1	0	59	48.98276148333356
n990	899	1	0	62	48.984898229166895
n991	900	1	0	68	48.96887263541689
n1003	903	1	0	48	49.673998760416886
n1001	901	1	0	49	49.498785602083565
n1004	904	1	0	49	49.77015232291688
n1005	906	1	0	49	49.86737425833355
n1002	902	1	0	50	49.593870791666895
n993	905	1	0	59	49.497717229166895
n994	908	1	0	68	49.5073325854169
n995	907	1	0	71	49.468871160416896
n1007	910	1	0	48	50.04151904375021
n1008	911	1	0	49	50.13446748750022
n1006	909	1	0	50	49.96993805833355
n1011	915	1	0	48	50.38660349583356
n1009	912	1	0	49	50.21886894791689
n1012	916	1	0	49	50.49450916041689
n1010	913	1	0	50	50.308612272916896
n996	917	1	0	68	50.25946711875022
n997	914	1	0	71	50.26053549166689
n998	919	1	0	80	50.245578270833555
n1027	921	1	0	48	50.77121774583357
n1025	918	1	0	49	50.59814133333356
n1028	922	1	0	49	50.864166189583564
n1026	920	1	0	50	50.6804060479169
n1031	928	1	0	48	51.14728501250023
n1029	924	1	0	49	50.969935108333566
n1032	929	1	0	49	51.250917185416895
n1030	927	1	0	50	51.03724260208356
n1016	923	1	0	71	50.99343931250023
n1017	926	1	0	80	51.00198629583356
n1018	925	1	0	83	50.98916582083356
n1035	933	1	0	48	51.555403466666895
n1033	930	1	0	49	51.35668610416689
n1036	935	1	0	49	51.65689889375023
n1034	931	1	0	50	51.45818153125023
n1019	934	1	0	80	51.38660054583356
n1020	936	1	0	83	51.38766891875023
n1021	932	1	0	92	51.38232705416689
n1039	939	1	0	48	51.89407768125023
n1037	937	1	0	49	51.75839432083356
n1040	943	1	0	49	51.95924842916689
n1038	938	1	0	50	51.80433435625023
n1022	940	1	0	78	51.91544513958356
n1023	941	1	0	83	51.917581885416894
n1024	942	1	0	90	51.904761410416896
n1057	944	1	0	50	52.10668389166689
n1041	945	1	0	77	52.119504366666895
n1042	946	1	0	83	52.1227094854169
n1043	947	1	0	89	52.10988901041689
n1062	954	1	0	65	52.72206669166693
n1061	953	1	0	71	52.63766523125026
n1060	950	1	0	74	52.551127025000255
n1059	949	1	0	80	52.49984512500025
n1045	948	1	0	83	52.487024650000244
n1047	952	1	0	83	52.643007095833596
n1046	951	1	0	85	52.56394750000025
n1048	955	1	0	92	52.754117879166934
n1066	962	1	0	62	53.063946025000256
n1065	960	1	0	68	52.95817710625026
n1064	deletion
n1063	956	1	0	77	52.8032630333336
n1049	957	1	0	80	52.820357000000264
n1051	959	1	0	80	52.97847619166693
n1050	958	1	0	82	52.88873286666693
n1052	961	1	0	89	53.065014397916926
n1070	970	1	0	59	53.379116035416935
n1069	967	1	0	65	53.274415489583596
n1068	968	1	0	68	53.287235964583594
n1067	963	1	0	74	53.14834748541693
n1053	964	1	0	77	53.12698002708359
n1055	966	1	0	77	53.280825727083595
n1054	965	1	0	78	53.197492639583594
n1056	969	1	0	86	53.372705797916936
n1090	978	1	0	56	53.70603814791694
n1089	976	1	0	62	53.59813248333361
n1088	974	1	0	65	53.57569665208361
n1087	972	1	0	71	53.469927733333606
n1071	971	1	0	74	53.45817563125027
n1073	975	1	0	74	53.62056831458361
n1072	973	1	0	76	53.543645464583605
n1074	977	1	0	83	53.70283302916694
n1094	986	1	0	53	54.023344904166954
n1093	984	1	0	59	53.94749042708362
n1092	981	1	0	62	53.86522571250028
n1091	980	1	0	68	53.785097743750285
n1075	979	1	0	71	53.78189262500028
n1077	983	1	0	71	53.93680669791696
n1076	982	1	0	73	53.867362458333616
n1078	985	1	0	80	54.02548165000029
n1098	992	1	0	50	54.33103630416696
n1097	991	1	0	56	54.248771589583626
n1096	deletion
n1095	987	1	0	65	54.10454124583362
n1079	988	1	0	68	54.10347287291695
n1081	990	1	0	68	54.248771589583626
n1080	989	1	0	70	54.18573758750029
n1082	993	1	0	77	54.34919864375029
n1102	deletion
n1101	997	1	0	53	54.522275056250294
n1100	deletion
n1099	994	1	0	62	54.41543776458363
n1083	995	1	0	65	54.42398474791696
n1085	998	1	0	65	54.559668108333625
n1084	996	1	0	66	54.492360614583625
n1086	999	1	0	74	54.6600951625003
n1113	1003	1	0	43	54.77013757291697
n1103	1000	1	0	64	54.76372733541697
n1104	1002	1	0	70	54.7690692000003
n1105	1001	1	0	73	54.75838547083363
n1117	1006	1	0	50	55.32675986250032
n1115	1004	1	0	51	55.16436717916698
n1118	1007	1	0	51	55.42398179791699
n1119	1009	1	0	51	55.52227210625033
n1116	1005	1	0	52	55.243426775000316
n1107	1008	1	0	61	55.183597891666984
n1108	1010	1	0	70	55.19321324791699
n1109	1012	1	0	73	55.15688856875031
n1121	1013	1	0	50	55.679322925000335
n1122	1014	1	0	51	55.76265601250034
n1120	1011	1	0	52	55.60774193958367
n1125	1017	1	0	50	56.03188598750035
n1123	1015	1	0	51	55.86094632083367
n1126	1019	1	0	51	56.12483443125035
n1139	1021	1	0	51	56.24983406250035
n1124	1016	1	0	52	55.935732425000346
n1110	1018	1	0	70	55.91650171250035
n1111	1020	1	0	73	55.91543333958368
n1112	1023	1	0	82	55.90047611875034
n1141	1024	1	0	50	56.387654168750366
n1142	1025	1	0	51	56.4570984083337
n1140	1022	1	0	52	56.240218706250346
n1145	1031	1	0	50	56.7679949270837
n1143	1026	1	0	51	56.57675617500037
n1146	1032	1	0	51	56.8673536083337
n1147	1034	1	0	51	56.98060113750037
n1144	1030	1	0	52	56.668636245833696
n1130	1027	1	0	73	56.653679025000365
n1131	1028	1	0	82	56.6494055333337
n1132	1029	1	0	85	56.64085855000037
n1149	1037	1	0	50	57.15688266875037
n1150	1039	1	0	51	57.26585670625037
n1148	1035	1	0	52	57.05752398750038
n1133	1038	1	0	82	57.00090022291704
n1134	1040	1	0	85	57.00090022291704
n1135	1036	1	0	94	57.006242087500375
n1153	1042	1	0	50	57.48166803541703
n1154	1046	1	0	51	57.56072763125037
n1151	deletion
n1152	1041	1	0	52	57.374830743750366
n1136	1043	1	0	80	57.5211978333337
n1137	1044	1	0	85	57.5179927145837
n1138	1045	1	0	92	57.51371922291703
n1171	1047	1	0	52	57.71029983958371
n1155	1048	1	0	79	57.729530552083716
n1156	1050	1	0	85	57.73273567083372
n1157	1049	1	0	91	57.720983568750384
n1176	1057	1	0	64	58.28508446875039
n1175	1055	1	0	70	58.21564022916706
n1174	1054	1	0	73	58.15046948125039
n1173	1051	1	0	79	58.07675175000039
n1159	1052	1	0	85	58.06927313958372
n1161	1056	1	0	85	58.23273419583372
n1160	1053	1	0	87	58.14940110833372
n1162	1058	1	0	94	58.341708233333726
n1180	1065	1	0	61	58.62269031041708
n1179	1061	1	0	67	58.5030325437504
n1178	1063	1	0	70	58.528673493750404
n1177	1059	1	0	76	58.4036738625004
n1163	1060	1	0	82	58.40581060833373
n1165	1064	1	0	82	58.57568190208374
n1164	1062	1	0	84	58.491280441667065
n1166	1066	1	0	91	58.671835464583744
n1184	1073	1	0	58	58.92503984583375
n1183	1071	1	0	64	58.872689572917075
n1182	1070	1	0	67	58.81286068958374
n1181	1067	1	0	73	58.724185737500406
n1167	1068	1	0	79	58.74234807708374
n1169	1072	1	0	79	58.88230492916708
n1168	1069	1	0	80	58.82247604583374
n1170	1074	1	0	88	58.98486872916709
n1204	1081	1	0	55	59.2733294166671
n1203	1079	1	0	61	59.192133075000434
n1202	1077	1	0	64	59.123757208333764
n1201	1075	1	0	70	59.042560866667095
n1185	1076	1	0	76	59.0617915791671
n1187	1080	1	0	76	59.214568906250435
n1186	1078	1	0	78	59.15367165000043
n1188	1082	1	0	85	59.31392758750044
n1208	1089	1	0	52	59.58529430833379
n1207	1086	1	0	58	59.48273050833378
n1206	1087	1	0	61	59.530807289583784
n1205	1083	1	0	67	59.34597877500044
n1189	1084	1	0	73	59.39405555625044
n1191	1088	1	0	73	59.55965335833379
n1190	1085	1	0	75	59.49982447500045
n1192	1090	1	0	82	59.666490650000455
n1212	1097	1	0	49	59.93465225208379
n1211	1094	1	0	55	59.81178936666712
n1210	1095	1	0	58	59.79683214583379
n1209	1091	1	0	64	59.67824275208379
n1193	1092	1	0	70	59.72311441458379
n1195	1096	1	0	70	59.88337035208379
n1194	1093	1	0	72	59.80324238333379
n1196	1098	1	0	79	59.99448113541712
n1216	1104	1	0	46	60.226318058333774
n1215	deletion
n1214	1101	1	0	55	60.103455172917116
n1213	1099	1	0	61	60.00623323750045
n1197	1100	1	0	67	60.06499374791712
n1199	1103	1	0	67	60.20815571875044
n1198	1102	1	0	68	60.15153195416711
n1200	1105	1	0	76	60.318198129167115
n1233	1107	1	0	47	60.474180575000446
n1234	1108	1	0	51	60.562855527083784
n1235	1110	1	0	55	60.63550488541712
n1236	1112	1	0	56	60.71883797291712
n1217	1106	1	0	63	60.48379593125045
n1218	1109	1	0	75	60.58208623958378
n1220	1114	1	0	75	60.71670122708379
n1219	1111	1	0	76	60.64405186875045
n1237	1113	1	0	58	60.79789756875046
n1238	1116	1	0	59	60.87268367291713
n1239	1118	1	0	61	60.96670048958379
n1240	1120	1	0	63	61.067127543750466
n1224	1121	1	0	68	61.06178567916713
n1223	1119	1	0	70	60.982726083333795
n1222	1117	1	0	71	60.89832462291713
n1221	1115	1	0	73	60.81499153541713
n1244	1129	1	0	49	61.409006877083804
n1243	1127	1	0	55	61.310716568750465
n1242	1128	1	0	58	61.259434668750465
n1241	1124	1	0	64	61.164349479167136
n1225	1123	1	0	67	61.1397769020838
n1227	1126	1	0	67	61.3224686708338
n1226	1125	1	0	68	61.24768256666713
n1228	1130	1	0	76	61.41221199583381
n1248	1137	1	0	46	61.72845037916715
n1247	1136	1	0	52	61.69639919166715
n1246	1134	1	0	55	61.57567305208381
n1245	1132	1	0	61	61.506228812500474
n1229	1131	1	0	64	61.51263905000047
n1231	1135	1	0	64	61.68251034375048
n1230	1133	1	0	66	61.58315166250048
n1232	1138	1	0	73	61.77439041458381
n1265	1140	1	0	47	61.857723502083815
n1266	1141	1	0	51	61.933577979167154
n1267	1143	1	0	55	62.01050082916714
n1268	1145	1	0	56	62.11306462916714
n1249	1139	1	0	63	61.856655129167144
n1250	1142	1	0	75	61.94639845416715
n1252	1146	1	0	75	62.11840649375048
n1251	1144	1	0	76	62.02866316875048
n1269	1147	1	0	58	62.19426097083381
n1270	1149	1	0	59	62.265841956250476
n1271	1151	1	0	61	62.35665365416715
n1272	1153	1	0	63	62.45387558958381
n1256	1154	1	0	68	62.451738843750476
n1255	1152	1	0	70	62.363063891667146
n1254	1150	1	0	71	62.272252193750475
n1253	1148	1	0	73	62.18678236041714
n1276	1161	1	0	51	62.82246424583381
n1275	1160	1	0	57	62.7134902083338
n1274	1158	1	0	60	62.64404596875047
n1273	1156	1	0	66	62.5500291520838
n1257	1155	1	0	69	62.5404137958338
n1259	1159	1	0	69	62.73485766666714
n1258	1157	1	0	70	62.63763573125047
n1260	1162	1	0	78	62.83207960208381
n1280	1168	1	0	48	63.10451469583381
n1279	deletion
n1278	1166	1	0	57	62.97630994583381
n1277	1163	1	0	63	62.89618197708381
n1261	1164	1	0	66	62.904728960417145
n1263	1167	1	0	66	63.073531881250474
n1262	1165	1	0	68	62.978446691667145
n1264	1169	1	0	75	63.164343579167145
n1297	1172	1	0	49	63.223104089583806
n1298	1173	1	0	53	63.309642295833804
n1299	1175	1	0	57	63.38977026458382
n1300	1177	1	0	58	63.51156477708382
n1281	1170	1	0	65	63.25515527708381
n1282	1174	1	0	77	63.318189279167136
n1284	1178	1	0	77	63.51049640416715
n1283	deletion
n1301	1179	1	0	60	63.58207738958382
n1302	1182	1	0	61	63.677162579167174
n1303	1184	1	0	63	63.72417098750051
n1304	1186	1	0	65	63.811777566667175
n1288	1185	1	0	70	63.81498268541718
n1287	1183	1	0	72	63.720965868750504
n1286	1181	1	0	73	63.6504532562505
n1285	1180	1	0	75	63.59489786458383
n1308	1193	1	0	53	64.16968249375053
n1307	1192	1	0	59	64.08421266041718
n1306	1190	1	0	62	64.02331540416718
n1305	1188	1	0	68	63.91968323125052
n1289	1187	1	0	71	63.91434136666718
n1291	1191	1	0	71	64.10451174583385
n1290	1189	1	0	73	64.00408469166717
n1292	1194	1	0	80	64.2156225291672
n1312	1200	1	0	50	64.44745945208386
n1311	1199	1	0	56	64.35557938125054
n1310	1198	1	0	59	64.33955378750053
n1309	1195	1	0	65	64.25515232708388
n1293	1196	1	0	68	64.27972490416721
n1295	1201	1	0	68	64.45173294375053
n1294	1197	1	0	70	64.36412636458387
n1296	1202	1	0	77	64.5489548791672
n1332	1209	1	0	54	64.84596255000055
n1331	1207	1	0	60	64.7508773604172
n1330	1206	1	0	63	64.66647590000053
n1329	1204	1	0	69	64.59916840625053
n1313	1203	1	0	72	64.6194674916672
n1315	1208	1	0	72	64.7957490229172
n1314	1205	1	0	73	64.73271502083387
n1316	1210	1	0	81	64.89403933125055
n1336	1216	1	0	51	65.10985066041722
n1335	1214	1	0	57	65.06604737083389
n1334	1213	1	0	60	64.99873987708388
n1333	1211	1	0	66	64.92822726458388
n1317	1212	1	0	69	64.97203055416722
n1319	1217	1	0	69	65.14617533958388
n1318	1215	1	0	70	65.06604737083389
n1320	1218	1	0	78	65.23912378333388
n1340	1227	1	0	55	65.57245613333386
n1339	1226	1	0	61	65.5136956229172
n1338	1222	1	0	64	65.4560034854172
n1337	1220	1	0	70	65.31604663333387
n1321	1219	1	0	73	65.3245936166672
n1323	1225	1	0	73	65.5136956229172
n1322	1223	1	0	75	65.42929416250053
n1324	deletion
n1344	1232	1	0	52	65.80536142916719
n1343	1231	1	0	58	65.78719908958386
n1342	1233	1	0	61	65.7508744104172
n1341	1229	1	0	67	65.65258410208385
n1325	1230	1	0	70	65.69638739166719
n1327	1235	1	0	70	65.89937824583386
n1326	1234	1	0	72	65.78719908958386
n1328	1236	1	0	79	66.0040787916672
n1369	1248	1	0	56	66.23057385000052
n1370	1250	1	0	63	66.2284371041672
n1371	1251	1	0	66	66.22095849375053
n1361	1239	1	0	69	66.21134313750053
n1345	1237	1	0	72	66.22950547708386
n1346	1238	1	0	75	66.39510327916719
n1347	1240	1	0	78	66.51476104583385
n1348	1241	1	0	81	66.62159833750052
n1362	1252	1	0	68	66.73805098541719
n1349	1242	1	0	84	66.74659796875052
n1350	1243	1	0	87	66.84595665000052
n1351	1244	1	0	90	66.94852045000052
n1352	1246	1	0	93	67.02651167291718
n1354	1249	1	0	87	67.1899727291672
n1355	1253	1	0	88	67.27330581666719
n1356	1254	1	0	92	67.35557053125052
n1353	1247	1	0	96	67.10450289583386
n1366	1257	1	0	72	67.59168094583384
n1367	1259	1	0	73	67.66112518541718
n1368	1260	1	0	76	67.74766339166717
n1358	1256	1	0	84	67.53292043541718
n1359	1258	1	0	85	67.61198003125051
n1360	1261	1	0	88	67.6953131187505
n1357	1255	1	0	90	67.42608314375052
n1392	1266	1	0	66	67.85236393750053
n1393	1268	1	0	68	67.96347472083386
n1394	1269	1	0	71	68.02650872291719
n1391	1263	1	0	75	67.79787691875052
n1376	1265	1	0	78	67.84061183541719
n1377	1267	1	0	80	67.92608166875053
n1378	1270	1	0	83	68.01796173958385
n1375	1264	1	0	87	67.76368898541718
n1396	1274	1	0	60	68.19424327083387
n1397	1276	1	0	61	68.30535405416721
n1398	1277	1	0	64	68.32244802083387
n1395	1271	1	0	69	68.10022645416718
n1380	1273	1	0	72	68.18249116875053
n1381	1275	1	0	73	68.26368751041721
n1382	1278	1	0	76	68.34595222500054
n1379	1272	1	0	81	68.08740597916719
n1400	1282	1	0	54	68.5200970104172
n1401	1283	1	0	56	68.65043850625055
n1402	1285	1	0	59	68.67928457500055
n1399	1280	1	0	63	68.4463792791672
n1384	1281	1	0	66	68.4976611791672
n1385	1284	1	0	68	68.59060962291721
n1386	1286	1	0	71	68.67821620208389
n1383	1279	1	0	75	68.41219134583388
n1406	deletion
n1405	deletion
n1404	deletion
n1403	deletion
n1390	1290	1	0	61	68.99338621250055
n1389	1289	1	0	62	68.90257451458389
n1388	1288	1	0	66	68.81496793541722
n1387	1287	1	0	69	68.75300230625055
n1425	1291	1	0	36	69.1237277083339
n1426	1293	1	0	48	69.1205225895839
n1407	1292	1	0	56	69.1365481833339
n1408	1295	1	0	63	69.14402679375057
n1411	1296	1	0	63	69.3416757833339
n1412	1298	1	0	64	69.39082093750056
n1409	1297	1	0	66	69.13227469166723
n1410	1294	1	0	68	69.12265933541724
n1413	1299	1	0	65	69.4762907708339
n1415	1301	1	0	65	69.64616206458389
n1414	1300	1	0	66	69.5660340958339
n1416	1302	1	0	66	69.72094816875055
n1419	1305	1	0	66	69.96774231250055
n1417	1303	1	0	67	69.80321288333388
n1420	1306	1	0	67	70.04039167083387
n1418	1304	1	0	68	69.88761434375056
n1423	1309	1	0	63	70.30427978125053
n1424	1310	1	0	64	70.36410866458387
n1421	1307	1	0	68	70.12799825000053
n1422	1308	1	0	69	70.21026296458386
n1446	1311	1	0	44	70.3438095791672
n1447	1312	1	0	51	70.41539056458387
n1448	1313	1	0	54	70.42607429375055
n1449	1314	1	0	60	70.48376643125053
n1432	1317	1	0	64	70.63333863958385
n1430	1315	1	0	65	70.44316826041721
n1433	1318	1	0	65	70.7156033541672
n1431	1316	1	0	66	70.52115948333386
n1436	1321	1	0	65	70.96026075208387
n1434	1319	1	0	66	70.79038945833386
n1437	1322	1	0	66	71.03825197500053
n1435	1320	1	0	67	70.87692766458387
n1440	1325	1	0	66	71.28825123750053
n1438	1323	1	0	67	71.1226534354172
n1441	1326	1	0	67	71.3502168666672
n1439	1324	1	0	68	71.20812326875054
n1444	1329	1	0	63	71.61303660416719
n1445	1330	1	0	64	71.68248084375051
n1442	1327	1	0	68	71.45171229375053
n1443	1328	1	0	69	71.5136779229172
n1468	1331	1	0	44	71.67713897916718
n1469	1332	1	0	51	71.7369678625005
n1470	1333	1	0	54	71.76901905000051
n1471	1334	1	0	60	71.80641210208384
n1454	1337	1	0	64	71.94102708958384
n1452	1335	1	0	65	71.76901905000051
n1455	1338	1	0	65	72.03077041458384
n1453	1336	1	0	66	71.84594190000051
n1458	1341	1	0	65	72.27542781250051
n1456	1339	1	0	66	72.10555651875052
n1459	1342	1	0	66	72.35555578125052
n1457	1340	1	0	67	72.18354774166718
n1462	deletion
n1460	1343	1	0	67	72.45064097083385
n1463	1345	1	0	67	72.68140952083385
n1461	1344	1	0	68	72.53183731250051
n1466	1348	1	0	67	72.93888739375049
n1464	1346	1	0	68	72.77328959166718
n1467	1349	1	0	68	73.01687861666716
n1465	1347	1	0	69	72.8651696625005
n1476	1352	1	0	68	73.2529890312505
n1474	1350	1	0	69	73.09166472083382
n1477	1353	1	0	69	73.31495466041717
n1475	1351	1	0	70	73.17499780833383
n1480	1356	1	0	69	73.57350090625052
n1478	1354	1	0	70	73.40576635833384
n1481	1357	1	0	70	73.64615026458384
n1479	1355	1	0	71	73.48803107291718
n1484	1360	1	0	70	73.88226067916717
n1482	1358	1	0	71	73.72200474166718
n1485	1361	1	0	71	73.95384166458385
n1483	1359	1	0	72	73.80426945625051
n1495	1370	1	0	39	74.29678937083386
n1494	1367	1	0	40	74.24657584375053
n1493	1365	1	0	42	74.14935390833385
n1492	1362	1	0	44	74.06067895625051
n1488	1366	1	0	71	74.22093489375052
n1486	1363	1	0	72	74.05533709166718
n1489	1368	1	0	72	74.29037913333387
n1487	1364	1	0	73	74.13760180625052
n1512	1369	1	0	37	74.41110527291718
n1498	1373	1	0	72	74.55854073541718
n1496	1371	1	0	73	74.37264384791719
n1499	1374	1	0	73	74.66430965416718
n1497	1372	1	0	75	74.46238717291719
n1514	1377	1	0	66	74.82670233750054
n1515	1375	1	0	69	74.81281348958387
n1502	1379	1	0	73	74.97306942708387
n1500	1376	1	0	75	74.79037765833388
n1503	1380	1	0	75	75.06494949791721
n1501	1378	1	0	76	74.8694372541672
n1517	1381	1	0	64	75.17499190833387
n1518	1382	1	0	68	75.16965004375054
n1506	1385	1	0	75	75.33204272708386
n1504	1383	1	0	76	75.15255607708387
n1507	1386	1	0	76	75.4495637479172
n1505	1384	1	0	78	75.26259848750053
n1520	1388	1	0	63	75.53930707291718
n1521	1387	1	0	66	75.52221310625052
n1510	1391	1	0	76	75.70063138333386
n1508	1389	1	0	78	75.54144381875052
n1511	1392	1	0	78	75.79678494583386
n1509	1390	1	0	80	75.61195643125052
n1539	1394	1	0	61	75.8726394229172
n1540	1393	1	0	64	75.86088732083387
n1523	1395	1	0	80	75.86836593125054
n1525	1397	1	0	80	76.04037397083387
n1524	1396	1	0	81	75.9655878666672
n1526	1398	1	0	85	76.13118566875053
n1542	1400	1	0	57	76.22947597708388
n1543	1399	1	0	61	76.22199736666721
n1544	1401	1	0	66	76.2027666541672
n1527	1402	1	0	78	76.21451875625054
n1529	1404	1	0	78	76.4078942541672
n1528	1403	1	0	80	76.3021253354172
n1530	1405	1	0	85	76.49977432500054
n1546	1408	1	0	56	76.57776554791721
n1547	1407	1	0	61	76.5745604291672
n1548	1406	1	0	64	76.5585348354172
n1531	1409	1	0	76	76.59272276875055
n1533	1411	1	0	76	76.73267962083389
n1532	1410	1	0	78	76.66323538125056
n1534	1412	1	0	85	76.83203830208389
n1550	1416	1	0	54	76.92285000000055
n1551	1414	1	0	61	76.92285000000055
n1552	1413	1	0	63	76.92178162708389
n1535	1415	1	0	75	76.91323464375056
n1537	1418	1	0	75	77.0692170895839
n1536	1417	1	0	76	76.99122586666722
n1538	1419	1	0	85	77.18353299166724
n1574	1421	1	0	49	77.23802001041723
n1575	1420	1	0	56	77.24443024791724
n1576	1423	1	0	64	77.27007119791723
n1554	1422	1	0	73	77.26259258750056
n1555	1424	1	0	80	77.34592567500059
n1570	deletion
n1557	1427	1	0	81	77.52007046041727
n1556	1425	1	0	88	77.45489971250059
n1578	1426	1	0	44	77.53289093541727
n1579	1428	1	0	54	77.59699331041728
n1580	1429	1	0	60	77.60660866666728
n1558	1430	1	0	72	77.61729239583396
n1559	1431	1	0	78	77.67177941458395
n1571	deletion
n1561	1435	1	0	80	77.83630884375061
n1560	1432	1	0	87	77.75297575625062
n1582	1436	1	0	49	77.93459915208393
n1583	1434	1	0	52	77.93459915208393
n1584	1433	1	0	61	77.91430006666728
n1562	1437	1	0	68	77.92818891458394
n1563	1438	1	0	76	78.01045362916727
n1572	deletion
n1565	1443	1	0	78	78.15682071875061
n1564	1439	1	0	85	78.0863081062506
n1586	1442	1	0	44	78.25404265416729
n1587	1441	1	0	56	78.24549567083396
n1566	1440	1	0	68	78.23908543333395
n1567	1444	1	0	75	78.3181450291673
n1573	deletion
n1569	1450	1	0	76	78.48160608541731
n1568	1445	1	0	84	78.38652089583397
n1606	1447	1	0	37	78.57989639375066
n1608	1453	1	0	45	78.76365653541734
n1607	1446	1	0	49	78.57562290208399
n1609	1451	1	0	57	78.76045141666734
n1591	1452	1	0	69	78.76258816250068
n1589	1448	1	0	73	78.57348615625065
n1592	1454	1	0	81	78.84057938541734
n1590	1449	1	0	85	78.57562290208399
n1612	1459	1	0	43	79.075621427084
n1610	1457	1	0	44	78.92391247291732
n1613	1460	1	0	55	79.078826545834
n1611	1456	1	0	56	78.92391247291732
n1595	1461	1	0	67	79.07775817291734
n1593	1455	1	0	68	78.92284410000066
n1596	1462	1	0	79	79.15895451458402
n1594	1458	1	0	80	79.02220278125067
n1616	1468	1	0	37	79.40574865833406
n1614	1464	1	0	44	79.24442434791737
n1617	1467	1	0	49	79.39506492916739
n1615	1463	1	0	56	79.23587736458403
n1599	1469	1	0	61	79.41856913333406
n1597	1465	1	0	68	79.23801411041737
n1600	1470	1	0	73	79.48694500000073
n1598	1466	1	0	80	79.32455231666738
n1618	1478	1	0	39	79.5745515791674
n1622	1479	1	0	46	79.8726276229174
n1621	1477	1	0	47	79.77861080625073
n1620	1476	1	0	49	79.6707051416674
n1619	1471	1	0	51	79.57989344375073
n1601	1475	1	0	61	79.5937822916674
n1602	deletion
n1603	1474	1	0	67	79.6001925291674
n1604	1473	1	0	70	79.60553439375073
n1605	1472	1	0	75	79.5969874104174
n1642	1486	1	0	43	80.12155851250074
n1640	1484	1	0	44	79.96664443958407
n1643	1487	1	0	44	80.22305393958408
n1641	1485	1	0	46	80.07134498541741
n1623	1481	1	0	59	79.9719863041674
n1624	1482	1	0	63	79.98267003333407
n1625	1483	1	0	68	79.99014864375074
n1626	1480	1	0	71	79.9623709479174
n1646	1493	1	0	44	80.5008308979174
n1644	1488	1	0	46	80.31066051875074
n1647	1494	1	0	46	80.58843747708406
n1645	1492	1	0	47	80.3950619791674
n1628	1490	1	0	61	80.34484845208407
n1629	1491	1	0	63	80.34591682500073
n1630	1489	1	0	67	80.33630146875073
n1650	1500	1	0	46	80.85980419791736
n1648	1496	1	0	47	80.67177056458405
n1651	1501	1	0	47	80.95916287916735
n1649	1499	1	0	49	80.76792412708403
n1632	1495	1	0	59	80.69741151458405
n1633	1498	1	0	63	80.70275337916738
n1634	1497	1	0	68	80.69313802291738
n1654	1507	1	0	47	81.18565793750071
n1652	1502	1	0	49	81.01578664375069
n1655	1508	1	0	49	81.29142685625071
n1653	1506	1	0	51	81.0959146125007
n1636	1504	1	0	58	81.0446327125007
n1637	1505	1	0	64	81.04570108541736
n1638	1503	1	0	68	81.03715410208403
n1671	1512	1	0	51	81.36300784166738
n1673	1514	1	0	51	81.54463123750071
n1672	1513	1	0	52	81.46236652291738
n1674	1515	1	0	56	81.64719503750071
n1656	1509	1	0	59	81.36834970625071
n1657	1510	1	0	63	81.37582831666738
n1658	1511	1	0	68	81.37689668958404
n1675	1518	1	0	49	81.72945975208404
n1677	1521	1	0	49	81.91963013125071
n1676	1520	1	0	51	81.81599795833404
n1678	1522	1	0	56	81.98266413333405
n1660	1516	1	0	61	81.7305281250007
n1661	1517	1	0	64	81.72839137916738
n1662	1519	1	0	68	81.7433486000007
n1679	1525	1	0	47	82.06386047500072
n1681	1527	1	0	47	82.24762061666739
n1680	1526	1	0	49	82.14398844375073
n1682	1528	1	0	56	82.31385973750074
n1664	1523	1	0	63	82.08309118750073
n1665	1524	1	0	68	82.08629630625073
n1683	1530	1	0	46	82.43138075833407
n1685	1534	1	0	46	82.6065939166674
n1684	1533	1	0	47	82.51257710000074
n1686	1535	1	0	55	82.68351676666741
n1667	1531	1	0	61	82.4399277416674
n1668	1532	1	0	63	82.45274821666742
n1669	1529	1	0	70	82.45061147083408
n1702	1536	1	0	44	82.79462755000074
n1705	1540	1	0	51	82.97197745416739
n1703	1538	1	0	52	82.8053112791674
n1718	deletion
n1687	1539	1	0	59	82.88116575625072
n1704	deletion
n1688	deletion
n1689	deletion
n1690	1537	1	0	71	82.80424290625074
n1706	1541	1	0	43	83.10872918750071
n1709	1544	1	0	51	83.43671967291739
n1707	1542	1	0	52	83.23266044583406
n1719	deletion
n1708	1543	1	0	58	83.32774563541739
n1692	1545	1	0	75	83.14719061250071
n1693	1547	1	0	82	83.15360085000071
n1694	1546	1	0	87	83.12154966250071
n1710	1550	1	0	44	83.51577926875073
n1713	1553	1	0	51	83.78928273541737
n1711	1551	1	0	52	83.60552259375073
n1720	deletion
n1712	1552	1	0	59	83.69312917291738
n1696	1549	1	0	80	83.54783045625074
n1697	1548	1	0	83	83.52966811666741
n1714	deletion
n1717	1558	1	0	51	84.10338437291738
n1715	1555	1	0	52	83.97624799583404
n1721	deletion
n1716	1556	1	0	58	84.06278620208404
n1699	1559	1	0	63	83.9164191125007
n1700	1557	1	0	70	83.90466701041737
n1701	1560	1	0	75	83.87582094166737
n1739	1561	1	0	44	84.22090539375073
n1740	1563	1	0	56	84.24334122500072
n1741	1568	1	0	61	84.41855438333405
n1725	1565	1	0	64	84.41855438333405
n1726	1566	1	0	67	84.47090465625072
n1723	1564	1	0	68	84.23906773333405
n1724	1562	1	0	71	84.22624725833406
n1742	1567	1	0	59	84.56705821875073
n1727	1569	1	0	63	84.55957960833406
n1743	1573	1	0	64	84.73479276666737
n1729	1571	1	0	67	84.74227137708404
n1728	1570	1	0	68	84.66534852708403
n1730	1572	1	0	70	84.81812585416738
n1744	1574	1	0	63	84.8982538229174
n1731	1575	1	0	66	84.89184358541739
n1745	1578	1	0	66	85.0734669812507
n1733	1577	1	0	69	85.06812511666737
n1732	1576	1	0	71	84.98051853750071
n1734	1579	1	0	72	85.12261213541738
n1747	1586	1	0	56	85.45487611250071
n1748	1584	1	0	63	85.46235472291738
n1746	1580	1	0	64	85.24120152916738
n1749	1583	1	0	66	85.43244028125072
n1735	1581	1	0	68	85.22517593541738
n1737	1585	1	0	72	85.44632912916738
n1736	1582	1	0	73	85.33521834583405
n1738	1587	1	0	75	85.52432035208405
n1766	1589	1	0	61	85.63970462708403
n1767	1588	1	0	64	85.64290974583403
n1752	1592	1	0	72	85.79568707291739
n1750	1590	1	0	73	85.62581577916737
n1753	1593	1	0	73	85.8790201604174
n1751	1591	1	0	75	85.73265307083405
n1769	1596	1	0	66	86.00615653750073
n1770	1594	1	0	69	85.99654118125073
n1756	1598	1	0	73	86.15466037291739
n1754	1595	1	0	75	85.97303697708406
n1757	1599	1	0	75	86.24654044375072
n1755	1597	1	0	76	86.05637006458406
n1772	1600	1	0	64	86.34803587083405
n1773	1601	1	0	68	86.35765122708405
n1760	1604	1	0	75	86.52431740208405
n1758	1602	1	0	76	86.34910424375072
n1761	1605	1	0	76	86.62153933750072
n1759	1603	1	0	78	86.44205268750072
n1775	1607	1	0	63	86.71982964583405
n1776	1606	1	0	66	86.70807754375072
n1764	1610	1	0	76	86.8758120916674
n1762	1608	1	0	78	86.70487242500072
n1765	1611	1	0	78	86.96982890833407
n1763	1609	1	0	80	86.78713713958406
n1794	1613	1	0	61	87.0649140979174
n1795	1612	1	0	64	87.06064060625073
n1778	1614	1	0	80	87.03820477500074
n1780	1616	1	0	80	87.22623840833405
n1779	1615	1	0	81	87.13970020208406
n1781	1617	1	0	85	87.32452871666739
n1797	1620	1	0	57	87.42709251666739
n1798	1619	1	0	61	87.42068227916738
n1799	1618	1	0	66	87.42068227916738
n1782	1621	1	0	78	87.40465668541738
n1784	1623	1	0	78	87.59482706458407
n1783	1622	1	0	80	87.49546838333406
n1785	1624	1	0	85	87.67922852500074
n1801	1628	1	0	56	87.78499744375073
n1802	1625	1	0	61	87.7604248666674
n1803	1626	1	0	64	87.7700402229174
n1786	1627	1	0	76	87.77110859583406
n1788	1630	1	0	76	87.92495429583406
n1787	1629	1	0	78	87.84268958125072
n1789	1631	1	0	85	88.00721901041739
n1805	1635	1	0	54	88.09696233541739
n1806	1632	1	0	61	88.09268884375072
n1807	1634	1	0	63	88.10123582708405
n1790	1633	1	0	75	88.08948372500072
n1792	1637	1	0	75	88.25614990000072
n1791	1636	1	0	76	88.16961169375072
n1793	1638	1	0	85	88.35016671666739
n1829	1641	1	0	49	88.38862814166738
n1830	1640	1	0	56	88.42708956666738
n1831	1642	1	0	64	88.4708928562507
n1809	1639	1	0	73	88.4420467875007
n1810	1643	1	0	80	88.53926872291737
n1825	deletion
n1812	1646	1	0	81	88.70166140625071
n1811	1644	1	0	88	88.6311487937507
n1833	1645	1	0	44	88.71661862708405
n1834	1649	1	0	54	88.78606286666738
n1835	1648	1	0	60	88.81170381666738
n1813	1647	1	0	72	88.79567822291737
n1814	1650	1	0	78	88.87473781875072
n1826	deletion
n1816	1653	1	0	80	89.0456774854174
n1815	1651	1	0	87	88.95700253333406
n1837	1652	1	0	45	89.01469467083406
n1838	1654	1	0	52	89.07666030000074
n1839	1656	1	0	61	89.14396779375075
n1817	deletion
n1818	1657	1	0	75	89.21448040625073
n1827	deletion
n1820	1664	1	0	76	89.39503542916738
n1819	1658	1	0	85	89.30315535833405
n1841	1660	1	0	53	89.49332573750071
n1842	1663	1	0	59	89.5125564500007
n1843	1661	1	0	62	89.48264200833404
n1844	1662	1	0	65	89.48477875416738
n1821	1659	1	0	68	89.46982153333404
n1822	1665	1	0	73	89.56276997708403
n1828	deletion
n1824	1667	1	0	74	89.72302591458404
n1823	1666	1	0	83	89.64503469166738
n1865	1675	1	0	50	89.97088843125071
n1861	1672	1	0	54	89.83413669791737
n1862	1670	1	0	57	89.82452134166738
n1863	1671	1	0	61	89.84161530833404
n1866	1674	1	0	62	89.9612730750007
n1864	1668	1	0	66	89.8138376125007
n1845	1669	1	0	69	89.80849574791738
n1846	1673	1	0	73	89.90251256458404
n1848	1677	1	0	78	90.03605917916738
n1847	1676	1	0	81	89.95699958333404
n1869	1682	1	0	45	90.28605844166738
n1867	1679	1	0	49	90.13434948750071
n1870	1684	1	0	57	90.27003284791738
n1868	1678	1	0	61	90.13114436875071
n1849	1680	1	0	81	90.10764016458404
n1850	1681	1	0	85	90.19097325208405
n1852	1686	1	0	90	90.34054546041737
n1851	1685	1	0	93	90.26469098333405
n1873	1692	1	0	37	90.60763868958408
n1871	1688	1	0	42	90.44417763333406
n1874	1693	1	0	49	90.60443357083408
n1872	1689	1	0	54	90.44204088750072
n1856	1694	1	0	73	90.68242479375074
n1855	1691	1	0	78	90.58413448541741
n1854	1690	1	0	81	90.49866465208407
n1853	1687	1	0	85	90.43135715833405
n1875	1701	1	0	38	90.8084927979174
n1876	1700	1	0	50	90.7988774416674
n1860	1698	1	0	57	91.08626975625072
n1859	1697	1	0	62	90.97515897291738
n1858	1696	1	0	66	90.88007378333405
n1857	1695	1	0	69	90.78071510208407
n1887	1704	1	0	40	91.62366133333407
n1885	1702	1	0	41	91.38114068125071
n1888	1705	1	0	41	91.71447303125073
n1886	1703	1	0	42	91.52857614375073
n1881	1715	1	0	59	91.39930302083405
n1882	1712	1	0	62	91.36832020625071
n1877	1707	1	0	68	91.34267925625072
n1891	1709	1	0	41	91.97088253125072
n1889	1706	1	0	42	91.79353262708406
n1892	1711	1	0	42	92.07771982291739
n1890	1708	1	0	44	91.88541269791739
n1878	1710	1	0	66	91.76575493125074
n1895	1716	1	0	42	92.30100976250073
n1893	1713	1	0	44	92.14716406250074
n1896	1717	1	0	44	92.39502657916739
n1894	1714	1	0	45	92.23370226875073
n1879	1718	1	0	65	92.1129761291674
n1897	1719	1	0	45	92.47729129375072
n1899	1723	1	0	45	92.65998306250071
n1898	1720	1	0	47	92.5616927541674
n1900	1725	1	0	47	92.75399987916738
n1883	1721	1	0	57	92.49011176875074
n1884	1722	1	0	62	92.4879750229174
n1880	1724	1	0	66	92.4719494291674
n1910	1728	1	0	40	93.04352893958404
n1908	1726	1	0	41	92.8587004250007
n1911	1729	1	0	41	93.1503662312507
n1909	1727	1	0	42	92.94951212291737
n1905	1737	1	0	59	92.87258927291738
n1906	1740	1	0	62	92.87152090000072
n1901	1731	1	0	68	92.85015344166737
n1914	1733	1	0	41	93.39822874791736
n1912	1730	1	0	42	93.2208788437507
n1915	1734	1	0	42	93.50292929375068
n1913	1732	1	0	44	93.30100681250069
n1902	1735	1	0	66	93.22942582708403
n1918	1739	1	0	42	93.71767225000069
n1916	1736	1	0	44	93.56275817708402
n1919	1742	1	0	44	93.81489418541736
n1917	1738	1	0	45	93.6375442812507
n1903	1741	1	0	65	93.57557865208403
n1920	1744	1	0	45	93.91425286666737
n1922	1747	1	0	45	94.10976511041737
n1921	1746	1	0	47	94.01467992083403
n1923	1748	1	0	47	94.17386748541738
n1907	1743	1	0	61	93.92066310416737
n1904	1745	1	0	66	93.9227998500007
n1934	1751	1	0	47	94.53390915833405
n1932	1749	1	0	48	94.32237132083405
n1935	1752	1	0	48	94.62578922916738
n1933	1750	1	0	49	94.4398923416674
n1928	1762	1	0	66	94.32664481250073
n1929	1761	1	0	69	94.32450806666739
n1924	1753	1	0	75	94.31168759166738
n1938	1756	1	0	48	94.87258337291739
n1936	1754	1	0	49	94.70378045208405
n1939	1757	1	0	49	94.98262578333406
n1937	1755	1	0	51	94.79566052291739
n1925	1759	1	0	73	94.71446418125072
n1942	1763	1	0	49	95.21659945208405
n1940	1758	1	0	51	95.0552751416674
n1943	1765	1	0	51	95.29886416666739
n1941	1760	1	0	52	95.12471938125073
n1926	1764	1	0	72	95.06275375208406
n1944	1766	1	0	52	95.39715447500072
n1946	1769	1	0	52	95.56595739583406
n1945	1767	1	0	54	95.49010291875072
n1947	1772	1	0	54	95.65570072083406
n1930	1768	1	0	64	95.43241078125072
n1931	1770	1	0	69	95.43882101875073
n1927	1771	1	0	73	95.42600054375072
n1959	1775	1	0	47	95.96766561250071
n1957	1773	1	0	48	95.79458920000071
n1960	1776	1	0	48	96.08411826041737
n1958	1774	1	0	49	95.87792228750072
n1953	1785	1	0	66	95.81061479375072
n1954	1786	1	0	69	95.82129852291739
n1948	1777	1	0	75	95.79886269166738
n1963	1780	1	0	48	96.30847657291739
n1961	1778	1	0	49	96.15249412708404
n1964	1781	1	0	49	96.44950179791739
n1962	1779	1	0	51	96.23369046875072
n1949	1782	1	0	73	96.15463087291738
n1967	1787	1	0	49	96.66210800833407
n1965	1783	1	0	51	96.5007836979174
n1968	1789	1	0	51	96.7892443854174
n1966	1784	1	0	52	96.58625353125073
n1950	1788	1	0	72	96.51467254583407
n1971	1795	1	0	52	97.04779063125073
n1969	1790	1	0	53	96.87471421875075
n1972	1797	1	0	53	97.11402975208406
n1970	1792	1	0	54	96.94736357708408
n1955	1794	1	0	61	96.87044072708409
n1956	1793	1	0	68	96.91638076250075
n1951	1791	1	0	71	96.86403048958408
n1952	1796	1	0	73	96.86082537083408
n1988	1802	1	0	53	97.4527039666674
n1986	1798	1	0	54	97.25612335000073
n1989	1805	1	0	54	97.57236173333406
n1987	1799	1	0	56	97.33838806458407
n1973	1800	1	0	61	97.25505497708407
n1974	1803	1	0	66	97.29351640208407
n1975	1804	1	0	69	97.2636019604174
n1976	1801	1	0	73	97.24864473958407
n1992	1810	1	0	54	97.78389957083405
n1990	1806	1	0	56	97.62684875208407
n1993	1812	1	0	56	97.89714710000072
n1991	1807	1	0	57	97.71659207708407
n1977	1808	1	0	65	97.64394271875075
n1978	1811	1	0	71	97.63432736250074
n1979	1809	1	0	73	97.63753248125074
n1996	1817	1	0	56	98.15676171875074
n1994	1813	1	0	57	97.96765971250073
n1997	1819	1	0	57	98.22834270416742
n1995	1814	1	0	59	98.07236025833407
n1980	1815	1	0	66	97.99864252708407
n1981	1816	1	0	69	98.00612113750074
n1982	1818	1	0	73	97.97941181458407
n2000	1824	1	0	59	98.49757267916743
n1998	1820	1	0	60	98.32770138541744
n2001	1825	1	0	60	98.58411088541742
n1999	1821	1	0	61	98.40889772708411
n1983	1823	1	0	66	98.32449626666744
n1984	1822	1	0	69	98.32770138541744
n1985	1826	1	0	75	98.31381253750077
n2016	1832	1	0	60	98.83945201250074
n2014	1827	1	0	61	98.67064909166741
n2017	1833	1	0	61	98.9366739479174
n2015	1830	1	0	63	98.74329845000075
n2002	1828	1	0	64	98.67812770208408
n2003	1829	1	0	68	98.68453793958409
n2004	1831	1	0	76	98.67064909166741
n2020	1838	1	0	61	99.17492110833406
n2018	1834	1	0	63	99.01359679791739
n2021	1840	1	0	63	99.25291233125073
n2019	1835	1	0	64	99.0969298854174
n2005	1837	1	0	68	99.03710100208406
n2006	1836	1	0	72	99.03389588333405
n2007	1839	1	0	78	99.02641727291739
n2024	1846	1	0	63	99.53282603541741
n2022	1841	1	0	64	99.35547613125074
n2025	1847	1	0	64	99.62043261458408
n2023	1845	1	0	66	99.43667247291741
n2008	1842	1	0	68	99.38325382708408
n2009	1843	1	0	73	99.37363847083408
n2010	1844	1	0	80	99.35761287708408
n2028	1853	1	0	64	99.91850865833408
n2026	1849	1	0	66	99.72833827916742
n2029	1854	1	0	66	100.00184174583408
n2027	1852	1	0	68	99.80312438333408
n2011	1848	1	0	73	99.72406478750075
n2012	1851	1	0	75	99.73154339791742
n2013	1850	1	0	81	99.71765455000074
n2044	1858	1	0	66	100.45162674375078
n2041	1855	1	0	68	100.14286697083409
n2043	1857	1	0	68	100.33944758750077
n2042	1856	1	0	69	100.2486358895841
n2030	1862	1	0	73	100.17598653125076
n2031	1861	1	0	76	100.17064466666743
n2032	1860	1	0	80	100.15034558125076
n2048	1865	1	0	59	100.79243770416745
n2047	1864	1	0	61	100.70589949791746
n2046	1863	1	0	63	100.62683990208411
n2045	1859	1	0	64	100.5370965770841
n2052	1873	1	0	52	101.11615469791747
n2051	1872	1	0	54	101.02961649166745
n2050	1871	1	0	56	100.98047133750079
n2049	1868	1	0	57	100.89286475833413
n2033	1867	1	0	73	100.89072801250079
n2034	1866	1	0	76	100.88965963958412
n2035	1869	1	0	80	100.89286475833413
n2036	1870	1	0	85	100.88111265625079
n2056	1881	1	0	45	101.48688010000083
n2055	1880	1	0	47	101.38752141875084
n2054	1879	1	0	49	101.2988464666675
n2053	1877	1	0	51	101.21871849791748
n2037	1874	1	0	76	101.24008595625082
n2038	1876	1	0	80	101.23688083750082
n2039	1878	1	0	85	101.24542782083415
n2040	1875	1	0	88	101.23367571875082
n2076	1888	1	0	39	101.82769106041751
n2075	1887	1	0	40	101.72619563333417
n2074	1886	1	0	42	101.63538393541751
n2073	1882	1	0	44	101.57448667916749
n2057	deletion
n2058	1885	1	0	85	101.60440112083417
n2059	1884	1	0	88	101.60226437500083
n2060	1883	1	0	92	101.59478576458416
n2080	1897	1	0	32	102.21764717500085
n2079	1895	1	0	33	102.12363035833418
n2078	1894	1	0	35	102.03816052500085
n2077	1890	1	0	37	101.93239160625085
n2061	1893	1	0	85	101.96123767500086
n2062	1891	1	0	88	101.95910092916752
n2063	1892	1	0	92	101.96337442083419
n2064	1889	1	0	97	101.96230604791752
n2081	1899	1	0	30	102.38431335000085
n2082	1902	1	0	42	102.38110823125085
n2065	1900	1	0	81	102.38003985833419
n2066	1901	1	0	85	102.36828775625085
n2067	1903	1	0	87	102.38645009583419
n2068	1898	1	0	93	102.36721938333419
n2083	1905	1	0	32	102.79991041458419
n2084	1906	1	0	44	102.79350017708418
n2069	1907	1	0	60	102.79243180416752
n2070	1909	1	0	66	102.78815831250085
n2071	1910	1	0	68	102.79350017708418
n2072	1908	1	0	72	102.78922668541752
n2102	1913	1	0	25	103.28602009166752
n2103	1912	1	0	37	103.28602009166752
n2085	1911	1	0	61	103.27426798958419
n2086	1914	1	0	64	103.27960985416752
n2087	1916	1	0	68	103.28708846458419
n2088	1915	1	0	73	103.27854148125085
n2107	1921	1	0	37	103.92063360416755
n2105	1918	1	0	44	103.74328370000087
n2106	1917	1	0	56	103.73687346250087
n2090	1919	1	0	80	103.7325999708342
n2092	1922	1	0	80	103.92490709583421
n2091	1920	1	0	81	103.84264238125088
n2093	1923	1	0	88	104.03922299791753
n2110	1928	1	0	37	104.28067527708421
n2108	1925	1	0	46	104.09798350833421
n2109	1924	1	0	58	104.09264164375087
n2094	1926	1	0	79	104.11080398333421
n2096	1929	1	0	79	104.27533341250088
n2095	1927	1	0	80	104.18345334166754
n2097	1931	1	0	88	104.3447776520842
n2113	1935	1	0	37	104.63430671250087
n2111	1932	1	0	45	104.46443541875087
n2112	1933	1	0	57	104.45802518125086
n2098	1934	1	0	78	104.45802518125086
n2100	1937	1	0	78	104.6204178645842
n2099	1936	1	0	80	104.52960616666752
n2101	1940	1	0	87	104.73259702083419
n2132	1946	1	0	37	104.98793814791755
n2130	1943	1	0	44	104.81165661666753
n2131	1941	1	0	56	104.80738312500087
n2114	1942	1	0	77	104.80738312500087
n2116	1945	1	0	77	104.97725441875087
n2115	1944	1	0	78	104.89178458541755
n2117	1947	1	0	86	105.06913448958421
n2135	1952	1	0	37	105.33302260000089
n2133	1950	1	0	44	105.17276666250089
n2134	1949	1	0	55	105.17062991666755
n2118	1948	1	0	76	105.16101456041756
n2120	1953	1	0	76	105.31699700625089
n2119	1951	1	0	78	105.23152717291755
n2121	1954	1	0	85	105.45161199375089
n2138	1961	1	0	37	105.70481637500087
n2136	1959	1	0	44	105.53387670833422
n2137	1955	1	0	54	105.51250925000089
n2122	1957	1	0	75	105.52212460625088
n2124	1960	1	0	75	105.66101308541755
n2123	1958	1	0	76	105.62255166041756
n2125	1962	1	0	85	105.7774657333342
n2141	1968	1	0	37	106.04776408125086
n2139	1966	1	0	44	105.86934580416752
n2140	1963	1	0	51	105.85973044791753
n2126	1964	1	0	75	105.85545695625086
n2128	1967	1	0	75	106.0018240458342
n2127	1965	1	0	76	105.93879004375087
n2129	1969	1	0	84	106.09904598125088
n2160	1976	1	0	37	106.33942988750088
n2158	1973	1	0	44	106.17810557708421
n2159	1971	1	0	52	106.17703720416755
n2142	1972	1	0	73	106.18024232291755
n2144	1975	1	0	73	106.32660941250089
n2143	1974	1	0	75	106.24113957916754
n2145	1977	1	0	85	106.43130995833423
n2163	1983	1	0	37	106.70695017083425
n2161	1980	1	0	44	106.53173701250088
n2162	1978	1	0	56	106.52105328333423
n2146	1979	1	0	80	106.51357467291756
n2148	1984	1	0	80	106.66848874583425
n2147	1981	1	0	81	106.61934359166757
n2149	1985	1	0	88	106.78494139375091
n2166	1991	1	0	37	107.03280391041758
n2164	1988	1	0	46	106.86400098958424
n2165	1987	1	0	58	106.86079587083424
n2150	1986	1	0	79	106.84477027708424
n2152	1990	1	0	79	107.00182109583425
n2151	1989	1	0	80	106.90994102500092
n2153	1993	1	0	88	107.07874394583425
n2169	1997	1	0	37	107.35224741250093
n2167	1995	1	0	45	107.19092310208426
n2168	1994	1	0	57	107.18664961041759
n2154	1996	1	0	78	107.18237611875092
n2156	1998	1	0	78	107.3437004291676
n2155	1999	1	0	80	107.26143571458427
n2157	2000	1	0	87	107.46656331458425
n2188	2006	1	0	37	107.7080155937509
n2186	deletion
n2187	deletion
n2170	2002	1	0	77	107.5317340625009
n2172	2005	1	0	77	107.68771650833423
n2171	2004	1	0	78	107.62361413333423
n2173	2007	1	0	86	107.78921193541757
n2191	2012	1	0	37	108.04134794375088
n2189	2010	1	0	44	107.87468176875089
n2190	2008	1	0	55	107.8682715312509
n2174	2009	1	0	76	107.86933990416756
n2176	2013	1	0	76	108.04348468958422
n2175	2011	1	0	78	107.93664739791755
n2177	2015	1	0	85	108.15139035416756
n2194	2022	1	0	37	108.36827005625089
n2192	2019	1	0	44	108.2112192375009
n2193	2016	1	0	54	108.19305689791756
n2178	2017	1	0	75	108.20053550833423
n2180	2021	1	0	75	108.36827005625089
n2179	2020	1	0	76	108.3362188687509
n2181	2023	1	0	85	108.48899619583423
n2197	2029	1	0	37	108.69839728750094
n2195	2026	1	0	44	108.55096182500091
n2196	2024	1	0	51	108.54775670625091
n2182	2025	1	0	75	108.54882507916757
n2184	2028	1	0	75	108.6962605416676
n2183	2027	1	0	76	108.62361118333426
n2185	2030	1	0	84	108.78814061250094
n2214	deletion
n2215	2032	1	0	44	108.84796949583428
n2216	2031	1	0	52	108.87574719166761
n2198	2033	1	0	73	108.87681556458428
n2200	2035	1	0	73	109.01997753541762
n2199	2034	1	0	75	108.94519143125095
n2201	2036	1	0	85	109.12147296250096
n2221	2042	1	0	56	109.45801043125093
n2219	2039	1	0	67	109.27531866250094
n2218	2037	1	0	68	109.20373767708428
n2220	deletion
n2202	2038	1	0	80	109.20160093125095
n2204	2041	1	0	80	109.35544663125094
n2203	2040	1	0	81	109.32339544375094
n2205	2043	1	0	88	109.47510439791759
n2225	2051	1	0	56	109.79882139166759
n2223	2047	1	0	66	109.62895009791757
n2222	2044	1	0	67	109.53065978958425
n2224	2049	1	0	67	109.70266782916758
n2206	2045	1	0	79	109.53065978958425
n2208	2048	1	0	79	109.68557386250092
n2207	2046	1	0	80	109.62040311458424
n2209	2050	1	0	88	109.76997532291759
n2229	2057	1	0	56	110.1225383854176
n2227	2054	1	0	65	109.99006014375094
n2226	2053	1	0	66	109.8757442416676
n2228	deletion
n2210	2052	1	0	78	109.84796654583427
n2212	2055	1	0	78	110.00288061875094
n2211	deletion
n2213	2058	1	0	87	110.11078628333426
n2249	2066	1	0	56	110.46762283750093
n2247	2062	1	0	64	110.28599944166758
n2246	2060	1	0	65	110.18236726875092
n2248	2064	1	0	65	110.35864880000094
n2230	2059	1	0	77	110.16847842083426
n2232	2063	1	0	77	110.33193947708426
n2231	2061	1	0	78	110.27745245833425
n2233	2065	1	0	86	110.44091351458425
n2253	2073	1	0	56	110.78599796666762
n2251	2070	1	0	63	110.63001552083428
n2250	2068	1	0	64	110.5263833479176
n2252	2072	1	0	64	110.70266487916763
n2234	2067	1	0	76	110.51890473750093
n2236	2071	1	0	76	110.6780923020843
n2235	2069	1	0	78	110.58941735000094
n2237	2074	1	0	85	110.78706633958429
n2257	2083	1	0	56	111.10116797708432
n2255	2078	1	0	62	110.93129668333431
n2254	2077	1	0	63	110.85864732500096
n2256	2082	1	0	63	111.0114246520843
n2238	2076	1	0	75	110.82339101875097
n2240	2081	1	0	75	110.97189485416764
n2239	2079	1	0	76	110.96441624375097
n2241	2084	1	0	84	111.08621075625098
n2261	2092	1	0	56	111.43984219166765
n2259	2088	1	0	61	111.25074018541764
n2258	2085	1	0	62	111.17168058958431
n2260	2090	1	0	62	111.32445791666765
n2242	2086	1	0	74	111.14817638541764
n2244	2089	1	0	74	111.31377418750098
n2243	2087	1	0	75	111.23364621875096
n2245	2091	1	0	83	111.40565425833432
n2281	2099	1	0	44	111.75608057500101
n2279	2096	1	0	60	111.55843158541767
n2278	2094	1	0	61	111.52317527916766
n2280	deletion
n2264	2097	1	0	73	111.63962792708433
n2262	deletion
n2263	2098	1	0	74	111.656721893751
n2265	2100	1	0	82	111.75073871041768
n2285	2109	1	0	44	112.11932736666768
n2283	2103	1	0	59	111.92061000416768
n2282	2102	1	0	60	111.84261878125102
n2284	2106	1	0	60	112.00928495625102
n2266	2101	1	0	72	111.81056759375102
n2268	2105	1	0	72	111.98471237916769
n2267	2104	1	0	73	111.90885790208435
n2269	2108	1	0	81	112.09154967083434
n2289	2116	1	0	44	112.46334344583434
n2287	2112	1	0	58	112.26783120208434
n2286	2111	1	0	59	112.20159208125101
n2288	2114	1	0	59	112.342617306251
n2270	2110	1	0	71	112.14710506250101
n2272	2113	1	0	71	112.32124984791767
n2271	2115	1	0	72	112.25073723541767
n2273	2117	1	0	80	112.42701876666767
n2293	2125	1	0	44	112.78599206666767
n2291	2121	1	0	57	112.63107799375102
n2290	2119	1	0	58	112.53919792291768
n2292	2123	1	0	58	112.68449663958435
n2274	2118	1	0	70	112.48684765000101
n2276	2122	1	0	70	112.62787287500102
n2275	2120	1	0	71	112.58086446666768
n2277	2124	1	0	79	112.73684691250101
n2313	2132	1	0	44	113.11291417916772
n2311	2129	1	0	56	112.92167542708438
n2310	2127	1	0	57	112.84795769583437
n2312	2131	1	0	57	113.01035037916772
n2294	2126	1	0	69	112.81270138958435
n2296	2130	1	0	69	112.97936756458438
n2295	2128	1	0	70	112.88428237500104
n2297	2133	1	0	78	113.07658950000105
n2317	deletion
n2315	2136	1	0	55	113.29453757500104
n2314	2135	1	0	56	113.18876865625106
n2316	2139	1	0	56	113.37466554375104
n2298	2134	1	0	68	113.13962350208439
n2300	2138	1	0	68	113.27423848958438
n2299	deletion
n2301	2140	1	0	77	113.39923812083437
n2321	2150	1	0	44	113.78064725208435
n2325	2168	1	0	44	114.13855217916766
n2343	deletion
n2322	2148	1	0	54	113.72295511458435
n2319	deletion
n2324	deletion
n2318	2141	1	0	55	113.45158839375104
n2320	2147	1	0	55	113.60757083958437
n2302	2142	1	0	67	113.47295585208437
n2304	2146	1	0	67	113.63000667083436
n2303	2144	1	0	68	113.55628893958436
n2305	2149	1	0	76	113.72188674166769
n2323	deletion
n2306	2151	1	0	66	113.80949332083435
n2308	2153	1	0	66	113.95479203750101
n2307	2152	1	0	68	113.90030501875101
n2309	2154	1	0	75	114.057355837501
insertion	2145	1	0	75	113.5712461604177
n2342	2166	1	0	37	114.09688563541766
n2344	2169	1	0	52	114.21654340208434
n2328	2159	1	0	56	114.52423480208432
n2326	2157	1	0	64	114.21013316458433
n2329	2160	1	0	64	114.64602931458433
n2327	2156	1	0	73	114.207996418751
n2330	2161	1	0	61	114.75820847083432
n2331	2162	1	0	61	114.86184064375098
n2332	2163	1	0	68	114.95158396875098
n2333	2164	1	0	76	115.03705380208432
n2334	2165	1	0	73	115.11077153333432
n2335	2167	1	0	73	115.19944648541764
n2336	2170	1	0	80	115.27850608125098
n2337	2171	1	0	88	115.35863405000099
n2338	2172	1	0	85	115.44944574791765
n2339	2173	1	0	85	115.5434625645843
n2340	2174	1	0	92	115.6139751770843
n2341	2176	1	0	97	115.70478687500098
n2364	2175	1	0	49	115.65777846666764
n2365	2177	1	0	56	115.71653897708431
n2366	2178	1	0	64	115.77850460625098
n2350	2181	1	0	85	115.94196566250098
n2351	2182	1	0	85	116.04559783541764
n2349	2180	1	0	92	115.87252142291764
n2348	2179	1	0	100	115.76888925000098
n2354	2185	1	0	73	116.31055431875099
n2355	2186	1	0	73	116.41098137291765
n2353	2184	1	0	80	116.22294773958431
n2352	2183	1	0	88	116.13854627916764
n2358	2189	1	0	61	116.67059599166765
n2359	2190	1	0	61	116.76461280833432
n2357	2188	1	0	68	116.58833127708432
n2356	2187	1	0	76	116.50179307083431
n2362	2193	1	0	49	117.0466632583343
n2363	2194	1	0	49	117.1364065833343
n2361	2192	1	0	56	116.96546691666764
n2360	2191	1	0	64	116.86717660833432
n2380	2196	1	0	37	117.24431224791763
n2383	2197	1	0	49	118.07016451250097
n2384	2199	1	0	56	118.09260034375096
n2385	2201	1	0	64	118.14174549791763
n2371	2200	1	0	73	118.13747200625096
n2372	2202	1	0	76	118.13747200625096
n2373	2203	1	0	80	118.14067712500096
n2374	2198	1	0	85	118.1364036333343
n2389	2206	1	0	25	119.23896448333431
n2390	2204	1	0	37	119.23682773750097
n2378	2205	1	0	49	119.23362261875097
n2379	2207	1	0	61	119.22721238125096
n2393	2209	1	0	25	119.33511804583432
n2394	2210	1	0	37	119.32763943541765
n2391	2208	1	0	49	119.33511804583432
n2392	2211	1	0	61	119.32550268958431
insertion	35	1	0	84	3.996783081249998
insertion	100	1	0	76	6.964723043749996
insertion	195	1	0	43	11.702956929166655
insertion	296	1	0	69	16.944394458333303
insertion	336	1	0	67	18.674090210416626
insertion	384	1	0	61	21.802286110416627
insertion	438	1	0	68	24.96360157083328
insertion	529	1	0	49	30.096065062499935
insertion	655	1	0	57	37.01698481666667
insertion	677	1	0	80	38.1580070916667
insertion	679	1	0	71	38.22104109375003
insertion	689	1	0	64	38.80223596041668
insertion	697	1	0	64	39.15266227708336
insertion	792	1	0	74	44.33427092291681
insertion	808	1	0	57	45.10563616875015
insertion	1033	1	0	85	56.91008852500037
insertion	1122	1	0	65	61.16007598750047
insertion	1171	1	0	67	63.26797575208381
insertion	1176	1	0	79	63.46669311458382
insertion	1224	1	0	63	65.46775558750053
insertion	1221	1	0	58	65.38335412708386
insertion	1228	1	0	58	65.59489196458385
insertion	1245	1	0	92	67.05322099583385
insertion	1262	1	0	74	67.76582573125052
insertion	1554	1	0	43	83.87582094166737
insertion	1655	1	0	69	89.12901057291741
insertion	1683	1	0	47	90.29567379791737
insertion	1699	1	0	40	91.14182514791739
insertion	1896	1	0	85	102.19307459791752
insertion	1904	1	0	32	102.62042376458419
insertion	1930	1	0	80	104.34370927916754
insertion	1939	1	0	37	104.7710584458342
insertion	1938	1	0	80	104.6716997645842
insertion	1956	1	0	42	105.5477655562509
insertion	1970	1	0	42	106.23259259583422
insertion	1982	1	0	87	106.68130922083425
insertion	1992	1	0	80	107.08194906458425
insertion	2001	1	0	54	107.53600755416757
insertion	2003	1	0	42	107.53921267291757
insertion	2014	1	0	78	108.1471168625009
insertion	2018	1	0	42	108.2240397125009
insertion	2056	1	0	80	109.94518848125094
insertion	2075	1	0	78	110.79027145833429
insertion	2080	1	0	82	110.95159576875098
insertion	2093	1	0	74	111.49539758333432
insertion	2095	1	0	75	111.576593925001
insertion	2107	1	0	83	112.09689153541767
insertion	2137	1	0	75	113.24432404791771
insertion	2143	1	0	46	113.53064798958435
insertion	2155	1	0	42	114.070176312501
insertion	2158	1	0	61	114.46226917291767
insertion	2195	1	0	25	117.2389703833343
