xml_id	midi_id	track	channel	pitch	onset
n19	5	0	0	39	1.8923592187500002
n14	6	0	0	43	1.8883528125000002
n1	0	0	0	55	1.5090796875000003
n3	2	0	0	56	1.6893679687500003
n2	1	0	0	58	1.5945496875000003
n7	4	0	0	58	1.8896882812500002
n4	3	0	0	60	1.7801798437500003
n21	7	0	0	51	2.3744634375
n16	8	0	0	55	2.3691215625
n12	11	0	0	62	3.0248367187499996
n11	10	0	0	63	2.9166637499999997
n13	12	0	0	65	3.114313125
n10	9	0	0	67	2.83119375
n35	14	0	0	39	3.2411826562499995
n30	15	0	0	43	3.2438535937499995
n24	13	0	0	63	3.2331698437499994
n37	17	0	0	51	3.73797703125
n32	16	0	0	55	3.7393124999999996
n27	18	0	0	63	3.997057968749999
n28	20	0	0	67	4.2441196875000005
n29	19	0	0	70	4.457794687500004
n49	24	0	0	60	4.792997343750006
n45	22	0	0	63	4.810358437500006
n40	21	0	0	70	4.767623437500006
n50	27	0	0	58	5.502131250000006
n46	26	0	0	62	5.5101440625000055
n42	25	0	0	67	5.490112031250006
n41	23	0	0	68	5.267088750000006
n52	33	0	0	55	5.944171406250008
n51	30	0	0	56	5.713135312500006
n48	32	0	0	58	5.948177812500008
n47	29	0	0	60	5.707793437500007
n44	31	0	0	63	5.925474843750008
n43	28	0	0	65	5.710464375000006
n64	34	0	0	53	6.252664687500011
n61	35	0	0	56	6.2553356250000105
n53	36	0	0	62	6.216607031250011
n54	37	0	0	65	6.665324531250013
n55	38	0	0	68	6.776168437500013
n57	39	0	0	58	7.342407187500015
n59	41	0	0	60	7.549404843750016
n58	40	0	0	62	7.443902812500015
n60	42	0	0	63	7.618849218750016
n79	45	0	0	34	7.740376875000018
n74	43	0	0	38	7.735035000000018
n67	44	0	0	62	7.744383281250018
n81	47	0	0	46	8.23316484375002
n76	46	0	0	50	8.22915843750002
n70	48	0	0	62	8.711262656250025
n72	50	0	0	63	8.911582968750027
n71	49	0	0	65	8.790055312500026
n73	51	0	0	67	8.998388437500028
n95	52	0	0	34	9.125257968750029
n90	54	0	0	38	9.125257968750029
n84	53	0	0	65	9.118580625000028
n97	55	0	0	46	9.631400625000035
n92	56	0	0	50	9.631400625000035
n87	57	0	0	65	9.889146093750036
n88	59	0	0	68	10.13620781250004
n89	58	0	0	72	10.349882812500045
n109	62	0	0	62	10.745181562500047
n105	63	0	0	65	10.726485000000046
n100	60	0	0	72	10.690427343750047
n110	66	0	0	60	11.418257812500054
n106	65	0	0	63	11.410245000000053
n102	64	0	0	68	11.400896718750053
n101	61	0	0	70	11.19924093750005
n112	71	0	0	56	11.829582187500051
n111	67	0	0	58	11.633268281250054
n108	72	0	0	60	11.824240312500052
n107	69	0	0	62	11.629261875000054
n104	70	0	0	65	11.805543750000053
n103	68	0	0	67	11.615907187500055
n128	77	0	0	55	12.135404531250053
n125	78	0	0	58	12.135404531250053
n116	76	0	0	62	12.039250781250052
n117	73	0	0	63	11.861633437500052
n113	75	0	0	63	11.984496562500052
n115	79	0	0	63	12.138075468750053
n114	74	0	0	65	11.920394062500051
n118	80	0	0	67	12.574773750000057
n119	81	0	0	70	12.700307812500057
n122	83	0	0	74	13.34533921875007
n121	82	0	0	75	13.25052093750007
n124	85	0	0	75	13.551001406250071
n123	84	0	0	77	13.44416390625007
n143	100	0	0	43	13.656503437500072
n144	99	0	0	46	13.645819687500072
n145	96	0	0	51	13.647155156250072
n132	87	0	0	77	13.743308906250073
n131	86	0	0	79	13.643148750000073
n134	89	0	0	79	13.944964687500077
n133	88	0	0	80	13.844804531250075
n138	93	0	0	77	14.344269843750082
n137	92	0	0	79	14.24945156250008
n136	91	0	0	80	14.157304218750081
n135	90	0	0	82	14.05313765625008
n142	98	0	0	71	14.740904062500087
n141	97	0	0	72	14.648756718750086
n140	95	0	0	74	14.548596562500084
n139	94	0	0	75	14.448436406250083
n154	108	0	0	44	14.96125640625009
n155	107	0	0	51	14.95057265625009
n146	101	0	0	71	14.92786968750009
n150	105	0	0	71	15.725144531250093
n147	102	0	0	72	15.403296562500092
n151	104	0	0	72	15.659706562500093
n149	106	0	0	72	15.786576093750092
n148	103	0	0	74	15.606287812500092
n152	109	0	0	74	15.868039687500094
n153	110	0	0	75	16.072366406250097
n159	112	0	0	65	16.558477031250096
n158	111	0	0	75	16.326105468750097
n161	114	0	0	60	17.0178782812501
n160	113	0	0	72	16.784171250000096
n166	117	0	0	46	17.2823010937501
n167	116	0	0	53	17.2956557812501
n163	118	0	0	62	17.513337187500102
n162	115	0	0	68	17.2742882812501
n174	120	0	0	51	17.994105937500102
n168	119	0	0	63	17.7764245312501
n176	122	0	0	43	18.452171718750105
n175	121	0	0	46	18.226477500000104
n177	123	0	0	39	18.7459748437501
n172	124	0	0	58	18.9863592187501
n183	125	0	0	51	19.5432496875001
n179	129	0	0	63	19.292181562500097
n185	127	0	0	51	20.026689375000103
n184	126	0	0	55	19.782298593750102
n187	131	0	0	46	20.507458125000102
n186	128	0	0	56	20.257725468750102
n181	130	0	0	62	20.5141354687501
n194	132	0	0	46	21.010929843750112
n188	138	0	0	68	20.769210000000108
n196	134	0	0	46	21.48635671875012
n195	133	0	0	50	21.251314218750114
n198	136	0	0	39	21.96712546875012
n197	135	0	0	51	21.741431250000122
n190	137	0	0	67	21.95644171875012
n205	139	0	0	51	22.465255312500126
n202	141	0	0	67	22.242232031250126
n199	145	0	0	75	22.219529062500126
n207	142	0	0	51	22.921985625000133
n206	140	0	0	55	22.709646093750127
n209	144	0	0	46	23.38939968750013
n208	147	0	0	56	23.16637640625013
n203	143	0	0	65	23.16771187500013
n201	146	0	0	74	23.39340609375013
n217	148	0	0	58	23.947625625000136
n213	152	0	0	77	23.732615156250134
n210	154	0	0	80	23.696557500000132
n219	150	0	0	58	24.412368750000137
n218	149	0	0	62	24.189345468750137
n221	153	0	0	51	24.885124687500145
n220	151	0	0	63	24.66477234375014
n212	155	0	0	79	24.889131093750144
n228	156	0	0	63	25.39660921875015
n222	159	0	0	84	25.168244062500143
n230	158	0	0	63	25.876042500000153
n229	157	0	0	67	25.657025625000152
n231	161	0	0	62	26.109749531250156
n232	160	0	0	65	26.35013390625016
n224	162	0	0	83	26.32609546875016
n242	164	0	0	55	26.877644062500167
n233	163	0	0	77	26.669310937500164
n234	169	0	0	86	26.622569531250164
n244	167	0	0	55	27.343722656250172
n243	165	0	0	59	27.123370312500168
n246	170	0	0	48	27.819149531250172
n245	168	0	0	60	27.585442500000173
n237	171	0	0	75	27.816478593750173
n238	172	0	0	84	27.799117500000175
n258	174	0	0	47	28.278550781250175
n259	173	0	0	59	28.277215312500175
n247	178	0	0	79	28.082236875000177
n248	175	0	0	87	28.059533906250177
n260	177	0	0	48	28.509586875000178
n262	180	0	0	50	28.73127468750018
n261	176	0	0	60	28.508251406250178
n263	179	0	0	62	28.73127468750018
n249	182	0	0	77	28.75130671875018
n250	181	0	0	86	28.72993921875018
n264	184	0	0	51	28.966317187500177
n266	187	0	0	52	29.173314843750173
n265	183	0	0	63	28.962310781250178
n267	188	0	0	64	29.177321250000173
n253	190	0	0	74	29.204030625000172
n251	185	0	0	75	28.991691093750177
n254	189	0	0	82	29.174650312500173
n252	186	0	0	84	28.964981718750177
n278	192	0	0	53	29.46444703125017
n279	191	0	0	65	29.46044062500017
n268	193	0	0	74	29.47245984375017
n269	194	0	0	82	29.45910515625017
n280	197	0	0	70	30.18560015625017
n270	196	0	0	72	29.953228593750172
n277	204	0	0	72	30.201625781250172
n272	198	0	0	79	30.176251875000172
n271	195	0	0	81	29.939873906250174
n282	201	0	0	67	30.63698859375017
n281	199	0	0	69	30.409958906250175
n274	202	0	0	76	30.64099500000017
n273	200	0	0	77	30.407287968750175
n290	203	0	0	67	30.970855781250172
n283	205	0	0	76	30.95349468750017
n291	206	0	0	69	31.434263437500174
n292	208	0	0	70	31.688002500000174
n289	217	0	0	72	31.701357187500175
n284	207	0	0	77	31.439605312500174
n285	209	0	0	79	31.674647812500172
n294	212	0	0	67	32.14339734375017
n293	210	0	0	69	31.925715937500176
n287	213	0	0	76	32.138055468750174
n286	211	0	0	77	31.90835484375018
n304	214	0	0	67	32.493290156250154
n295	215	0	0	76	32.45990343750015
n305	218	0	0	69	33.004774687500124
n306	219	0	0	70	33.29457140625012
n301	221	0	0	73	33.29724234375012
n296	216	0	0	77	32.995426406250125
n297	220	0	0	79	33.270532968750125
n308	225	0	0	67	33.843449062500106
n307	222	0	0	69	33.567007031250114
n303	226	0	0	70	33.83543625000011
n302	223	0	0	72	33.58570359375011
n299	227	0	0	76	33.81807515625011
n298	224	0	0	77	33.54563953125012
n311	229	0	0	67	34.31353406250006
n310	228	0	0	70	34.30819218750006
n309	231	0	0	76	34.27079906250007
n312	230	0	0	66	35.84531671874996
n320	233	0	0	65	36.99114890624986
n318	234	0	0	69	36.977794218749864
n313	235	0	0	75	36.968445937499865
n314	236	0	0	62	39.85305843749966
n316	238	0	0	63	40.057385156249666
n315	237	0	0	65	39.94520578124966
n322	240	0	0	65	40.24835718749967
n317	239	0	0	67	40.144190624999666
n336	241	0	0	46	40.272395624999675
n331	242	0	0	50	40.272395624999675
n338	243	0	0	58	40.74515156249966
n333	244	0	0	62	40.74648703124966
n326	246	0	0	77	41.14579218749964
n325	245	0	0	79	41.05364484374964
n330	250	0	0	70	41.541090937499604
n329	249	0	0	72	41.4382598437496
n328	248	0	0	74	41.33943515624961
n327	247	0	0	75	41.24595234374962
n353	252	0	0	41	41.65460578124961
n348	251	0	0	45	41.65460578124961
n341	253	0	0	69	41.662618593749606
n355	255	0	0	53	42.171432187499576
n350	254	0	0	57	42.170096718749576
n344	256	0	0	72	42.653536406249515
n346	258	0	0	74	42.86053406249948
n345	257	0	0	75	42.7577029687495
n347	259	0	0	77	42.940662187499484
n372	260	0	0	41	43.078215468749484
n367	262	0	0	45	43.08222187499948
n358	261	0	0	75	43.066196249999486
n374	263	0	0	53	43.562990624999486
n369	264	0	0	57	43.568332499999485
n362	266	0	0	82	43.911547968749446
n361	265	0	0	84	43.80604593749946
n366	270	0	0	75	44.304175781249384
n365	269	0	0	77	44.2160348437494
n364	268	0	0	79	44.114539218749414
n363	267	0	0	81	44.01037265624943
n387	273	0	0	58	44.41635515624938
n389	274	0	0	62	44.63670749999938
n388	272	0	0	65	44.53387640624938
n390	275	0	0	65	44.74220953124938
n377	271	0	0	74	44.44039359374938
n391	280	0	0	58	44.853053437499376
n393	279	0	0	62	45.05604468749938
n392	277	0	0	65	44.95588453124938
n394	282	0	0	65	45.14819203124937
n379	276	0	0	70	44.859730781249375
n380	278	0	0	72	44.95454906249938
n381	281	0	0	74	45.05604468749938
n382	283	0	0	75	45.15219843749937
n395	287	0	0	58	45.25369406249937
n397	288	0	0	62	45.43665328124937
n396	285	0	0	65	45.33115124999937
n398	291	0	0	65	45.54215531249937
n383	284	0	0	77	45.25369406249937
n384	286	0	0	79	45.34049953124937
n385	289	0	0	81	45.44065968749937
n386	290	0	0	82	45.54081984374937
n406	292	0	0	60	45.67970859374936
n408	294	0	0	63	45.878693437499344
n407	293	0	0	65	45.80123624999935
n409	295	0	0	65	46.008233906249345
n401	296	0	0	82	45.66501843749936
n412	302	0	0	58	46.28467593749933
n410	298	0	0	60	46.09236843749934
n411	299	0	0	65	46.21790249999933
n413	301	0	0	65	46.41955828124933
n403	300	0	0	79	46.31539171874933
n402	297	0	0	81	46.107058593749336
n414	304	0	0	57	46.530402187499334
n416	308	0	0	60	46.73739984374933
n415	305	0	0	65	46.64525249999933
n417	307	0	0	65	46.85892749999933
n405	306	0	0	75	46.73339343749933
n404	303	0	0	77	46.531737656249334
n428	311	0	0	58	46.96042312499933
n430	313	0	0	62	47.20481390624932
n429	309	0	0	65	47.08061531249933
n431	314	0	0	65	47.27292281249932
n418	310	0	0	73	46.94573296874933
n419	312	0	0	74	47.19680109374932
n432	319	0	0	58	47.3957859374993
n434	318	0	0	62	47.61880921874926
n433	316	0	0	65	47.51197171874928
n435	321	0	0	65	47.71229203124925
n420	315	0	0	70	47.411811562499295
n421	317	0	0	72	47.51330718749928
n422	320	0	0	74	47.61613828124926
n423	322	0	0	75	47.71763390624925
n436	326	0	0	58	47.80443937499924
n438	327	0	0	62	48.00609515624922
n437	324	0	0	65	47.89792218749923
n439	330	0	0	65	48.11827453124921
n424	323	0	0	77	47.81912953124924
n425	325	0	0	79	47.90994140624923
n426	328	0	0	81	48.01677890624922
n427	329	0	0	82	48.096907031249216
n445	331	0	0	60	48.2491504687492
n447	333	0	0	63	48.448135312499176
n446	332	0	0	65	48.36533624999919
n448	334	0	0	65	48.57901124999917
n440	335	0	0	82	48.2317893749992
n451	340	0	0	58	48.874149843749144
n449	337	0	0	60	48.67650046874917
n450	338	0	0	65	48.78333796874915
n452	341	0	0	65	48.98900015624913
n442	339	0	0	79	48.89418187499914
n441	336	0	0	81	48.68317781249917
n453	344	0	0	57	49.101179531249116
n455	347	0	0	60	49.309512656249105
n454	343	0	0	65	49.21335890624911
n456	346	0	0	65	49.4190210937491
n444	345	0	0	75	49.316189999999104
n443	342	0	0	77	49.098508593749116
n467	350	0	0	58	49.5645871874991
n469	352	0	0	62	49.8023006249991
n468	348	0	0	65	49.6700892187491
n470	353	0	0	65	49.897118906249105
n457	349	0	0	73	49.5445551562491
n458	351	0	0	74	49.7942878124991
n471	357	0	0	58	50.0052918749991
n473	358	0	0	62	50.2082831249991
n472	355	0	0	65	50.0920973437491
n474	361	0	0	65	50.33381718749909
n459	354	0	0	70	49.9972790624991
n460	356	0	0	72	50.0894264062491
n461	359	0	0	74	50.1962639062491
n462	360	0	0	75	50.29775953124909
n475	367	0	0	58	50.39658421874909
n477	365	0	0	62	50.594233593749095
n476	363	0	0	65	50.507428124999095
n478	369	0	0	65	50.72644499999909
n463	362	0	0	77	50.39658421874909
n464	364	0	0	79	50.4927379687491
n465	366	0	0	80	50.5862207812491
n466	368	0	0	82	50.67703265624909
n483	371	0	0	56	50.83728890624909
n485	372	0	0	62	51.08835703124906
n484	370	0	0	65	50.96015203124908
n486	374	0	0	65	51.22323937499904
n488	377	0	0	65	51.37815374999903
n479	373	0	0	84	50.81325046874909
n487	376	0	0	56	51.26463890624903
n489	379	0	0	62	51.455610937499024
n490	382	0	0	65	51.59449968749902
n480	380	0	0	84	51.487662187499026
insertion	375	0	0	84	51.36479906249903
n491	385	0	0	56	51.712020937499
n493	386	0	0	62	51.97777921874898
n492	384	0	0	65	51.83621953124899
n494	387	0	0	65	52.11933890624898
n482	389	0	0	86	52.09930687499898
n481	388	0	0	89	51.689317968749
n499	392	0	0	55	52.37708437499897
n501	391	0	0	62	52.66821656249894
n500	390	0	0	65	52.54935984374896
n502	394	0	0	65	52.78039593749892
n495	393	0	0	84	52.361058749998975
n503	396	0	0	55	52.89123984374892
n505	400	0	0	62	53.08221187499891
n504	398	0	0	65	52.99006453124892
n506	406	0	0	65	53.34663468749887
n496	395	0	0	83	52.89257531249892
n507	404	0	0	55	53.26517109374888
n509	408	0	0	62	53.478846093748864
n508	411	0	0	65	53.58034171874885
n510	deletion
n497	410	0	0	81	53.57366437499885
n498	417	0	0	83	53.86479656249881
insertion	412	0	0	83	53.64444421874884
n519	418	0	0	55	53.71121765624883
n521	420	0	0	60	53.99967890624881
n520	416	0	0	63	53.835416249998815
n522	421	0	0	63	54.06244593749881
n511	415	0	0	84	53.81538421874882
n512	422	0	0	86	54.02371734374881
n515	428	0	0	86	54.527189062498756
insertion	414	0	0	86	53.74460437499882
n523	425	0	0	55	54.17996718749879
n525	426	0	0	60	54.40165499999876
n524	424	0	0	63	54.270779062498775
n526	427	0	0	63	54.51116343749876
n513	423	0	0	87	54.139903124998796
n527	431	0	0	54	54.63135562499874
n529	430	0	0	60	54.842359687498714
n528	429	0	0	63	54.74620593749873
n530	433	0	0	63	54.983919374998706
n518	434	0	0	82	54.982583906248706
n516	432	0	0	84	54.62334281249874
n536	437	0	0	53	55.10678249999869
n538	436	0	0	60	55.32312843749867
n537	435	0	0	63	55.205607187498686
n539	439	0	0	63	55.44332062499867
n531	438	0	0	82	55.12814999999868
n540	444	0	0	53	55.56484828124865
n542	445	0	0	60	55.730446406248625
n541	442	0	0	63	55.67435671874863
n543	448	0	0	63	55.81591640624861
n533	446	0	0	79	55.74513656249862
n532	440	0	0	81	55.532797031248656
n534	447	0	0	81	55.851974062498606
n544	449	0	0	55	55.97617265624861
n546	451	0	0	58	56.18317031249858
n545	450	0	0	62	56.093693906248596
n547	452	0	0	62	56.31137531249857
n535	453	0	0	82	55.97750812499861
n558	458	0	0	51	56.45026406249855
n550	456	0	0	78	56.69999671874852
n549	455	0	0	79	56.58781734374854
n551	457	0	0	79	56.80549874999852
n548	454	0	0	81	56.45427046874855
n552	459	0	0	78	56.9216845312485
n554	461	0	0	78	57.11666296874848
n553	460	0	0	79	57.008489999998496
n555	462	0	0	79	57.21415218749847
n557	464	0	0	79	57.61612828124843
n556	463	0	0	82	57.34636359374845
n573	473	0	0	63	57.85384171874842
n574	474	0	0	67	57.83915156249842
n563	467	0	0	74	58.05416203124841
n562	466	0	0	75	57.95266640624842
n564	468	0	0	75	58.15432218749841
n561	465	0	0	77	57.83915156249842
n565	469	0	0	74	58.265166093748405
n567	471	0	0	74	58.46147999999838
n566	470	0	0	75	58.3613198437484
n568	472	0	0	75	58.57633031249838
n570	476	0	0	75	58.99566749999833
n569	475	0	0	79	58.732580156248375
n579	479	0	0	71	59.408327343748276
n578	478	0	0	72	59.31350906249829
n580	480	0	0	72	59.52317765624827
n577	477	0	0	74	59.2133489062483
n583	483	0	0	71	59.82098718749825
n582	482	0	0	72	59.730175312498254
n584	484	0	0	72	59.925153749998245
n581	481	0	0	74	59.63001515624826
n587	487	0	0	71	60.22162781249825
n586	486	0	0	72	60.11879671874825
n588	488	0	0	72	60.31377515624825
n585	485	0	0	74	60.02397843749825
n593	489	0	0	78	60.471360468748244
n596	492	0	0	76	60.831937031248216
n597	491	0	0	78	60.769169999998226
n595	493	0	0	78	60.913400624998204
n594	490	0	0	79	60.70106109374824
n598	494	0	0	81	61.32338953124816
n601	497	0	0	72	61.86692531249808
n600	496	0	0	75	61.71468187499811
n599	495	0	0	79	61.55442562499813
n614	506	0	0	53	62.09529046874808
n615	503	0	0	62	62.08994859374808
n605	498	0	0	70	62.04721359374808
n608	501	0	0	69	62.76569578124808
n609	500	0	0	70	62.67755484374808
n607	502	0	0	70	62.867191406248075
n606	499	0	0	72	62.56537546874808
n616	deletion
n617	508	0	0	63	63.03946687499807
n613	509	0	0	69	63.05549249999807
n611	507	0	0	72	63.32125078124807
n610	505	0	0	74	63.04213781249807
n624	511	0	0	58	63.599028281248046
n626	513	0	0	62	63.81804515624801
n625	510	0	0	65	63.68850468749803
n627	514	0	0	65	63.918205312497996
n618	512	0	0	70	63.58033171874805
n621	518	0	0	41	64.24005328124798
n628	516	0	0	58	64.02103640624799
n630	519	0	0	62	64.25207249999798
n629	515	0	0	65	64.13188031249798
n631	520	0	0	65	64.34689078124796
n622	521	0	0	46	64.45907015624796
n623	524	0	0	50	64.68877078124795
n632	525	0	0	58	64.46040562499796
n634	523	0	0	62	64.69544812499795
n633	522	0	0	65	64.57124953124796
n635	526	0	0	65	64.80362109374795
n636	533	0	0	51	64.92915515624793
n641	528	0	0	57	64.95185812499793
n643	529	0	0	60	65.16419765624792
n642	527	0	0	65	65.06804390624792
n644	530	0	0	65	65.27771249999792
n638	537	0	0	45	65.71040437499789
n637	535	0	0	48	65.61825703124791
n645	532	0	0	57	65.38989187499791
n647	534	0	0	60	65.6209279687479
n646	531	0	0	65	65.49539390624791
n648	536	0	0	65	65.71307531249789
n640	541	0	0	39	66.02290406249789
n639	538	0	0	41	65.80121624999789
n649	539	0	0	57	65.7998807812479
n651	542	0	0	60	66.02691046874789
n650	540	0	0	65	65.92140843749789
n652	543	0	0	65	66.13241249999788
n653	544	0	0	38	66.26195296874788
n659	545	0	0	58	66.26195296874788
n661	547	0	0	62	66.51435656249785
n660	546	0	0	65	66.37546781249786
n662	548	0	0	65	66.62386499999785
n663	550	0	0	58	66.72803156249783
n665	552	0	0	62	66.95639671874783
n664	549	0	0	65	66.82284984374783
n666	553	0	0	65	67.03385390624783
n656	551	0	0	77	66.95372578124783
n667	558	0	0	58	67.14336234374782
n669	557	0	0	62	67.37039203124783
n668	555	0	0	65	67.27023187499783
n670	559	0	0	65	67.47322312499783
n657	554	0	0	82	67.15938796874782
n658	556	0	0	86	67.37306296874783
n679	563	0	0	57	67.61344734374782
n681	564	0	0	60	67.82712234374782
n680	562	0	0	65	67.72028484374782
n682	565	0	0	65	67.9366307812478
n671	568	0	0	77	67.54266749999783
n672	560	0	0	81	67.55735765624783
n673	561	0	0	84	67.60142812499782
n674	570	0	0	87	67.64282765624782
n683	567	0	0	57	68.05014562499778
n685	569	0	0	60	68.28785906249774
n684	566	0	0	65	68.16098953124776
n686	572	0	0	65	68.39336109374773
n676	573	0	0	81	68.37332906249773
n675	571	0	0	84	68.28118171874775
n687	575	0	0	57	68.46814734374772
n689	578	0	0	60	68.70719624999772
n688	576	0	0	65	68.58032671874773
n690	579	0	0	65	68.8153692187477
n678	577	0	0	75	68.71654453124772
n677	574	0	0	77	68.47081828124772
n697	582	0	0	58	68.98630921874769
n699	583	0	0	62	69.19330687499766
n698	581	0	0	65	69.08646937499768
n700	584	0	0	65	69.31750546874764
n691	580	0	0	74	68.9702835937477
n694	587	0	0	41	69.61531499999761
n701	586	0	0	58	69.42033656249764
n703	588	0	0	62	69.6473662499976
n702	585	0	0	65	69.52717406249762
n704	589	0	0	65	69.7542037499976
n695	590	0	0	46	69.8383382812476
n696	592	0	0	50	70.0653679687476
n705	594	0	0	58	69.8436801562476
n707	593	0	0	62	70.0720453124976
n706	591	0	0	65	69.9518531249976
n708	595	0	0	65	70.16552812499758
n712	602	0	0	48	70.72909593749755
n709	596	0	0	51	70.31376515624758
n711	601	0	0	51	70.67300624999756
n719	598	0	0	57	70.32444890624758
n721	599	0	0	60	70.55682046874756
n720	597	0	0	65	70.42327359374757
n722	600	0	0	65	70.67434171874756
n713	603	0	0	45	70.80655312499754
n716	609	0	0	45	71.12439468749751
n715	607	0	0	48	71.05361484374752
n723	604	0	0	57	70.76515359374754
n725	606	0	0	60	70.97482218749752
n724	605	0	0	65	70.87199109374752
n726	608	0	0	65	71.08032421874752
n718	613	0	0	39	71.40751406249748
n717	610	0	0	41	71.1804843749975
n727	611	0	0	57	71.1884971874975
n729	614	0	0	60	71.40617859374748
n728	612	0	0	65	71.29934109374749
n730	615	0	0	65	71.51435156249748
n731	616	0	0	38	71.65991765624747
n743	617	0	0	58	71.67060140624747
n745	619	0	0	62	71.90697937499743
n744	618	0	0	65	71.78278078124745
n746	620	0	0	65	72.01114593749743
n747	621	0	0	58	72.11664796874742
n749	624	0	0	62	72.32765203124742
n748	622	0	0	65	72.22482093749743
n750	626	0	0	65	72.43315406249742
n734	623	0	0	77	72.23016281249743
n735	625	0	0	82	72.31830374999743
n736	627	0	0	86	72.41178656249743
n751	628	0	0	58	72.51862406249742
n753	631	0	0	62	72.72295078124742
n752	630	0	0	65	72.63614531249742
n754	633	0	0	65	72.82711734374742
n737	629	0	0	89	72.51995953124742
n738	632	0	0	89	72.73764093749742
n769	635	0	0	57	72.9473095312474
n758	638	0	0	86	73.27717031249738
n755	634	0	0	87	72.9700124999974
n757	637	0	0	87	73.17300374999738
n756	636	0	0	89	73.06616624999738
n762	642	0	0	79	73.68448828124737
n761	641	0	0	81	73.58833453124737
n760	640	0	0	82	73.48817437499737
n759	639	0	0	84	73.38267234374737
n766	646	0	0	72	74.07845156249732
n765	645	0	0	74	73.98630421874734
n764	644	0	0	75	73.87679578124735
n763	643	0	0	77	73.78865484374737
n782	648	0	0	58	74.19597281249732
n778	647	0	0	70	74.18395359374732
n779	650	0	0	82	74.4243379687473
n773	649	0	0	86	74.4203315624973
n784	651	0	0	65	74.65403859374727
n780	652	0	0	81	74.88106828124727
n775	653	0	0	84	74.87038453124727
n786	654	0	0	67	75.09874968749726
n781	655	0	0	79	75.32043749999724
n777	656	0	0	82	75.31910203124724
n800	657	0	0	62	75.55681546874722
n795	658	0	0	77	75.79319343749721
n789	659	0	0	80	75.78785156249721
n802	660	0	0	63	76.0175521874972
n797	662	0	0	75	76.27396218749719
n791	661	0	0	79	76.2566010937472
n804	664	0	0	67	76.52369484374718
n805	663	0	0	71	76.51434656249718
n799	666	0	0	74	76.79746593749717
n793	665	0	0	77	76.78277578124717
n815	667	0	0	68	77.09794640624716
n812	669	0	0	72	77.38907859374716
n808	668	0	0	75	77.38907859374716
n826	670	0	0	72	79.63934343749708
n821	671	0	0	75	79.61797593749708
n827	673	0	0	72	79.87171499999705
n828	674	0	0	72	80.13079593749706
n822	672	0	0	75	79.86904406249705
n823	675	0	0	75	80.12411859374706
n831	679	0	0	72	80.43795374999705
n830	680	0	0	75	80.41925718749705
n834	676	0	0	68	81.27929906249696
n835	677	0	0	68	81.54772828124692
n836	678	0	0	68	81.80013187499691
n845	690	0	0	68	82.0899285937469
n842	681	0	0	72	82.87518421874691
n838	682	0	0	75	82.87117781249691
n843	683	0	0	72	83.14227796874691
n844	685	0	0	72	83.39067515624691
n839	684	0	0	75	83.13159421874691
n840	686	0	0	75	83.38399781249692
n847	692	0	0	72	83.74991624999691
n846	698	0	0	75	83.73255515624692
n850	687	0	0	56	84.63533203124682
n851	688	0	0	56	84.92245781249682
n852	689	0	0	56	85.16818406249682
n859	691	0	0	56	85.48335468749681
n860	693	0	0	55	86.06428359374681
n861	696	0	0	54	86.76540468749671
n854	695	0	0	70	86.78143031249671
n855	694	0	0	73	86.77208203124671
n856	697	0	0	76	86.72534062499672
n874	703	0	0	53	87.2154576562467
n875	709	0	0	58	87.2782246874967
n876	704	0	0	62	87.3263015624967
n862	699	0	0	65	87.35701734374669
n863	700	0	0	70	87.39841687499668
n864	702	0	0	74	87.43580999999668
n865	701	0	0	77	87.49857703124667
n867	706	0	0	77	88.55760374999662
n866	705	0	0	79	88.43741156249664
n871	711	0	0	70	88.97827640624655
n870	710	0	0	72	88.86476156249657
n869	708	0	0	74	88.76727234374658
n868	707	0	0	75	88.6604348437466
n888	718	0	0	53	89.17859671874652
n889	721	0	0	60	89.16123562499652
n890	720	0	0	63	89.15856468749652
n879	712	0	0	69	89.13319078124653
n882	715	0	0	71	89.94248484374646
n883	714	0	0	72	89.88238874999647
n881	716	0	0	72	90.01727109374646
n880	713	0	0	74	89.80359609374648
n885	719	0	0	69	90.34178999999642
n884	717	0	0	75	90.09739921874646
n907	746	0	0	58	90.65696062499639
n902	723	0	0	62	90.94942828124638
n894	722	0	0	65	90.94141546874638
n893	727	0	0	70	90.63826406249639
n903	725	0	0	63	91.19114812499639
n904	726	0	0	64	91.42218421874638
n895	724	0	0	66	91.18847718749639
n896	728	0	0	67	91.42084874999638
n905	729	0	0	65	91.67191687499637
n906	731	0	0	66	91.90562390624633
n897	730	0	0	68	91.67725874999637
n898	732	0	0	69	91.90829484374633
n917	735	0	0	65	92.36903156249626
n916	733	0	0	67	92.1460082812463
n908	734	0	0	70	92.1353245312463
n909	736	0	0	71	92.36636062499626
n919	739	0	0	62	92.86983234374621
n918	737	0	0	63	92.61475781249625
n910	738	0	0	72	92.62143515624625
n911	740	0	0	74	92.87116781249621
n920	741	0	0	60	93.09552656249619
n921	743	0	0	63	93.34392374999618
n913	744	0	0	69	93.34525921874618
n912	742	0	0	75	93.10888124999619
n939	deletion
n935	747	0	0	62	93.61101749999614
n923	745	0	0	70	93.59232093749614
n930	749	0	0	74	93.8340407812461
n924	748	0	0	77	93.8286989062461
n932	753	0	0	74	94.29477749999609
n931	750	0	0	75	94.08510890624609
n926	752	0	0	77	94.27741640624609
n925	751	0	0	79	94.0570640624961
n934	758	0	0	70	94.76619796874607
n933	754	0	0	72	94.54183921874608
n928	756	0	0	74	94.76619796874607
n927	755	0	0	75	94.52714906249608
n949	761	0	0	40	95.22159281249606
n947	759	0	0	41	94.99723406249606
n950	760	0	0	52	95.22025734374606
n948	757	0	0	53	94.99322765624606
n945	762	0	0	69	95.00124046874606
n940	763	0	0	72	94.99456312499606
n953	767	0	0	38	95.67298124999604
n951	765	0	0	39	95.44862249999605
n954	766	0	0	50	95.67031031249604
n952	764	0	0	51	95.44328062499605
n955	769	0	0	36	95.91336562499603
n957	774	0	0	41	96.14440171874602
n956	768	0	0	48	95.91203015624603
n958	773	0	0	53	96.14573718749602
n942	770	0	0	72	95.92538484374603
n943	771	0	0	75	95.92939124999603
n944	772	0	0	81	95.90935921874603
n968	776	0	0	34	96.45022406249602
n969	775	0	0	46	96.44755312499602
n959	777	0	0	74	96.46357874999602
n960	778	0	0	77	96.46224328124602
n961	779	0	0	82	96.45690140624602
n967	781	0	0	62	97.8831820312459
n964	780	0	0	65	97.8778401562459
n978	785	0	0	62	98.38264734374589
n977	782	0	0	63	98.17431421874589
n972	784	0	0	65	98.35193156249589
n971	783	0	0	67	98.12890828124588
n980	789	0	0	58	98.83270031249587
n979	787	0	0	60	98.62436718749588
n974	788	0	0	62	98.83002937499587
n973	786	0	0	63	98.60433515624588
n986	791	0	0	53	99.30011437499584
n981	792	0	0	57	99.06373640624587
n975	790	0	0	60	99.04904624999587
n982	794	0	0	60	99.30679171874584
n976	793	0	0	63	99.28408874999585
n994	798	0	0	53	99.76619296874584
n993	797	0	0	55	99.53782781249583
n990	795	0	0	58	99.55652437499583
n987	796	0	0	62	99.54717609374583
n996	800	0	0	50	100.23627796874582
n995	799	0	0	51	99.99989999999583
n991	801	0	0	62	100.01592562499583
n988	803	0	0	70	99.98788078124583
n997	802	0	0	48	100.50337171874583
n998	804	0	0	53	100.72773046874582
n992	807	0	0	63	100.46597859374583
n989	805	0	0	69	100.69167281249582
n1005	806	0	0	46	100.95609562499583
n1006	808	0	0	58	101.1764479687458
n1002	809	0	0	62	100.97212124999582
n999	810	0	0	68	100.93739906249583
n1008	814	0	0	58	101.6719068749958
n1007	812	0	0	60	101.4381998437458
n1003	811	0	0	63	101.4582318749958
n1000	813	0	0	67	101.4408707812458
n1010	816	0	0	55	102.1526756249958
n1009	815	0	0	56	101.9229749999958
n1004	817	0	0	67	101.9416715624958
n1001	820	0	0	75	101.9082848437458
n1017	818	0	0	53	102.45716249999579
n1018	819	0	0	60	102.68285671874578
n1013	822	0	0	68	102.43445953124579
n1020	823	0	0	56	103.19033484374579
n1019	821	0	0	58	102.95128593749578
n1014	824	0	0	72	103.17430921874579
n1012	831	0	0	74	102.92591203124579
n1022	827	0	0	53	103.65374249999577
n1021	826	0	0	55	103.42137093749578
n1016	828	0	0	68	103.64038781249577
n1015	825	0	0	70	103.42003546874578
n1029	829	0	0	51	103.87142390624577
n1030	830	0	0	58	104.10646640624576
n1025	833	0	0	67	103.87142390624577
n1032	834	0	0	55	104.60459624999574
n1031	832	0	0	56	104.38424390624574
n1026	835	0	0	70	104.58723515624574
n1024	842	0	0	72	104.34551531249575
n1034	839	0	0	51	105.06533296874572
n1033	837	0	0	53	104.83830328124573
n1028	838	0	0	67	105.06399749999572
n1027	836	0	0	68	104.83830328124573
n1041	840	0	0	50	105.31773656249571
n1042	841	0	0	56	105.54877265624572
n1037	844	0	0	65	105.29503359374571
n1044	845	0	0	53	106.02419953124571
n1043	843	0	0	55	105.80651812499572
n1038	846	0	0	68	106.00950937499572
n1036	850	0	0	71	105.78782156249572
n1046	849	0	0	50	106.4902781249957
n1045	847	0	0	51	106.2579065624957
n1040	851	0	0	65	106.4822653124957
n1039	848	0	0	67	106.2592420312457
n1053	852	0	0	48	106.7506945312457
n1054	853	0	0	60	106.97238234374568
n1050	854	0	0	64	106.7653846874957
n1047	855	0	0	70	106.7373398437457
n1056	859	0	0	60	107.4611639062456
n1055	858	0	0	61	107.22612140624564
n1051	856	0	0	65	107.25149531249563
n1048	857	0	0	68	107.23413421874564
n1058	861	0	0	56	107.94727453124553
n1057	860	0	0	58	107.71089656249556
n1052	862	0	0	68	107.72558671874556
n1049	865	0	0	77	107.70154828124556
n1063	863	0	0	55	108.24241312499551
n1064	864	0	0	61	108.45742359374549
n1062	870	0	0	70	108.23039390624551
n1066	867	0	0	58	108.93017953124547
n1065	866	0	0	60	108.71917546874548
n1060	868	0	0	76	108.70982718749548
n1068	871	0	0	55	109.40827734374547
n1067	869	0	0	56	109.18258312499546
n1061	872	0	0	79	109.18124765624546
n1075	873	0	0	56	109.68605484374542
n1076	874	0	0	58	109.9024007812454
n1074	882	0	0	72	109.66869374999543
n1070	875	0	0	76	109.8970589062454
n1078	878	0	0	55	110.35111828124538
n1077	876	0	0	56	110.12675953124537
n1071	877	0	0	77	110.11874671874537
n1072	879	0	0	79	110.33509265624538
n1080	881	0	0	51	110.84257078124536
n1079	880	0	0	53	110.63023124999535
n1073	886	0	0	80	110.59417359374535
n1090	885	0	0	48	111.30731390624535
n1089	884	0	0	50	111.07360687499535
n1086	883	0	0	71	111.08829703124535
n1087	887	0	0	72	111.31799765624535
n1092	889	0	0	43	111.77472796874534
n1091	888	0	0	47	111.55838203124534
n1088	895	0	0	74	111.58909781249534
n1084	890	0	0	79	111.54235640624535
n1093	891	0	0	45	112.01244140624533
n1094	892	0	0	47	112.22478093749531
n1085	893	0	0	77	111.99641578124533
n1100	894	0	0	48	112.49321015624531
n1101	896	0	0	50	112.71623343749532
n1097	901	0	0	75	112.49721656249531
n1102	897	0	0	51	112.94726953124531
n1103	898	0	0	52	113.1702928124953
n1099	902	0	0	72	112.95261140624531
n1104	899	0	0	53	113.41067718749531
n1105	900	0	0	54	113.6403778124953
n1119	936	0	0	55	113.95554843749531
n1110	903	0	0	69	114.1678879687453
n1108	911	0	0	74	113.9101424999953
n1116	904	0	0	59	114.64331484374529
n1112	905	0	0	68	114.64331484374529
n1111	906	0	0	71	114.40960781249531
n1117	907	0	0	60	114.86099624999528
n1118	910	0	0	62	115.09336781249526
n1114	909	0	0	65	115.09336781249526
n1113	908	0	0	67	114.87167999999528
n1131	deletion
n1129	916	0	0	63	115.36980984374522
n1126	914	0	0	67	115.35244874999522
n1121	912	0	0	71	115.6088587499952
n1122	913	0	0	72	115.84523671874521
n1123	915	0	0	74	116.08295015624519
n1130	918	0	0	60	116.34203109374515
n1125	917	0	0	66	116.54769328124512
n1124	919	0	0	75	116.32466999999515
n1142	deletion
n1138	921	0	0	59	116.8134515624951
n1132	922	0	0	67	116.8107806249951
n1133	920	0	0	78	117.02846203124508
n1139	924	0	0	59	117.49587609374508
n1135	925	0	0	77	117.50923078124508
n1134	923	0	0	79	117.26751093749508
n1140	926	0	0	60	117.74293781249507
n1141	929	0	0	62	117.96596109374505
n1137	928	0	0	74	117.96863203124505
n1136	927	0	0	75	117.73492499999507
n1149	934	0	0	63	118.23572578124505
n1144	931	0	0	71	118.49480671874505
n1143	930	0	0	72	118.23171937499505
n1146	933	0	0	68	118.98225281249503
n1145	932	0	0	72	118.74453937499504
n1150	938	0	0	60	119.27472046874504
n1148	937	0	0	66	119.57520093749501
n1147	935	0	0	67	119.25735937499505
n1161	939	0	0	55	120.06531796874496
n1158	940	0	0	59	120.06531796874496
n1152	941	0	0	67	120.03994406249497
n1154	942	0	0	72	123.08080640624485
n1156	944	0	0	74	123.29848781249486
n1155	943	0	0	75	123.17028281249485
n1164	946	0	0	75	123.51349828124484
n1157	945	0	0	77	123.37728046874484
n1178	947	0	0	48	123.51483374999484
n1173	948	0	0	51	123.51082734374484
n1180	949	0	0	60	124.06504687499483
n1175	950	0	0	63	124.07038874999483
n1168	952	0	0	79	124.45633921874483
n1167	951	0	0	80	124.35617906249483
n1172	956	0	0	72	124.86632812499484
n1171	955	0	0	74	124.77017437499484
n1170	954	0	0	75	124.66867874999484
n1169	953	0	0	77	124.56718312499484
n1195	958	0	0	43	125.00521687499484
n1190	957	0	0	47	124.99319765624485
n1183	959	0	0	71	125.01723609374484
n1197	960	0	0	55	125.54741718749484
n1192	961	0	0	59	125.55142359374484
n1186	962	0	0	74	126.06424359374483
n1188	964	0	0	75	126.27524765624483
n1187	963	0	0	77	126.16039734374483
n1189	965	0	0	79	126.37006593749483
n1214	967	0	0	43	126.51029015624482
n1209	968	0	0	47	126.50494828124482
n1200	966	0	0	77	126.48625171874482
n1216	970	0	0	55	126.96568499999479
n1211	969	0	0	59	126.97236234374479
n1204	972	0	0	84	127.31691328124475
n1203	971	0	0	86	127.20874031249477
n1208	976	0	0	77	127.75094062499468
n1207	975	0	0	79	127.6441031249947
n1206	974	0	0	80	127.54260749999472
n1205	973	0	0	83	127.42241531249473
n1229	980	0	0	60	127.84442343749468
n1231	979	0	0	63	128.08480781249466
n1230	978	0	0	67	127.96595109374468
n1232	981	0	0	67	128.17695515624465
n1219	977	0	0	75	127.85644265624468
n1233	986	0	0	60	128.28913453124463
n1235	985	0	0	63	128.4974676562446
n1234	983	0	0	67	128.4039848437446
n1236	988	0	0	67	128.59362140624458
n1221	982	0	0	72	128.29180546874463
n1222	984	0	0	74	128.3852882812446
n1223	987	0	0	75	128.5028095312446
n1224	989	0	0	77	128.60029874999458
n1237	997	0	0	60	128.68843968749457
n1239	993	0	0	63	128.89410187499453
n1238	991	0	0	67	128.78325796874455
n1240	996	0	0	67	129.00494578124452
n1225	990	0	0	79	128.70713624999456
n1226	992	0	0	81	128.79794812499455
n1227	994	0	0	83	128.89944374999453
n1228	995	0	0	84	128.99426203124452
n1248	999	0	0	62	129.1451699999945
n1250	1000	0	0	65	129.36819328124446
n1249	998	0	0	67	129.28138781249447
n1251	1001	0	0	67	129.49639828124444
n1243	1002	0	0	84	129.1585246874945
n1254	1007	0	0	60	129.8222526562444
n1252	1004	0	0	62	129.59255203124442
n1253	1005	0	0	67	129.7207570312444
n1255	1008	0	0	67	129.94912218749437
n1245	1006	0	0	80	129.8302654687444
n1244	1003	0	0	83	129.61258406249442
n1256	1010	0	0	59	130.02925031249436
n1258	1013	0	0	62	130.25093812499432
n1257	1011	0	0	67	130.16146171874433
n1259	1014	0	0	67	130.3631174999943
n1247	1012	0	0	77	130.25627999999432
n1246	1009	0	0	79	130.03459218749435
n1272	1017	0	0	60	130.51268999999428
n1274	1018	0	0	63	130.70099109374425
n1273	1016	0	0	67	130.61418562499426
n1275	1019	0	0	67	130.80382218749423
n1262	1015	0	0	75	130.48598062499428
n1276	1021	0	0	60	130.90531781249422
n1278	1024	0	0	63	131.1043026562442
n1277	1022	0	0	67	131.0201681249942
n1279	1026	0	0	67	131.20045640624417
n1264	1020	0	0	72	130.9306917187442
n1265	1023	0	0	74	131.0228390624942
n1266	1025	0	0	75	131.12967656249418
n1267	1027	0	0	77	131.22716578124417
n1280	1031	0	0	60	131.32198406249415
n1282	1032	0	0	63	131.52898171874412
n1281	1029	0	0	67	131.41413140624414
n1283	1034	0	0	67	131.6291418749941
n1268	1028	0	0	79	131.32465499999415
n1269	1030	0	0	80	131.40878953124414
n1270	1033	0	0	82	131.52230437499412
n1271	1035	0	0	84	131.6131162499941
n1289	1037	0	0	58	131.7413212499941
n1291	1038	0	0	63	131.98437656249408
n1290	1036	0	0	67	131.8681907812441
n1292	1039	0	0	67	132.08720765624406
n1284	1041	0	0	85	131.7346439062441
n1293	1042	0	0	58	132.19270968749404
n1295	1043	0	0	63	132.38902359374407
n1294	1040	0	0	67	132.28485703124406
n1296	1046	0	0	67	132.48517734374406
n1286	1045	0	0	79	132.48250640624406
n1285	1044	0	0	82	132.38101078124407
n1297	1048	0	0	58	132.58266656249404
n1299	1050	0	0	63	132.808360781244
n1298	1049	0	0	67	132.69751687499402
n1300	1052	0	0	67	132.895166249994
n1288	1051	0	0	73	132.809696249994
n1287	1047	0	0	75	132.59201484374404
n1311	1054	0	0	56	133.08613828124396
n1313	1056	0	0	60	133.30916156249393
n1312	1055	0	0	63	133.18362749999395
n1314	1057	0	0	63	133.4200054687439
n1301	1053	0	0	72	133.08079640624396
n1315	1059	0	0	56	133.5535523437439
n1317	1062	0	0	60	133.76188546874386
n1316	1061	0	0	63	133.65104156249387
n1318	1064	0	0	63	133.84468453124384
n1303	1058	0	0	68	133.5615651562439
n1304	1060	0	0	70	133.66439624999387
n1305	1063	0	0	72	133.76188546874386
n1306	1065	0	0	73	133.87139390624384
n1319	1073	0	0	56	133.96888312499382
n1321	1069	0	0	60	134.1638615624938
n1320	1067	0	0	63	134.0463403124938
n1322	1072	0	0	63	134.26402171874378
n1307	1066	0	0	75	133.97689593749382
n1308	1068	0	0	77	134.0663723437438
n1309	1070	0	0	79	134.1745453124938
n1310	1071	0	0	80	134.27069906249378
n1328	1074	0	0	58	134.41092328124375
n1330	1076	0	0	61	134.62860468749372
n1329	1075	0	0	63	134.54046374999373
n1331	1077	0	0	63	134.7568096874937
n1323	1078	0	0	80	134.41359421874375
n1334	1083	0	0	56	135.05595468749365
n1332	1080	0	0	58	134.8462860937437
n1333	1081	0	0	63	134.96914921874367
n1335	1084	0	0	63	135.16546312499364
n1325	1082	0	0	77	135.06396749999365
n1324	1079	0	0	79	134.8342668749937
n1336	1086	0	0	55	135.25894593749362
n1338	1089	0	0	58	135.50200124999358
n1337	1087	0	0	63	135.3791381249936
n1339	1090	0	0	63	135.60750328124357
n1327	1088	0	0	73	135.49665937499358
n1326	1085	0	0	75	135.26829421874362
n1350	1093	0	0	56	135.75974671874354
n1352	1094	0	0	60	135.9533896874935
n1351	1091	0	0	63	135.82518468749353
n1353	1095	0	0	63	136.0535498437435
n1340	1092	0	0	72	135.74238562499355
n1354	1099	0	0	56	136.16706468749348
n1356	1101	0	0	60	136.37806874999345
n1355	1097	0	0	63	136.27123124999346
n1357	1102	0	0	63	136.48490624999343
n1342	1096	0	0	72	136.18709671874348
n1343	1098	0	0	73	136.26722484374346
n1344	1100	0	0	75	136.37940421874345
n1345	1103	0	0	77	136.48223531249343
n1358	1108	0	0	56	136.5984210937434
n1360	1107	0	0	60	136.80541874999338
n1359	1105	0	0	63	136.7012521874934
n1361	1110	0	0	63	136.87619859374337
n1346	1104	0	0	79	136.5997565624934
n1347	1106	0	0	80	136.6838910937434
n1348	1109	0	0	82	136.78538671874338
n1349	1111	0	0	84	136.89222421874337
n1367	1114	0	0	55	137.02710656249334
n1369	1113	0	0	58	137.2487943749933
n1368	1112	0	0	64	137.15664703124332
n1370	1115	0	0	64	137.3663156249933
n1362	1119	0	0	82	137.02844203124334
n1371	1117	0	0	55	137.49318515624327
n1373	1118	0	0	58	137.70552468749327
n1372	1116	0	0	64	137.58132609374326
n1374	1121	0	0	64	137.79233015624325
n1364	1122	0	0	76	137.80835578124325
n1363	1120	0	0	79	137.70819562499327
n1375	1124	0	0	55	137.90718046874323
n1377	1126	0	0	58	138.1302037499932
n1376	1125	0	0	64	138.03137906249322
n1378	1128	0	0	64	138.25306687499318
n1366	1127	0	0	70	138.1555776562432
n1365	1123	0	0	72	137.91519328124323
n1389	1130	0	0	53	138.41732953124315
n1391	1132	0	0	56	138.67240406249311
n1390	1131	0	0	60	138.56823749999313
n1392	1133	0	0	60	138.7966026562431
n1379	1129	0	0	68	138.42133593749315
n1393	1135	0	0	53	138.90210468749308
n1395	1138	0	0	56	139.09708312499305
n1394	1136	0	0	60	138.99825843749306
n1396	1140	0	0	60	139.21460437499303
n1381	1134	0	0	65	138.89542734374308
n1382	1137	0	0	67	139.00627124999306
n1383	1139	0	0	68	139.10643140624305
n1384	1141	0	0	70	139.21193343749303
n1397	1145	0	0	53	139.30808718749302
n1399	1146	0	0	56	139.52843953124298
n1398	1143	0	0	60	139.394892656243
n1400	1149	0	0	60	139.63928343749296
n1385	1142	0	0	72	139.325448281243
n1386	1144	0	0	74	139.428279374993
n1387	1147	0	0	76	139.54312968749298
n1388	1148	0	0	77	139.63127062499296
n1406	1151	0	0	55	139.77416578124294
n1408	1152	0	0	58	139.9958535937429
n1407	1150	0	0	60	139.88367421874293
n1409	1153	0	0	60	140.0973492187429
n1401	1154	0	0	77	139.77817218749294
n1412	1159	0	0	53	140.44991296874284
n1410	1156	0	0	55	140.20685765624287
n1411	1157	0	0	60	140.31903703124286
n1413	1160	0	0	60	140.6101692187428
n1403	1158	0	0	73	140.45525484374284
n1402	1155	0	0	76	140.23623796874287
n1414	1162	0	0	52	140.6836199999928
n1416	1165	0	0	55	140.91866249999276
n1415	1163	0	0	60	140.81182499999278
n1417	1166	0	0	60	141.04553203124274
n1405	1164	0	0	70	140.91198515624276
n1404	1161	0	0	72	140.6876264062428
n1428	1168	0	0	53	141.16839515624272
n1430	1169	0	0	56	141.3954248437427
n1429	1167	0	0	60	141.2752326562427
n1431	1171	0	0	60	141.48890765624267
n1418	1170	0	0	68	141.16171781249272
n1432	1173	0	0	53	141.60642890624266
n1434	1176	0	0	56	141.80140734374262
n1433	1174	0	0	60	141.70925999999264
n1435	1179	0	0	60	141.9349542187426
n1420	1172	0	0	65	141.61844812499265
n1421	1175	0	0	67	141.70925999999264
n1422	1177	0	0	68	141.80942015624262
n1423	1178	0	0	70	141.8975610937426
n1436	1183	0	0	53	142.0124114062426
n1438	1185	0	0	56	142.21940906249256
n1437	1181	0	0	60	142.09521046874258
n1439	1186	0	0	60	142.29018890624255
n1424	1180	0	0	72	142.0043985937426
n1425	1182	0	0	74	142.11123609374258
n1426	1184	0	0	76	142.20605437499256
n1427	1187	0	0	77	142.29820171874255
n1445	1189	0	0	51	142.49184468749252
n1447	1190	0	0	56	142.74558374999248
n1446	1188	0	0	60	142.6133723437425
n1448	1191	0	0	60	142.85242124999246
n1440	1194	0	0	78	142.45979343749252
n1449	1193	0	0	51	142.95658781249244
n1451	1195	0	0	56	143.1675918749924
n1450	1192	0	0	60	143.05674796874243
n1452	1198	0	0	60	143.2704229687424
n1442	1197	0	0	72	143.2664165624924
n1441	1196	0	0	75	143.1729337499924
n1453	1200	0	0	51	143.37058312499238
n1455	1203	0	0	56	143.60295468749234
n1454	1201	0	0	60	143.49077531249236
n1456	1204	0	0	60	143.71513406249233
n1444	1202	0	0	66	143.61497390624234
n1443	1199	0	0	68	143.37993140624238
n1462	1206	0	0	49	143.8713839062423
n1464	1208	0	0	53	144.09841359374226
n1463	1207	0	0	56	144.00225984374228
n1465	1209	0	0	56	144.22528312499225
n1457	1205	0	0	65	143.8793967187423
n1466	1211	0	0	49	144.30541124999223
n1468	1213	0	0	53	144.5364473437422
n1467	1210	0	0	56	144.4309453124922
n1469	1214	0	0	56	144.63126562499218
n1459	1212	0	0	77	144.5471310937422
n1470	1217	0	0	49	144.74611593749216
n1472	1219	0	0	53	144.96913921874213
n1471	1216	0	0	56	144.84093421874215
n1473	1220	0	0	56	145.0692993749921
n1460	1215	0	0	77	144.76881890624216
n1461	1218	0	0	77	144.98917124999213
n1481	1224	0	0	48	145.2202073437421
n1483	1225	0	0	51	145.44590156249208
n1482	1223	0	0	56	145.32838031249207
n1484	1226	0	0	56	145.55941640624206
n1474	1221	0	0	75	145.1480920312421
n1475	1222	0	0	77	145.1961689062421
n1476	1229	0	0	78	145.24691671874209
n1485	1227	0	0	48	145.67026031249205
n1487	1231	0	0	51	145.895954531242
n1486	1228	0	0	56	145.77442687499203
n1488	1233	0	0	56	145.985430937492
n1478	1232	0	0	72	145.978753593742
n1477	1230	0	0	75	145.893283593742
n1489	1235	0	0	48	146.10295218749198
n1491	1238	0	0	51	146.32063359374195
n1490	1236	0	0	56	146.20044140624196
n1492	1239	0	0	56	146.43014203124193
n1480	1237	0	0	66	146.32330453124194
n1479	1234	0	0	68	146.10028124999198
n1499	1241	0	0	49	146.5877273437419
n1501	1243	0	0	53	146.81075062499187
n1500	1242	0	0	56	146.6772037499919
n1502	1244	0	0	56	146.92025906249185
n1493	1240	0	0	65	146.5917337499919
n1503	1245	0	0	49	147.03377390624186
n1505	1247	0	0	53	147.27148734374185
n1504	1246	0	0	56	147.13126312499188
n1506	1249	0	0	56	147.34226718749184
n1495	1248	0	0	73	147.25813265624186
n1496	1250	0	0	77	147.35562187499184
n1507	1252	0	0	49	147.46513031249182
n1509	1255	0	0	53	147.6841471874918
n1508	1253	0	0	56	147.5692968749918
n1510	1256	0	0	56	147.78297187499177
n1497	1251	0	0	80	147.45711749999182
n1498	1254	0	0	80	147.6921599999918
n1523	1258	0	0	48	147.91251234374175
n1525	1261	0	0	51	148.11283265624172
n1524	1259	0	0	56	148.01934984374174
n1526	1263	0	0	56	148.2089864062417
n1514	1264	0	0	77	148.2196701562417
n1511	1257	0	0	78	147.92319609374175
n1513	1262	0	0	78	148.13019374999172
n1512	1260	0	0	80	148.01534343749174
n1527	1265	0	0	48	148.3118174999917
n1529	1269	0	0	51	148.52949890624166
n1528	1267	0	0	56	148.40530031249168
n1530	1271	0	0	56	148.61763984374164
n1518	1272	0	0	73	148.63500093749164
n1515	1266	0	0	75	148.3251721874917
n1517	1270	0	0	75	148.54018265624165
n1516	1268	0	0	77	148.42933874999167
n1531	1273	0	0	48	148.72447734374163
n1533	1277	0	0	51	148.9234621874916
n1532	1275	0	0	56	148.8139537499916
n1534	1280	0	0	56	149.01828046874158
n1522	1279	0	0	66	149.02629328124158
n1521	1278	0	0	68	148.9234621874916
n1520	1276	0	0	70	148.8233020312416
n1519	1274	0	0	72	148.73916749999162
n1540	1281	0	0	49	149.15583374999156
n1542	1284	0	0	53	149.36416687499153
n1541	1282	0	0	56	149.24664562499154
n1543	1285	0	0	56	149.4883654687415
n1535	1283	0	0	65	149.16251109374156
n1544	1286	0	0	49	149.5952029687415
n1546	1288	0	0	53	149.81689078124145
n1545	1287	0	0	56	149.70337593749147
n1547	1290	0	0	56	149.93174109374144
n1537	1289	0	0	77	149.81956171874145
n1548	1292	0	0	49	150.04792687499142
n1550	1295	0	0	53	150.2522535937414
n1549	1293	0	0	56	150.1253840624914
n1551	1296	0	0	56	150.34172999999137
n1538	1291	0	0	77	150.04124953124142
n1539	1294	0	0	77	150.26026640624139
n1558	1301	0	0	48	150.53136656249134
n1560	1300	0	0	53	150.71031937499131
n1559	1299	0	0	56	150.61015921874133
n1561	1302	0	0	56	150.8291760937413
n1552	1297	0	0	77	150.50198624999135
n1553	1298	0	0	79	150.57543703124134
n1554	1304	0	0	80	150.62885578124133
n1562	1306	0	0	48	150.95070374999128
n1564	1305	0	0	53	151.16838515624124
n1563	1303	0	0	56	151.05086390624126
n1565	1308	0	0	56	151.26720984374123
n1555	1307	0	0	77	151.15369499999125
n1566	1312	0	0	48	151.3780537499912
n1568	1313	0	0	53	151.60775437499117
n1567	1310	0	0	56	151.4848912499912
n1569	1314	0	0	56	151.72394015624116
n1556	1309	0	0	77	151.3807246874912
n1557	1311	0	0	77	151.61176078124117
n1578	1319	0	0	47	151.84813874999116
n1580	1318	0	0	53	152.05112999999113
n1579	1317	0	0	56	151.94429249999115
n1581	1320	0	0	56	152.1753285937411
n1572	1315	0	0	77	151.85348062499116
n1573	1316	0	0	79	151.92025406249115
n1574	1322	0	0	80	151.98302109374114
n1582	1324	0	0	47	152.2861724999911
n1584	1323	0	0	53	152.50385390624106
n1583	1321	0	0	56	152.39167453124108
n1585	1326	0	0	56	152.60935593749105
n1575	1325	0	0	77	152.52388593749106
n1586	1327	0	0	47	152.73221906249103
n1588	1330	0	0	53	152.932539374991
n1587	1329	0	0	56	152.819024531241
n1589	1331	0	0	56	153.05540249999098
n1576	1328	0	0	77	152.73221906249103
n1577	1332	0	0	77	152.947229531241
n1604	1336	0	0	48	153.19696218749095
n1593	1334	0	0	72	153.30647062499094
n1592	1333	0	0	76	153.20230406249095
n1594	1335	0	0	76	153.40930171874092
n1595	1337	0	0	79	153.5308293749909
n1597	1339	0	0	72	153.73916249999087
n1598	1340	0	0	76	153.84332906249088
n1599	1341	0	0	79	153.94616015624086
n1596	1338	0	0	84	153.63499593749088
n1609	1342	0	0	60	154.05833953124085
n1606	1343	0	0	64	154.05700406249085
n1603	1347	0	0	79	154.3668328124908
n1602	1346	0	0	80	154.2733499999908
n1601	1345	0	0	82	154.15582874999083
n1600	1344	0	0	84	154.05700406249085
n1625	1352	0	0	60	154.53243093749077
n1622	1353	0	0	65	154.51239890624078
n1611	1350	0	0	72	154.61923640624076
n1612	1349	0	0	77	154.72340296874074
n1610	1348	0	0	80	154.51506984374078
n1613	1351	0	0	80	154.82623406249073
n1615	1355	0	0	72	155.0652829687407
n1616	1356	0	0	77	155.16410765624067
n1617	1357	0	0	80	155.27361609374066
n1614	1354	0	0	84	154.9464262499907
n1627	1358	0	0	60	155.38312453124064
n1624	1359	0	0	68	155.37911812499064
n1621	1363	0	0	77	155.7263399999906
n1620	1362	0	0	79	155.62217343749063
n1619	1361	0	0	80	155.51132953124062
n1618	1360	0	0	84	155.38178906249064
n1645	1369	0	0	60	155.83584843749063
n1640	1368	0	0	67	155.83184203124063
n1629	1365	0	0	72	155.9533696874906
n1628	1364	0	0	76	155.83718390624063
n1630	1366	0	0	76	156.06421359374062
n1631	1367	0	0	79	156.18440578124063
n1647	1372	0	0	60	156.49690546874058
n1642	1373	0	0	64	156.48488624999058
n1633	1371	0	0	72	156.4020871874906
n1634	1374	0	0	76	156.51026015624058
n1635	1375	0	0	79	156.61843312499056
n1632	1370	0	0	84	156.2752176562406
n1648	1376	0	0	60	156.72527062499054
n1649	1379	0	0	60	156.9509648437405
n1643	1377	0	0	64	156.72126421874054
n1644	1380	0	0	64	156.9442874999905
n1639	1383	0	0	79	157.0551314062405
n1638	1382	0	0	80	156.9563067187405
n1637	1381	0	0	82	156.84145640624052
n1636	1378	0	0	84	156.73328343749054
n1667	1387	0	0	60	157.1966910937405
n1662	1388	0	0	65	157.1779945312405
n1651	1385	0	0	72	157.3115414062405
n1652	1386	0	0	77	157.41303703124052
n1650	1384	0	0	80	157.1873428124905
n1653	1389	0	0	80	157.5332292187405
n1669	1393	0	0	60	157.8978121874905
n1664	1392	0	0	68	157.8764446874905
n1655	1391	0	0	72	157.7549170312405
n1656	1394	0	0	77	157.8604190624905
n1657	1395	0	0	80	158.00197874999049
n1654	1390	0	0	84	157.64674406249048
n1670	1396	0	0	60	158.1261773437405
n1671	1399	0	0	60	158.38926468749045
n1665	1397	0	0	68	158.1154935937405
n1666	1400	0	0	68	158.38392281249045
n1661	1403	0	0	77	158.53750171874046
n1660	1402	0	0	79	158.39327109374045
n1659	1401	0	0	80	158.25438234374047
n1658	1398	0	0	84	158.1275128124905
n1680	1406	0	0	60	158.83931765624044
n1677	1404	0	0	67	158.84332406249044
n1672	1405	0	0	76	158.77120874999045
n1673	1408	0	0	79	158.79524718749045
n1674	1407	0	0	84	158.85934968749044
n1690	1410	0	0	70	162.83103374999016
n1685	1409	0	0	73	162.81634359374016
n1691	1411	0	0	70	163.09412109374014
n1692	1413	0	0	70	163.32916359374013
n1700	1416	0	0	70	163.6523470312401
n1686	1412	0	0	73	163.08477281249014
n1687	1414	0	0	73	163.32248624999013
n1696	1415	0	0	73	163.6416632812401
n1706	1417	0	0	40	164.49235687499007
n1707	1418	0	0	40	164.76479249999005
n1708	1419	0	0	40	165.02520890624004
n1719	1420	0	0	40	165.34305046874002
n1727	1423	0	0	64	166.20576328123994
n1722	1424	0	0	67	166.20042140623994
n1716	1422	0	0	70	166.19641499998994
n1713	1421	0	0	72	166.18306031248994
n1728	1426	0	0	64	166.45416046873993
n1729	1431	0	0	64	166.7306024999899
n1723	1428	0	0	67	166.46484421873993
n1724	1432	0	0	67	166.7386153124899
n1717	1427	0	0	70	166.44748312498993
n1718	1429	0	0	70	166.71724781248992
n1714	1425	0	0	72	166.43679937498993
n1715	1430	0	0	72	166.70923499998992
n1744	1435	0	0	64	167.0684760937399
n1738	1436	0	0	67	167.0484440624899
n1734	1433	0	0	70	167.0297474999899
n1730	1434	0	0	72	167.0163928124899
n1741	1437	0	0	41	167.85239624998982
n1742	1438	0	0	41	168.1221609374898
n1743	1439	0	0	41	168.3932610937398
n1755	1440	0	0	41	168.71911546873977
n1758	1441	0	0	63	169.57114453123972
n1752	1442	0	0	69	169.57915734373972
n1749	1443	0	0	78	169.56179624998973
n1759	1444	0	0	63	169.8262190624897
n1760	1448	0	0	63	170.08930640623967
n1753	1445	0	0	69	169.8328964062397
n1754	1447	0	0	69	170.08930640623967
n1750	1446	0	0	78	169.8195417187397
n1751	1449	0	0	78	170.07461624998967
n1772	1450	0	0	63	170.37643218748966
n1768	1451	0	0	69	170.39512874998965
n1764	1452	0	0	78	170.36841937498966
n1775	1453	0	0	36	171.27653812498951
n1776	1454	0	0	36	171.55298015623947
n1777	1455	0	0	36	171.83209312498943
n1790	1456	0	0	36	172.1405864062394
n1793	1458	0	0	61	173.24635453123935
n1787	1457	0	0	70	173.24768999998935
n1784	1459	0	0	77	173.23433531248935
n1794	1460	0	0	61	173.54416406248933
n1795	1463	0	0	61	173.8366317187393
n1788	1461	0	0	70	173.54549953123933
n1789	1464	0	0	70	173.82327703123931
n1785	1462	0	0	77	173.54416406248933
n1786	1465	0	0	77	173.81927062498931
n1803	1466	0	0	61	174.1771762499893
n1802	1468	0	0	70	174.1624860937393
n1798	1467	0	0	77	174.1624860937393
n1806	1469	0	0	34	175.11601078123923
n1807	1470	0	0	34	175.4271749999892
n1808	1471	0	0	34	175.75570031248918
n1819	1472	0	0	34	176.15233453123915
n1821	1475	0	0	66	177.46643578123903
n1816	1473	0	0	70	177.46242937498903
n1813	1474	0	0	73	177.44640374998903
n1822	1478	0	0	66	177.81365765623897
n1823	1481	0	0	66	178.13016374998892
n1817	1477	0	0	70	177.84704437498897
n1818	1479	0	0	70	178.13951203123892
n1814	1476	0	0	73	177.81766406248897
n1815	1480	0	0	73	178.12749281248892
n1832	1484	0	0	66	178.5615201562389
n1829	1483	0	0	70	178.5641910937389
n1827	1482	0	0	73	178.5561782812389
n1833	1486	0	0	65	179.13577171873885
n1834	1489	0	0	64	179.75409374998875
n1830	1492	0	0	68	179.75275828123875
n1831	1487	0	0	71	179.75810015623875
n1828	1490	0	0	74	179.70868781248876
n1844	1495	0	0	63	180.41915718748868
n1837	1494	0	0	75	180.3684093749887
n1841	1493	0	0	67	181.08689156248863
n1842	1496	0	0	70	181.07353687498863
n1847	1499	0	0	60	181.72391015623856
n1845	1497	0	0	65	181.72658109373856
n1843	1498	0	0	69	181.70788453123856
n1838	1501	0	0	75	181.65980765623857
n1857	1503	0	0	58	182.41034109373848
n1854	1500	0	0	66	182.3622642187385
n1851	1502	0	0	70	182.3649351562385
n1855	1505	0	0	65	183.11279765623846
n1849	1504	0	0	73	183.07406906248846
n1856	1507	0	0	67	183.76450640623838
n1852	1509	0	0	70	183.7391324999884
n1853	1506	0	0	73	183.78587390623838
n1850	1508	0	0	76	183.7271132812384
n1866	1513	0	0	65	184.44292453123828
n1859	1512	0	0	77	184.40419593748828
n1863	1511	0	0	68	185.12534906248823
n1864	1514	0	0	72	185.11733624998823
n1869	1515	0	0	62	185.75836124998818
n1867	1517	0	0	67	185.76904499998818
n1865	1516	0	0	71	185.75969671873818
n1860	1519	0	0	77	185.7289809374882
n1879	1523	0	0	60	186.4114054687381
n1876	1518	0	0	68	186.4154118749881
n1873	1520	0	0	72	186.4114054687381
n1877	1522	0	0	67	187.14858421873805
n1871	1521	0	0	75	187.12321031248806
n1878	1524	0	0	68	187.75088062498799
n1874	1526	0	0	72	187.75355156248798
n1875	1531	0	0	75	187.75355156248798
n1872	1525	0	0	78	187.725506718738
n1895	1530	0	0	67	188.4359760937379
n1881	1527	0	0	79	188.37855093748792
n1896	1533	0	0	65	189.3774815624878
n1887	1528	0	0	71	189.06231093748784
n1889	1532	0	0	71	189.3761460937378
n1888	1529	0	0	74	189.04762078123784
n1890	1534	0	0	74	189.3788170312378
n1882	1535	0	0	80	189.3627914062378
n1897	1536	0	0	65	189.71669062498773
n1898	1541	0	0	65	190.05189328123768
n1891	1537	0	0	71	189.71535515623773
n1893	1540	0	0	71	190.04788687498768
n1892	1538	0	0	74	189.72603890623773
n1894	1542	0	0	74	190.04254499998768
n1883	1539	0	0	80	189.70333593748774
n1884	1543	0	0	80	190.02919031248769
n1908	1544	0	0	65	190.46321765623765
n1904	1545	0	0	71	190.45253390623765
n1905	1546	0	0	74	190.46054671873765
n1901	1547	0	0	80	190.44719203123765
n1910	1548	0	0	35	191.48885765623754
n1911	1549	0	0	35	191.79067359373752
n1912	1550	0	0	35	192.1178634374875
n1924	1551	0	0	35	192.56925187498746
n1921	1552	0	0	77	194.04227390623734
n1918	1553	0	0	80	194.01689999998734
n1922	1554	0	0	77	194.4295598437373
n1923	1556	0	0	77	194.82619406248728
n1919	1555	0	0	80	194.4162051562373
n1920	1557	0	0	80	194.81283937498728
n1932	1560	0	0	77	195.40311656248727
n1929	1559	0	0	80	195.38575546873727
n1935	1558	0	0	34	196.61171578123714
n1936	1561	0	0	34	196.94558296873714
n1937	1562	0	0	34	197.24739890623712
n1949	1565	0	0	34	197.61999468748706
n1940	1563	0	0	50	197.61064640623707
n1942	1566	0	0	51	197.81497312498703
n1941	1564	0	0	53	197.70947109373705
n1943	1567	0	0	55	197.90578499998702
n1944	1572	0	0	53	198.03532546873703
n1956	1569	0	0	56	198.26502609373702
n1951	1568	0	0	58	198.25834874998702
n1957	1571	0	0	56	198.497397656237
n1958	1574	0	0	56	198.695047031237
n1952	1570	0	0	58	198.47736562498702
n1953	1573	0	0	58	198.692376093737
n1973	1576	0	0	56	198.919405781237
n1968	1575	0	0	58	198.911392968737
n1959	1577	0	0	62	198.927418593737
n1961	1579	0	0	63	199.12373249998697
n1960	1578	0	0	65	199.011553124987
n1962	1580	0	0	67	199.21587984373696
n1963	1585	0	0	65	199.32939468748694
n1975	1582	0	0	68	199.56710812498693
n1970	1581	0	0	70	199.56844359373693
n1976	1583	0	0	68	199.77944765623693
n1977	1586	0	0	68	199.96507781248692
n1971	1584	0	0	70	199.77143484373693
n1972	1587	0	0	70	199.95840046873693
n1995	1589	0	0	68	200.16940453123692
n1990	1588	0	0	70	200.16539812498692
n1978	1590	0	0	74	200.17741734373692
n1980	1592	0	0	75	200.3710603124869
n1979	1591	0	0	77	200.2682292187369
n1981	1593	0	0	79	200.46320765623688
n1982	1594	0	0	77	200.58339984373686
n1998	1595	0	0	68	200.9960596874868
n1999	1599	0	0	68	201.19103812498676
n1993	1596	0	0	70	201.0054079687368
n1994	1600	0	0	70	201.18836718748676
n1984	1597	0	0	74	200.9853759374868
n1986	1601	0	0	75	201.18035437498676
n1985	1598	0	0	77	201.07218140623678
n1987	1602	0	0	79	201.26715984373675
n2014	1603	0	0	68	201.37800374998673
n2008	1604	0	0	70	201.37399734373673
n2000	1605	0	0	77	201.37266187498673
n2016	1606	0	0	68	201.83339859373666
n2017	1611	0	0	68	202.03238343748663
n2010	1607	0	0	70	201.83740499998666
n2011	1610	0	0	70	202.02971249998663
n2002	1608	0	0	74	201.83339859373666
n2004	1612	0	0	75	202.02570609373663
n2003	1609	0	0	77	201.92421046873665
n2005	1613	0	0	79	202.11117609373662
n2018	1614	0	0	68	202.2273618749866
n2012	1615	0	0	70	202.2260264062366
n2006	1616	0	0	77	202.2193490624866
n2031	1617	0	0	68	202.68409218748656
n2032	1618	0	0	70	202.77356859373654
insertion	1668	0	0	70	208.96346624998577
n2021	1619	0	0	72	202.86037406248653
insertion	1663	0	0	72	208.8112228124858
n2022	1620	0	0	74	202.9645406249865
insertion	1656	0	0	74	208.25967421873588
n2023	1621	0	0	75	203.0753845312365
insertion	1655	0	0	75	208.1661914062359
n2024	1657	0	0	77	208.32644765623587
insertion	1622	0	0	77	203.15417718748648
n2025	1623	0	0	79	203.2703629687365
insertion	1659	0	0	79	208.52142609373584
n2026	1624	0	0	80	203.35716843748648
insertion	1652	0	0	80	207.94049718748593
n2027	1625	0	0	82	203.47335421873646
insertion	1651	0	0	82	207.86437546873594
n2028	1626	0	0	84	203.59087546873644
n2029	1627	0	0	86	203.72575781248645
n2030	1628	0	0	87	203.85930468748646
n2089	1669	0	0	56	204.30000937498642
insertion	1686	0	0	56	214.24524515623543
n2090	1666	0	0	58	204.30535124998642
n2096	1685	0	0	58	214.13974312498544
n2091	1667	0	0	62	204.30668671873642
n2092	1664	0	0	65	204.29333203123642
n2038	1629	0	0	89	204.22922953123643
n2113	1690	0	0	39	214.4375526562354
n2108	1689	0	0	43	214.4362171874854
n2095	deletion
n2088	deletion
n2087	deletion
n2086	deletion
n2101	1688	0	0	58	214.4335462499854
n2085	deletion
n2084	deletion
n2098	1687	0	0	60	214.32403781248541
n2083	deletion
n2082	deletion
n2081	deletion
n2080	deletion
n2079	deletion
n2078	deletion
n2077	deletion
n2076	deletion
n2075	deletion
n2074	deletion
n2073	deletion
n2072	deletion
n2065	deletion
n2071	deletion
n2064	deletion
n2067	deletion
n2070	deletion
n2055	deletion
n2045	deletion
n2054	deletion
n2057	deletion
n2063	deletion
n2066	deletion
n2069	deletion
n2044	deletion
n2047	deletion
n2053	deletion
n2056	deletion
n2059	deletion
n2062	deletion
n2068	deletion
n2043	deletion
n2046	deletion
n2049	deletion
n2052	deletion
n2058	deletion
n2061	deletion
n2042	deletion
n2048	deletion
n2051	deletion
n2060	deletion
n2041	deletion
n2050	deletion
n2040	deletion
n2039	deletion
n2115	1692	0	0	51	214.94235984373537
n2110	1691	0	0	55	214.93167609373538
n2106	1695	0	0	62	215.59273312498533
n2105	1694	0	0	63	215.49123749998535
n2107	1696	0	0	65	215.68354499998532
n2104	1693	0	0	67	215.38306453123536
n2129	1699	0	0	39	215.8224337499853
n2124	1698	0	0	43	215.8197628124853
n2118	1697	0	0	63	215.8144209374853
n2131	1701	0	0	51	216.32991187498527
n2126	1700	0	0	55	216.31522171873527
n2121	1702	0	0	63	216.58765734373523
n2122	1704	0	0	67	216.82937718748522
n2123	1703	0	0	70	217.05373593748521
n2143	1708	0	0	60	217.3809257812352
n2139	1707	0	0	63	217.3902740624852
n2134	1705	0	0	70	217.3315134374852
n2144	1711	0	0	58	218.0660212499851
n2140	1710	0	0	62	218.0633503124851
n2136	1709	0	0	67	218.05400203123511
n2135	1706	0	0	68	217.82830781248512
n2146	1717	0	0	55	218.52141609373504
n2145	1713	0	0	56	218.28236718748508
n2142	1716	0	0	58	218.51073234373504
n2141	1714	0	0	60	218.27969624998508
n2138	1715	0	0	63	218.50939687498504
n2137	1712	0	0	65	218.27301890623508
n2158	1719	0	0	53	218.84326406248502
n2155	1718	0	0	56	218.83525124998502
n2147	1720	0	0	62	218.81789015623502
n2148	1721	0	0	65	219.27729140623498
n2149	1722	0	0	68	219.40816734373496
n2151	1723	0	0	58	219.9530385937349
n2153	1725	0	0	60	220.14801703123487
n2152	1724	0	0	62	220.0411795312349
n2154	1726	0	0	63	220.22413874998486
n2173	1729	0	0	34	220.35902109373487
n2168	1728	0	0	38	220.35501468748487
n2161	1727	0	0	62	220.35367921873487
n2175	1731	0	0	46	220.84646718748488
n2170	1730	0	0	50	220.84379624998488
n2164	1732	0	0	62	221.30987484373483
n2166	1734	0	0	63	221.5208789062348
n2165	1733	0	0	65	221.38599656248482
n2167	1735	0	0	67	221.5996715624848
n2189	1737	0	0	34	221.73722484373477
n2184	1738	0	0	38	221.73722484373477
n2178	1736	0	0	65	221.73054749998477
n2191	1739	0	0	46	222.25271578123468
n2186	1740	0	0	50	222.25271578123468
n2181	1741	0	0	65	222.50244843748467
n2182	1742	0	0	68	222.73481999998464
n2183	1743	0	0	72	222.9725334374846
n2203	1747	0	0	62	223.3237617187346
n2199	1745	0	0	65	223.3130779687346
n2194	1744	0	0	72	223.2836976562346
n2204	1749	0	0	60	224.0235473437345
n2200	1748	0	0	63	224.0195409374845
n2196	1750	0	0	68	224.0101926562345
n2195	1746	0	0	70	223.78182749998453
n2206	1755	0	0	56	224.46024562498445
n2205	1753	0	0	58	224.24924156248446
n2202	1756	0	0	60	224.45891015623445
n2201	1752	0	0	62	224.23855781248446
n2198	1754	0	0	65	224.44154906248446
n2197	1751	0	0	67	224.23588687498446
n2222	1762	0	0	55	224.7754162499844
n2219	1763	0	0	58	224.7807581249844
n2210	1760	0	0	62	224.68727531248442
n2211	1757	0	0	63	224.51633531248444
n2207	1759	0	0	63	224.65121765623442
n2209	1761	0	0	63	224.7794226562344
n2208	1758	0	0	65	224.58444421873443
n2212	1764	0	0	67	225.20276624998436
n2213	1765	0	0	70	225.34432593748434
n2216	1767	0	0	74	225.95463515623425
n2215	1766	0	0	75	225.85714593748426
n2218	1769	0	0	75	226.15629093748421
n2217	1768	0	0	77	226.04811796873423
n2237	1784	0	0	43	226.2524446874842
n2238	1783	0	0	46	226.2444318749842
n2239	1780	0	0	51	226.2444318749842
n2226	1771	0	0	77	226.34726296873419
n2225	1770	0	0	79	226.2524446874842
n2228	1773	0	0	79	226.55559609373415
n2227	1772	0	0	80	226.45142953123417
n2232	1777	0	0	77	226.9549012499841
n2231	1776	0	0	79	226.8614184374841
n2230	1775	0	0	80	226.76793562498412
n2229	1774	0	0	82	226.65575624998414
n2236	1782	0	0	71	227.34485812498403
n2235	1781	0	0	72	227.25003984373404
n2234	1779	0	0	74	227.15255062498406
n2233	1778	0	0	75	227.06040328123407
n2248	1791	0	0	44	227.566545937484
n2249	1789	0	0	51	227.589248906234
n2240	1785	0	0	71	227.522475468734
n2244	1790	0	0	71	228.2863635937339
n2241	1786	0	0	72	227.99656687498396
n2245	1788	0	0	72	228.23428031248392
n2243	1792	0	0	72	228.3558079687339
n2242	1787	0	0	74	228.18486796873393
n2246	1793	0	0	74	228.4346006249839
n2247	1794	0	0	75	228.66430124998388
n2253	1796	0	0	65	229.14239906248383
n2252	1795	0	0	75	228.90468562498384
n2255	1798	0	0	60	229.6351870312338
n2254	1797	0	0	72	229.39613812498382
n2260	1802	0	0	46	229.9129645312338
n2261	1800	0	0	53	229.9169709374838
n2257	1801	0	0	62	230.1026010937338
n2256	1799	0	0	68	229.8742359374838
n2268	1803	0	0	51	230.61542109373377
n2262	1804	0	0	63	230.37637218748378
n2270	1806	0	0	43	231.10820906248375
n2269	1805	0	0	46	230.85446999998376
n2271	1807	0	0	39	231.41269593748373
n2266	1808	0	0	58	231.75324046873374
n2277	1809	0	0	51	232.3261565624837
n2273	1813	0	0	63	232.06841109373372
n2279	1811	0	0	51	232.81627359373365
n2278	1810	0	0	55	232.58256656248366
n2281	1816	0	0	46	233.2930359374836
n2280	1814	0	0	56	233.06199984373362
n2275	1815	0	0	62	233.2743393749836
n2288	1817	0	0	46	233.81921062498353
n2282	1823	0	0	68	233.55879421873357
n2290	1819	0	0	46	234.29463749998348
n2289	1818	0	0	50	234.05692406248352
n2292	1821	0	0	39	234.75804515623344
n2291	1820	0	0	51	234.55104749998344
n2284	1822	0	0	67	234.75537421873344
n2299	1824	0	0	51	235.25216859373336
n2296	1826	0	0	67	235.0398290624834
n2293	1829	0	0	75	235.0224679687334
n2301	1827	0	0	51	235.7583112499833
n2300	1825	0	0	55	235.50991406248335
n2303	1830	0	0	46	236.2163770312333
n2302	1832	0	0	56	236.0080439062333
n2297	1828	0	0	65	235.9906828124833
n2295	1831	0	0	74	236.2123706249833
n2311	1833	0	0	58	236.73988078123327
n2307	1837	0	0	77	236.53288312498327
n2304	1839	0	0	80	236.51151562498328
n2313	1835	0	0	58	237.21130124998322
n2312	1834	0	0	62	236.99629078123326
n2315	1838	0	0	51	237.69073453123318
n2314	1836	0	0	63	237.46637578123318
n2306	1840	0	0	79	237.70275374998317
n2309	deletion
n2322	1841	0	0	63	238.2035545312331
n2316	1844	0	0	84	237.98453765623313
n2324	1843	0	0	63	238.69100062498308
n2323	1842	0	0	67	238.4426034374831
n2325	1846	0	0	62	238.91936578123307
n2326	1845	0	0	65	239.14238906248306
n2318	1847	0	0	83	239.14238906248306
n2336	1848	0	0	55	239.67791203123303
n2327	1850	0	0	77	239.45755968748304
n2328	1853	0	0	86	239.41616015623305
n2338	1851	0	0	55	240.14532609373302
n2337	1849	0	0	59	239.90894812498303
n2340	1854	0	0	48	240.61407562498295
n2339	1852	0	0	60	240.37636218748298
n2331	1855	0	0	75	240.61407562498295
n2332	1856	0	0	84	240.60472734373295
n2348	1857	0	0	63	241.0988507812329
n2341	1860	0	0	73	240.8718210937329
n2342	1864	0	0	82	240.8624728124829
n2350	1859	0	0	63	241.56760031248288
n2349	1858	0	0	67	241.3405706249829
n2352	1862	0	0	56	242.0270015624828
n2351	1861	0	0	68	241.81065562498284
n2345	1863	0	0	72	242.0617237499828
n2346	1865	0	0	80	242.0376853124828
n2360	1866	0	0	48	242.54649890623276
n2353	1869	0	0	70	242.31279187498276
n2354	1872	0	0	79	242.29676624998277
n2362	1868	0	0	48	243.0152484374827
n2361	1867	0	0	52	242.79356062498275
n2364	1871	0	0	41	243.46530140623267
n2363	1870	0	0	53	243.2449490624827
n2357	1873	0	0	68	243.50135906248266
n2358	1874	0	0	77	243.48933984373267
n2372	1875	0	0	62	244.01952093748264
n2365	1877	0	0	71	243.79249124998265
n2366	1881	0	0	80	243.77379468748265
n2374	1878	0	0	62	244.50028968748256
n2373	1876	0	0	65	244.2772664062326
n2375	1879	0	0	63	244.75937062498252
n2376	1880	0	0	67	244.98907124998252
n2369	1882	0	0	70	244.99441312498251
n2370	1883	0	0	79	244.97972296873252
n2384	1884	0	0	59	245.52192328123243
n2377	1887	0	0	68	245.30023546873247
n2378	1889	0	0	77	245.26951968748247
n2386	1886	0	0	59	245.9946792187324
n2385	1885	0	0	62	245.76230765623242
n2387	1890	0	0	58	246.24841828123238
n2388	1888	0	0	63	246.51551203123236
n2381	1891	0	0	67	246.55156968748236
n2382	1892	0	0	75	246.51150562498236
n2395	1902	0	0	56	246.8827659374823
n2396	1901	0	0	60	246.8694112499823
n2397	1903	0	0	65	246.8720821874823
n2390	1893	0	0	72	247.1084601562323
n2392	1895	0	0	76	247.58121609373225
n2391	1894	0	0	79	247.3461735937323
n2394	1897	0	0	77	248.0432882812322
n2393	1896	0	0	80	247.80958124998222
n2398	1898	0	0	83	248.28767906248217
n2399	1899	0	0	86	248.5374117187322
n2401	1904	0	0	79	249.0208514062322
n2400	1900	0	0	84	248.78180249998218
n2403	1906	0	0	77	249.49227187498212
n2402	1905	0	0	80	249.24521015623216
n2413	1915	0	0	58	249.7994296874821
n2414	1914	0	0	65	249.7820685937321
n2415	1912	0	0	68	249.7940878124821
n2408	1908	0	0	74	250.02512390623207
n2407	1907	0	0	75	249.7713848437321
n2410	1910	0	0	77	250.578007968732
n2409	1909	0	0	80	250.31892703123205
n2412	1913	0	0	71	251.04008015623194
n2411	1911	0	0	74	250.82106328123197
n2417	1917	0	0	69	251.5395454687319
n2416	1916	0	0	70	251.2911482812319
n2419	1919	0	0	69	252.03633984373184
n2418	1918	0	0	77	251.79461999998188
n2421	1921	0	0	68	252.5785401562318
n2420	1920	0	0	77	252.30743999998182
n2433	1924	0	0	51	252.8362856249818
n2435	1925	0	0	55	253.06999265623176
n2434	1923	0	0	58	252.94445859373178
n2436	1926	0	0	58	253.18751390623174
n2423	1922	0	0	67	252.8322792187318
n2437	1928	0	0	51	253.30770609373172
n2439	1931	0	0	55	253.50669093748172
n2438	1929	0	0	58	253.3851632812317
n2440	1933	0	0	58	253.6015092187317
n2425	1927	0	0	63	253.27966124998173
n2426	1930	0	0	65	253.3731440624817
n2427	1932	0	0	67	253.47597515623173
n2428	1934	0	0	68	253.5921609374817
n2441	1941	0	0	51	253.7043403124817
n2443	1938	0	0	55	253.89531234373166
n2442	1936	0	0	58	253.77912656248168
n2444	1942	0	0	58	254.00081437498164
n2429	1935	0	0	70	253.6989984374817
n2430	1937	0	0	72	253.80450046873167
n2431	1939	0	0	74	253.91133796873166
n2432	1940	0	0	75	254.00615624998164
n2450	1943	0	0	53	254.14237406248162
n2452	1945	0	0	56	254.35204265623162
n2451	1944	0	0	58	254.26657265623163
n2453	1946	0	0	58	254.45487374998163
n2445	1947	0	0	75	254.13970312498162
n2456	1953	0	0	51	254.7980892187316
n2454	1950	0	0	53	254.5937624999816
n2455	1949	0	0	58	254.6712196874816
n2457	1952	0	0	58	254.9009203124816
n2447	1951	0	0	72	254.7967537499816
n2446	1948	0	0	74	254.5830787499816
n2458	1956	0	0	50	255.02244796873157
n2460	1959	0	0	53	255.23879390623154
n2459	1955	0	0	58	255.14931749998155
n2461	1958	0	0	58	255.36833437498154
n2449	1957	0	0	68	255.22543921873154
n2448	1954	0	0	70	255.01443515623157
n2472	1963	0	0	51	255.48986203123152
n2474	1964	0	0	55	255.73558828123151
n2473	1960	0	0	58	255.61406062498153
n2475	1965	0	0	58	255.8611223437315
n2462	1961	0	0	66	255.47116546873153
n2463	1962	0	0	67	255.71822718748152
n2476	1969	0	0	51	255.94525687498148
n2478	1970	0	0	55	256.1669446874816
n2477	1967	0	0	58	256.0467524999815
n2479	1972	0	0	58	256.2457373437316
n2464	1966	0	0	63	255.94125046873148
n2465	1968	0	0	65	256.0414106249815
n2466	1971	0	0	67	256.15358999998153
n2467	1973	0	0	68	256.2564210937316
n2480	1980	0	0	51	256.34189109373165
n2482	1977	0	0	55	256.55289515623195
n2481	1975	0	0	58	256.4380448437318
n2483	1981	0	0	58	256.6557262499821
n2468	1974	0	0	70	256.3539103124817
n2469	1976	0	0	72	256.4554059374818
n2470	1978	0	0	74	256.570256249982
n2471	1979	0	0	75	256.6557262499821
n2489	1982	0	0	53	256.7892731249821
n2491	1984	0	0	56	257.00027718748225
n2490	1983	0	0	58	256.8947751562322
n2492	1985	0	0	58	257.1271467187323
n2484	1986	0	0	75	256.7879376562321
n2495	1991	0	0	51	257.42362078123256
n2493	1988	0	0	53	257.2246359374824
n2494	1989	0	0	58	257.3408217187325
n2496	1992	0	0	58	257.55583218748257
n2486	1990	0	0	72	257.4329690624826
n2485	1987	0	0	74	257.21528765623236
n2497	1994	0	0	50	257.6413021874826
n2499	1998	0	0	53	257.8710028124828
n2498	1995	0	0	58	257.78286187498276
n2500	1997	0	0	58	258.0005432812328
n2488	1996	0	0	68	257.8643254687328
n2487	1993	0	0	70	257.66133421873263
n2511	2001	0	0	51	258.15412218748287
n2513	2003	0	0	55	258.37714546873303
n2512	1999	0	0	58	258.262295156233
n2514	2004	0	0	58	258.4906603124831
n2501	2000	0	0	66	258.1113871874828
n2502	2002	0	0	67	258.34509421873304
n2515	2008	0	0	51	258.5801367187332
n2517	2009	0	0	55	258.7791215624834
n2516	2006	0	0	58	258.67762593748324
n2518	2011	0	0	58	258.87527531248355
n2503	2005	0	0	63	258.57613031248314
n2504	2007	0	0	65	258.6762904687332
n2505	2010	0	0	67	258.7764506249834
n2506	2012	0	0	68	258.87527531248355
n2519	2019	0	0	51	258.9674226562336
n2521	2016	0	0	55	259.16640749998373
n2520	2014	0	0	58	259.05823453123367
n2522	2018	0	0	58	259.26790312498383
n2507	2013	0	0	70	258.9674226562336
n2508	2015	0	0	72	259.0702537499837
n2509	2017	0	0	73	259.16774296873376
n2510	2020	0	0	75	259.2612257812338
n2527	2023	0	0	49	259.4281593749839
n2529	2022	0	0	55	259.667208281234
n2528	2021	0	0	58	259.5603707812339
n2530	2025	0	0	58	259.7847295312342
n2532	2028	0	0	58	259.95967593748435
n2534	deletion
n2523	2024	0	0	77	259.4041209374839
n2531	2031	0	0	49	259.8755414062342
n2533	2030	0	0	55	260.0852099999845
n2524	2029	0	0	77	260.0651779687345
insertion	2026	0	0	77	259.9529985937343
n2535	2036	0	0	49	260.30823328123483
n2537	2035	0	0	55	260.553959531235
n2536	2034	0	0	58	260.4404446874849
n2538	2038	0	0	58	260.7275704687352
n2544	2040	0	0	58	261.17895890623544
n2546	2044	0	0	58	261.4113304687356
n2548	2047	0	0	58	261.6143217187357
n2550	2052	0	0	58	261.8293321874859
n2552	2055	0	0	58	261.98958843748596
n2526	2039	0	0	79	260.6941837499852
insertion	2027	0	0	79	260.00641734373437
n2525	2037	0	0	82	260.2735110937348
n2543	2042	0	0	48	261.0173671874854
n2545	2041	0	0	55	261.2991510937356
n2539	2043	0	0	77	260.9959996874853
n2547	2048	0	0	48	261.5381999999857
n2549	2050	0	0	55	261.7278365624858
n2540	2045	0	0	76	261.5301871874857
n2551	2057	0	0	48	261.88675734373595
n2553	2059	0	0	55	262.09108406248606
n2554	2061	0	0	58	262.2045989062362
n2541	2058	0	0	74	262.1284771874861
n2542	2060	0	0	76	262.2112762499862
n2563	2068	0	0	48	262.3247910937363
n2565	2067	0	0	53	262.5571626562364
n2564	2065	0	0	56	262.4342995312364
n2566	2070	0	0	56	262.64530359373646
n2555	2062	0	0	77	262.26335953123623
n2556	2071	0	0	79	262.64263265623646
n2567	2073	0	0	48	262.7841923437365
n2569	2075	0	0	53	262.9951964062365
n2568	2074	0	0	56	262.8843524999865
n2570	2076	0	0	56	263.11538859373655
n2559	2077	0	0	79	263.11004671873656
n2557	2072	0	0	80	262.76416031248647
n2571	2081	0	0	47	263.20219406248657
n2573	2080	0	0	53	263.4172045312366
n2572	2079	0	0	56	263.31570890623664
n2574	2083	0	0	56	263.5520868749867
n2562	2082	0	0	75	263.5614351562367
n2560	2078	0	0	77	263.2088714062366
n2580	2085	0	0	46	263.6722790624867
n2582	2086	0	0	53	263.8953023437369
n2581	2084	0	0	56	263.77243921873674
n2583	2088	0	0	56	264.014159062487
n2575	2087	0	0	75	263.6749499999867
n2584	2091	0	0	46	264.1103128124871
n2586	2094	0	0	53	264.2665626562372
n2585	2092	0	0	56	264.2251631249872
n2587	2096	0	0	56	264.3734001562373
n2577	2095	0	0	72	264.3066267187373
n2576	2089	0	0	74	264.0929517187371
n2578	2097	0	0	74	264.40144499998735
n2588	2098	0	0	48	264.52030171873736
n2590	2100	0	0	51	264.7313057812374
n2589	2099	0	0	55	264.64717124998737
n2591	2101	0	0	55	264.8461560937374
n2579	2102	0	0	75	264.52831453123736
n2602	2106	0	0	44	264.96901921873746
n2594	2105	0	0	71	265.17334593748757
n2593	2104	0	0	72	265.06517296873744
n2595	2107	0	0	72	265.2815189062377
n2592	2103	0	0	74	264.96634828123746
n2596	2108	0	0	71	265.3936982812378
n2598	2110	0	0	71	265.6033668749878
n2597	2109	0	0	72	265.4992003124878
n2599	2111	0	0	72	265.68883687498777
n2601	2113	0	0	72	266.05742624998794
n2600	2112	0	0	75	265.81437093748775
n2620	2123	0	0	60	266.2804495312382
n2617	2122	0	0	63	266.28979781248825
n2609	2116	0	0	67	266.49545999998844
n2608	2115	0	0	68	266.3819451562384
n2610	2117	0	0	68	266.5929492187385
n2607	2114	0	0	70	266.2911332812383
n2611	2118	0	0	67	266.6984512499885
n2613	2120	0	0	67	266.90544890623863
n2612	2119	0	0	68	266.79460499998856
n2614	2121	0	0	68	266.98958343748865
n2616	2125	0	0	68	267.3461535937387
n2615	2124	0	0	72	267.1231303124887
n2625	2128	0	0	64	267.75747796873895
n2624	2127	0	0	65	267.67734984373885
n2626	2129	0	0	65	267.85496718748897
n2623	2126	0	0	67	267.5718478124887
n2629	2132	0	0	71	268.14342843748904
n2628	2131	0	0	72	268.049945624989
n2630	2133	0	0	72	268.231569374989
n2627	2130	0	0	73	267.959133749989
n2633	2136	0	0	76	268.5253724999891
n2632	2135	0	0	77	268.4265478124891
n2634	2137	0	0	77	268.6161843749891
n2631	2134	0	0	79	268.33840687498906
n2639	2138	0	0	83	268.72836374998906
n2642	2141	0	0	81	269.0475407812391
n2643	2140	0	0	83	268.9901156249891
n2641	2142	0	0	83	269.1303398437391
n2640	2139	0	0	84	268.923342187489
n2644	2143	0	0	86	269.5416642187392
n2647	2146	0	0	77	270.0678389062396
n2646	2145	0	0	80	269.9302856249895
n2645	2144	0	0	84	269.7673584374894
n2659	2154	0	0	58	270.31490062498995
n2657	2151	0	0	67	270.3082232812399
n2651	2147	0	0	75	270.26014640623987
n2652	2152	0	0	75	271.0467374999906
insertion	2149	0	0	75	270.8624428124905
n2658	2153	0	0	68	271.1963099999907
n2656	2157	0	0	74	271.2310321874907
n2654	2156	0	0	77	271.4540554687409
n2653	2155	0	0	79	271.1963099999907
n2667	2159	0	0	51	271.71313640624106
n2669	2160	0	0	55	271.9201340624913
n2668	2158	0	0	58	271.8159674999912
n2670	2161	0	0	58	272.0363198437414
n2660	2162	0	0	75	271.71580734374106
n2671	2165	0	0	51	272.1471637499915
n2673	2166	0	0	55	272.3514904687415
n2672	2163	0	0	58	272.2419820312415
n2674	2167	0	0	58	272.4476442187415
n2662	2164	0	0	70	272.3541614062415
n2675	2172	0	0	51	272.5678364062415
n2677	2171	0	0	55	272.7788404687415
n2676	2169	0	0	58	272.6679965624915
n2678	2173	0	0	58	272.88434249999153
n2663	2168	0	0	75	272.5691718749915
n2664	2170	0	0	79	272.7841823437415
n2690	2176	0	0	50	273.02723765624154
n2692	2177	0	0	53	273.2556028124916
n2691	2175	0	0	58	273.12739781249155
n2693	2178	0	0	58	273.3384018749917
n2681	2180	0	0	74	272.9591287499915
n2682	2174	0	0	77	273.00052828124154
n2683	2182	0	0	80	273.05661796874153
n2694	2179	0	0	50	273.46527140624187
n2696	2183	0	0	53	273.6856237499921
n2695	2181	0	0	58	273.581457187492
n2697	2186	0	0	58	273.7804420312422
n2685	2185	0	0	74	273.7764356249922
n2684	2184	0	0	77	273.6896301562421
n2698	2188	0	0	50	273.86724749999223
n2700	2191	0	0	53	274.0969481249923
n2699	2189	0	0	58	273.9834332812423
n2701	2192	0	0	58	274.1944373437424
n2687	2190	0	0	68	274.1103028124923
n2686	2187	0	0	70	273.87926671874226
n2713	2194	0	0	51	274.35202265624235
n2715	2196	0	0	55	274.5683685937426
n2714	2195	0	0	58	274.44817640624245
n2716	2197	0	0	58	274.6805479687427
n2704	2193	0	0	67	274.34935171874235
n2717	2198	0	0	51	274.7967337499928
n2719	2201	0	0	55	274.997054062493
n2718	2199	0	0	58	274.88621015624295
n2720	2203	0	0	58	275.0878659374931
n2706	2200	0	0	70	274.8768618749929
n2707	2202	0	0	75	274.990376718743
n2708	2204	0	0	79	275.07451124999307
n2721	2206	0	0	51	275.1973743749933
n2723	2208	0	0	55	275.3963592187435
n2722	2207	0	0	58	275.2828443749934
n2724	2210	0	0	58	275.5272351562436
n2709	2205	0	0	82	275.1893615624933
n2710	2209	0	0	82	275.4057074999935
n2741	2214	0	0	50	275.6300662499937
n2730	2215	0	0	79	275.93722406249384
n2727	2211	0	0	80	275.6487628124937
n2729	2213	0	0	80	275.8397348437438
n2728	2212	0	0	82	275.7369037499938
n2734	2219	0	0	72	276.3258454687439
n2733	2218	0	0	74	276.23903999999385
n2732	2217	0	0	75	276.13220249999387
n2731	2216	0	0	77	276.0440615624939
n2738	2223	0	0	65	276.7264860937441
n2737	2222	0	0	67	276.6263259374941
n2736	2221	0	0	68	276.52483031249403
n2735	2220	0	0	70	276.428676562494
n2754	2225	0	0	51	276.8266462499941
n2750	2224	0	0	63	276.82531078124407
n2751	2226	0	0	75	277.07637890624414
n2745	2227	0	0	79	277.05234046874415
n2756	2228	0	0	58	277.2580026562442
n2752	2230	0	0	74	277.5104062499942
n2747	2229	0	0	77	277.4983870312442
n2758	2231	0	0	60	277.7147329687442
n2753	2232	0	0	72	277.93775624999427
n2749	2233	0	0	75	277.93241437499427
n2769	2234	0	0	55	278.1514312499943
n2766	2236	0	0	70	278.3864737499943
n2761	2235	0	0	73	278.3717835937443
n2771	2237	0	0	56	278.6014842187443
n2767	2239	0	0	68	278.85922968749435
n2763	2238	0	0	72	278.8418685937443
n2773	2240	0	0	60	279.11029781249437
n2774	2241	0	0	64	279.11563968749437
n2768	2243	0	0	67	279.40944281249443
n2765	2242	0	0	70	279.38807531249444
n2781	2244	0	0	61	279.76200656249443
n2780	2246	0	0	65	280.0945382812444
n2777	2245	0	0	68	280.0758417187444
n2790	2248	0	0	65	282.2646749999953
n2787	2247	0	0	68	282.2406365624953
n2791	2249	0	0	65	282.51040124999537
n2792	2251	0	0	65	282.7801659374954
n2788	2250	0	0	68	282.50372390624534
n2789	2252	0	0	68	282.7401018749954
n2795	2257	0	0	65	283.0312340624954
n2794	2256	0	0	68	283.0205503124954
n2798	2253	0	0	61	283.83919265624604
n2799	2254	0	0	61	284.10361546874617
n2800	2255	0	0	61	284.34934171874613
n2812	2268	0	0	61	284.6551640624961
n2807	2259	0	0	65	285.4417551562467
n2806	2258	0	0	67	285.4177167187467
n2802	2260	0	0	68	285.4484324999967
n2809	2262	0	0	65	285.6901523437468
n2811	2265	0	0	65	285.9211884374968
n2808	2261	0	0	67	285.66744937499675
n2810	2264	0	0	67	285.8958145312468
n2803	2263	0	0	68	285.6901523437468
n2804	2266	0	0	68	285.9158465624968
n2815	2277	0	0	65	286.1629082812469
n2814	2279	0	0	68	286.1589018749969
n2818	2269	0	0	48	286.8453328124969
n2819	2270	0	0	49	286.86536484374693
n2820	2272	0	0	48	287.08438171874707
n2822	2273	0	0	48	287.3154178124973
n2821	2271	0	0	49	287.0883881249971
n2823	2274	0	0	49	287.3407917187473
n2830	2276	0	0	49	287.6052145312474
n2831	2278	0	0	48	288.10067343749773
n2832	2282	0	0	47	288.66958312499804
n2825	2280	0	0	63	288.67492499999804
n2826	2281	0	0	66	288.68427328124807
n2827	2283	0	0	69	288.644209218748
n2844	2292	0	0	46	289.1329907812483
n2845	2296	0	0	51	289.19709328124827
n2846	2291	0	0	55	289.23982828124826
n2833	2285	0	0	63	289.27455046874826
n2834	2286	0	0	67	289.31728546874825
n2835	2287	0	0	70	289.36402687499833
n2837	2289	0	0	70	290.4911624999991
n2836	2288	0	0	72	290.3869959374991
n2841	2295	0	0	63	290.9078287499995
n2840	2294	0	0	65	290.8103395312494
n2839	2293	0	0	67	290.70216656249926
n2838	2290	0	0	68	290.6033418749992
n2856	2303	0	0	46	291.0988007812498
n2857	2305	0	0	53	291.07342687499977
n2858	2304	0	0	56	291.07209140624974
n2847	2297	0	0	62	291.06140765624974
n2850	2300	0	0	64	291.8546760937504
n2851	2299	0	0	65	291.79591546875037
n2849	2301	0	0	65	291.9107657812504
n2848	2298	0	0	67	291.7264710937504
n2853	2306	0	0	62	292.2286073437504
n2852	2302	0	0	68	291.9842165625004
n2873	2332	0	0	51	292.51573312500045
n2868	2307	0	0	55	292.75344656250047
n2860	2308	0	0	58	292.7374209375005
n2859	2313	0	0	63	292.49436562500046
n2869	2309	0	0	56	292.9644506250005
n2870	2311	0	0	57	293.20483500000046
n2861	2310	0	0	59	292.9724634375005
n2862	2312	0	0	60	293.21284781250046
n2871	2315	0	0	58	293.4372065625004
n2872	2316	0	0	59	293.66824265625047
n2863	2314	0	0	61	293.43854203125045
n2864	2317	0	0	62	293.67358453125047
n2883	2320	0	0	58	294.12630843750054
n2882	2319	0	0	60	293.9019496875005
n2874	2318	0	0	63	293.8992787500005
n2875	2321	0	0	64	294.12764390625057
n2885	2324	0	0	55	294.6137545312506
n2884	2322	0	0	56	294.36669281250056
n2876	2323	0	0	65	294.37470562500056
n2877	2325	0	0	67	294.63111562500063
n2886	2326	0	0	53	294.8487970312506
n2887	2328	0	0	56	295.08918140625065
n2879	2329	0	0	62	295.0905168750007
n2878	2327	0	0	68	294.8568098437506
n2905	deletion
n2901	2331	0	0	55	295.3442559375007
n2889	2330	0	0	63	295.3442559375007
n2896	2334	0	0	67	295.6073432812509
n2890	2333	0	0	70	295.59933046875085
n2898	2338	0	0	67	296.07742828125134
n2897	2335	0	0	68	295.85039859375115
n2892	2337	0	0	70	296.0533898437513
n2891	2336	0	0	72	295.8330375000011
n2900	2342	0	0	63	296.53415859375144
n2899	2339	0	0	65	296.3004515625014
n2894	2341	0	0	67	296.53148765625144
n2893	2340	0	0	68	296.29377421875137
n2918	2346	0	0	45	297.0002371875016
n2916	2344	0	0	46	296.7718720312515
n2919	2345	0	0	57	296.9922243750016
n2917	2343	0	0	58	296.7651946875015
n2914	2347	0	0	62	296.7651946875015
n2909	2348	0	0	65	296.7518400000015
n2922	2352	0	0	43	297.44361281250167
n2920	2350	0	0	44	297.2312732812517
n2923	2351	0	0	55	297.43827093750167
n2921	2349	0	0	56	297.22192500000165
n2924	2354	0	0	41	297.68666812500175
n2926	2359	0	0	46	297.9136978125018
n2925	2353	0	0	53	297.6826617187517
n2927	2358	0	0	58	297.9070204687518
n2911	2355	0	0	65	297.70002281250174
n2912	2356	0	0	68	297.70135828125177
n2913	2357	0	0	74	297.68666812500175
n2944	2362	0	0	39	298.1514112500019
n2945	2360	0	0	51	298.15675312500196
n2930	2363	0	0	67	298.163430468752
n2931	2361	0	0	70	298.15942406250196
n2932	2364	0	0	75	298.15675312500196
n2939	2366	0	0	79	298.40915671875223
n2933	2365	0	0	82	298.3998084375022
n2941	2370	0	0	79	298.8939318750028
n2940	2367	0	0	80	298.64152828125253
n2935	2369	0	0	82	298.86722250000275
n2934	2368	0	0	84	298.64820562500256
n2943	2374	0	0	75	299.36001046875305
n2942	2371	0	0	77	299.11829062500294
n2937	2373	0	0	79	299.31326906250297
n2936	2372	0	0	80	299.1049359375029
n2955	2375	0	0	70	299.83677281250334
n2952	2378	0	0	74	299.62443328125323
n2950	2379	0	0	77	299.6003948437532
n2957	2377	0	0	70	300.3148706250034
n2956	2376	0	0	72	300.07448625000336
n2959	2381	0	0	67	300.83837437500347
n2958	2380	0	0	68	300.5886417187534
n2953	2382	0	0	76	300.64339593750344
n2951	2383	0	0	79	300.5752870312534
n2966	2384	0	0	65	301.19093812500347
n2967	2385	0	0	68	301.4553609375035
n2963	2386	0	0	77	301.19628000000347
n2960	2390	0	0	80	301.17090609375344
n2969	2389	0	0	68	301.9321232812535
n2968	2387	0	0	70	301.6904034375035
n2964	2388	0	0	72	301.7171128125035
n2961	2391	0	0	75	301.6810551562535
n2971	2393	0	0	65	302.4062146875036
n2970	2392	0	0	67	302.1725076562536
n2965	2394	0	0	74	302.1925396875036
n2962	2395	0	0	77	302.14713375000355
n2984	2397	0	0	63	302.66529562500364
n2985	2400	0	0	70	302.9030090625037
n2979	2399	0	0	74	302.9003381250037
n2978	2396	0	0	75	302.67998578125366
n2973	2401	0	0	77	302.8803060937537
n2972	2398	0	0	79	302.6452635937536
n2987	2407	0	0	70	303.3624103125039
n2986	2403	0	0	72	303.1353806250038
n2981	2404	0	0	74	303.34905562500387
n2980	2402	0	0	75	303.1447289062538
n2975	2406	0	0	79	303.33970734375384
n2974	2405	0	0	80	303.1273678125038
n2989	2413	0	0	67	303.7991085937542
n2988	2409	0	0	68	303.59745281250395
n2983	2411	0	0	70	303.80578593750425
n2982	2412	0	0	72	303.58944000000395
n2977	2410	0	0	75	303.7910957812542
n2976	2408	0	0	77	303.5827626562539
n2999	2417	0	0	63	304.2758709375045
n2998	2414	0	0	65	304.0541831250044
n2995	2416	0	0	67	304.2918965625046
n2994	2419	0	0	68	304.05017671875436
n2991	2418	0	0	72	304.2651871875045
n2990	2415	0	0	74	304.04617031250433
n3001	2421	0	0	61	304.85412890625463
n3000	2420	0	0	62	304.56566765625456
n2996	2422	0	0	65	304.5750159375046
n2992	2423	0	0	70	304.57100953125456
n3003	2425	0	0	59	305.56860468750466
n3002	2424	0	0	60	305.19600890625463
n2997	2427	0	0	63	305.20135078125463
n2993	2426	0	0	69	305.17731234375464
n3008	2428	0	0	58	306.28708687500466
n3006	2429	0	0	62	306.2884223437547
n3004	2430	0	0	68	306.24835828125464
n3010	2431	0	0	46	310.1078629687563
n3019	2434	0	0	51	310.3682793750063
n3012	2432	0	0	63	310.6447214062563
n3014	2436	0	0	63	311.1268256250063
n3013	2433	0	0	67	310.8770929687563
n3021	2435	0	0	50	311.58622687500633
n3016	2437	0	0	58	311.59557515625636
n3015	2438	0	0	68	311.3618681250063
n3028	2441	0	0	56	311.8332885937564
n3023	2439	0	0	70	312.0736729687564
n3025	2443	0	0	70	312.5611190625064
n3024	2440	0	0	74	312.3113864062564
n3030	2442	0	0	55	313.0098365625064
n3027	2444	0	0	63	313.0071656250064
n3026	2445	0	0	75	312.7841423437564
n3039	2449	0	0	61	313.24087265625656
n3034	2446	0	0	75	313.49327625000666
n3036	2452	0	0	75	313.9526775000068
n3035	2447	0	0	79	313.72831875000674
n3041	2450	0	0	60	314.3920467187573
n3038	2451	0	0	68	314.4107432812573
n3037	2448	0	0	80	314.1863845312571
n3056	2453	0	0	63	314.8674735937577
n3051	2454	0	0	65	314.8634671875077
n3045	2456	0	0	69	314.8674735937577
n3044	2455	0	0	81	314.6431148437576
n3057	2457	0	0	62	315.31352015625794
n3053	2458	0	0	65	315.31352015625794
n3047	2460	0	0	70	315.31619109375794
n3046	2459	0	0	82	315.0931678125079
n3059	2462	0	0	65	315.7916179687579
n3055	2463	0	0	67	315.79562437500795
n3049	2464	0	0	71	315.796959843758
n3048	2461	0	0	83	315.5685946875079
n3073	2465	0	0	63	316.26570937500804
n3067	2466	0	0	67	316.26303843750804
n3061	2468	0	0	72	316.2670448437581
n3060	2467	0	0	84	316.033337812508
n3075	2471	0	0	68	316.75716187500814
n3069	2470	0	0	70	316.7531554687581
n3063	2472	0	0	74	316.75449093750814
n3062	2469	0	0	86	316.5167775000081
n3077	2475	0	0	67	317.2633045312583
n3071	2474	0	0	70	317.2633045312583
n3065	2476	0	0	75	317.2619690625083
n3064	2473	0	0	87	317.0242556250082
n3081	2477	0	0	60	318.3410278125092
n3091	2478	0	0	44	318.8698734375095
n3085	2481	0	0	72	318.65352750000943
n3093	2480	0	0	53	319.3159200000095
n3092	2479	0	0	56	319.1009095312595
n3095	2483	0	0	46	319.8047015625096
n3094	2482	0	0	58	319.57633640625954
n3087	2484	0	0	62	319.8100434375096
n3108	2486	0	0	51	320.05176328125964
n3096	2485	0	0	63	320.0504278125096
n3103	2488	0	0	67	320.3041668750096
n3097	2487	0	0	70	320.28547031250963
n3105	2492	0	0	67	320.7849356250097
n3104	2489	0	0	68	320.5512285937597
n3099	2491	0	0	70	320.7502134375097
n3098	2490	0	0	72	320.51784187500965
n3107	2495	0	0	63	321.2630334375098
n3106	2493	0	0	65	321.0146362500098
n3101	2496	0	0	67	321.2122856250098
n3100	2494	0	0	68	320.9946042187598
n3116	2497	0	0	58	321.7064090625098
n3114	2499	0	0	62	321.5287917187598
n3111	2500	0	0	65	321.4887276562598
n3117	2498	0	0	57	321.9574771875098
n3118	2501	0	0	58	322.1951906250099
n3120	deletion
n3119	2502	0	0	56	322.43557500001
n3133	2504	0	0	51	322.92969843751
n3128	2506	0	0	55	323.18210203126006
n3122	2505	0	0	58	323.16741187501003
n3130	2510	0	0	55	323.7069412500102
n3129	2508	0	0	56	323.43317015626013
n3124	2509	0	0	58	323.6481806250102
n3123	2507	0	0	60	323.4051253125101
n3132	2514	0	0	51	324.19171640626024
n3131	2511	0	0	53	323.9152743750102
n3126	2513	0	0	55	324.1316203125102
n3125	2512	0	0	56	323.8952423437602
n3143	2515	0	0	34	324.6163954687603
n3139	2517	0	0	50	324.40806234376026
n3136	2516	0	0	53	324.38135296876027
n3144	2518	0	0	35	324.8420896875103
n3145	2519	0	0	36	325.0624420312603
n3146	2520	0	0	37	325.31618109376024
n3147	2521	0	0	38	325.5792684375102
n3154	2523	0	0	39	325.8730715625102
n3149	2522	0	0	51	326.10944953126017
n3150	2524	0	0	52	326.35918218751016
n3151	2525	0	0	53	326.60624390626015
n3152	2526	0	0	54	326.8332735937601
n3153	2527	0	0	55	327.0603032812601
n3163	2528	0	0	48	327.63722578126004
n3159	2531	0	0	56	327.3621192187601
n3165	2530	0	0	48	328.11398812501005
n3164	2529	0	0	51	327.88829390626006
n3166	2532	0	0	46	328.3517015625101
n3167	2533	0	0	51	328.6054406250101
n3161	2534	0	0	55	328.6000987500101
n3174	2535	0	0	44	329.1089123437601
n3170	2538	0	0	60	328.8671925000101
n3176	2537	0	0	44	329.57232000001017
n3175	2536	0	0	51	329.3412839062601
n3177	2539	0	0	43	329.8314009375101
n3178	2540	0	0	51	330.0624370312603
n3172	2541	0	0	58	330.05041781251026
n3189	2542	0	0	38	330.53118656251047
n3181	2549	0	0	58	330.31751156251045
n3182	2546	0	0	65	330.3268598437605
n3183	2547	0	0	68	330.30415687501045
n3191	2544	0	0	38	331.0266454687607
n3190	2543	0	0	50	330.79560937501054
n3192	2545	0	0	39	331.257681562511
n3193	2548	0	0	51	331.4793693750111
n3186	2550	0	0	63	331.4793693750111
n3187	2551	0	0	67	331.4686856250111
n3211	2553	0	0	44	331.7250956250113
n3205	2552	0	0	56	331.7197537500113
n3197	2555	0	0	60	331.96013812501155
n3198	2554	0	0	65	331.95746718751155
n3213	2557	0	0	46	332.19117421876166
n3207	2556	0	0	55	332.17915500001163
n3201	2558	0	0	63	332.41286203126174
n3215	2561	0	0	46	332.65324640626187
n3209	2560	0	0	53	332.6452335937619
n3203	2562	0	0	56	332.86425046876207
n3204	2563	0	0	62	332.87493421876206
n3227	2564	0	0	38	333.39576703126227
n3217	2571	0	0	58	333.17942109376224
n3218	2569	0	0	65	333.18743390626224
n3219	2570	0	0	68	333.14736984376225
n3229	2566	0	0	38	333.8671875000126
n3228	2565	0	0	50	333.6401578125125
n3230	2567	0	0	39	334.11558468751286
n3231	2568	0	0	51	334.342614375013
n3222	2572	0	0	63	334.361310937513
n3223	2573	0	0	67	334.327924218763
n3251	2575	0	0	44	334.5990243750132
n3245	2574	0	0	56	334.58967609376316
n3235	2576	0	0	60	334.8313959375133
n3236	2577	0	0	65	334.8193767187633
n3253	2579	0	0	46	335.06376750001345
n3247	2578	0	0	55	335.05041281251346
n3239	2580	0	0	63	335.2801134375135
n3255	2583	0	0	46	335.5432007812635
n3249	2582	0	0	53	335.5311815625135
n3241	2585	0	0	56	335.7755723437635
n3242	2584	0	0	62	335.7675595312635
n3271	2586	0	0	51	336.0172921875135
n3268	2587	0	0	55	336.0066084375135
n3263	2589	0	0	67	336.26034750001355
n3258	2588	0	0	70	336.2429864062635
n3265	2592	0	0	67	336.76649015626407
n3264	2591	0	0	68	336.51008015626377
n3260	2593	0	0	70	336.71307140626396
n3259	2590	0	0	72	336.4726870312638
n3267	2596	0	0	63	337.19784656251426
n3266	2594	0	0	65	336.9668104687642
n3262	2597	0	0	67	337.1684662500142
n3261	2595	0	0	68	336.9521203125142
n3282	2603	0	0	56	337.52103000001455
n3283	2602	0	0	58	337.51835906251455
n3284	2601	0	0	62	337.5116817187645
n3285	2607	0	0	65	337.46360484376453
n3275	2598	0	0	82	337.71333750001463
n3276	2599	0	0	83	337.9537218750147
n3277	2600	0	0	84	338.18742890626476
n3278	2604	0	0	85	338.42113593751475
n3279	2605	0	0	86	338.665526718765
n3300	2610	0	0	55	338.93796234376526
n3301	2608	0	0	58	338.92861406251524
n3302	2609	0	0	63	338.9125884375152
n3295	2611	0	0	67	339.19036593751554
n3289	2612	0	0	70	339.1703339062655
n3288	2606	0	0	87	338.9019046875152
n3297	2615	0	0	67	339.68983125001586
n3296	2614	0	0	68	339.44009859376587
n3291	2616	0	0	70	339.67113468751586
n3290	2613	0	0	72	339.43742765626587
n3299	2620	0	0	63	340.19730937501595
n3298	2617	0	0	65	339.9248737500159
n3293	2619	0	0	67	340.1879610937659
n3292	2618	0	0	68	339.9248737500159
n3320	2630	0	0	46	340.6513687500162
n3321	2628	0	0	50	340.65537515626625
n3322	2627	0	0	53	340.6513687500162
n3323	2626	0	0	56	340.6500332812662
n3305	2621	0	0	58	340.6206529687662
n3307	2622	0	0	60	341.52476531251637
n3308	2623	0	0	62	341.68101515626637
n3309	2624	0	0	63	341.8052137500164
n3310	2625	0	0	65	341.9160576562664
n3311	2629	0	0	67	341.9975212500164
n3312	2631	0	0	68	342.0763139062664
n3313	2632	0	0	70	342.1030232812665
n3314	2633	0	0	72	342.1911642187665
n3315	2634	0	0	74	342.26461500001653
n3316	2635	0	0	75	342.3153628125165
n3317	2641	0	0	77	342.38881359376654
n3327	2637	0	0	39	342.45024515626653
n3328	2640	0	0	43	342.45692250001656
n3329	2638	0	0	46	342.45024515626653
n3330	2636	0	0	51	342.45024515626653
n3324	2639	0	0	79	342.45291609376653
insertion	166	0	0	77	26.733413437500165
insertion	232	0	0	70	34.46711296875004
insertion	383	0	0	84	51.614531718749014
insertion	378	0	0	86	51.42355968749903
insertion	381	0	0	83	51.55176468749902
insertion	397	0	0	84	52.98739359374892
insertion	399	0	0	83	53.07152812499891
insertion	402	0	0	83	53.246474531248886
insertion	405	0	0	83	53.35731843749887
insertion	401	0	0	84	53.1423079687489
insertion	403	0	0	84	53.27184843749888
insertion	409	0	0	83	53.49620718749886
insertion	407	0	0	84	53.421420937498866
insertion	413	0	0	84	53.67115359374883
insertion	419	0	0	84	53.93424093749881
insertion	443	0	0	81	55.667679374998635
insertion	441	0	0	82	55.62627984374864
insertion	504	0	0	65	63.10223390624807
insertion	517	0	0	40	64.25340796874798
insertion	1485	0	0	70	178.7204409374889
insertion	1488	0	0	73	178.6363064062389
insertion	1491	0	0	71	179.82754453123874
insertion	1510	0	0	73	183.86333109373837
insertion	1630	0	0	87	205.85850140623623
insertion	1662	0	0	74	208.7284237499858
insertion	1658	0	0	75	208.41191765623586
insertion	1661	0	0	75	208.65630843748582
insertion	1645	0	0	77	207.36624562498602
insertion	1648	0	0	77	207.60529453123598
insertion	1654	0	0	77	208.0793859374859
insertion	1660	0	0	77	208.60823156248583
insertion	1644	0	0	79	207.29413031248603
insertion	1647	0	0	79	207.531843749986
insertion	1650	0	0	79	207.77890546873596
insertion	1653	0	0	79	208.00059328123592
insertion	1643	0	0	80	207.19797656248605
insertion	1649	0	0	80	207.68809359373597
insertion	1646	0	0	76	207.462399374986
insertion	1665	0	0	71	208.88867999998578
insertion	1670	0	0	69	209.03157515623576
insertion	1671	0	0	68	209.09033578123575
insertion	1672	0	0	67	209.17046390623574
insertion	1673	0	0	66	209.24792109373573
insertion	1674	0	0	65	209.3333910937357
insertion	1675	0	0	64	209.3948226562357
insertion	1676	0	0	63	209.4509123437357
insertion	1677	0	0	62	209.54172421873568
insertion	1678	0	0	61	209.61116859373567
insertion	1679	0	0	60	209.66992921873566
insertion	1680	0	0	59	209.72735437498565
insertion	1681	0	0	58	209.79813421873564
insertion	1682	0	0	57	210.0585506249856
insertion	1683	0	0	56	210.4885715624856
insertion	1684	0	0	55	214.03824749998546
insertion	1812	0	0	51	232.96985249998363
insertion	2033	0	0	77	260.16934453123463
insertion	2032	0	0	76	260.12527406248455
insertion	2046	0	0	77	261.6143217187357
insertion	2049	0	0	76	261.70513359373575
insertion	2053	0	0	76	261.88141546873595
insertion	2056	0	0	76	262.034994374986
insertion	2051	0	0	77	261.77724890623585
insertion	2054	0	0	77	261.96822093748597
insertion	2066	0	0	76	262.4863828124864
insertion	2064	0	0	77	262.4156029687363
insertion	2069	0	0	77	262.5571626562364
insertion	2063	0	0	79	262.33814578123634
insertion	2093	0	0	74	264.2251631249872
insertion	2090	0	0	75	264.1704089062372
insertion	2148	0	0	77	270.74225062499033
insertion	2150	0	0	74	270.94924828124056
insertion	2267	0	0	67	286.1335279687469
insertion	2275	0	0	48	287.57182781249736
insertion	2284	0	0	66	289.36936874999833
insertion	2503	0	0	50	322.68130125001
insertion	2559	0	0	58	332.41686843751177
insertion	2581	0	0	58	335.2974745312635
