xml_id	midi_id	track	channel	pitch	onset
n16	5	1	0	43	1.0234375
n15	3	1	0	47	0.7643229166666666
n4	1	1	0	50	0.51953125
n2	0	1	0	57	0.51953125
n11	6	1	0	59	0.7669270833333333
n3	7	1	0	62	0.5234375
n1	2	1	0	66	0.5
n5	4	1	0	67	0.76171875
n6	8	1	0	71	1.01171875
n20	10	1	0	50	2.571614583333333
n13	9	1	0	57	2.5781249999999996
n14	13	1	0	62	2.580729166666666
n10	15	1	0	66	2.563802083333333
n30	16	1	0	43	3.0325520833333326
n29	11	1	0	47	2.7968749999999996
n27	12	1	0	59	2.819010416666666
n21	14	1	0	67	2.7968749999999996
n22	17	1	0	71	3.039062499999999
n34	19	1	0	67	4.372395833333333
n26	18	1	0	71	4.365885416666666
n43	21	1	0	66	4.57421875
n35	20	1	0	69	4.58984375
n36	22	1	0	74	4.765625
n44	25	1	0	64	4.97265625
n45	26	1	0	67	4.96875
n37	23	1	0	73	4.971354166666667
n38	24	1	0	79	5.149739583333333
n46	30	1	0	62	5.363281249999999
n47	27	1	0	66	5.354166666666666
n39	28	1	0	78	5.355468749999999
n40	29	1	0	83	5.552083333333332
n49	31	1	0	61	5.802083333333332
n50	50	1	0	64	5.804687499999999
n79	deletion
n48	33	1	0	69	5.795572916666665
n41	32	1	0	81	5.794270833333332
n42	34	1	0	88	6.029947916666666
n74	39	1	0	59	6.3046875
n75	49	1	0	62	6.30078125
n68	63	1	0	62	11.10286458333334
n54	37	1	0	83	6.627604166666666
n53	36	1	0	85	6.5390625
n52	35	1	0	86	6.415364583333334
n57	41	1	0	86	6.962239583333332
n70	48	1	0	68	6.757812499999999
n56	40	1	0	80	6.838541666666666
n58	42	1	0	80	7.072916666666665
n55	38	1	0	81	6.738281249999999
n77	54	1	0	57	7.393229166666665
n64	46	1	0	82	7.885416666666663
n59	43	1	0	83	7.391927083333332
n63	45	1	0	83	7.800781249999997
n65	47	1	0	83	7.963541666666663
n62	44	1	0	85	7.725260416666664
n66	51	1	0	85	8.33984375
n73	58	1	0	50	11.09114583333334
n67	57	1	0	57	11.100260416666673
n81	56	1	0	61	9.1328125
n82	53	1	0	64	9.139322916666666
n61	59	1	0	66	11.085937500000005
n72	52	1	0	69	9.141927083333332
n60	55	1	0	81	9.11328125
n100	65	1	0	43	11.559895833333343
n99	60	1	0	47	11.350260416666673
n91	61	1	0	59	11.365885416666673
n95	69	1	0	62	12.194010416666682
n92	deletion
n83	62	1	0	67	11.322916666666673
n84	64	1	0	71	11.554687500000009
n87	72	1	0	71	12.186197916666682
n102	67	1	0	54	11.980468750000016
n93	66	1	0	61	11.977864583333348
n94	71	1	0	66	11.979166666666682
n86	68	1	0	70	11.964843750000014
n104	73	1	0	47	12.397135416666682
n103	70	1	0	50	12.194010416666682
n88	74	1	0	74	12.393229166666682
n106	76	1	0	57	12.78645833333335
n97	75	1	0	64	12.792968750000016
n98	81	1	0	69	12.796875000000016
n90	79	1	0	73	12.78255208333335
n119	83	1	0	50	13.246093750000018
n118	77	1	0	54	13.010416666666682
n115	78	1	0	66	13.023437500000016
n107	80	1	0	74	13.007812500000016
n108	82	1	0	78	13.243489583333352
n124	84	1	0	43	13.652343750000018
n121	85	1	0	55	13.710937500000018
n110	86	1	0	71	13.647135416666684
n125	94	1	0	45	13.963541666666684
n122	88	1	0	54	13.944010416666684
n111	87	1	0	62	13.944010416666684
n123	89	1	0	55	14.414062500000016
n117	90	1	0	61	14.381510416666682
n114	93	1	0	62	14.802083333333353
n113	92	1	0	64	14.505208333333352
n112	91	1	0	66	14.371093750000016
n138	97	1	0	47	14.998697916666686
n132	95	1	0	54	15.00000000000002
n126	96	1	0	62	14.98046875000002
n136	99	1	0	69	16.578125000000025
n137	98	1	0	72	16.578125000000025
n130	100	1	0	75	16.578125000000025
n131	101	1	0	78	16.572916666666693
n152	108	1	0	64	17.05338541666669
n150	102	1	0	67	16.832031250000025
n153	106	1	0	67	17.04947916666669
n151	104	1	0	71	16.821614583333357
n139	105	1	0	76	16.813802083333357
n140	103	1	0	79	16.821614583333357
n141	109	1	0	79	17.04557291666669
n142	107	1	0	83	17.04557291666669
n158	110	1	0	43	17.48046875000002
n155	111	1	0	55	17.50390625000002
n144	112	1	0	71	17.46354166666669
n159	117	1	0	45	17.746093750000025
n156	114	1	0	54	17.752604166666693
n145	113	1	0	62	17.730468750000025
n157	115	1	0	55	18.152343750000025
n149	116	1	0	61	18.154947916666693
n148	120	1	0	62	18.470052083333353
n147	119	1	0	64	18.263020833333357
n146	118	1	0	66	18.149739583333357
n165	121	1	0	38	18.584635416666686
n167	123	1	0	49	18.779947916666686
n166	122	1	0	50	18.677083333333357
n168	124	1	0	50	18.886718750000018
n160	126	1	0	62	18.58984375000002
n171	128	1	0	49	19.18489583333335
n170	127	1	0	50	19.07161458333335
n172	129	1	0	50	19.272135416666682
n169	125	1	0	52	18.98177083333335
n173	130	1	0	47	19.377604166666682
n175	132	1	0	49	19.565104166666682
n174	131	1	0	50	19.468750000000014
n176	133	1	0	50	19.667968750000014
n179	137	1	0	49	20.023437500000014
n178	136	1	0	50	19.899739583333346
n180	138	1	0	50	20.12630208333335
n177	134	1	0	52	19.789062500000014
n163	135	1	0	67	19.795572916666682
n164	141	1	0	79	19.777343750000014
n197	139	1	0	45	20.234375000000014
n199	143	1	0	49	20.429687500000014
n198	140	1	0	50	20.322916666666682
n200	145	1	0	50	20.513020833333346
n183	142	1	0	66	20.394531250000014
n184	144	1	0	78	20.394531250000014
n203	151	1	0	49	20.80468750000001
n202	149	1	0	50	20.69921875000001
n204	153	1	0	50	20.899739583333346
n201	146	1	0	52	20.60416666666668
n185	148	1	0	67	20.62890625000001
n187	152	1	0	69	20.82812500000001
n186	147	1	0	79	20.61588541666668
n188	150	1	0	81	20.81510416666668
n205	155	1	0	43	21.01953125000001
n207	159	1	0	49	21.214843750000007
n206	157	1	0	50	21.111979166666675
n208	161	1	0	50	21.308593750000007
n189	156	1	0	71	21.040364583333343
n191	158	1	0	71	21.22786458333334
n190	154	1	0	83	21.03125000000001
n192	160	1	0	83	21.222656250000007
n211	167	1	0	49	21.615885416666668
n210	165	1	0	50	21.506510416666668
n212	169	1	0	50	21.70703125
n209	162	1	0	52	21.41666666666667
n193	163	1	0	73	21.44010416666667
n195	166	1	0	74	21.62890625
n194	164	1	0	85	21.429687500000004
n196	168	1	0	86	21.623697916666668
n221	171	1	0	42	21.838541666666668
n223	173	1	0	49	22.045572916666668
n222	172	1	0	50	21.937500000000004
n224	174	1	0	50	22.151041666666668
n213	175	1	0	74	21.846354166666668
n214	170	1	0	86	21.838541666666668
n227	180	1	0	49	22.463541666666668
n226	177	1	0	50	22.347656250000004
n228	181	1	0	50	22.540364583333336
n225	176	1	0	52	22.255208333333336
n215	179	1	0	69	22.27213541666667
n216	178	1	0	81	22.257812500000004
n229	182	1	0	47	22.648437500000004
n231	184	1	0	49	22.83463541666667
n230	183	1	0	50	22.734375000000004
n232	185	1	0	50	22.93229166666667
n235	189	1	0	49	23.26302083333334
n234	188	1	0	50	23.148437500000004
n236	190	1	0	50	23.339843750000004
n233	186	1	0	52	23.05208333333334
n219	187	1	0	55	23.06380208333334
n220	193	1	0	67	23.054687500000007
n253	191	1	0	45	23.45963541666667
n255	194	1	0	49	23.661458333333336
n254	192	1	0	50	23.546875000000004
n256	197	1	0	50	23.752604166666668
n239	195	1	0	54	23.6875
n240	196	1	0	66	23.678385416666668
n259	203	1	0	49	24.08463541666666
n258	201	1	0	50	23.976562499999996
n260	205	1	0	50	24.164062499999996
n257	198	1	0	52	23.881510416666668
n241	199	1	0	55	23.907552083333332
n243	204	1	0	57	24.10286458333333
n242	200	1	0	67	23.89453125
n244	202	1	0	69	24.09114583333333
n261	207	1	0	43	24.29036458333333
n263	212	1	0	49	24.488281249999993
n262	209	1	0	50	24.38151041666666
n264	213	1	0	50	24.596354166666664
n245	206	1	0	58	24.30338541666666
n247	210	1	0	59	24.50520833333333
n246	208	1	0	70	24.29427083333333
n248	211	1	0	71	24.49479166666666
n267	219	1	0	49	24.904947916666664
n266	217	1	0	50	24.786458333333332
n268	221	1	0	50	24.98958333333333
n265	215	1	0	52	24.697916666666664
n249	214	1	0	61	24.701822916666664
n251	218	1	0	62	24.910156249999996
n250	216	1	0	73	24.690104166666664
n252	220	1	0	74	24.895833333333332
n281	222	1	0	42	25.11588541666666
n283	224	1	0	49	25.300781249999996
n282	223	1	0	50	25.20963541666666
n284	225	1	0	50	25.403645833333332
n269	227	1	0	62	25.138020833333325
n270	229	1	0	74	25.121093749999993
n287	231	1	0	49	25.717447916666657
n286	230	1	0	50	25.61848958333333
n288	232	1	0	50	25.79557291666666
n285	226	1	0	52	25.511718749999996
n271	228	1	0	69	25.53255208333333
n291	237	1	0	59	26.085937499999993
n292	248	1	0	62	26.083333333333325
n275	234	1	0	85	26.321614583333325
n274	233	1	0	86	26.20703124999999
n276	235	1	0	86	26.420572916666657
n290	242	1	0	67	26.53124999999999
n279	239	1	0	85	26.738281249999986
n278	238	1	0	86	26.631510416666654
n280	240	1	0	86	26.829427083333318
n277	236	1	0	88	26.53255208333332
n317	245	1	0	57	26.959635416666654
n310	250	1	0	66	27.182291666666647
n295	243	1	0	85	27.166666666666647
n294	241	1	0	86	27.05338541666665
n296	244	1	0	86	27.266927083333314
n311	246	1	0	67	27.386718749999982
n312	253	1	0	69	27.596354166666647
n299	251	1	0	85	27.57812499999998
n298	249	1	0	86	27.481770833333314
n300	252	1	0	86	27.673177083333314
n297	247	1	0	88	27.37760416666665
n319	260	1	0	67	27.786458333333314
n313	255	1	0	70	27.78906249999998
n314	258	1	0	71	28.027343749999975
n303	256	1	0	85	28.01302083333331
n302	254	1	0	86	27.90364583333331
n304	257	1	0	86	28.114583333333307
n315	261	1	0	73	28.225260416666643
n316	263	1	0	74	28.414062499999975
n307	264	1	0	85	28.424479166666643
n306	262	1	0	86	28.32552083333331
n308	265	1	0	86	28.51432291666664
n305	259	1	0	88	28.218749999999975
n346	270	1	0	66	28.67838541666664
n336	269	1	0	74	28.67187499999997
n322	267	1	0	85	28.899739583333304
n321	266	1	0	86	28.778645833333304
n323	268	1	0	86	29.002604166666636
n337	271	1	0	69	29.1067708333333
n326	274	1	0	85	29.3020833333333
n325	273	1	0	86	29.207031249999968
n327	275	1	0	86	29.393229166666636
n324	272	1	0	88	29.109374999999968
n347	286	1	0	65	29.502604166666636
n340	278	1	0	68	29.7317708333333
n339	276	1	0	69	29.614583333333304
n341	281	1	0	69	29.837239583333297
n330	279	1	0	80	29.722656249999968
n329	277	1	0	81	29.611979166666636
n331	280	1	0	81	29.828124999999964
n344	287	1	0	68	30.177083333333304
n343	285	1	0	69	30.06640624999997
n345	289	1	0	69	30.256510416666636
n342	282	1	0	71	29.950520833333304
n334	288	1	0	80	30.14843749999997
n333	284	1	0	81	30.04296874999997
n335	290	1	0	81	30.247395833333304
n332	283	1	0	83	29.938802083333304
n362	297	1	0	64	30.37369791666664
n363	295	1	0	68	30.37499999999997
n348	291	1	0	80	30.368489583333307
n351	294	1	0	83	30.699218749999964
n350	293	1	0	85	30.5989583333333
n349	292	1	0	86	30.476562499999968
n355	300	1	0	76	31.130208333333297
n354	299	1	0	78	31.032552083333297
n353	298	1	0	80	30.92057291666663
n352	296	1	0	81	30.802083333333297
n358	303	1	0	71	31.52994791666663
n357	302	1	0	73	31.395833333333297
n356	301	1	0	74	31.259114583333297
n361	306	1	0	66	31.963541666666625
n360	305	1	0	68	31.82031249999996
n359	304	1	0	69	31.67057291666663
n377	307	1	0	62	32.31380208333329
n366	309	1	0	64	32.11848958333329
n378	308	1	0	62	32.49088541666662
n368	310	1	0	65	32.592447916666615
n369	311	1	0	66	32.70052083333328
n370	312	1	0	67	32.791666666666615
n381	313	1	0	62	33.095052083333286
n382	314	1	0	64	33.10807291666662
n371	317	1	0	68	32.919270833333286
n383	316	1	0	62	33.30338541666662
n384	315	1	0	64	33.30338541666662
n373	318	1	0	69	33.40885416666662
n374	319	1	0	70	33.505208333333286
n375	320	1	0	71	33.602864583333286
n403	323	1	0	61	33.88802083333329
n404	324	1	0	64	33.89453124999996
n386	321	1	0	72	33.70182291666662
n387	322	1	0	73	33.80338541666662
n388	325	1	0	74	33.915364583333286
n389	326	1	0	75	34.00260416666662
n405	327	1	0	61	34.09895833333329
n406	deletion
n390	328	1	0	76	34.10026041666663
n391	329	1	0	77	34.19401041666663
n392	330	1	0	78	34.289062499999964
n393	331	1	0	79	34.38281249999996
n394	332	1	0	80	34.47526041666663
n395	333	1	0	81	34.574218749999964
n396	334	1	0	82	34.664062499999964
n397	335	1	0	83	34.752604166666636
n398	336	1	0	84	34.84895833333331
n399	337	1	0	85	34.954427083333314
n400	338	1	0	86	35.04947916666665
n401	339	1	0	87	35.14062499999998
n420	341	1	0	50	35.509114583333314
n421	340	1	0	52	35.513020833333314
n422	342	1	0	59	35.50390624999998
n409	346	1	0	88	35.26562499999998
n423	345	1	0	50	35.71874999999998
n424	344	1	0	52	35.720052083333314
n425	343	1	0	59	35.71484374999998
n413	349	1	0	85	36.04557291666665
n412	348	1	0	86	35.94791666666665
n411	347	1	0	87	35.829427083333314
n428	352	1	0	50	36.36588541666665
n429	351	1	0	52	36.36979166666665
n430	350	1	0	59	36.363281249999986
n414	356	1	0	83	36.152343749999986
n431	355	1	0	50	36.57161458333332
n432	354	1	0	52	36.57812499999999
n433	353	1	0	59	36.57291666666666
n418	359	1	0	80	36.87890625
n416	357	1	0	85	36.65624999999999
n417	358	1	0	86	36.768229166666664
n449	362	1	0	49	37.19921875000001
n450	361	1	0	52	37.19531250000001
n451	360	1	0	57	37.19401041666667
n435	366	1	0	81	36.98697916666667
n452	363	1	0	49	37.38932291666667
n453	364	1	0	52	37.39713541666667
n454	365	1	0	57	37.39322916666667
n439	369	1	0	75	37.68489583333334
n437	367	1	0	84	37.49869791666667
n438	368	1	0	85	37.60677083333334
n440	370	1	0	76	37.79036458333334
n443	373	1	0	76	38.11197916666667
n441	371	1	0	80	37.90625000000001
n442	372	1	0	81	38.016927083333336
n447	377	1	0	69	38.51302083333335
n446	376	1	0	71	38.414062500000014
n445	375	1	0	73	38.31510416666668
n444	374	1	0	74	38.21484375000001
n468	378	1	0	62	38.89062500000002
n457	380	1	0	64	38.66536458333335
n469	379	1	0	62	39.100260416666686
n459	381	1	0	65	39.20572916666668
n460	382	1	0	66	39.304687500000014
n461	383	1	0	67	39.38932291666668
n472	384	1	0	62	39.69791666666668
n473	385	1	0	64	39.699218750000014
n462	388	1	0	68	39.492187500000014
n474	386	1	0	62	39.916666666666686
n475	387	1	0	64	39.91927083333335
n464	389	1	0	69	40.01171875000002
n465	390	1	0	70	40.11197916666669
n466	391	1	0	71	40.20572916666669
n494	395	1	0	61	40.47265625000003
n495	394	1	0	64	40.45963541666669
n477	392	1	0	72	40.30078125000003
n478	393	1	0	73	40.39973958333336
n479	396	1	0	74	40.50000000000003
n480	397	1	0	75	40.59114583333336
n496	398	1	0	61	40.67057291666669
n497	399	1	0	64	40.67447916666669
n481	400	1	0	76	40.68750000000003
n482	401	1	0	77	40.782552083333364
n483	402	1	0	78	40.891927083333364
n484	403	1	0	79	40.977864583333364
n485	404	1	0	80	41.0768229166667
n486	405	1	0	81	41.175781250000036
n487	406	1	0	82	41.27083333333337
n488	407	1	0	83	41.36197916666671
n489	408	1	0	84	41.46223958333338
n490	409	1	0	85	41.561197916666714
n491	410	1	0	86	41.66406250000004
n492	411	1	0	87	41.75781250000005
n512	424	1	0	37	41.928385416666714
n513	423	1	0	45	41.928385416666714
n500	412	1	0	88	41.92578125000005
n503	414	1	0	85	43.294270833333385
n502	413	1	0	86	43.10546875000006
n506	417	1	0	80	43.647135416666714
n505	416	1	0	81	43.537760416666714
n507	418	1	0	81	43.75260416666672
n504	415	1	0	83	43.428385416666714
n511	422	1	0	73	44.220052083333385
n510	421	1	0	76	44.10416666666672
n508	419	1	0	78	43.87890625000005
n509	420	1	0	79	43.997395833333385
n514	425	1	0	67	44.47265625000005
n523	427	1	0	50	47.72265625000008
n517	426	1	0	57	47.70963541666674
n518	434	1	0	62	47.72265625000008
n516	428	1	0	66	47.69401041666674
n536	430	1	0	43	48.243489583333414
n535	429	1	0	47	47.985677083333414
n530	431	1	0	59	47.98437500000008
n524	432	1	0	67	47.96093750000008
n525	433	1	0	71	48.22135416666675
n540	436	1	0	50	49.53255208333341
n533	435	1	0	57	49.53385416666674
n534	441	1	0	62	49.54427083333341
n529	439	1	0	66	49.52083333333341
n550	440	1	0	43	50.039062500000085
n549	437	1	0	47	49.786458333333414
n547	438	1	0	59	49.79166666666675
n541	442	1	0	67	49.77343750000008
n542	443	1	0	71	50.031250000000085
n554	445	1	0	67	51.29947916666675
n546	444	1	0	71	51.286458333333414
n563	448	1	0	66	51.531250000000085
n555	446	1	0	69	51.535156250000085
n556	447	1	0	74	51.72526041666675
n564	451	1	0	64	51.94270833333342
n565	452	1	0	67	51.937500000000085
n557	449	1	0	73	51.94270833333342
n558	450	1	0	79	52.136718750000085
n566	456	1	0	62	52.34114583333343
n567	453	1	0	66	52.33593750000009
n559	454	1	0	78	52.33984375000009
n560	455	1	0	83	52.54427083333343
n569	457	1	0	61	52.79296875000009
n570	475	1	0	64	52.79296875000009
n568	459	1	0	69	52.78645833333343
n561	458	1	0	81	52.783854166666764
n562	460	1	0	88	53.03515625000009
n594	465	1	0	59	53.3281250000001
n595	473	1	0	62	53.334635416666764
n588	489	1	0	62	58.2369791666668
n574	463	1	0	83	53.717447916666764
n573	462	1	0	85	53.602864583333435
n572	461	1	0	86	53.4687500000001
n577	467	1	0	86	54.09375000000009
n590	474	1	0	68	53.82161458333343
n576	466	1	0	80	53.96354166666676
n578	468	1	0	80	54.22395833333343
n575	464	1	0	81	53.84635416666676
n597	479	1	0	57	54.526041666666764
n599	deletion
n584	472	1	0	82	55.07812500000011
n579	469	1	0	83	54.5234375000001
n583	471	1	0	83	54.98697916666677
n585	476	1	0	83	55.15885416666677
n582	470	1	0	85	54.90885416666677
n586	477	1	0	85	55.565104166666785
n593	484	1	0	50	58.242187500000135
n587	483	1	0	57	58.230468750000135
n601	481	1	0	61	56.311197916666785
n602	480	1	0	64	56.31380208333345
n581	485	1	0	66	58.214843750000135
n592	478	1	0	69	56.31770833333345
n580	482	1	0	81	56.28125000000012
n620	491	1	0	43	58.70703125000014
n619	486	1	0	47	58.480468750000135
n611	487	1	0	59	58.480468750000135
n615	497	1	0	62	59.3580729166668
n612	deletion
n603	488	1	0	67	58.468750000000135
n604	490	1	0	71	58.69140625000014
n607	495	1	0	71	59.345052083333464
n622	493	1	0	54	59.11328125000014
n613	492	1	0	61	59.123697916666806
n614	498	1	0	66	59.12630208333347
n606	494	1	0	70	59.09895833333348
n624	500	1	0	47	59.576822916666806
n623	496	1	0	50	59.3502604166668
n608	499	1	0	74	59.55989583333347
n626	502	1	0	57	60.01432291666682
n617	501	1	0	64	60.00651041666682
n618	507	1	0	69	60.01432291666682
n610	504	1	0	73	59.98697916666682
n639	509	1	0	50	60.46354166666682
n638	505	1	0	54	60.23697916666682
n635	503	1	0	66	60.24869791666682
n627	506	1	0	74	60.23307291666682
n628	508	1	0	78	60.47265625000015
n644	510	1	0	43	60.90234375000015
n641	deletion
n630	511	1	0	71	60.903645833333485
n645	519	1	0	45	61.19401041666681
n642	513	1	0	54	61.19401041666681
n631	512	1	0	62	61.17968750000015
n643	514	1	0	55	61.68880208333347
n637	515	1	0	61	61.65364583333347
n634	518	1	0	62	62.069010416666806
n633	517	1	0	64	61.757812500000135
n632	516	1	0	66	61.64583333333347
n658	522	1	0	47	62.268229166666806
n652	520	1	0	54	62.26302083333347
n646	521	1	0	62	62.25130208333347
n656	524	1	0	69	63.82682291666682
n657	523	1	0	72	63.82291666666682
n650	525	1	0	75	63.821614583333485
n651	526	1	0	78	63.81510416666682
n672	534	1	0	64	64.30078125000013
n670	528	1	0	67	64.08854166666681
n673	530	1	0	67	64.2994791666668
n671	529	1	0	71	64.08072916666681
n659	531	1	0	76	64.07421875000016
n660	527	1	0	79	64.07682291666681
n661	533	1	0	79	64.29687500000013
n662	532	1	0	83	64.29296875000013
n678	536	1	0	43	64.71744791666679
n675	537	1	0	55	64.72916666666679
n664	538	1	0	71	64.71744791666679
n679	543	1	0	45	65.00520833333344
n676	540	1	0	54	65.00130208333344
n665	539	1	0	62	65.00130208333344
n677	541	1	0	55	65.43359375000009
n669	542	1	0	61	65.42968750000009
n668	546	1	0	62	65.80729166666676
n667	545	1	0	64	65.5468750000001
n666	544	1	0	66	65.42317708333341
n693	548	1	0	34	66.09244791666674
n692	568	1	0	46	66.09114583333341
n687	547	1	0	50	66.10416666666674
n688	549	1	0	53	66.10677083333341
n680	551	1	0	58	66.10807291666674
n681	550	1	0	62	66.09635416666674
n694	552	1	0	33	66.76171875000006
n695	553	1	0	34	67.00651041666671
n696	554	1	0	38	67.23697916666671
n691	555	1	0	53	67.23567708333339
n684	558	1	0	65	67.22265625000006
n697	559	1	0	33	67.64713541666669
n686	557	1	0	58	67.65755208333336
n685	556	1	0	62	67.43750000000003
n711	560	1	0	34	67.859375
n712	561	1	0	38	68.09375
n706	562	1	0	62	68.07682291666667
n699	563	1	0	74	68.06901041666667
n713	566	1	0	33	68.5
n701	565	1	0	65	68.50390625
n700	564	1	0	70	68.296875
n714	567	1	0	34	68.72135416666666
n715	569	1	0	38	68.95572916666666
n707	570	1	0	65	68.95833333333333
n703	573	1	0	77	68.94921874999999
n710	574	1	0	45	69.38802083333331
n716	deletion
n705	572	1	0	70	69.38281249999999
n704	571	1	0	74	69.16406249999999
n725	575	1	0	46	69.56249999999997
n727	577	1	0	50	69.7864583333333
n726	576	1	0	53	69.67057291666664
n728	578	1	0	53	69.88281249999996
n718	579	1	0	89	69.79687499999997
n729	580	1	0	46	70.00651041666661
n731	582	1	0	50	70.20833333333329
n730	581	1	0	53	70.09895833333329
n732	584	1	0	53	70.30078124999994
n720	585	1	0	82	70.30338541666661
n719	583	1	0	86	70.20312499999996
n733	587	1	0	46	70.39453124999994
n735	589	1	0	50	70.59505208333327
n734	588	1	0	53	70.48697916666661
n736	591	1	0	53	70.6822916666666
n722	590	1	0	74	70.6080729166666
n721	586	1	0	77	70.40104166666661
n737	593	1	0	46	70.80078124999993
n739	596	1	0	50	71.01302083333326
n738	594	1	0	53	70.90234374999993
n740	597	1	0	53	71.09895833333326
n724	595	1	0	65	71.01171874999993
n723	592	1	0	70	70.7955729166666
n749	598	1	0	48	71.21093749999991
n751	602	1	0	51	71.41796874999991
n750	600	1	0	53	71.31119791666659
n752	603	1	0	53	71.51041666666657
n742	601	1	0	58	71.42447916666659
n741	599	1	0	62	71.22265624999991
n753	605	1	0	48	71.62760416666656
n755	607	1	0	51	71.83072916666656
n754	606	1	0	53	71.71744791666656
n756	609	1	0	53	71.92968749999989
n743	604	1	0	57	71.62239583333323
n744	608	1	0	69	71.82682291666656
n757	610	1	0	45	72.04036458333321
n759	613	1	0	48	72.23177083333321
n758	612	1	0	53	72.12630208333321
n760	615	1	0	53	72.32812499999989
n745	611	1	0	60	72.03124999999989
n746	614	1	0	72	72.23437499999989
n761	616	1	0	45	72.43489583333321
n763	619	1	0	48	72.6302083333332
n762	618	1	0	53	72.51822916666654
n764	621	1	0	53	72.71874999999987
n747	617	1	0	63	72.43880208333321
n748	620	1	0	75	72.6458333333332
n775	625	1	0	43	73.08984374999986
n773	623	1	0	46	72.84635416666653
n774	624	1	0	50	72.96354166666652
n776	626	1	0	50	73.18489583333317
n765	622	1	0	74	72.85546874999986
n766	627	1	0	86	73.09895833333319
n779	630	1	0	43	73.48828124999983
n777	628	1	0	46	73.2955729166665
n778	629	1	0	50	73.3815104166665
n780	632	1	0	50	73.57552083333316
n768	633	1	0	79	73.58333333333316
n767	631	1	0	82	73.48828124999983
n783	637	1	0	43	73.87109374999982
n781	634	1	0	46	73.66276041666649
n782	636	1	0	50	73.76171874999982
n784	639	1	0	50	73.96223958333316
n770	638	1	0	70	73.90494791666649
n769	635	1	0	74	73.68749999999982
n787	643	1	0	43	74.26953124999982
n785	641	1	0	46	74.08984374999983
n786	642	1	0	50	74.18229166666649
n788	645	1	0	50	74.36848958333314
n772	644	1	0	62	74.29427083333314
n771	640	1	0	67	74.09765624999983
n797	647	1	0	45	74.4960937499998
n799	650	1	0	48	74.68749999999979
n798	648	1	0	50	74.58854166666646
n800	651	1	0	50	74.7734374999998
n790	649	1	0	55	74.69791666666646
n789	646	1	0	58	74.49739583333313
n801	652	1	0	45	74.89322916666647
n803	655	1	0	48	75.08984374999979
n802	654	1	0	50	74.98437499999979
n804	657	1	0	50	75.16145833333312
n791	653	1	0	54	74.90494791666647
n792	656	1	0	66	75.09374999999979
n805	658	1	0	42	75.29166666666644
n807	662	1	0	45	75.50651041666644
n806	660	1	0	50	75.37239583333312
n808	663	1	0	50	75.58593749999976
n793	659	1	0	57	75.30598958333312
n794	661	1	0	69	75.50781249999977
n809	664	1	0	42	75.69531249999976
n811	668	1	0	45	75.91145833333309
n810	666	1	0	50	75.78906249999976
n812	669	1	0	50	76.01041666666643
n795	665	1	0	60	75.70442708333309
n796	667	1	0	72	75.90885416666642
n823	673	1	0	39	76.3450520833331
n821	670	1	0	43	76.09635416666643
n822	672	1	0	46	76.21354166666644
n824	675	1	0	46	76.4348958333331
n813	671	1	0	70	76.1106770833331
n814	674	1	0	82	76.34374999999977
n827	678	1	0	39	76.75520833333307
n825	676	1	0	43	76.55078124999976
n826	677	1	0	46	76.64843749999976
n828	681	1	0	46	76.83593749999973
n816	680	1	0	75	76.8346354166664
n815	679	1	0	79	76.74218749999974
n831	685	1	0	39	77.14453124999972
n829	683	1	0	43	76.94531249999973
n830	684	1	0	46	77.01953124999973
n832	687	1	0	46	77.22656249999972
n818	686	1	0	67	77.14322916666639
n817	682	1	0	70	76.93359374999973
n835	691	1	0	39	77.52604166666639
n833	689	1	0	43	77.34635416666639
n834	690	1	0	46	77.42838541666639
n836	693	1	0	46	77.59765624999973
n820	692	1	0	58	77.54036458333306
n819	688	1	0	63	77.34374999999972
n845	695	1	0	41	77.7408854166664
n847	698	1	0	44	77.9596354166664
n846	696	1	0	46	77.84114583333306
n848	699	1	0	46	78.03255208333307
n838	697	1	0	51	77.96223958333307
n837	694	1	0	55	77.7526041666664
n849	701	1	0	41	78.1627604166664
n851	704	1	0	44	78.36848958333307
n850	702	1	0	46	78.2721354166664
n852	705	1	0	46	78.45442708333309
n839	700	1	0	50	78.16145833333307
n840	703	1	0	62	78.3658854166664
n853	706	1	0	38	78.57552083333307
n855	710	1	0	41	78.7760416666664
n854	708	1	0	46	78.6666666666664
n856	711	1	0	46	78.87499999999973
n841	707	1	0	53	78.57291666666642
n842	709	1	0	65	78.7799479166664
n857	712	1	0	38	78.98437499999973
n859	715	1	0	41	79.1901041666664
n858	714	1	0	46	79.06640624999973
n860	717	1	0	46	79.27083333333307
n843	713	1	0	56	78.99609374999973
n844	716	1	0	68	79.2096354166664
n874	720	1	0	39	79.42057291666642
n861	721	1	0	51	79.68749999999974
n876	722	1	0	43	80.05468749999974
n878	726	1	0	44	80.26171874999974
n877	724	1	0	46	80.16015624999974
n863	723	1	0	55	80.03385416666642
n865	727	1	0	56	80.25520833333307
n864	725	1	0	58	80.14583333333307
n879	728	1	0	43	80.33723958333307
n880	730	1	0	46	80.45442708333307
n882	734	1	0	50	80.66145833333307
n881	732	1	0	51	80.5533854166664
n866	729	1	0	55	80.36328124999974
n867	731	1	0	58	80.4635416666664
n869	735	1	0	62	80.66015624999974
n868	733	1	0	63	80.5611979166664
n884	739	1	0	46	80.85677083333304
n883	736	1	0	51	80.77864583333306
n886	742	1	0	53	81.08072916666636
n885	740	1	0	55	80.97656249999969
n871	738	1	0	58	80.89322916666637
n870	737	1	0	63	80.77734374999973
n873	743	1	0	65	81.08333333333303
n872	741	1	0	67	80.96614583333303
n903	744	1	0	51	81.17447916666636
n904	746	1	0	55	81.28645833333303
n906	750	1	0	56	81.48697916666636
n905	748	1	0	58	81.38932291666636
n887	745	1	0	63	81.17968749999969
n888	747	1	0	67	81.27343749999969
n890	751	1	0	68	81.47786458333303
n889	749	1	0	70	81.37760416666636
n907	753	1	0	55	81.59244791666636
n908	754	1	0	58	81.71484374999969
n910	758	1	0	62	81.92057291666633
n909	756	1	0	63	81.79166666666634
n891	752	1	0	67	81.58854166666636
n892	755	1	0	70	81.68098958333302
n894	759	1	0	74	81.884114583333
n893	757	1	0	75	81.77864583333302
n912	763	1	0	58	82.08593749999964
n911	761	1	0	63	82.01041666666632
n914	768	1	0	65	82.3072916666663
n913	764	1	0	67	82.20963541666632
n896	762	1	0	70	82.10416666666632
n895	760	1	0	75	81.99869791666632
n898	767	1	0	77	82.33072916666632
n897	deletion
n915	769	1	0	63	82.40494791666632
n916	deletion
n918	775	1	0	68	82.727864583333
n917	773	1	0	70	82.63541666666633
n899	770	1	0	75	82.39973958333299
n900	771	1	0	79	82.50520833333299
n902	776	1	0	80	82.69921874999967
n901	774	1	0	82	82.59244791666633
n936	779	1	0	63	82.938802083333
n935	778	1	0	67	82.82682291666634
n938	784	1	0	68	83.11458333333302
n937	782	1	0	70	83.04166666666634
n920	780	1	0	75	82.919270833333
n919	777	1	0	79	82.81119791666634
n922	785	1	0	80	83.11067708333302
n921	783	1	0	82	83.01692708333302
n940	788	1	0	63	83.31770833333299
n939	786	1	0	67	83.22656249999967
n942	792	1	0	68	83.50911458333299
n941	790	1	0	70	83.43749999999964
n924	789	1	0	75	83.31249999999966
n923	787	1	0	79	83.21874999999967
n926	793	1	0	80	83.50781249999966
n925	791	1	0	82	83.41276041666632
n944	796	1	0	63	83.720052083333
n943	794	1	0	67	83.62109374999966
n946	800	1	0	68	83.92838541666632
n945	798	1	0	70	83.84765624999966
n928	797	1	0	75	83.72135416666633
n927	795	1	0	79	83.61979166666633
n930	801	1	0	80	83.92968749999964
n929	799	1	0	82	83.82031249999966
n948	804	1	0	63	84.13411458333297
n947	802	1	0	67	84.0377604166663
n950	808	1	0	68	84.34374999999962
n949	806	1	0	70	84.2486979166663
n932	805	1	0	75	84.14062499999963
n931	803	1	0	79	84.03515624999963
n934	809	1	0	80	84.33854166666629
n933	807	1	0	82	84.2369791666663
n968	812	1	0	64	84.55989583333293
n967	811	1	0	67	84.4453124999996
n970	deletion
n969	814	1	0	70	84.6835937499996
n952	813	1	0	73	84.5429687499996
n951	810	1	0	79	84.43619791666627
n954	817	1	0	84	84.74869791666626
n953	815	1	0	85	84.64973958333293
n972	820	1	0	64	84.98697916666626
n976	828	1	0	64	85.3867187499996
n971	818	1	0	67	84.88151041666626
n974	deletion
n973	822	1	0	70	85.08072916666627
n956	821	1	0	73	84.97526041666626
n955	819	1	0	82	84.87369791666626
n958	825	1	0	84	85.17838541666627
n957	823	1	0	85	85.0781249999996
n975	826	1	0	67	85.27604166666627
n978	deletion
n977	830	1	0	70	85.50911458333293
n960	829	1	0	73	85.3789062499996
n959	827	1	0	82	85.2812499999996
n962	833	1	0	84	85.59114583333293
n961	831	1	0	85	85.48958333333293
n980	836	1	0	64	85.82421874999959
n979	835	1	0	67	85.71223958333293
n982	deletion
n981	838	1	0	70	85.97526041666625
n964	837	1	0	73	85.80859374999959
n963	834	1	0	82	85.70182291666626
n966	841	1	0	84	86.0950520833329
n965	839	1	0	85	85.94661458333292
n988	842	1	0	64	86.4739583333329
n989	843	1	0	67	86.46744791666623
n983	844	1	0	82	86.40885416666623
n992	846	1	0	53	89.2304687499995
n986	845	1	0	60	89.24869791666617
n987	853	1	0	65	89.2265624999995
n985	847	1	0	69	89.20833333333283
n1004	851	1	0	46	89.70312499999947
n1003	848	1	0	50	89.4765624999995
n999	850	1	0	62	89.50520833333283
n993	849	1	0	70	89.45182291666617
n994	852	1	0	74	89.67578124999947
n1008	855	1	0	53	90.93749999999946
n1001	854	1	0	60	90.9270833333328
n1002	859	1	0	65	90.92838541666613
n998	858	1	0	69	90.9192708333328
n1018	862	1	0	46	91.38671874999946
n1017	857	1	0	50	91.16145833333279
n1015	856	1	0	62	91.17057291666612
n1009	860	1	0	70	91.16536458333279
n1010	861	1	0	74	91.39322916666613
n1022	864	1	0	70	92.63802083333283
n1014	863	1	0	74	92.62760416666616
n1032	867	1	0	69	92.8984374999995
n1023	865	1	0	72	92.87369791666617
n1024	866	1	0	77	93.0742187499995
n1033	870	1	0	67	93.30208333333285
n1034	871	1	0	70	93.29166666666617
n1025	868	1	0	76	93.29166666666617
n1026	869	1	0	82	93.49609374999952
n1035	873	1	0	65	93.8085937499995
n1036	874	1	0	69	93.78385416666617
n1028	875	1	0	74	94.15364583333283
n1027	872	1	0	81	93.74739583333285
n1029	876	1	0	86	94.1210937499995
n1037	877	1	0	64	94.66927083333283
n1038	878	1	0	67	94.6601562499995
n1030	879	1	0	73	95.78124999999946
n1031	880	1	0	85	95.77994791666613
n1046	881	1	0	34	98.25651041666607
n1042	882	1	0	46	98.25260416666607
n1055	883	1	0	33	98.5117187499994
n1056	885	1	0	38	98.74479166666606
n1047	884	1	0	45	98.5429687499994
n1048	886	1	0	50	98.74609374999939
n1057	887	1	0	37	98.95703124999939
n1058	890	1	0	43	99.18749999999937
n1049	888	1	0	49	98.96614583333272
n1050	889	1	0	55	99.18229166666605
n1059	891	1	0	41	99.38671874999939
n1060	894	1	0	46	99.5989583333327
n1051	892	1	0	53	99.39973958333272
n1052	893	1	0	58	99.59765624999937
n1061	895	1	0	45	99.83593749999936
n1062	897	1	0	50	100.03124999999936
n1053	896	1	0	57	99.81119791666603
n1054	898	1	0	62	100.02343749999936
n1071	899	1	0	49	100.22656249999936
n1072	902	1	0	55	100.43880208333269
n1063	900	1	0	61	100.23567708333269
n1064	901	1	0	67	100.43229166666602
n1073	904	1	0	53	100.63281249999935
n1074	906	1	0	58	100.83203124999935
n1065	903	1	0	65	100.63541666666602
n1066	905	1	0	70	100.84114583333267
n1075	907	1	0	57	101.06380208333266
n1076	909	1	0	62	101.26171874999932
n1067	908	1	0	69	101.05468749999933
n1068	910	1	0	74	101.25390624999932
n1077	911	1	0	61	101.4609374999993
n1078	913	1	0	67	101.69010416666599
n1069	912	1	0	73	101.45963541666598
n1070	914	1	0	79	101.67187499999932
n1088	917	1	0	57	102.07942708333263
n1087	915	1	0	66	101.89453124999932
n1080	918	1	0	69	102.0898437499993
n1079	916	1	0	78	101.88281249999932
n1089	919	1	0	56	102.29166666666596
n1090	921	1	0	65	102.48828124999929
n1081	920	1	0	68	102.29947916666596
n1082	922	1	0	77	102.47916666666596
n1092	925	1	0	55	102.89062499999926
n1091	924	1	0	64	102.70963541666595
n1084	926	1	0	67	102.89192708333259
n1083	923	1	0	76	102.68489583333262
n1093	927	1	0	54	103.10807291666592
n1094	929	1	0	63	103.29687499999925
n1085	928	1	0	66	103.10677083333259
n1086	930	1	0	75	103.30598958333258
n1104	934	1	0	53	103.6783854166659
n1103	931	1	0	62	103.5026041666659
n1096	933	1	0	65	103.6940104166659
n1095	932	1	0	74	103.4986979166659
n1105	935	1	0	52	103.9010416666659
n1106	937	1	0	61	104.09244791666589
n1097	936	1	0	64	103.9088541666659
n1098	938	1	0	73	104.09635416666589
n1107	939	1	0	51	104.29166666666586
n1108	942	1	0	60	104.48697916666585
n1099	940	1	0	63	104.29036458333253
n1100	941	1	0	72	104.48046874999918
n1109	943	1	0	50	104.6731770833325
n1110	946	1	0	59	104.88932291666583
n1101	944	1	0	62	104.67838541666583
n1102	945	1	0	71	104.87630208333249
n1120	947	1	0	49	105.08072916666583
n1121	949	1	0	58	105.2825520833325
n1111	948	1	0	61	105.0716145833325
n1112	950	1	0	70	105.26953124999916
n1122	951	1	0	48	105.47265624999916
n1123	954	1	0	57	105.67838541666583
n1113	952	1	0	60	105.47005208333249
n1114	953	1	0	69	105.66666666666583
n1124	955	1	0	47	105.8802083333325
n1125	957	1	0	56	106.10026041666583
n1115	956	1	0	59	105.8841145833325
n1116	958	1	0	68	106.0872395833325
n1126	959	1	0	46	106.3411458333325
n1127	964	1	0	50	106.68749999999918
n1128	962	1	0	55	106.6809895833325
n1117	960	1	0	58	106.3450520833325
n1118	961	1	0	62	106.6848958333325
n1119	963	1	0	67	106.67838541666583
n1135	967	1	0	45	107.5494791666658
n1136	968	1	0	52	107.5455729166658
n1137	966	1	0	55	107.5572916666658
n1129	969	1	0	57	107.5299479166658
n1130	965	1	0	62	107.5377604166658
n1131	970	1	0	67	107.50911458333248
n1133	971	1	0	61	109.3255208333324
n1144	973	1	0	50	111.83463541666568
n1142	972	1	0	57	111.835937499999
n1143	979	1	0	62	111.83854166666568
n1141	974	1	0	66	111.81901041666568
n1157	978	1	0	43	112.36848958333236
n1156	975	1	0	47	112.13020833333235
n1151	976	1	0	59	112.12239583333235
n1145	977	1	0	67	112.09635416666568
n1146	980	1	0	71	112.35156249999902
n1161	982	1	0	50	113.5924479166657
n1154	981	1	0	57	113.59505208333238
n1155	985	1	0	62	113.62239583333238
n1150	987	1	0	66	113.5885416666657
n1171	989	1	0	42	114.02473958333238
n1170	984	1	0	47	113.80989583333238
n1168	983	1	0	59	113.82161458333238
n1162	986	1	0	67	113.81770833333238
n1163	988	1	0	71	114.0338541666657
n1172	990	1	0	43	114.23046874999903
n1173	991	1	0	47	114.45312499999902
n1176	995	1	0	67	115.41015624999903
n1167	996	1	0	71	115.40755208333236
n1186	999	1	0	54	115.8268229166657
n1185	998	1	0	66	115.6236979166657
n1177	997	1	0	69	115.62630208333238
n1178	1000	1	0	74	115.82161458333238
n1188	1003	1	0	52	116.23567708333236
n1187	1002	1	0	64	116.03645833333236
n1179	1001	1	0	73	116.03124999999903
n1180	1004	1	0	79	116.23828124999902
n1190	1007	1	0	50	116.65364583333232
n1189	1005	1	0	62	116.44661458333233
n1181	1006	1	0	78	116.44661458333233
n1182	1008	1	0	83	116.65364583333232
n1192	1011	1	0	49	117.14192708333229
n1191	1009	1	0	61	116.89843749999898
n1183	1010	1	0	81	116.89713541666565
n1184	1012	1	0	88	117.13020833333229
n1217	1018	1	0	47	117.46484374999895
n1222	1025	1	0	50	117.81380208333225
n1216	1036	1	0	50	122.42187499999883
n1196	1015	1	0	83	117.92708333333225
n1195	1014	1	0	85	117.80989583333225
n1194	1013	1	0	86	117.63802083333226
n1199	1020	1	0	86	118.28515624999892
n1220	1027	1	0	52	118.06901041666559
n1211	1026	1	0	56	118.29296874999892
n1198	1017	1	0	80	118.16145833333226
n1200	1019	1	0	80	118.40755208333225
n1197	1016	1	0	81	118.05078124999892
n1218	1031	1	0	45	118.75911458333225
n1206	1024	1	0	82	119.24088541666556
n1201	1021	1	0	83	118.71874999999892
n1205	1023	1	0	83	119.15494791666556
n1207	1028	1	0	83	119.30598958333223
n1204	1022	1	0	85	119.0742187499989
n1208	1029	1	0	85	119.77213541666555
n1213	1034	1	0	49	120.61718749999886
n1214	1033	1	0	52	120.61328124999886
n1215	1030	1	0	57	120.62109374999886
n1209	1035	1	0	57	122.39973958333218
n1210	1041	1	0	62	122.4166666666655
n1203	1037	1	0	66	122.37630208333218
n1202	1032	1	0	81	120.58984374999886
n1239	1043	1	0	42	122.8346354166655
n1238	1038	1	0	47	122.66015624999883
n1236	1039	1	0	59	122.6705729166655
n1224	1040	1	0	67	122.63671874999883
n1225	1042	1	0	71	122.84505208333218
n1230	1049	1	0	71	123.45052083333216
n1240	1044	1	0	43	123.0377604166655
n1241	1045	1	0	47	123.2330729166655
n1227	1046	1	0	58	123.2486979166655
n1228	1048	1	0	70	123.2369791666655
n1243	1052	1	0	46	123.64192708333215
n1229	1047	1	0	59	123.46614583333216
n1231	1050	1	0	62	123.66276041666548
n1232	1051	1	0	74	123.63802083333215
n1244	1053	1	0	47	123.8203124999988
n1245	1054	1	0	50	124.02864583333213
n1234	1055	1	0	61	124.02473958333213
n1235	1056	1	0	73	124.01692708333213
n1258	1061	1	0	49	124.45833333333215
n1246	1057	1	0	62	124.25130208333215
n1248	1059	1	0	66	124.46614583333215
n1247	1058	1	0	74	124.24348958333215
n1249	1060	1	0	78	124.45833333333215
n1260	1063	1	0	43	124.88541666666548
n1259	1062	1	0	50	124.63802083333215
n1261	1064	1	0	55	124.90364583333215
n1251	1065	1	0	71	124.87630208333215
n1264	1073	1	0	45	125.16145833333215
n1262	1067	1	0	54	125.18098958333215
n1252	1066	1	0	62	125.16666666666548
n1263	1068	1	0	55	125.64973958333215
n1256	1069	1	0	61	125.63541666666548
n1255	1072	1	0	62	126.03385416666549
n1254	1071	1	0	64	125.74348958333215
n1253	1070	1	0	66	125.63020833333215
n1277	1076	1	0	47	126.21614583333216
n1271	1074	1	0	54	126.22135416666549
n1265	1075	1	0	62	126.19791666666549
n1275	1078	1	0	69	127.74088541666549
n1276	1077	1	0	72	127.73828124999882
n1269	1079	1	0	75	127.73307291666549
n1270	1080	1	0	78	127.73046874999882
n1291	1086	1	0	64	128.20963541666552
n1289	1081	1	0	67	128.00520833333218
n1292	1084	1	0	67	128.20442708333218
n1290	1082	1	0	71	127.99739583333216
n1278	1083	1	0	76	127.98958333333216
n1279	1085	1	0	79	127.99609374999883
n1280	deletion
n1281	1087	1	0	83	128.20052083333218
n1297	1088	1	0	43	128.62630208333223
n1294	1089	1	0	55	128.63020833333223
n1283	1090	1	0	71	128.60156249999892
n1298	1094	1	0	45	128.84895833333223
n1295	1092	1	0	54	128.88802083333223
n1284	1091	1	0	62	128.86067708333223
n1296	1093	1	0	55	129.2864583333322
n1288	1095	1	0	61	129.28515624999886
n1287	1098	1	0	62	129.61588541666555
n1286	1097	1	0	64	129.40624999999886
n1285	1096	1	0	66	129.2747395833322
n1304	1099	1	0	38	129.7226562499989
n1306	1101	1	0	49	129.94791666666552
n1305	1100	1	0	50	129.82421874999886
n1307	1102	1	0	50	130.04036458333218
n1299	1105	1	0	62	129.7499999999989
n1310	1106	1	0	49	130.3424479166655
n1309	1104	1	0	50	130.23437499999883
n1311	1107	1	0	50	130.4322916666655
n1308	1103	1	0	52	130.13802083333218
n1312	1108	1	0	47	130.5390624999988
n1314	1110	1	0	49	130.73046874999883
n1313	1109	1	0	50	130.6354166666655
n1315	1111	1	0	50	130.82161458333215
n1318	1115	1	0	49	131.17838541666552
n1317	1114	1	0	50	131.05729166666552
n1319	1116	1	0	50	131.25781249999883
n1316	1112	1	0	52	130.9557291666655
n1302	1113	1	0	67	130.97656249999883
n1303	1119	1	0	79	130.95442708333215
n1336	1117	1	0	45	131.38020833333218
n1338	1121	1	0	49	131.57812499999886
n1337	1118	1	0	50	131.46093749999886
n1339	1123	1	0	50	131.66796874999886
n1322	1120	1	0	66	131.57291666666555
n1323	1122	1	0	78	131.5755208333322
n1342	1130	1	0	49	131.98958333333218
n1341	1127	1	0	50	131.87890624999883
n1343	1131	1	0	50	132.0716145833322
n1340	1125	1	0	52	131.77604166666552
n1324	1124	1	0	67	131.79166666666552
n1326	1129	1	0	69	132.00911458333218
n1325	1126	1	0	79	131.77994791666552
n1327	1128	1	0	81	131.98828124999883
n1344	1132	1	0	43	132.19140624999886
n1346	1138	1	0	49	132.38932291666555
n1345	1135	1	0	50	132.2786458333322
n1347	1139	1	0	50	132.47135416666555
n1328	1134	1	0	71	132.2122395833322
n1330	1137	1	0	71	132.3984374999989
n1329	1133	1	0	83	132.1927083333322
n1331	1136	1	0	83	132.38932291666555
n1350	1146	1	0	49	132.78124999999886
n1349	1143	1	0	50	132.67187499999886
n1351	1147	1	0	50	132.86588541666555
n1348	1140	1	0	52	132.58333333333223
n1332	1141	1	0	73	132.6015624999989
n1334	1144	1	0	74	132.78515624999886
n1333	1142	1	0	85	132.58723958333223
n1335	1145	1	0	86	132.77343749999886
n1360	1149	1	0	42	132.99869791666555
n1362	1151	1	0	49	133.1835937499989
n1361	1150	1	0	50	133.09244791666555
n1363	1152	1	0	50	133.29427083333223
n1352	1153	1	0	74	133.0052083333322
n1353	1148	1	0	86	132.9921874999989
n1366	1158	1	0	49	133.5950520833322
n1365	1155	1	0	50	133.48307291666555
n1367	1159	1	0	50	133.68229166666555
n1364	1154	1	0	52	133.3906249999989
n1354	1157	1	0	69	133.4062499999989
n1355	1156	1	0	81	133.4023437499989
n1368	1160	1	0	47	133.79557291666555
n1370	1162	1	0	49	134.00911458333223
n1369	1161	1	0	50	133.8841145833322
n1371	1163	1	0	50	134.08072916666558
n1374	1167	1	0	49	134.41796874999892
n1373	1166	1	0	50	134.31249999999892
n1375	1168	1	0	50	134.5065104166656
n1372	1164	1	0	52	134.19401041666558
n1358	1165	1	0	55	134.21223958333223
n1359	1171	1	0	67	134.20442708333223
n1392	1169	1	0	45	134.60937499999895
n1394	1173	1	0	49	134.81640624999895
n1393	1170	1	0	50	134.71093749999895
n1395	1175	1	0	50	134.9231770833323
n1378	1172	1	0	54	134.82421874999895
n1379	1174	1	0	66	134.8138020833323
n1398	1181	1	0	49	135.23828124999898
n1397	1179	1	0	50	135.1302083333323
n1399	1183	1	0	50	135.31901041666566
n1396	1176	1	0	52	135.03385416666563
n1380	1177	1	0	55	135.0520833333323
n1382	1180	1	0	57	135.23828124999898
n1381	1178	1	0	67	135.0364583333323
n1383	1182	1	0	69	135.23307291666563
n1400	1184	1	0	42	135.421874999999
n1402	1189	1	0	49	135.62239583333232
n1401	1187	1	0	50	135.527343749999
n1403	1191	1	0	50	135.71614583333232
n1384	1185	1	0	58	135.445312499999
n1386	1188	1	0	59	135.63411458333232
n1385	1186	1	0	70	135.437499999999
n1387	1190	1	0	71	135.62890624999898
n1406	1196	1	0	49	136.02473958333232
n1405	1195	1	0	50	135.93229166666566
n1407	1201	1	0	50	136.0924479166657
n1404	1193	1	0	52	135.82031249999898
n1390	1197	1	0	60	136.046874999999
n1388	1192	1	0	62	135.83723958333232
n1391	1198	1	0	72	136.03385416666566
n1389	1194	1	0	74	135.82942708333232
n1425	1202	1	0	43	136.24739583333235
n1408	1200	1	0	59	136.2721354166657
n1409	1199	1	0	71	136.25520833333235
n1411	1204	1	0	78	136.56640624999903
n1410	1203	1	0	79	136.43880208333235
n1412	1205	1	0	79	136.66927083333238
n1426	1217	1	0	55	136.81510416666572
n1415	1208	1	0	78	137.0403645833324
n1414	1207	1	0	79	136.9348958333324
n1416	1209	1	0	79	137.1341145833324
n1413	1206	1	0	81	136.81249999999906
n1430	1218	1	0	52	137.25781249999906
n1419	1211	1	0	78	137.48307291666572
n1418	1210	1	0	79	137.37239583333238
n1420	1212	1	0	79	137.57812499999906
n1429	1220	1	0	60	137.70572916666572
n1423	1215	1	0	78	137.92057291666578
n1422	1214	1	0	79	137.80729166666575
n1424	1216	1	0	79	138.02083333333243
n1421	1213	1	0	81	137.70182291666572
n1455	1225	1	0	50	138.15104166666578
n1448	1227	1	0	59	138.37890624999915
n1433	1221	1	0	78	138.34765624999915
n1432	1219	1	0	79	138.22656249999912
n1434	1222	1	0	79	138.4544270833325
n1449	1223	1	0	60	138.57812499999918
n1450	1230	1	0	62	138.76171874999912
n1437	1228	1	0	78	138.75520833333246
n1436	1226	1	0	79	138.65755208333252
n1438	1229	1	0	79	138.84895833333243
n1435	1224	1	0	81	138.56901041666586
n1456	1238	1	0	60	138.96874999999912
n1451	1232	1	0	63	138.96484374999912
n1452	1235	1	0	64	139.1861979166658
n1441	1233	1	0	78	139.1705729166658
n1440	1231	1	0	79	139.06770833333246
n1442	1234	1	0	79	139.2604166666658
n1453	1239	1	0	66	139.3893229166658
n1454	1240	1	0	67	139.5885416666658
n1445	1241	1	0	78	139.57421874999915
n1444	1237	1	0	79	139.4713541666658
n1446	1242	1	0	79	139.6692708333325
n1443	1236	1	0	81	139.37499999999915
n1476	1247	1	0	59	139.85677083333252
n1473	1246	1	0	67	139.85546874999918
n1459	1244	1	0	78	140.0768229166659
n1458	1243	1	0	79	139.96744791666586
n1460	1245	1	0	79	140.16927083333258
n1474	1249	1	0	62	140.30208333333255
n1463	1251	1	0	78	140.4908854166659
n1462	1250	1	0	79	140.39062499999923
n1464	1252	1	0	79	140.5846354166659
n1461	1248	1	0	81	140.28515624999923
n1477	1260	1	0	64	140.68880208333258
n1467	1254	1	0	78	140.89843749999926
n1466	1253	1	0	79	140.78385416666592
n1468	1255	1	0	79	140.9934895833326
n1475	1266	1	0	72	141.0976562499993
n1471	1258	1	0	78	141.28515624999932
n1470	1257	1	0	79	141.18749999999932
n1472	1259	1	0	79	141.36848958333266
n1469	1256	1	0	81	141.0898437499993
n1500	1265	1	0	62	141.47786458333266
n1478	1261	1	0	78	141.467447916666
n1479	1262	1	0	79	141.55989583333263
n1481	1264	1	0	79	141.75260416666595
n1480	1263	1	0	81	141.65885416666595
n1497	1271	1	0	71	141.88281249999926
n1482	1267	1	0	78	141.8450520833326
n1483	1268	1	0	79	141.9453124999993
n1484	1269	1	0	80	142.0390624999993
n1485	1270	1	0	81	142.1406249999993
n1486	1272	1	0	82	142.21744791666595
n1501	1280	1	0	67	142.3020833333326
n1498	1278	1	0	74	142.3020833333326
n1487	1273	1	0	83	142.3059895833326
n1488	1274	1	0	84	142.39192708333263
n1489	1275	1	0	85	142.49348958333263
n1491	1277	1	0	85	142.68359374999932
n1490	1276	1	0	86	142.57161458333266
n1499	1279	1	0	77	142.76171874999935
n1495	1284	1	0	83	143.07291666666595
n1494	1283	1	0	85	142.98697916666598
n1493	1282	1	0	86	142.89062499999932
n1492	1281	1	0	88	142.77473958333266
n1525	1299	1	0	66	143.1796874999993
n1518	1286	1	0	78	143.1835937499993
n1505	1289	1	0	78	143.48177083333266
n1502	1285	1	0	82	143.19010416666595
n1504	1288	1	0	82	143.39973958333266
n1503	1287	1	0	85	143.2890624999993
n1520	1294	1	0	70	143.79296874999935
n1506	1290	1	0	77	143.58984374999935
n1507	1291	1	0	78	143.6809895833327
n1509	1293	1	0	78	143.88671874999935
n1508	1292	1	0	85	143.78515624999935
n1521	1296	1	0	71	144.018229166666
n1522	1298	1	0	74	144.21093749999935
n1512	1300	1	0	78	144.209635416666
n1511	1297	1	0	83	144.092447916666
n1510	1295	1	0	86	144.00390624999935
n1513	1301	1	0	86	144.2942708333327
n1524	1306	1	0	65	144.6054687499994
n1514	1302	1	0	74	144.40104166666603
n1517	1305	1	0	74	144.6783854166661
n1516	1304	1	0	80	144.59244791666606
n1515	1303	1	0	83	144.48958333333272
n1544	1310	1	0	54	145.02213541666606
n1543	1321	1	0	66	144.79166666666606
n1551	deletion
n1529	1309	1	0	73	145.01041666666606
n1528	1308	1	0	78	144.90885416666606
n1530	1311	1	0	78	145.10937499999937
n1527	1307	1	0	82	144.78776041666606
n1546	1316	1	0	70	145.43880208333275
n1531	1312	1	0	77	145.21354166666606
n1532	1313	1	0	78	145.30598958333275
n1534	1315	1	0	78	145.5143229166661
n1533	1314	1	0	85	145.41536458333275
n1547	1319	1	0	71	145.6315104166661
n1548	1320	1	0	74	145.83072916666612
n1537	1322	1	0	78	145.81770833333277
n1536	1318	1	0	83	145.71484374999943
n1535	1317	1	0	86	145.6236979166661
n1538	1323	1	0	86	145.91927083333277
n1550	1328	1	0	65	146.23567708333283
n1539	1324	1	0	74	146.02994791666615
n1542	1327	1	0	74	146.31770833333283
n1541	1326	1	0	80	146.2226562499995
n1540	1325	1	0	83	146.1171874999995
n1570	1334	1	0	54	146.70182291666612
n1569	1331	1	0	66	146.45963541666615
n1553	1329	1	0	73	146.4661458333328
n1554	1330	1	0	82	146.45182291666615
n1555	1333	1	0	82	146.70703124999946
n1556	1332	1	0	85	146.69791666666612
n1572	1339	1	0	53	147.1601562499995
n1557	1336	1	0	82	146.94140624999946
n1559	1338	1	0	82	147.1523437499995
n1558	1335	1	0	85	146.9309895833328
n1560	1337	1	0	85	147.14713541666615
n1574	1345	1	0	42	147.60156249999946
n1573	1342	1	0	54	147.4101562499995
n1561	1341	1	0	82	147.37630208333283
n1563	1344	1	0	82	147.5950520833328
n1562	1340	1	0	85	147.3710937499995
n1564	1343	1	0	85	147.5872395833328
n1576	1350	1	0	41	148.01432291666612
n1565	1347	1	0	82	147.80859374999946
n1567	1349	1	0	82	148.02734374999946
n1566	1346	1	0	85	147.80859374999946
n1568	1348	1	0	85	148.02734374999946
n1594	1356	1	0	30	148.45963541666617
n1593	1353	1	0	42	148.2356770833328
n1577	1352	1	0	82	148.2395833333328
n1579	1355	1	0	82	148.46874999999952
n1578	1351	1	0	85	148.2434895833328
n1580	1354	1	0	85	148.45833333333283
n1581	1358	1	0	82	148.67838541666617
n1583	1359	1	0	82	148.89843749999952
n1582	1357	1	0	85	148.66927083333283
n1584	1360	1	0	85	148.90104166666617
n1585	1361	1	0	82	149.12630208333283
n1587	1364	1	0	82	149.33854166666617
n1586	1362	1	0	85	149.12760416666617
n1588	1363	1	0	85	149.33854166666617
n1598	1369	1	0	78	149.7877604166662
n1589	1366	1	0	82	149.56249999999952
n1591	1368	1	0	82	149.77734374999952
n1590	1365	1	0	85	149.55729166666617
n1592	1367	1	0	85	149.77864583333286
n1620	1373	1	0	76	150.2317708333329
n1619	1372	1	0	79	150.0208333333329
n1599	1371	1	0	82	150.0143229166662
n1601	1375	1	0	82	150.24609374999955
n1600	1370	1	0	85	150.01562499999955
n1602	1374	1	0	85	150.25390624999955
n1622	1380	1	0	66	150.67708333333283
n1603	1377	1	0	82	150.44921874999952
n1605	1379	1	0	82	150.68229166666617
n1604	1376	1	0	85	150.44401041666617
n1606	1378	1	0	85	150.6718749999995
n1624	1384	1	0	64	151.13020833333283
n1623	1383	1	0	67	150.92057291666617
n1607	1382	1	0	82	150.89583333333283
n1609	1386	1	0	82	151.12760416666617
n1608	1381	1	0	85	150.9023437499995
n1610	1385	1	0	85	151.12630208333283
n1626	1392	1	0	54	151.56380208333286
n1618	1391	1	0	75	151.55598958333286
n1611	1387	1	0	82	151.32942708333283
n1613	1389	1	0	82	151.5651041666662
n1612	1388	1	0	85	151.33854166666617
n1614	1390	1	0	85	151.54166666666617
n1648	1400	1	0	52	152.0260416666662
n1647	1396	1	0	55	151.80078124999957
n1643	1393	1	0	76	151.79427083333292
n1644	1398	1	0	79	152.0182291666662
n1627	1395	1	0	82	151.80729166666623
n1629	1397	1	0	82	152.0026041666662
n1628	1394	1	0	85	151.78255208333292
n1630	1399	1	0	85	152.0143229166662
n1631	1401	1	0	82	152.2486979166662
n1633	1404	1	0	82	152.4518229166662
n1632	1402	1	0	85	152.23437499999955
n1634	1403	1	0	85	152.45052083333286
n1635	1406	1	0	82	152.67187499999955
n1637	1408	1	0	82	152.9010416666662
n1636	1405	1	0	85	152.66406249999955
n1638	1407	1	0	85	152.89192708333286
n1652	1413	1	0	76	153.3190104166662
n1639	1409	1	0	82	153.1080729166662
n1641	1412	1	0	82	153.32421874999955
n1640	1410	1	0	85	153.1080729166662
n1642	1411	1	0	85	153.3151041666662
n1674	1419	1	0	65	153.7473958333329
n1673	1416	1	0	77	153.52473958333286
n1653	1414	1	0	82	153.5377604166662
n1655	1418	1	0	82	153.75260416666623
n1654	1415	1	0	86	153.53645833333286
n1656	1417	1	0	86	153.74479166666623
n1676	1424	1	0	65	154.1705729166663
n1657	1420	1	0	82	153.9687499999996
n1659	1423	1	0	82	154.17578124999963
n1658	1421	1	0	86	153.95963541666626
n1660	1422	1	0	86	154.16927083333294
n1678	1431	1	0	54	154.58203124999963
n1677	1428	1	0	66	154.37109374999963
n1661	1426	1	0	78	154.3854166666663
n1664	1430	1	0	78	154.6002604166663
n1662	1425	1	0	82	154.39192708333294
n1665	1429	1	0	82	154.60286458333297
n1663	1427	1	0	87	154.3815104166663
n1666	1432	1	0	87	154.60156249999963
n1680	1439	1	0	54	155.016927083333
n1667	1434	1	0	78	154.81249999999963
n1670	1436	1	0	78	155.0195312499997
n1668	1433	1	0	82	154.82682291666632
n1671	1437	1	0	82	155.02473958333303
n1669	1435	1	0	87	154.81770833333297
n1672	1438	1	0	87	155.01822916666634
n1714	1448	1	0	43	155.4440104166664
n1713	1444	1	0	55	155.22526041666637
n1681	1440	1	0	79	155.23307291666637
n1685	1445	1	0	79	155.4596354166664
n1682	1441	1	0	82	155.23307291666637
n1686	1446	1	0	82	155.46484374999974
n1683	1443	1	0	85	155.24218749999972
n1687	1449	1	0	85	155.4752604166664
n1684	1442	1	0	88	155.23046874999972
n1688	1447	1	0	88	155.46093749999974
n1716	1458	1	0	43	155.85416666666643
n1689	1450	1	0	79	155.66406249999974
n1693	1454	1	0	79	155.8606770833331
n1690	1451	1	0	82	155.66015624999974
n1694	1455	1	0	82	155.8567708333331
n1691	1452	1	0	85	155.66406249999974
n1695	1457	1	0	85	155.85807291666643
n1692	1453	1	0	88	155.6536458333331
n1696	1456	1	0	88	155.85416666666643
n1718	1466	1	0	32	156.2903645833331
n1717	1463	1	0	44	156.06249999999977
n1697	1459	1	0	80	156.07421874999977
n1701	1464	1	0	80	156.30338541666643
n1698	1461	1	0	83	156.08203124999977
n1702	1467	1	0	83	156.33593749999974
n1699	1462	1	0	86	156.08463541666643
n1703	1468	1	0	86	156.3216145833331
n1700	1460	1	0	89	156.07291666666643
n1704	1465	1	0	89	156.3216145833331
n1720	1477	1	0	32	156.68619791666643
n1705	1470	1	0	80	156.49869791666643
n1709	1473	1	0	80	156.69010416666643
n1706	1472	1	0	83	156.4973958333331
n1710	1475	1	0	83	156.71484374999977
n1707	1471	1	0	86	156.49999999999977
n1711	deletion
n1708	1469	1	0	89	156.49088541666643
n1712	1474	1	0	89	156.6888020833331
n1737	1478	1	0	33	156.92838541666643
n1738	1480	1	0	45	157.1367187499998
n1724	1482	1	0	81	157.21223958333314
n1721	1476	1	0	85	156.9231770833331
n1723	1481	1	0	85	157.12239583333312
n1722	1479	1	0	88	157.02994791666643
n1740	1487	1	0	44	157.46223958333314
n1726	1484	1	0	86	157.3945312499998
n1728	1486	1	0	86	157.5690104166665
n1725	1483	1	0	89	157.29427083333314
n1727	1485	1	0	89	157.48437499999983
n1741	1492	1	0	45	157.6861979166665
n1742	1489	1	0	57	157.87890624999983
n1732	1493	1	0	80	157.9518229166665
n1729	1488	1	0	83	157.66927083333314
n1731	1491	1	0	83	157.8502604166665
n1730	1490	1	0	86	157.77343749999983
n1744	1497	1	0	32	158.23177083333317
n1733	1494	1	0	77	158.04427083333314
n1734	1495	1	0	80	158.1276041666665
n1735	1496	1	0	83	158.23046874999983
n1736	1498	1	0	86	158.31640624999986
n1761	1501	1	0	33	158.4348958333332
n1762	1503	1	0	45	158.6484374999999
n1748	1504	1	0	73	158.6992187499999
n1747	1502	1	0	76	158.59114583333323
n1746	1500	1	0	81	158.51041666666654
n1745	1499	1	0	85	158.42578124999986
n1764	1510	1	0	44	158.9687499999999
n1752	1508	1	0	68	159.07682291666657
n1751	1507	1	0	71	158.9882812499999
n1750	1506	1	0	74	158.8945312499999
n1749	1505	1	0	77	158.7812499999999
n1765	1513	1	0	45	159.17708333333326
n1756	1516	1	0	56	159.46093749999991
n1766	1512	1	0	57	159.39062499999991
n1755	1514	1	0	59	159.37890624999991
n1754	1515	1	0	62	159.27473958333326
n1753	1509	1	0	65	159.17187499999991
n1767	1522	1	0	32	159.7864583333333
n1757	1517	1	0	53	159.5533854166666
n1758	1518	1	0	56	159.64583333333326
n1759	1519	1	0	59	159.74999999999994
n1760	1520	1	0	62	159.8372395833333
n1784	1523	1	0	33	159.97526041666663
n1785	1525	1	0	45	160.16276041666663
n1769	1524	1	0	57	160.0598958333333
n1768	1521	1	0	61	159.96744791666663
n1770	1526	1	0	61	160.1575520833333
n1771	1527	1	0	64	160.24999999999997
n1786	1533	1	0	32	160.5520833333333
n1775	1532	1	0	57	160.63541666666663
n1778	1538	1	0	57	160.96223958333334
n1774	1531	1	0	61	160.55078124999994
n1777	1535	1	0	61	160.85807291666666
n1773	1530	1	0	64	160.4622395833333
n1772	1528	1	0	69	160.35546874999997
n1787	1536	1	0	33	160.75390624999997
n1788	1537	1	0	45	160.97265625
n1779	1539	1	0	52	161.05729166666669
n1776	1534	1	0	64	160.74218749999997
n1789	1543	1	0	32	161.42708333333337
n1790	1542	1	0	44	161.43098958333337
n1783	1545	1	0	49	161.58984375000006
n1782	1544	1	0	52	161.43880208333337
n1781	1541	1	0	57	161.2955729166667
n1780	1540	1	0	61	161.17317708333337
n1797	1546	1	0	33	161.93880208333343
n1798	1547	1	0	45	161.93750000000009
n1795	1548	1	0	57	165.57291666666686
n1796	1553	1	0	62	165.5911458333335
n1794	1549	1	0	66	165.57682291666686
n1808	1552	1	0	59	165.8606770833335
n1802	1550	1	0	67	165.8763020833335
n1803	1551	1	0	71	166.1341145833335
n1814	1554	1	0	50	166.58723958333354
n1816	1556	1	0	43	167.0351562500002
n1815	1555	1	0	47	166.81119791666686
n1810	1557	1	0	57	167.47916666666686
n1811	1561	1	0	62	167.49088541666686
n1807	1559	1	0	66	167.4843750000002
n1824	1558	1	0	59	167.7278645833335
n1818	1560	1	0	67	167.71354166666686
n1819	1562	1	0	71	167.96354166666686
n1829	1564	1	0	48	168.40104166666686
n1828	1563	1	0	50	168.2981770833335
n1832	1567	1	0	43	168.69140625000017
n1831	1566	1	0	45	168.6067708333335
n1830	1565	1	0	47	168.51171875000017
n1823	1568	1	0	71	169.13281250000017
n1844	1571	1	0	66	169.60677083333348
n1843	1570	1	0	67	169.52213541666683
n1834	1569	1	0	69	169.33072916666683
n1835	1572	1	0	74	169.52734375000017
n1845	1574	1	0	64	169.70703125000014
n1847	1576	1	0	64	169.97916666666683
n1846	1575	1	0	66	169.87760416666683
n1836	1573	1	0	73	169.69661458333348
n1837	1577	1	0	79	169.90104166666683
n1848	1578	1	0	62	170.07161458333348
n1850	1582	1	0	62	170.36979166666688
n1849	1580	1	0	64	170.25520833333354
n1838	1579	1	0	78	170.08854166666683
n1839	1581	1	0	83	170.2695312500002
n1851	1584	1	0	61	170.47135416666688
n1853	1586	1	0	61	170.8411458333336
n1852	1585	1	0	62	170.6927083333336
n1840	1583	1	0	81	170.46744791666688
n1841	1587	1	0	88	170.69921875000026
n1878	1593	1	0	59	171.0559895833336
n1883	1601	1	0	62	171.37890625000026
n1871	1614	1	0	62	175.91406250000043
n1857	1590	1	0	83	171.4791666666669
n1856	1589	1	0	85	171.36979166666694
n1855	1588	1	0	86	171.2200520833336
n1860	1595	1	0	86	171.8190104166669
n1881	1600	1	0	64	171.5963541666669
n1872	1602	1	0	68	171.8229166666669
n1859	1592	1	0	80	171.69921875000026
n1861	1594	1	0	80	171.94140625000023
n1858	1591	1	0	81	171.5885416666669
n1879	1605	1	0	57	172.29557291666694
n1867	1599	1	0	82	172.85026041666694
n1862	1596	1	0	83	172.2708333333336
n1866	1598	1	0	83	172.76822916666694
n1868	1603	1	0	83	172.93359375000028
n1865	1597	1	0	85	172.69270833333363
n1869	1604	1	0	85	173.36848958333366
n1870	1610	1	0	57	175.90104166666708
n1874	1607	1	0	61	174.14713541666697
n1875	1606	1	0	64	174.1367187500003
n1864	1611	1	0	66	175.89973958333374
n1876	1608	1	0	69	174.1562500000003
n1863	1609	1	0	81	174.10416666666697
n1901	1617	1	0	48	176.42057291666714
n1900	1616	1	0	50	176.3424479166671
n1908	1629	1	0	50	177.31770833333374
n1897	1612	1	0	59	176.16927083333377
n1892	1625	1	0	62	177.1588541666671
n1898	deletion
n1885	1613	1	0	67	176.14583333333377
n1886	1615	1	0	71	176.3489583333338
n1891	1624	1	0	71	176.9348958333338
n1904	1620	1	0	43	176.71354166666714
n1903	1619	1	0	45	176.6380208333338
n1902	1618	1	0	47	176.53906250000048
n1888	1621	1	0	58	176.7239583333338
n1889	1623	1	0	70	176.70572916666714
n1907	1628	1	0	52	177.21484375000043
n1906	1626	1	0	54	177.11718750000045
n1890	1622	1	0	59	176.9505208333338
n1893	1627	1	0	74	177.13671875000045
n1910	1631	1	0	47	177.48958333333374
n1909	1630	1	0	49	177.40364583333374
n1895	1632	1	0	61	177.49088541666708
n1896	1634	1	0	73	177.48697916666708
n1924	1639	1	0	55	177.98437500000037
n1923	1636	1	0	57	177.90104166666708
n1911	1633	1	0	62	177.70833333333374
n1913	1637	1	0	66	177.93619791666708
n1912	1635	1	0	74	177.70052083333374
n1914	1638	1	0	78	177.93359375000043
n1928	1643	1	0	43	178.48697916666706
n1927	1642	1	0	50	178.2552083333337
n1926	1641	1	0	52	178.1757812500004
n1925	1640	1	0	54	178.06250000000037
n1929	1644	1	0	55	178.49479166666706
n1916	1645	1	0	71	178.4726562500004
n1932	1653	1	0	45	178.78776041666706
n1930	1647	1	0	54	178.7929687500004
n1917	1646	1	0	62	178.79427083333374
n1931	1648	1	0	55	179.30989583333374
n1921	1649	1	0	61	179.29947916666708
n1920	1652	1	0	62	179.70052083333377
n1919	1651	1	0	64	179.39062500000043
n1918	1650	1	0	66	179.27994791666708
n1942	1655	1	0	47	179.9114583333338
n1939	1654	1	0	54	179.89713541666714
n1933	1656	1	0	62	179.9036458333338
n1937	1657	1	0	75	181.4947916666672
n1938	1658	1	0	78	181.49218750000054
n1963	1664	1	0	69	182.0247395833339
n1962	1663	1	0	71	181.9492187500006
n1943	1660	1	0	76	181.73307291666723
n1944	1659	1	0	79	181.73828125000057
n1945	1662	1	0	79	181.94661458333394
n1946	1661	1	0	83	181.9453125000006
n1952	1672	1	0	52	182.6302083333339
n1951	1671	1	0	54	182.5677083333339
n1950	1670	1	0	55	182.4700520833339
n1949	1669	1	0	57	182.3802083333339
n1948	1668	1	0	59	182.28776041666723
n1966	1667	1	0	64	182.3294270833339
n1965	1666	1	0	66	182.2356770833339
n1964	1665	1	0	67	182.1263020833339
n1969	1680	1	0	33	182.7382812500006
n1967	1674	1	0	42	182.73697916666725
n1958	1677	1	0	49	183.05598958333397
n1960	1681	1	0	49	183.22005208333397
n1953	1673	1	0	50	182.7421875000006
n1957	1676	1	0	50	182.95833333333397
n1959	1678	1	0	50	183.13281250000063
n1956	1675	1	0	52	182.85677083333394
n1968	1679	1	0	43	183.21223958333397
n1955	1682	1	0	52	183.438802083334
n1954	1683	1	0	54	183.21093750000063
n1978	1685	1	0	38	183.700520833334
n1979	1686	1	0	42	183.82421875000068
n1980	1687	1	0	45	183.9375000000007
n1970	1684	1	0	50	183.62760416666734
n1982	1689	1	0	38	184.1276041666674
n1984	1691	1	0	38	184.33463541666742
n1983	1690	1	0	48	184.23046875000074
n1981	1688	1	0	50	184.0195312500007
n1972	1692	1	0	54	184.25520833333408
n1986	1694	1	0	38	184.53385416666742
n1988	1698	1	0	38	184.75000000000077
n1987	1697	1	0	43	184.62760416666742
n1985	1693	1	0	47	184.43359375000077
n1973	1695	1	0	55	184.44531250000077
n1974	1696	1	0	59	184.64322916666742
n1990	1700	1	0	38	184.97786458333417
n1992	1703	1	0	38	185.2018229166675
n1989	1699	1	0	40	184.8554687500008
n1991	1702	1	0	42	185.0924479166675
n1976	1704	1	0	60	185.09375000000085
n1975	1701	1	0	62	184.8515625000008
n2002	1706	1	0	38	185.40885416666748
n2004	1710	1	0	38	185.59114583333414
n2001	1705	1	0	43	185.2994791666675
n2003	1709	1	0	47	185.49609375000082
n1994	1708	1	0	55	185.50000000000082
n1993	1707	1	0	59	185.31250000000082
n2006	1712	1	0	42	185.81640625000082
n2008	1714	1	0	42	186.05208333333414
n2007	1713	1	0	52	185.95572916666748
n2005	1711	1	0	54	185.72265625000082
n1996	1715	1	0	58	185.96223958333414
n2010	1717	1	0	42	186.26171875000082
n2012	1721	1	0	42	186.47135416666748
n2011	1720	1	0	47	186.36588541666748
n2009	1716	1	0	50	186.15625000000082
n1997	1718	1	0	59	186.16536458333417
n1998	1719	1	0	62	186.3710937500008
n2014	1723	1	0	42	186.7057291666675
n2016	1725	1	0	42	186.91666666666754
n2013	1722	1	0	44	186.58854166666748
n2015	1724	1	0	46	186.80859375000085
n2000	1735	1	0	64	186.8151041666675
n1999	1731	1	0	66	186.57682291666748
n2028	1727	1	0	42	187.15104166666754
n2030	1732	1	0	42	187.33593750000088
n2027	1726	1	0	47	187.01953125000088
n2029	1730	1	0	50	187.22786458333422
n2018	1729	1	0	59	187.23828125000088
n2017	1728	1	0	62	187.04427083333422
n2032	1734	1	0	45	187.57161458333428
n2034	1737	1	0	45	187.77083333333428
n2033	1736	1	0	55	187.68619791666762
n2031	1733	1	0	57	187.45442708333422
n2020	1738	1	0	61	187.68489583333428
n2036	1741	1	0	45	187.98567708333434
n2038	1744	1	0	45	188.2122395833343
n2037	1743	1	0	50	188.10416666666768
n2035	1739	1	0	54	187.90104166666765
n2021	1740	1	0	62	187.90364583333434
n2022	1742	1	0	66	188.089843750001
n2040	1748	1	0	45	188.43619791666765
n2042	1751	1	0	45	188.65104166666768
n2039	1746	1	0	47	188.31119791666762
n2041	1750	1	0	49	188.539062500001
n2025	1749	1	0	67	188.54557291666768
n2023	1745	1	0	69	188.3255208333343
n2026	1752	1	0	79	188.53255208333434
n2024	1747	1	0	81	188.31250000000097
n2055	1754	1	0	45	188.84244791666765
n2057	1759	1	0	45	189.082031250001
n2054	1753	1	0	50	188.73697916666768
n2056	1758	1	0	54	188.96093750000097
n2043	1756	1	0	66	188.75130208333434
n2045	1757	1	0	74	188.9583333333343
n2044	1755	1	0	78	188.74348958333434
n2059	1761	1	0	45	189.28385416666768
n2061	1763	1	0	45	189.48567708333437
n2060	1762	1	0	55	189.40104166666768
n2058	1760	1	0	57	189.16015625000102
n2047	1764	1	0	61	189.40625000000102
n2063	1766	1	0	45	189.69661458333437
n2065	1770	1	0	45	189.91666666666768
n2064	1769	1	0	50	189.80468750000102
n2062	1765	1	0	54	189.60286458333437
n2048	1767	1	0	62	189.60286458333437
n2049	1768	1	0	66	189.80078125000102
n2067	1773	1	0	45	190.13281250000102
n2069	1778	1	0	45	190.33333333333434
n2066	1772	1	0	47	190.02213541666768
n2068	1777	1	0	49	190.22786458333437
n2052	1775	1	0	67	190.25520833333437
n2050	1771	1	0	69	190.04687500000102
n2053	1776	1	0	79	190.2486979166677
n2051	1774	1	0	81	190.02994791666768
n2085	1781	1	0	45	190.54036458333437
n2087	1785	1	0	45	190.73958333333437
n2084	1779	1	0	50	190.43880208333437
n2086	1783	1	0	50	190.64973958333434
n2070	1780	1	0	66	190.45442708333437
n2072	1784	1	0	74	190.66666666666768
n2071	1782	1	0	78	190.44921875000102
n2089	1789	1	0	45	190.9856770833344
n2091	1793	1	0	45	191.20703125000105
n2088	1788	1	0	51	190.8776041666677
n2090	1792	1	0	51	191.08984375000105
n2075	1790	1	0	69	191.1028645833344
n2073	1786	1	0	71	190.89453125000105
n2076	1791	1	0	81	191.09765625000105
n2074	1787	1	0	83	190.8893229166677
n2093	1795	1	0	45	191.4153645833344
n2095	1800	1	0	45	191.63281250000108
n2092	1794	1	0	52	191.3072916666677
n2094	1799	1	0	52	191.52734375000108
n2077	1796	1	0	67	191.31640625000105
n2079	1798	1	0	76	191.51171875000108
n2078	1797	1	0	79	191.30859375000105
n2097	1804	1	0	45	191.83463541666777
n2099	1808	1	0	45	192.04947916666777
n2096	1803	1	0	53	191.73046875000108
n2098	1807	1	0	53	191.94270833333445
n2082	1805	1	0	71	191.95182291666777
n2080	1802	1	0	73	191.73046875000108
n2083	1806	1	0	83	191.9453125000011
n2081	1801	1	0	85	191.72526041666774
n2115	1810	1	0	45	192.27604166666777
n2117	1815	1	0	45	192.48437500000108
n2114	1809	1	0	54	192.1796875000011
n2116	1814	1	0	54	192.37369791666774
n2100	1811	1	0	69	192.1640625000011
n2102	1813	1	0	78	192.39713541666774
n2101	1812	1	0	81	192.1601562500011
n2119	1819	1	0	45	192.69921875000108
n2121	1823	1	0	45	192.91015625000108
n2123	1825	1	0	45	193.1497395833344
n2118	1818	1	0	54	192.58854166666774
n2120	1822	1	0	54	192.7942708333344
n2105	1820	1	0	72	192.8255208333344
n2103	1816	1	0	74	192.6145833333344
n2106	1821	1	0	84	192.82031250000105
n2104	1817	1	0	86	192.6106770833344
n2125	1831	1	0	45	193.38281250000105
n2122	1824	1	0	55	193.03255208333442
n2124	1830	1	0	55	193.27213541666774
n2107	1826	1	0	71	193.04296875000108
n2109	1828	1	0	79	193.24479166666774
n2108	1827	1	0	83	193.04036458333442
n2127	1836	1	0	45	193.63932291666777
n2129	1840	1	0	45	193.9114583333344
n2126	1835	1	0	56	193.50390625000108
n2128	1839	1	0	56	193.76822916666774
n2112	1837	1	0	74	193.74869791666777
n2110	1833	1	0	76	193.47656250000108
n2113	1838	1	0	86	193.7460937500011
n2111	1834	1	0	88	193.47135416666774
n2151	1864	1	0	45	194.25000000000105
n2152	1863	1	0	55	194.2552083333344
n2153	1862	1	0	57	194.2473958333344
n2130	1841	1	0	74	194.23307291666774
n2131	1842	1	0	86	194.23046875000108
n2132	1843	1	0	85	195.58333333333445
n2135	1846	1	0	85	196.1289062500011
n2134	1845	1	0	86	195.9986979166678
n2133	1844	1	0	88	195.8385416666678
n2136	1847	1	0	88	196.25130208333442
n2149	1860	1	0	64	197.47005208333445
n2147	1858	1	0	67	197.25651041666777
n2150	1861	1	0	67	197.5846354166678
n2145	1855	1	0	69	197.07942708333442
n2148	1859	1	0	69	197.3554687500011
n2143	1854	1	0	73	196.9140625000011
n2146	1857	1	0	73	197.16145833333442
n2141	1852	1	0	76	196.71744791666777
n2144	1856	1	0	76	196.99088541666777
n2139	1850	1	0	79	196.52343750000108
n2142	1853	1	0	79	196.80338541666777
n2137	1848	1	0	81	196.34375000000108
n2140	1851	1	0	81	196.62630208333442
n2138	1849	1	0	85	196.45182291666774
n2154	1865	1	0	61	198.14453125000114
n2163	1866	1	0	42	201.1979166666679
n2171	1867	1	0	43	201.42317708333456
n2172	1868	1	0	47	201.65625000000125
n2169	1869	1	0	50	201.66015625000125
n2165	1870	1	0	62	201.6432291666679
n2167	1872	1	0	55	202.10286458333456
n2166	1871	1	0	59	201.8776041666679
n2176	1873	1	0	54	202.9661458333346
n2187	1874	1	0	55	203.2122395833346
n2188	1875	1	0	58	203.43750000000125
n2178	1876	1	0	62	203.44531250000125
n2179	1877	1	0	74	203.4309895833346
n2181	1879	1	0	67	203.9283854166679
n2180	1878	1	0	70	203.67968750000125
n2192	1884	1	0	43	205.15104166666788
n2193	1886	1	0	55	205.16145833333454
n2184	1881	1	0	58	205.14973958333454
n2185	1880	1	0	62	205.1718750000012
n2186	1883	1	0	70	205.14192708333454
n2212	1885	1	0	48	205.4921875000012
n2214	1888	1	0	48	205.71093750000122
n2215	1891	1	0	55	205.74218750000122
n2197	1889	1	0	58	205.72135416666788
n2195	1882	1	0	63	205.4726562500012
n2198	1890	1	0	63	205.69791666666788
n2199	1887	1	0	70	205.70182291666788
n2216	1894	1	0	48	206.1093750000012
n2217	1892	1	0	55	206.1210937500012
n2200	deletion
n2201	1895	1	0	63	206.11979166666785
n2202	1893	1	0	70	206.10286458333454
n2218	1896	1	0	41	206.3567708333346
n2220	1902	1	0	41	206.57812500000128
n2219	1899	1	0	53	206.38281250000125
n2221	1904	1	0	53	206.58333333333462
n2203	1898	1	0	56	206.36328125000125
n2206	1900	1	0	56	206.5755208333346
n2207	1901	1	0	63	206.57682291666794
n2205	1897	1	0	68	206.34114583333456
n2208	1903	1	0	68	206.5716145833346
n2222	1907	1	0	41	206.99348958333462
n2223	1909	1	0	53	207.0000000000013
n2209	1911	1	0	56	207.00911458333465
n2210	1905	1	0	63	206.99479166666796
n2211	1906	1	0	68	206.97916666666796
n2242	1908	1	0	46	207.21614583333468
n2244	1914	1	0	46	207.42708333333465
n2245	1913	1	0	53	207.440104166668
n2227	1912	1	0	56	207.42708333333465
n2225	1910	1	0	62	207.20703125000134
n2228	1915	1	0	62	207.444010416668
n2229	1916	1	0	68	207.420572916668
n2246	1923	1	0	46	207.81640625000134
n2247	1917	1	0	53	207.815104166668
n2230	1918	1	0	56	207.82031250000134
n2231	1921	1	0	62	207.819010416668
n2232	1919	1	0	68	207.807291666668
n2250	1927	1	0	46	208.27604166666805
n2249	1924	1	0	52	208.04427083333468
n2251	1928	1	0	52	208.27213541666805
n2233	1920	1	0	55	208.05338541666802
n2236	1926	1	0	55	208.2773437500014
n2237	1925	1	0	62	208.27604166666805
n2235	1922	1	0	67	208.04166666666802
n2238	1929	1	0	67	208.2630208333347
n2252	1931	1	0	46	208.66276041666802
n2253	1932	1	0	52	208.66406250000136
n2239	1933	1	0	55	208.68750000000136
n2240	1930	1	0	62	208.6770833333347
n2241	1934	1	0	67	208.66015625000136
n2272	1935	1	0	45	208.9153645833347
n2274	1937	1	0	45	209.12109375000142
n2275	1940	1	0	52	209.1393229166681
n2257	1938	1	0	55	209.13020833333476
n2255	1936	1	0	61	208.8997395833347
n2258	1939	1	0	61	209.1432291666681
n2259	1941	1	0	67	209.12239583333476
n2276	1950	1	0	45	209.51171875000145
n2277	1942	1	0	52	209.50781250000145
n2260	1943	1	0	55	209.5208333333348
n2261	1944	1	0	61	209.5091145833348
n2262	1945	1	0	67	209.5026041666681
n2280	1953	1	0	45	209.97916666666816
n2279	1946	1	0	54	209.7643229166681
n2281	1951	1	0	54	209.98697916666816
n2263	1947	1	0	57	209.78125000000145
n2266	1952	1	0	57	209.9882812500015
n2264	1949	1	0	62	209.7942708333348
n2267	1954	1	0	62	209.98567708333482
n2265	1948	1	0	66	209.75000000000142
n2268	1955	1	0	66	209.98307291666816
n2282	1964	1	0	45	210.38151041666816
n2283	1957	1	0	54	210.38932291666816
n2269	1956	1	0	57	210.39322916666816
n2270	1958	1	0	62	210.41145833333482
n2271	1959	1	0	66	210.3828125000015
n2304	1967	1	0	45	210.8385416666681
n2303	1961	1	0	55	210.63411458333476
n2305	1968	1	0	55	210.84375000000145
n2284	1960	1	0	59	210.63020833333476
n2287	1965	1	0	59	210.85156250000145
n2288	1966	1	0	62	210.8450520833348
n2286	1962	1	0	64	210.60937500000145
n2289	1969	1	0	64	210.84765625000145
n2306	1976	1	0	45	211.26953125000145
n2307	1970	1	0	55	211.2786458333348
n2290	1971	1	0	59	211.27994791666814
n2291	1972	1	0	62	211.2747395833348
n2292	1973	1	0	64	211.2604166666681
n2310	1981	1	0	45	211.7460937500015
n2293	1977	1	0	55	211.5390625000015
n2296	1978	1	0	55	211.7565104166682
n2309	1975	1	0	57	211.52994791666816
n2311	1979	1	0	57	211.7500000000015
n2294	1974	1	0	61	211.52604166666816
n2297	1980	1	0	61	211.75520833333485
n2298	1982	1	0	64	211.73567708333485
n2312	1987	1	0	45	212.13932291666822
n2299	1985	1	0	55	212.15234375000156
n2313	1983	1	0	57	212.14713541666822
n2300	1986	1	0	61	212.15625000000156
n2301	1984	1	0	64	212.14192708333488
n2330	2027	1	0	38	212.5638020833349
n2331	2028	1	0	50	212.56901041666825
n2315	1988	1	0	52	212.64973958333493
n2316	1989	1	0	54	212.76822916666828
n2317	1990	1	0	55	212.87239583333496
n2333	1995	1	0	45	213.19140625000165
n2318	1991	1	0	56	212.9713541666683
n2319	1992	1	0	57	213.0768229166683
n2320	1993	1	0	58	213.1666666666683
n2321	1994	1	0	59	213.266927083335
n2335	2000	1	0	43	213.56510416666836
n2334	1998	1	0	47	213.38151041666833
n2322	1996	1	0	60	213.36197916666833
n2323	1997	1	0	61	213.47005208333502
n2324	1999	1	0	62	213.56901041666836
n2325	2001	1	0	63	213.66145833333502
n2336	2005	1	0	43	213.94791666666836
n2326	2002	1	0	64	213.74218750000168
n2327	2003	1	0	65	213.83854166666833
n2328	2004	1	0	66	213.94270833333502
n2329	2006	1	0	67	214.0429687500017
n2358	2011	1	0	42	214.33333333333502
n2357	2009	1	0	45	214.11979166666836
n2337	2007	1	0	68	214.1289062500017
n2338	2008	1	0	69	214.23697916666836
n2339	2010	1	0	70	214.31119791666836
n2340	2012	1	0	71	214.4101562500017
n2359	2017	1	0	42	214.6861979166684
n2341	2013	1	0	72	214.49739583333505
n2342	2014	1	0	73	214.59505208333505
n2343	2015	1	0	74	214.69140625000173
n2344	2016	1	0	75	214.77994791666842
n2361	2022	1	0	40	215.1041666666684
n2360	2020	1	0	43	214.89062500000173
n2345	2018	1	0	76	214.88411458333508
n2346	2019	1	0	77	214.97656250000173
n2347	2021	1	0	78	215.0690104166684
n2348	2023	1	0	79	215.16406250000173
n2362	2032	1	0	40	215.49869791666842
n2349	2024	1	0	80	215.2408854166684
n2350	2025	1	0	81	215.33723958333508
n2351	2026	1	0	82	215.40234375000173
n2352	2029	1	0	83	215.46744791666842
n2353	2030	1	0	84	215.5442708333351
n2354	2031	1	0	85	215.61588541666845
n2379	2034	1	0	38	215.73307291666845
n2382	2075	1	0	38	215.9453125000018
n2381	2037	1	0	42	215.7265625000018
n2380	2072	1	0	50	215.7382812500018
n2366	2038	1	0	82	215.99348958333513
n2365	2036	1	0	83	215.90104166666845
n2364	2035	1	0	85	215.7981770833351
n2363	2033	1	0	86	215.69791666666845
n2383	2042	1	0	45	216.30598958333513
n2370	2043	1	0	78	216.38151041666845
n2369	2041	1	0	79	216.28385416666845
n2368	2040	1	0	80	216.19010416666848
n2367	2039	1	0	81	216.08854166666848
n2385	2048	1	0	43	216.6718750000018
n2384	2046	1	0	47	216.49088541666845
n2374	2049	1	0	74	216.7539062500018
n2373	2047	1	0	75	216.66927083333513
n2372	2045	1	0	76	216.5742187500018
n2371	2044	1	0	77	216.4778645833351
n2387	2054	1	0	43	217.0351562500018
n2378	2053	1	0	70	217.1328125000018
n2377	2052	1	0	71	217.0390625000018
n2376	2051	1	0	72	216.94010416666845
n2375	2050	1	0	73	216.8372395833351
n2407	2059	1	0	42	217.43359375000176
n2406	2057	1	0	45	217.23437500000176
n2391	2060	1	0	66	217.49479166666845
n2390	2058	1	0	67	217.40885416666842
n2389	2056	1	0	68	217.32161458333508
n2388	2055	1	0	69	217.2278645833351
n2408	2065	1	0	42	217.79296875000176
n2395	2064	1	0	62	217.85807291666842
n2394	2063	1	0	63	217.77604166666842
n2393	2062	1	0	64	217.67968750000176
n2392	2061	1	0	65	217.5833333333351
n2410	2070	1	0	40	218.19010416666842
n2409	2068	1	0	43	217.98307291666842
n2399	2071	1	0	55	218.2552083333351
n2398	2069	1	0	57	218.15494791666842
n2397	2067	1	0	59	218.07421875000176
n2396	2066	1	0	61	217.97526041666842
n2411	2078	1	0	40	218.55338541666848
n2403	2077	1	0	49	218.61718750000185
n2402	2076	1	0	50	218.52864583333513
n2401	2074	1	0	52	218.4309895833351
n2400	2073	1	0	54	218.33854166666845
n2429	2081	1	0	38	218.96484375000185
n2428	2079	1	0	42	218.7330729166685
n2427	2127	1	0	50	218.74348958333516
n2413	2080	1	0	54	218.95703125000185
n2414	2082	1	0	57	219.05468750000182
n2430	2087	1	0	42	219.3190104166685
n2415	2083	1	0	62	219.15364583333516
n2418	2086	1	0	62	219.42838541666853
n2416	2084	1	0	66	219.25781250000185
n2417	2085	1	0	69	219.33593750000185
n2432	2091	1	0	38	219.72265625000185
n2431	2090	1	0	43	219.5247395833352
n2420	2089	1	0	57	219.6341145833352
n2419	2088	1	0	61	219.5247395833352
n2421	2092	1	0	61	219.7122395833352
n2422	2093	1	0	64	219.7916666666685
n2433	2098	1	0	43	220.09635416666856
n2423	2094	1	0	67	219.9049479166685
n2424	2095	1	0	69	219.9934895833352
n2426	2097	1	0	69	220.17708333333522
n2425	2096	1	0	73	220.09114583333522
n2452	2103	1	0	38	220.46875000000188
n2451	2101	1	0	42	220.3046875000019
n2435	2100	1	0	62	220.37239583333522
n2436	2102	1	0	66	220.45833333333522
n2437	2104	1	0	69	220.54296875000188
n2434	2099	1	0	74	220.27213541666856
n2453	2109	1	0	42	220.82291666666853
n2438	2105	1	0	74	220.64192708333522
n2441	2108	1	0	74	220.93359375000188
n2439	2106	1	0	78	220.74479166666853
n2440	2107	1	0	81	220.8255208333352
n2455	2113	1	0	38	221.21614583333522
n2454	2112	1	0	43	221.02604166666856
n2443	2111	1	0	69	221.11848958333522
n2442	2110	1	0	73	221.02473958333522
n2444	2114	1	0	73	221.21484375000188
n2445	2115	1	0	76	221.29557291666856
n2456	2120	1	0	43	221.57421875000188
n2446	2116	1	0	79	221.40364583333522
n2447	2117	1	0	81	221.48828125000188
n2449	2119	1	0	81	221.67057291666853
n2448	2118	1	0	85	221.57812500000188
n2478	2129	1	0	38	221.99479166666853
n2477	2131	1	0	42	221.7682291666685
n2460	2124	1	0	74	222.03385416666853
n2459	2123	1	0	78	221.96093750000185
n2458	2122	1	0	81	221.86328125000185
n2457	2121	1	0	86	221.76562500000185
n2464	2130	1	0	66	222.42057291666856
n2461	2125	1	0	69	222.13411458333522
n2463	2128	1	0	69	222.32942708333522
n2462	2126	1	0	74	222.23567708333522
n2467	2134	1	0	54	222.7265625000019
n2466	2133	1	0	57	222.61197916666856
n2468	2135	1	0	57	222.82291666666856
n2465	2132	1	0	62	222.51562500000188
n2475	2138	1	0	42	223.16666666666856
n2474	2137	1	0	45	223.04947916666856
n2476	2139	1	0	45	223.2695312500019
n2473	2136	1	0	50	222.95572916666856
n2482	2140	1	0	38	223.4492187500019
insertion	535	1	0	71	64.30989583333346
insertion	718	1	0	30	79.48307291666642
insertion	719	1	0	32	79.49609374999974
insertion	765	1	0	80	82.18229166666632
insertion	766	1	0	78	82.29296874999964
insertion	772	1	0	68	82.51171874999966
insertion	781	1	0	64	83.00911458333302
insertion	816	1	0	68	84.75781249999959
insertion	824	1	0	68	85.1835937499996
insertion	832	1	0	68	85.59895833333293
insertion	840	1	0	68	86.0950520833329
insertion	992	1	0	78	114.45312499999902
insertion	993	1	0	79	114.70052083333235
insertion	994	1	0	83	114.96354166666569
insertion	1511	1	0	64	159.30078124999991
insertion	1529	1	0	65	160.4947916666666
insertion	1829	1	0	78	193.28906250000108
insertion	1832	1	0	46	193.4544270833344
insertion	1963	1	0	62	210.64583333333476
