xml_id	midi_id	track	channel	pitch	onset
n15	9	0	0	51	1.4423090625
n9	2	0	0	55	1.4337620458333333
n1	0	0	0	58	0.42735083333333335
n10	3	0	0	58	1.8643180104166668
n2	1	0	0	63	1.2115396125000002
n5	4	0	0	63	1.3910269625
n11	5	0	0	55	2.2414551208333338
n12	6	0	0	58	2.613250345833334
n13	7	0	0	55	2.9818404395833342
n14	10	0	0	58	3.3824818458333343
n7	8	0	0	63	3.497866570833334
n6	11	0	0	67	2.942310487500001
n26	18	0	0	53	3.7339779062500007
n20	12	0	0	56	3.7393197916666674
n21	13	0	0	58	4.182696281250005
n16	14	0	0	63	3.6976530854166674
n22	15	0	0	56	4.589747950000005
n23	16	0	0	58	4.932696993750005
n17	19	0	0	62	4.532055587500005
n28	20	0	0	51	5.684834460416671
n24	17	0	0	56	5.306628972916671
n35	23	0	0	58	6.1570571312500055
n36	24	0	0	58	6.495732666666673
n37	27	0	0	58	6.862186006250006
n25	deletion
n18	22	0	0	63	5.6292788520833374
n42	28	0	0	50	6.164535770833339
n43	25	0	0	53	6.1549203770833385
n29	26	0	0	65	6.097228014583338
n44	32	0	0	48	7.277784691666673
n45	30	0	0	51	7.286331708333339
n38	29	0	0	58	7.244665002083339
n30	31	0	0	67	7.214750443750006
n46	36	0	0	46	7.642101277083339
n47	34	0	0	50	7.638896145833339
n48	41	0	0	50	8.067315356250006
n49	40	0	0	53	8.044879437500006
n39	33	0	0	58	7.638896145833339
n40	39	0	0	58	8.03633242083334
n31	35	0	0	65	7.648511539583339
n33	38	0	0	65	8.04915294583334
n32	37	0	0	68	7.601502947916672
n34	42	0	0	70	7.98505032083334
n63	45	0	0	51	8.488255927083339
n56	43	0	0	58	8.501076452083339
n57	46	0	0	58	8.907059743750004
n50	44	0	0	65	8.50428158333334
n51	47	0	0	68	8.446589220833339
n64	49	0	0	39	9.314111412500003
n58	48	0	0	58	9.31624816666667
n59	51	0	0	58	9.74146224583333
n52	50	0	0	63	9.33547895416667
n53	52	0	0	67	9.28740198541667
n65	54	0	0	51	10.160266062499998
n66	57	0	0	53	10.696591358333329
n60	53	0	0	63	10.174154964583332
n61	55	0	0	63	10.558770714583328
n54	56	0	0	67	10.139966897916665
n55	58	0	0	68	10.681634079166662
n78	62	0	0	55	10.919882168749995
n71	59	0	0	63	10.933771070833329
n72	60	0	0	63	11.330138968749996
n67	63	0	0	70	10.903856512499996
n79	65	0	0	51	12.053430254166665
n73	61	0	0	63	11.684840160416664
n74	64	0	0	63	12.067319156249999
n68	66	0	0	67	12.004284908333332
n81	71	0	0	53	12.769242899999997
n80	69	0	0	56	12.456208414583331
n75	67	0	0	63	12.474370825
n76	70	0	0	63	12.822661754166663
n70	72	0	0	68	12.76069588333333
n69	68	0	0	72	12.408131445833332
n93	78	0	0	55	13.214756143749998
n86	73	0	0	63	13.22864504583333
n87	74	0	0	63	13.603645402083329
n82	76	0	0	70	13.186978339583332
n88	75	0	0	63	13.935910674999993
n89	77	0	0	63	14.31304778541666
n83	79	0	0	71	14.27779134166666
n95	85	0	0	55	15.112193843749994
n94	81	0	0	56	14.713689191666662
n90	80	0	0	63	14.710484060416661
n91	84	0	0	63	15.10471520416666
n85	83	0	0	70	15.081210908333325
n84	82	0	0	72	14.693390027083327
n112	90	0	0	53	15.599373793749994
n102	86	0	0	60	15.613262695833328
n103	88	0	0	60	16.05770756249999
n97	91	0	0	68	16.056639185416657
n96	87	0	0	70	15.561980595833328
n113	95	0	0	46	16.842964718749997
n105	93	0	0	58	16.858990374999998
n104	89	0	0	61	16.443391689583326
n106	92	0	0	62	16.85044335833333
n98	94	0	0	65	16.816255291666664
n115	102	0	0	44	17.690187745833335
n114	98	0	0	51	17.28740958541667
n107	96	0	0	58	17.2884779625
n109	101	0	0	60	17.68805099166667
n108	99	0	0	63	17.319460897916667
n110	deletion
n99	97	0	0	67	17.25963178125
n101	103	0	0	68	17.84296566875
n100	100	0	0	70	17.663478318750006
n127	109	0	0	46	18.180572827083335
n122	106	0	0	58	18.635701464583345
n121	104	0	0	63	18.211555762500005
n116	105	0	0	67	18.14638476041667
n128	110	0	0	44	19.470103966666688
n123	108	0	0	62	19.08121470833335
n117	107	0	0	65	19.057710412500015
n130	114	0	0	41	20.41348093125002
n129	111	0	0	43	19.95301040833336
n125	112	0	0	56	20.424164702083353
n119	115	0	0	58	19.910275325000026
n124	deletion
n120	113	0	0	63	20.568395608333354
n140	116	0	0	39	20.889977110416684
n138	117	0	0	55	20.903866012500014
n141	118	0	0	58	21.376088683333347
n131	119	0	0	63	20.870746322916684
n147	130	0	0	51	21.701943693750014
n142	120	0	0	55	21.762841187500015
n143	125	0	0	58	22.162414216666683
n134	123	0	0	62	22.304508368750017
n133	122	0	0	63	22.23506385833335
n135	124	0	0	63	22.38891015833335
n132	121	0	0	65	22.14852531458335
n144	126	0	0	55	22.50108975208335
n145	129	0	0	58	22.885705502083354
n137	127	0	0	63	22.991474833333353
n136	128	0	0	67	22.45408116041668
n158	deletion
n154	132	0	0	58	23.683783183333357
n153	133	0	0	63	23.23399643125002
n148	deletion
n159	deletion
n156	135	0	0	58	24.449809552083362
n155	138	0	0	62	24.014980079166694
n149	deletion
n151	deletion
n152	deletion
n169	deletion
n170	143	0	0	58	26.009640093750033
n162	deletion
n172	148	0	0	58	26.773529708333363
n171	deletion
n174	159	0	0	58	27.534214191666695
n173	152	0	0	65	27.194470279166694
n164	156	0	0	68	27.143188179166696
n167	166	0	0	68	27.954086385416694
n166	161	0	0	70	27.50964151875003
n163	deletion
n186	165	0	0	58	28.394257743750035
n185	169	0	0	63	28.823745331250034
n175	171	0	0	67	28.783147002083368
insertion	151	0	0	67	26.721179231250034
n181	deletion
n176	deletion
n188	167	0	0	58	28.849386381250035
n190	170	0	0	58	29.27353208333337
n187	163	0	0	65	27.99788984583336
n182	176	0	0	68	30.18592611250004
n177	deletion
n178	deletion
n189	177	0	0	67	29.634643537500036
n180	181	0	0	70	30.396396397916703
n183	deletion
n179	deletion
n198	deletion
n199	deletion
n191	deletion
n201	deletion
n200	deletion
n203	deletion
n202	deletion
n193	191	0	0	68	32.339774312500055
n196	deletion
n195	195	0	0	70	32.76498839166673
n192	deletion
n215	deletion
n214	192	0	0	63	32.81413373750007
n204	185	0	0	67	31.553448779166708
n210	deletion
n205	deletion
n217	deletion
n216	deletion
n211	deletion
n206	deletion
n207	deletion
n219	212	0	0	58	36.715846845833404
n218	deletion
n212	202	0	0	70	34.78101594791673
n208	deletion
n209	deletion
n226	217	0	0	51	37.166701975000066
n227	203	0	0	63	34.80131511250006
n220	deletion
n229	218	0	0	63	37.16883872916673
n228	216	0	0	67	37.12503526875007
n224	deletion
n221	deletion
n230	219	0	0	65	37.62076223541672
n231	223	0	0	68	37.76285638750005
n222	deletion
n223	deletion
n241	deletion
n240	226	0	0	67	38.05986521666673
n242	deletion
n232	deletion
n243	224	0	0	63	38.111147316666724
n237	deletion
n233	deletion
n244	deletion
n245	236	0	0	62	41.9530313083334
insertion	229	0	0	62	38.998968672916725
n238	232	0	0	70	40.1902091208334
n235	deletion
n234	deletion
n256	deletion
n255	deletion
n250	deletion
n251	248	0	0	67	43.52461399791673
n247	deletion
n246	deletion
n258	deletion
n257	deletion
n252	deletion
n248	deletion
n260	deletion
n259	237	0	0	58	42.33871543541674
n261	246	0	0	58	43.15068201875007
n253	240	0	0	68	43.113288820833404
n249	251	0	0	74	44.34192246666672
n270	deletion
n275	deletion
n267	245	0	0	68	43.419913043750064
n262	255	0	0	77	44.707307429166725
n277	deletion
n271	254	0	0	58	44.763931414583396
n276	247	0	0	63	43.553460179166734
n268	257	0	0	67	45.201966018750056
n263	249	0	0	75	43.94555456875007
n273	deletion
n272	deletion
n265	256	0	0	70	45.19555575625006
n266	265	0	0	71	46.04918904583338
n284	deletion
n280	253	0	0	68	44.40816184583339
n285	deletion
n281	deletion
n278	deletion
n291	deletion
n292	deletion
n293	deletion
n287	deletion
n288	274	0	0	63	48.47333664791672
n289	275	0	0	67	48.441285335416715
n301	deletion
n302	272	0	0	58	48.09085765208338
n303	268	0	0	65	47.71158378750005
n294	273	0	0	68	48.323763856250046
n295	279	0	0	74	49.252183541666696
n296	deletion
n304	deletion
n305	deletion
n306	deletion
n297	deletion
n298	deletion
n299	278	0	0	68	49.30239726458336
n313	deletion
n314	289	0	0	63	51.28103162291668
n315	284	0	0	67	50.090859552083344
n307	283	0	0	70	50.071628764583345
n308	298	0	0	75	51.65496360208334
insertion	285	0	0	75	50.02034666458334
n309	290	0	0	82	50.82162947708334
n316	deletion
n317	deletion
n310	292	0	0	63	52.04171610625
n311	deletion
n327	deletion
n328	deletion
n318	deletion
n319	deletion
n329	deletion
n330	deletion
n320	303	0	0	63	54.445564543749974
n321	308	0	0	70	55.31415511249997
n333	deletion
n331	deletion
n332	deletion
n334	deletion
n343	309	0	0	62	55.2959927020833
n322	deletion
n324	312	0	0	63	55.72654866666664
n325	311	0	0	67	55.738300814583305
insertion	302	0	0	67	54.070564187499976
n323	deletion
n347	deletion
n349	deletion
n348	deletion
n350	deletion
n344	deletion
n335	deletion
n337	316	0	0	67	56.1421473520833
n336	325	0	0	68	57.41031094999995
n351	322	0	0	46	57.814157487499955
n352	321	0	0	58	57.420994720833285
n345	deletion
n338	deletion
n354	deletion
n355	324	0	0	51	58.35261953749996
n340	deletion
n360	329	0	0	63	59.19663743333327
n341	deletion
n342	deletion
n363	deletion
n356	deletion
n357	330	0	0	75	59.18595366249994
n358	deletion
n364	deletion
n365	332	0	0	55	60.068433133333265
n359	331	0	0	58	59.568432658333265
n361	334	0	0	70	60.05133909999993
n373	deletion
n366	deletion
n367	deletion
n368	deletion
n369	deletion
n374	deletion
n375	deletion
n370	338	0	0	62	61.767152695833246
n371	deletion
n387	deletion
n385	deletion
n388	deletion
n386	deletion
n378	deletion
n376	349	0	0	63	63.36010292708327
n379	354	0	0	74	64.16779600208326
n377	351	0	0	75	63.76715459583326
n389	deletion
n390	deletion
n380	deletion
n381	deletion
n391	deletion
n392	deletion
n382	355	0	0	65	64.2265567416666
n383	359	0	0	77	64.54172798124995
n397	deletion
n398	363	0	0	46	65.80989157916663
n393	364	0	0	58	66.23617403541665
n394	362	0	0	70	65.30454921874995
n402	deletion
n400	375	0	0	58	67.83019264375004
n409	deletion
n410	deletion
n411	deletion
n412	370	0	0	65	67.47014956666669
n403	374	0	0	68	68.10049204583336
n404	deletion
n405	381	0	0	74	69.04066387916671
n406	384	0	0	77	69.42421125208338
n413	deletion
n407	383	0	0	58	69.45946769583338
n420	deletion
n421	deletion
n422	deletion
n423	deletion
n414	382	0	0	65	69.10476650416672
n438	396	0	0	65	72.32378665625008
n415	380	0	0	68	69.08660409375005
n416	deletion
n417	deletion
n424	deletion
n418	deletion
n435	deletion
n436	deletion
n437	deletion
n425	399	0	0	68	72.70840240625012
n426	deletion
n427	deletion
n428	deletion
n439	deletion
n429	deletion
n440	deletion
n441	deletion
n442	deletion
n443	411	0	0	62	75.21267828958356
n455	deletion
n430	deletion
n431	deletion
n432	deletion
n433	deletion
n451	deletion
n444	deletion
n452	420	0	0	53	76.91780811458366
n467	deletion
n453	419	0	0	56	76.52357697083362
n468	deletion
n454	deletion
n445	deletion
n446	424	0	0	68	77.38255214583366
n447	deletion
n460	426	0	0	74	77.80028758541702
n448	deletion
n456	425	0	0	46	77.82058675000036
n482	437	0	0	46	81.11332492083379
n471	deletion
n449	423	0	0	58	77.38148376875033
n476	440	0	0	58	81.98405224375045
n461	deletion
n469	deletion
n470	deletion
n457	deletion
n458	427	0	0	68	78.43597195000038
n459	deletion
n472	443	0	0	53	82.02465057291712
n473	deletion
n474	deletion
n475	deletion
n462	439	0	0	65	81.98618899791713
n463	444	0	0	68	82.01930868750046
n464	deletion
n465	442	0	0	74	82.03640272083379
n483	deletion
n477	deletion
n484	deletion
n485	450	0	0	46	83.60050677083385
n486	deletion
n478	456	0	0	55	84.49260163541719
n479	453	0	0	63	84.49260163541719
n480	455	0	0	67	84.48725975000052
n494	448	0	0	53	83.57913922916718
n495	deletion
n496	deletion
n487	446	0	0	68	83.57166058958384
n488	deletion
n489	deletion
n497	deletion
n498	deletion
n499	deletion
n490	462	0	0	56	87.24046749375057
n491	deletion
n492	deletion
n506	460	0	0	55	86.30991105416722
n509	466	0	0	55	88.29388729791727
n507	463	0	0	63	87.2158948208339
n508	deletion
n500	459	0	0	70	86.24580842916721
n504	465	0	0	70	88.29816080625059
n501	deletion
n502	deletion
n510	471	0	0	58	88.65820388333393
n503	467	0	0	63	88.30350269166726
n520	deletion
n521	deletion
n511	483	0	0	63	89.82380328125056
n512	deletion
n522	491	0	0	55	90.96269325208395
n523	481	0	0	58	89.81418788750057
n525	486	0	0	58	90.2415387208339
n513	490	0	0	63	90.96055649791728
n514	deletion
n526	494	0	0	51	90.97017189166729
n524	deletion
n527	deletion
n517	492	0	0	67	90.96803513750062
n515	484	0	0	68	89.81952977291724
n516	deletion
n518	498	0	0	75	91.85478811666732
n540	495	0	0	46	90.98833430208396
n542	deletion
n541	deletion
n543	deletion
n536	deletion
n537	deletion
n528	deletion
n530	deletion
n529	deletion
n544	deletion
n545	500	0	0	58	93.376157083334
n538	deletion
n531	deletion
n547	deletion
n548	504	0	0	51	93.38577247708398
n533	505	0	0	55	93.38149896875065
n534	502	0	0	63	93.38256734583398
n535	deletion
n556	deletion
n549	506	0	0	69	94.33449132708397
n550	508	0	0	75	94.3419699666673
n551	deletion
n557	deletion
n558	deletion
n552	deletion
n553	518	0	0	63	96.80137401250069
n554	deletion
n566	deletion
n559	524	0	0	72	97.52146016666732
n560	517	0	0	75	96.79923725833402
n561	deletion
n562	deletion
n567	deletion
n568	530	0	0	65	98.28000789583399
n569	deletion
n563	520	0	0	74	97.40073355625067
n564	deletion
n582	deletion
n579	deletion
n580	deletion
n583	deletion
n584	deletion
n581	deletion
n572	deletion
n570	deletion
n573	deletion
n571	deletion
n585	534	0	0	58	99.03535049375066
n586	536	0	0	63	100.70949738333402
n590	deletion
n587	535	0	0	67	100.69881361250069
n574	533	0	0	70	99.03214536250066
n575	deletion
n588	deletion
n589	540	0	0	46	100.73620681041736
n576	deletion
n577	deletion
n594	539	0	0	39	100.72979654791736
n595	538	0	0	51	100.72872817083403
n591	deletion
n597	deletion
n598	deletion
n611	deletion
n605	557	0	0	55	104.16997075625076
n606	deletion
n601	556	0	0	63	104.16035536250077
n607	deletion
n608	deletion
n609	561	0	0	55	105.75116883958411
n610	559	0	0	58	105.77039962708412
n603	560	0	0	63	105.73941669166744
n612	565	0	0	63	106.60373375208414
insertion	569	0	0	63	107.71484591875088
n602	deletion
n622	deletion
n616	563	0	0	56	106.6186910312508
n617	568	0	0	58	107.72339293541755
n619	572	0	0	58	108.09411978333422
n618	deletion
n613	573	0	0	62	108.10694030833423
n624	575	0	0	51	108.45843636875091
n620	deletion
n621	576	0	0	58	108.44988935208424
n614	577	0	0	63	108.45629961458424
n638	deletion
n639	571	0	0	53	108.10159842291756
n631	579	0	0	58	108.82916321666758
n632	583	0	0	58	109.21377896666758
n625	581	0	0	65	108.82702646250091
n640	deletion
n641	592	0	0	51	110.37189972500092
insertion	582	0	0	51	109.21057383541758
n633	588	0	0	58	109.5866425687509
n634	deletion
n626	594	0	0	67	110.37189972500092
insertion	587	0	0	67	109.35800987291756
n642	597	0	0	46	110.38792538125091
n643	deletion
n644	deletion
n645	deletion
n635	deletion
n636	deletion
n627	590	0	0	65	109.58236906041758
n629	deletion
n628	586	0	0	68	109.2148473437509
n630	deletion
n659	deletion
n652	deletion
n653	deletion
n646	deletion
n647	deletion
n660	deletion
n654	deletion
n655	602	0	0	58	112.77467978541763
n648	deletion
n649	deletion
n661	605	0	0	51	112.78856868750096
n662	deletion
n656	604	0	0	63	112.7736114083343
n657	deletion
n650	deletion
n651	deletion
n674	607	0	0	55	112.78750031041763
n667	deletion
n668	deletion
n663	603	0	0	70	112.77147465416763
n675	617	0	0	51	116.04925554583441
n669	deletion
n670	deletion
n664	deletion
n677	deletion
n676	deletion
n682	620	0	0	63	116.05246067708441
n672	deletion
n683	deletion
n671	deletion
n666	deletion
n680	626	0	0	72	116.69241855000107
n665	deletion
n689	deletion
n678	deletion
n684	deletion
n685	deletion
n679	deletion
n691	deletion
n690	deletion
n686	deletion
n687	deletion
n681	deletion
n708	629	0	0	53	117.41891496666777
n698	deletion
n699	deletion
n693	deletion
n692	633	0	0	70	118.17105243333444
n709	638	0	0	46	119.94990027708444
insertion	635	0	0	46	118.17105243333444
n701	636	0	0	58	118.17212081041777
n700	deletion
n719	639	0	0	62	120.8836618479178
n702	deletion
n694	632	0	0	65	117.42105172083444
n711	deletion
n710	deletion
n703	637	0	0	58	119.94776352291777
n705	deletion
n704	deletion
n706	641	0	0	65	120.86229430625114
n695	deletion
n697	646	0	0	68	120.87297807708447
n696	deletion
n723	deletion
n718	deletion
n717	deletion
n712	deletion
n724	deletion
n713	deletion
n726	deletion
n725	deletion
n721	651	0	0	56	123.37404882916783
n715	648	0	0	58	122.47127019375114
n720	deletion
n716	deletion
n736	deletion
n734	deletion
n737	deletion
n727	deletion
n743	deletion
n738	deletion
n739	deletion
n730	663	0	0	62	125.75439297083452
n749	669	0	0	62	127.26080465833459
insertion	650	0	0	62	123.36870694375116
n729	deletion
n731	deletion
n728	659	0	0	65	125.75439297083452
n745	670	0	0	65	127.27362518333459
insertion	649	0	0	65	123.38473260000117
n740	deletion
n741	657	0	0	58	124.98943497916784
n733	deletion
n732	deletion
n752	658	0	0	46	124.98836660208451
insertion	668	0	0	46	126.52255609375119
n748	667	0	0	58	126.51721420833454
n747	deletion
n744	deletion
n753	deletion
n750	deletion
n755	deletion
n756	675	0	0	71	127.28217220000126
n767	678	0	0	46	128.03751479791794
n768	677	0	0	58	128.04392506041793
n759	684	0	0	71	128.76187446041789
n770	deletion
n769	679	0	0	62	128.75653257500122
n772	687	0	0	58	129.53537946875124
n771	690	0	0	65	130.26614939375122
n761	685	0	0	68	128.77576336250124
n764	696	0	0	68	130.27683316458453
n760	deletion
n763	deletion
n784	698	0	0	58	131.0043979583345
n783	deletion
n773	deletion
n779	deletion
n774	deletion
n786	deletion
n785	704	0	0	65	131.72982599791777
n780	706	0	0	68	131.74050976875108
n775	700	0	0	74	131.72341573541775
n776	deletion
n788	709	0	0	58	132.46593780833433
n787	deletion
n781	deletion
n778	deletion
n777	deletion
n797	712	0	0	46	133.19777611041766
n798	deletion
n789	deletion
n800	720	0	0	58	135.33453027708435
n799	deletion
n802	deletion
n801	719	0	0	65	135.336667031251
n791	724	0	0	68	135.32064137500103
n794	725	0	0	68	136.93816427916764
n810	deletion
n790	deletion
n793	deletion
n814	deletion
n813	732	0	0	63	137.9114558020842
n817	736	0	0	67	137.89436176875085
n803	deletion
n809	deletion
n804	733	0	0	75	137.88047286666753
n816	deletion
n815	deletion
n805	deletion
n806	deletion
n818	737	0	0	58	139.58026080625095
n811	740	0	0	70	139.5343205916676
n807	deletion
n808	deletion
n825	deletion
n826	738	0	0	63	139.57705567500093
n828	743	0	0	63	140.4168000625008
n842	748	0	0	63	141.4477839479174
n854	772	0	0	63	144.06530780208388
n819	deletion
n827	deletion
n823	deletion
n820	deletion
n829	deletion
n830	750	0	0	68	141.7918013687507
n821	deletion
n822	deletion
n840	deletion
n839	753	0	0	67	142.14650256041736
n841	deletion
n831	deletion
n836	764	0	0	75	142.91466568333402
n846	778	0	0	75	144.8847530250005
n832	765	0	0	79	143.06851198333405
n843	deletion
n844	deletion
n837	deletion
n834	766	0	0	77	143.29393954791735
n833	763	0	0	80	142.89009301041736
n855	deletion
n849	771	0	0	67	144.05782916250055
n850	deletion
n845	deletion
n857	deletion
n856	deletion
n851	deletion
n847	deletion
n859	deletion
n858	780	0	0	58	146.43710492708374
n852	deletion
n848	deletion
n866	783	0	0	51	146.44992545208373
n860	deletion
n861	deletion
n867	deletion
n862	deletion
n863	786	0	0	75	147.36659298958378
n875	deletion
n869	deletion
n870	deletion
n876	deletion
n872	798	0	0	63	149.7159541958338
n873	deletion
n878	deletion
n886	817	0	0	39	152.04394786041718
n882	deletion
n883	deletion
n880	deletion
n879	816	0	0	63	152.03540084375052
n888	deletion
n897	deletion
n893	deletion
n894	819	0	0	58	153.47984666041705
n890	deletion
n891	deletion
n899	deletion
n907	deletion
n903	831	0	0	56	156.64224282708352
n904	833	0	0	59	156.6539949750002
n901	832	0	0	62	156.6123282687502
n900	deletion
n909	deletion
n919	deletion
n914	deletion
n915	840	0	0	58	158.09203052916683
n920	deletion
n916	848	0	0	56	158.83989448750012
n917	847	0	0	59	158.84844150416677
n912	844	0	0	62	158.85057825833343
n924	861	0	0	62	161.75442717083308
insertion	851	0	0	62	160.3217335020832
n911	deletion
n921	deletion
n931	deletion
n926	deletion
n927	859	0	0	58	161.03540939374983
insertion	849	0	0	58	159.59416870833334
n932	deletion
n928	857	0	0	56	160.32387025624985
insertion	864	0	0	56	161.76724769583308
n929	856	0	0	59	160.3324172729165
insertion	862	0	0	59	161.76724769583308
n923	deletion
n933	deletion
n943	deletion
n939	deletion
n940	869	0	0	58	162.49374411249974
n935	871	0	0	62	163.2042148729163
n937	deletion
n936	deletion
n946	881	0	0	62	164.66895985416608
n945	deletion
n957	deletion
n952	deletion
n953	879	0	0	58	163.95635233958285
n948	deletion
n947	deletion
n958	deletion
n954	deletion
n955	890	0	0	58	165.37302035208268
n962	deletion
n950	deletion
n949	deletion
n964	896	0	0	39	167.09844934166583
n961	894	0	0	55	167.1069963583325
n959	895	0	0	63	167.09951771874915
insertion	21	0	0	55	5.661330164583338
insertion	131	0	0	56	23.287415285416685
insertion	137	0	0	53	23.257500727083354
insertion	134	0	0	56	24.07160406458336
insertion	136	0	0	56	24.822673154166697
insertion	139	0	0	51	25.1944683791667
insertion	140	0	0	55	25.1944683791667
insertion	141	0	0	63	25.166690575000032
insertion	142	0	0	58	25.657075656250026
insertion	145	0	0	58	26.386777204166698
insertion	144	0	0	53	25.639981622916697
insertion	146	0	0	50	25.64105000000003
insertion	147	0	0	65	25.59617816250003
insertion	149	0	0	51	26.7457519041667
insertion	150	0	0	48	26.74682028125003
insertion	153	0	0	58	27.182718131250027
insertion	158	0	0	65	27.543829585416695
insertion	154	0	0	50	27.172034360416696
insertion	155	0	0	46	27.174171114583363
insertion	157	0	0	53	27.55878686458336
insertion	160	0	0	50	27.55771848750003
insertion	162	0	0	58	27.98827445208336
insertion	164	0	0	51	27.996821468750028
insertion	168	0	0	39	28.807719675000033
insertion	172	0	0	63	29.67737862083337
insertion	173	0	0	51	29.660284587500037
insertion	174	0	0	63	30.05772086250004
insertion	175	0	0	53	30.182720981250043
insertion	178	0	0	63	30.425242579166703
insertion	182	0	0	55	30.40173828333337
insertion	179	0	0	63	30.81199508333337
insertion	180	0	0	63	31.204089472916706
insertion	183	0	0	63	31.58870522291671
insertion	184	0	0	51	31.58015820625004
insertion	186	0	0	63	32.04597061458338
insertion	187	0	0	72	31.97011584166671
insertion	188	0	0	56	32.02673982708338
insertion	189	0	0	63	32.397466675000054
insertion	190	0	0	53	32.34618457500005
insertion	197	0	0	55	32.7895610645834
insertion	193	0	0	63	33.212638389583404
insertion	194	0	0	63	33.5555874333334
insertion	196	0	0	63	33.940203183333395
insertion	198	0	0	71	33.9145621333334
insertion	199	0	0	63	34.387853181250065
insertion	200	0	0	72	34.36755401666673
insertion	201	0	0	56	34.391058312500064
insertion	204	0	0	55	34.8055886208334
insertion	206	0	0	70	35.32375150625008
insertion	205	0	0	60	35.37289685208342
insertion	207	0	0	60	35.90494863958341
insertion	209	0	0	68	35.876102458333406
insertion	210	0	0	53	35.35259768750009
insertion	215	0	0	58	37.133582285416736
insertion	208	0	0	61	36.28315412708341
insertion	211	0	0	62	36.696616058333404
insertion	213	0	0	65	36.66563312291674
insertion	214	0	0	46	36.691274172916735
insertion	220	0	0	70	37.56093311875006
insertion	221	0	0	60	37.58230066041672
insertion	222	0	0	44	37.564138250000056
insertion	225	0	0	46	38.06307034791673
insertion	227	0	0	58	38.55559218333339
insertion	228	0	0	65	38.97866950833339
insertion	230	0	0	34	39.00110542708339
insertion	231	0	0	58	39.52461019791673
insertion	233	0	0	71	40.90067988125006
insertion	234	0	0	46	41.137859593750065
insertion	238	0	0	71	41.10794503541673
insertion	235	0	0	58	41.55666341041673
insertion	243	0	0	68	43.269271875000065
insertion	239	0	0	70	42.75004061250007
insertion	241	0	0	65	42.787433810416736
insertion	242	0	0	70	43.18487008541673
insertion	244	0	0	70	43.34940015625006
insertion	250	0	0	58	43.97012724166673
insertion	258	0	0	75	45.15709418125006
insertion	252	0	0	65	44.40816184583339
insertion	259	0	0	58	45.588718522916714
insertion	260	0	0	70	45.534231291666714
insertion	262	0	0	58	46.50431768333338
insertion	261	0	0	46	46.08765062083338
insertion	263	0	0	62	46.902822335416715
insertion	264	0	0	58	47.3098740041667
insertion	266	0	0	70	47.66671195000004
insertion	267	0	0	68	48.04491743750005
insertion	269	0	0	70	48.11436194791671
insertion	270	0	0	68	48.19662698333338
insertion	271	0	0	70	48.26286636250005
insertion	277	0	0	58	48.8803883166667
insertion	276	0	0	75	48.84513187291671
insertion	282	0	0	58	49.69876516250002
insertion	280	0	0	65	49.312012658333366
insertion	281	0	0	77	49.633594160416685
insertion	286	0	0	58	50.44769749791667
insertion	287	0	0	79	50.38680000416667
insertion	288	0	0	51	50.88466372500001
insertion	291	0	0	67	51.66885250416667
insertion	293	0	0	79	52.024622072916664
insertion	295	0	0	80	52.41778483958333
insertion	294	0	0	65	52.45304128333333
insertion	296	0	0	68	52.82804163958332
insertion	297	0	0	84	52.788511687499984
insertion	299	0	0	67	53.25646084999998
insertion	300	0	0	66	53.64000822291664
insertion	301	0	0	82	53.23829843958332
insertion	304	0	0	79	54.43488077291664
insertion	305	0	0	75	54.05667528541664
insertion	307	0	0	80	54.8376589333333
insertion	306	0	0	60	54.877188885416636
insertion	310	0	0	77	55.25539437291663
insertion	313	0	0	79	55.69556573124997
insertion	314	0	0	75	56.11116441666663
insertion	315	0	0	60	56.1421473520833
insertion	320	0	0	77	56.5171477083333
insertion	317	0	0	56	56.5652246770833
insertion	318	0	0	53	56.97227634583329
insertion	319	0	0	72	56.57056656249997
insertion	323	0	0	74	57.817362618749954
insertion	326	0	0	77	58.321636602083295
insertion	327	0	0	62	58.70625235208328
insertion	328	0	0	67	59.21586822083327
insertion	333	0	0	51	60.544929312499924
insertion	335	0	0	71	60.70732262916659
insertion	337	0	0	58	61.38894720833325
insertion	336	0	0	46	60.92313479999993
insertion	340	0	0	71	60.929545062499926
insertion	339	0	0	58	62.16245221666659
insertion	342	0	0	70	62.55134147499992
insertion	341	0	0	68	62.94984612708326
insertion	343	0	0	65	62.58552954166659
insertion	344	0	0	70	63.02356414583327
insertion	345	0	0	68	63.11651295208327
insertion	346	0	0	70	63.180615577083266
insertion	347	0	0	68	63.24792333333327
insertion	348	0	0	58	62.957324766666595
insertion	350	0	0	67	63.3675815666666
insertion	352	0	0	58	63.78745376041659
insertion	360	0	0	75	64.92313859999994
insertion	353	0	0	68	64.21159946249993
insertion	356	0	0	58	64.56736903124994
insertion	357	0	0	70	64.95305315833328
insertion	358	0	0	67	64.97228394583327
insertion	361	0	0	58	65.33553215416663
insertion	367	0	0	71	65.77249838124996
insertion	366	0	0	58	67.02997820833335
insertion	368	0	0	70	67.4284828604167
insertion	365	0	0	62	66.64002057291665
insertion	369	0	0	68	67.8034832166667
insertion	371	0	0	70	67.8643807104167
insertion	372	0	0	68	67.95305600833336
insertion	373	0	0	70	68.03532104375003
insertion	377	0	0	67	68.21160326250002
insertion	379	0	0	58	68.67527891666671
insertion	376	0	0	63	68.22976567291668
insertion	378	0	0	75	68.64536435833338
insertion	385	0	0	70	69.84728857708339
insertion	386	0	0	67	69.87186125000005
insertion	387	0	0	75	69.81844239583339
insertion	388	0	0	58	70.24472485208341
insertion	389	0	0	79	70.21374191666675
insertion	390	0	0	51	70.68916971875007
insertion	391	0	0	63	71.14002484791676
insertion	392	0	0	82	70.6581867833334
insertion	393	0	0	67	71.53746112291675
insertion	394	0	0	63	71.90925634791675
insertion	395	0	0	79	71.88468367500008
insertion	397	0	0	75	71.52250384375009
insertion	398	0	0	80	72.29173534375008
insertion	400	0	0	84	72.6699408312501
insertion	401	0	0	67	73.13895837083348
insertion	402	0	0	66	73.55669381041685
insertion	403	0	0	82	73.1079754354168
insertion	404	0	0	67	73.93917280625018
insertion	405	0	0	63	74.34408772083356
insertion	406	0	0	79	74.33019881875022
insertion	407	0	0	75	73.92207877291685
insertion	408	0	0	60	74.77357530833356
insertion	409	0	0	80	74.75220776666688
insertion	410	0	0	70	75.22229368333358
insertion	412	0	0	77	75.15819105833356
insertion	413	0	0	67	75.63361886041692
insertion	414	0	0	79	75.59943079375024
insertion	415	0	0	63	75.64216587708358
insertion	416	0	0	67	76.07379021875029
insertion	417	0	0	75	76.03639702083362
insertion	418	0	0	60	76.08020048125029
insertion	421	0	0	72	76.52250859375029
insertion	422	0	0	77	76.46908973958362
insertion	428	0	0	77	78.39323686666704
insertion	429	0	0	51	78.44451896666705
insertion	430	0	0	39	79.5791354291671
insertion	431	0	0	67	79.58020380625042
insertion	432	0	0	75	79.53533196875041
insertion	433	0	0	55	81.09302575625047
insertion	434	0	0	67	81.08982062500047
insertion	435	0	0	63	81.10905141250046
insertion	436	0	0	51	81.10584628125046
insertion	438	0	0	39	81.10584628125046
insertion	441	0	0	80	81.96054794791712
insertion	445	0	0	62	83.56631870416717
insertion	447	0	0	56	83.57593409791718
insertion	449	0	0	41	83.58020760625051
insertion	451	0	0	82	84.45414006041719
insertion	452	0	0	75	84.48619137291719
insertion	454	0	0	70	84.48939650416719
insertion	457	0	0	63	86.28427000416721
insertion	458	0	0	58	86.30456916875055
insertion	461	0	0	60	87.23726236250057
insertion	464	0	0	72	87.16888622916723
insertion	468	0	0	58	88.32273347916727
insertion	474	0	0	58	89.0492298958339
insertion	475	0	0	63	89.0524350270839
insertion	469	0	0	62	88.6571355062506
insertion	470	0	0	53	88.66247739166725
insertion	472	0	0	68	88.65606712916727
insertion	473	0	0	51	89.05029827291723
insertion	476	0	0	67	89.0460247645839
insertion	477	0	0	58	89.4338456458339
insertion	478	0	0	46	89.4402559083339
insertion	479	0	0	65	89.4370507770839
insertion	480	0	0	51	89.8088460020839
insertion	482	0	0	62	89.44239266250057
insertion	485	0	0	67	89.97764958125056
insertion	487	0	0	46	90.24688060625057
insertion	488	0	0	65	90.21055578541723
insertion	489	0	0	62	90.22123955625057
insertion	493	0	0	39	90.96589838333395
insertion	496	0	0	66	91.87615565833399
insertion	497	0	0	81	91.81418978750065
insertion	499	0	0	69	91.85906162500065
insertion	501	0	0	43	93.37722546041732
insertion	503	0	0	70	93.35906305000066
insertion	507	0	0	84	94.30137163750064
insertion	509	0	0	72	94.3419699666673
insertion	510	0	0	78	94.3195340479173
insertion	511	0	0	50	96.052441677084
insertion	512	0	0	38	96.05778356250066
insertion	513	0	0	62	96.05992031666733
insertion	514	0	0	74	96.05671518541733
insertion	515	0	0	51	96.79816888125069
insertion	516	0	0	39	96.80457914375069
insertion	519	0	0	50	97.39966517916734
insertion	521	0	0	38	97.405007064584
insertion	522	0	0	62	97.40607544166733
insertion	523	0	0	60	97.52893880625066
insertion	525	0	0	36	97.53321231458399
insertion	526	0	0	48	97.52893880625066
insertion	527	0	0	41	98.28214465000065
insertion	528	0	0	77	98.27466601041732
insertion	529	0	0	53	98.28107627291732
insertion	531	0	0	34	99.03214536250066
insertion	532	0	0	46	99.03107698541733
insertion	537	0	0	55	100.71697602291736
insertion	541	0	0	65	101.59304523125071
insertion	542	0	0	58	101.60266062500071
insertion	543	0	0	80	101.56633580416738
insertion	544	0	0	74	101.6090708875007
insertion	545	0	0	68	101.58663496875072
insertion	546	0	0	53	101.60586575625071
insertion	547	0	0	68	103.18065357708406
insertion	548	0	0	53	103.18492708541739
insertion	549	0	0	56	103.19347410208405
insertion	550	0	0	62	103.1977476104174
insertion	551	0	0	46	103.20308949583406
insertion	552	0	0	41	103.20629462708406
insertion	553	0	0	82	104.11014163958409
insertion	554	0	0	75	104.1518083458341
insertion	555	0	0	70	104.14967159166743
insertion	558	0	0	67	104.16035536250077
insertion	562	0	0	70	105.70950213333411
insertion	564	0	0	60	106.62296453958413
insertion	566	0	0	72	106.56313542291747
insertion	567	0	0	70	107.70950403333421
insertion	570	0	0	55	107.72446131250088
insertion	574	0	0	68	108.0930514062509
insertion	578	0	0	67	108.44988935208424
insertion	585	0	0	63	109.2276678687509
insertion	580	0	0	46	108.83664185625092
insertion	584	0	0	62	108.84091536458425
insertion	589	0	0	46	109.5802323062509
insertion	591	0	0	62	109.5834374375009
insertion	593	0	0	55	110.38151511875091
insertion	595	0	0	39	110.37830998750091
insertion	596	0	0	63	110.37403647916759
insertion	598	0	0	66	111.25972108125096
insertion	599	0	0	81	111.22980652291763
insertion	600	0	0	75	111.25117406458429
insertion	601	0	0	69	111.26613134375096
insertion	606	0	0	43	112.78856868750096
insertion	608	0	0	69	113.69027894583432
insertion	609	0	0	84	113.67104815833433
insertion	610	0	0	75	113.70523622500099
insertion	611	0	0	78	113.69027894583432
insertion	612	0	0	72	113.69668920833432
insertion	613	0	0	50	115.30780185000104
insertion	614	0	0	62	115.31207535833437
insertion	615	0	0	74	115.30887022708437
insertion	616	0	0	38	115.3131437354177
insertion	618	0	0	39	116.05139230000108
insertion	619	0	0	75	116.05246067708441
insertion	621	0	0	50	116.57169193958441
insertion	622	0	0	62	116.58023895625107
insertion	623	0	0	74	116.57596544791774
insertion	624	0	0	38	116.57703382500107
insertion	625	0	0	60	116.69669205833439
insertion	627	0	0	36	116.70310232083439
insertion	628	0	0	48	116.6934869270844
insertion	630	0	0	77	117.41570983541777
insertion	631	0	0	41	117.42425685208444
insertion	634	0	0	34	118.17212081041777
insertion	640	0	0	59	120.86656781458447
insertion	642	0	0	56	120.87938833958447
insertion	643	0	0	77	120.83451650208447
insertion	644	0	0	74	120.85695242083447
insertion	645	0	0	71	120.90075588125113
insertion	647	0	0	46	122.47233857083447
insertion	652	0	0	59	123.3793907145845
insertion	653	0	0	53	123.40182663333451
insertion	654	0	0	68	123.39541637083451
insertion	655	0	0	74	123.3377240083345
insertion	656	0	0	71	123.36443343541784
insertion	662	0	0	74	125.75439297083452
insertion	664	0	0	77	125.73088867500118
insertion	660	0	0	68	125.75866647916784
insertion	661	0	0	71	125.75546134791784
insertion	665	0	0	59	125.75759810208451
insertion	666	0	0	56	125.76293998750117
insertion	671	0	0	59	127.27042005208459
insertion	672	0	0	74	127.25546277291792
insertion	673	0	0	56	127.28537733125125
insertion	674	0	0	68	127.28644570833458
insertion	676	0	0	53	127.27255680625126
insertion	680	0	0	59	128.75760095208454
insertion	681	0	0	65	128.7693531000012
insertion	682	0	0	74	128.7469171812512
insertion	686	0	0	53	128.75760095208454
insertion	683	0	0	56	128.77255823125122
insertion	689	0	0	62	130.26828614791788
insertion	688	0	0	46	129.53431109166792
insertion	692	0	0	74	130.26080750833455
insertion	693	0	0	53	130.26828614791788
insertion	691	0	0	59	130.27469641041787
insertion	694	0	0	71	130.27362803333455
insertion	695	0	0	56	130.28324342708453
insertion	697	0	0	46	131.0043979583345
insertion	699	0	0	55	131.11230404375112
insertion	701	0	0	62	131.73196275208443
insertion	702	0	0	56	131.7437149000011
insertion	703	0	0	59	131.7373046375011
insertion	705	0	0	71	131.73944139166775
insertion	707	0	0	53	131.72662086666776
insertion	708	0	0	40	132.525766925001
insertion	710	0	0	46	132.46380105416767
insertion	711	0	0	34	133.19991286458432
insertion	716	0	0	46	134.40611059166764
insertion	713	0	0	63	134.39329006666762
insertion	714	0	0	55	134.4114524770843
insertion	715	0	0	67	134.39115331250096
insertion	717	0	0	39	134.39756357500096
insertion	718	0	0	51	134.40076870625097
insertion	721	0	0	53	135.34414567083437
insertion	722	0	0	80	135.28217980000102
insertion	723	0	0	74	135.34094053958435
insertion	726	0	0	56	136.95525831250094
insertion	727	0	0	62	136.9531215583343
insertion	728	0	0	41	136.95418993541762
insertion	729	0	0	53	136.9606001979176
insertion	730	0	0	46	136.9670104604176
insertion	731	0	0	82	137.86231045625087
insertion	734	0	0	70	137.89756690000087
insertion	735	0	0	55	137.9050455395842
insertion	739	0	0	55	139.59414970833427
insertion	744	0	0	72	140.37192822500083
insertion	741	0	0	60	140.44671462083414
insertion	742	0	0	56	140.44564624375082
insertion	745	0	0	70	141.42641640625072
insertion	746	0	0	55	141.42855316041738
insertion	747	0	0	58	141.4381685541674
insertion	749	0	0	74	141.77363895833403
insertion	751	0	0	53	141.7821859750007
insertion	752	0	0	58	141.78645948333403
insertion	754	0	0	51	142.14650256041736
insertion	755	0	0	58	142.14970769166737
insertion	756	0	0	75	142.13261365833404
insertion	757	0	0	58	142.54928072083402
insertion	758	0	0	46	142.55569098333402
insertion	759	0	0	77	142.52577642500069
insertion	760	0	0	74	142.55889611458403
insertion	761	0	0	51	142.91466568333402
insertion	762	0	0	58	142.9264178312507
insertion	767	0	0	74	143.32812761458402
insertion	768	0	0	58	143.33453787708402
insertion	769	0	0	46	143.34094813958401
insertion	770	0	0	55	144.07064968750055
insertion	773	0	0	51	144.09201722916723
insertion	774	0	0	39	144.08667534375056
insertion	775	0	0	46	144.1016326229172
insertion	776	0	0	66	144.8527017125005
insertion	777	0	0	81	144.85163333541718
insertion	779	0	0	69	144.88582140208382
insertion	781	0	0	70	146.43069466458374
insertion	782	0	0	63	146.44031005833375
insertion	784	0	0	55	146.44992545208373
insertion	785	0	0	43	146.44672032083375
insertion	787	0	0	78	147.34949895625044
insertion	788	0	0	72	147.36018272708378
insertion	789	0	0	69	147.33988356250043
insertion	790	0	0	84	147.31958439791708
insertion	791	0	0	65	148.8794149395838
insertion	792	0	0	74	148.8794149395838
insertion	793	0	0	68	148.88155169375045
insertion	794	0	0	59	148.86552603750047
insertion	795	0	0	86	148.86766279166713
insertion	803	0	0	63	150.29821970625048
insertion	806	0	0	63	150.43924548125048
insertion	796	0	0	67	149.71061231041713
insertion	797	0	0	87	149.68817639166716
insertion	799	0	0	75	149.69565503125048
insertion	800	0	0	60	149.71381744166715
insertion	801	0	0	66	150.27898891875049
insertion	802	0	0	72	150.28433080416715
insertion	804	0	0	84	150.27898891875049
insertion	805	0	0	57	150.2800572958338
insertion	807	0	0	67	150.42215144791714
insertion	808	0	0	58	150.43497197291714
insertion	809	0	0	70	150.42963008750047
insertion	810	0	0	82	150.4178779395838
insertion	811	0	0	46	151.2191607520838
insertion	812	0	0	82	151.20206671875047
insertion	813	0	0	70	151.22343426041715
insertion	814	0	0	34	151.22877614583382
insertion	815	0	0	75	151.98732387500053
insertion	818	0	0	51	152.04287948333385
insertion	820	0	0	46	153.4841201687504
insertion	821	0	0	62	154.293949997917
insertion	822	0	0	65	154.2768559645837
insertion	823	0	0	59	154.27471921041703
insertion	824	0	0	77	154.24587302916703
insertion	825	0	0	56	154.28219785000036
insertion	826	0	0	74	154.26510381666702
insertion	827	0	0	68	154.28433460416701
insertion	828	0	0	71	154.290744866667
insertion	829	0	0	46	155.79181466875022
insertion	830	0	0	58	155.78647278333355
insertion	834	0	0	53	156.6379693187502
insertion	835	0	0	74	156.5930974812502
insertion	836	0	0	65	156.64437958125018
insertion	837	0	0	71	156.6347641875002
insertion	838	0	0	68	156.64010607291686
insertion	839	0	0	46	158.09844079166683
insertion	841	0	0	65	158.83562097916678
insertion	842	0	0	68	158.85057825833343
insertion	843	0	0	71	158.8430996187501
insertion	845	0	0	77	158.82600558541677
insertion	846	0	0	74	158.84096286458345
insertion	850	0	0	46	159.59737383958335
insertion	852	0	0	74	160.30784459999987
insertion	853	0	0	65	160.3324172729165
insertion	854	0	0	71	160.33028051874984
insertion	855	0	0	68	160.33562240416651
insertion	858	0	0	53	160.32280187916652
insertion	860	0	0	46	161.03968290208317
insertion	863	0	0	65	161.76511094166642
insertion	865	0	0	74	161.74053826874973
insertion	866	0	0	71	161.7640425645831
insertion	867	0	0	53	161.75335879374975
insertion	868	0	0	68	161.7704528270831
insertion	870	0	0	46	162.49374411249974
insertion	872	0	0	59	163.21596702083298
insertion	873	0	0	65	163.20848838124965
insertion	874	0	0	74	163.19673623333298
insertion	875	0	0	53	163.20314649583298
insertion	876	0	0	71	163.22130890624965
insertion	877	0	0	68	163.219172152083
insertion	878	0	0	56	163.22237728333297
insertion	880	0	0	46	163.9478053229162
insertion	882	0	0	74	164.6636179687494
insertion	883	0	0	59	164.67430173958275
insertion	884	0	0	65	164.6700282312494
insertion	885	0	0	71	164.6785752479161
insertion	886	0	0	56	164.68498551041608
insertion	887	0	0	68	164.68284875624943
insertion	888	0	0	53	164.66682309999942
insertion	889	0	0	37	165.43391784583267
insertion	891	0	0	46	165.36874684374934
insertion	892	0	0	46	166.09631163749927
insertion	893	0	0	34	166.0973800145826
insertion	901	0	0	58	168.0364844208324
insertion	897	0	0	46	167.1037912270825
insertion	898	0	0	51	167.1037912270825
insertion	899	0	0	67	167.09631258749917
insertion	900	0	0	65	168.03541604374908
insertion	902	0	0	80	167.98520232083243
insertion	903	0	0	53	168.03434766666575
insertion	904	0	0	74	168.0546468312491
insertion	905	0	0	68	168.04182630624908
insertion	906	0	0	56	169.60806711041573
insertion	907	0	0	68	169.59204145416572
insertion	908	0	0	41	169.6005884708324
insertion	909	0	0	62	169.60593035624908
insertion	910	0	0	46	169.60593035624908
insertion	911	0	0	53	169.61234061874907
insertion	912	0	0	55	170.53328166458235
insertion	913	0	0	82	170.49054658124902
insertion	914	0	0	63	170.535418418749
insertion	915	0	0	75	170.52793977916568
insertion	916	0	0	70	170.53328166458235
insertion	917	0	0	67	170.53648679583233
insertion	920	0	0	70	172.03648822083235
insertion	918	0	0	63	172.07174466458235
insertion	919	0	0	58	172.09311220624903
insertion	921	0	0	55	172.10165922291569
insertion	922	0	0	63	172.9478138729157
insertion	923	0	0	60	172.96490790624904
insertion	924	0	0	56	172.9606343979157
insertion	925	0	0	72	172.9029420354157
insertion	926	0	0	70	174.09738761458226
insertion	927	0	0	55	174.11020813958223
insertion	928	0	0	58	174.10807138541557
insertion	929	0	0	63	174.13157568124888
insertion	930	0	0	74	174.46704608541557
insertion	931	0	0	53	174.48093498749893
insertion	932	0	0	68	174.48841362708225
insertion	933	0	0	58	174.47666147916559
insertion	934	0	0	67	174.82602078541558
insertion	935	0	0	75	174.80892675208224
insertion	936	0	0	51	174.83243104791558
insertion	937	0	0	58	174.83029429374892
insertion	938	0	0	46	175.24696135624893
insertion	939	0	0	58	175.2523032416656
insertion	940	0	0	77	175.25016648749894
insertion	941	0	0	74	175.2394827166656
insertion	942	0	0	51	175.65080789374892
insertion	943	0	0	58	175.66042328749893
insertion	944	0	0	75	175.67751732083227
insertion	945	0	0	80	175.62516684374893
insertion	946	0	0	79	175.78862853749888
insertion	947	0	0	74	176.0332868895822
insertion	948	0	0	58	176.02473987291555
insertion	949	0	0	77	175.98627829791553
insertion	950	0	0	46	176.02473987291555
insertion	951	0	0	55	176.79290299583224
insertion	952	0	0	67	176.78649273333224
insertion	953	0	0	63	176.7918346187489
insertion	954	0	0	39	176.7982448812489
insertion	955	0	0	51	176.8046551437489
insertion	956	0	0	46	176.90401421249888
insertion	957	0	0	66	177.69140812291556
insertion	958	0	0	75	177.70316027083223
insertion	959	0	0	69	177.72559618958223
insertion	960	0	0	81	177.68499786041556
insertion	961	0	0	70	179.2822215999989
insertion	962	0	0	58	179.29717887916559
insertion	963	0	0	63	179.29717887916559
insertion	964	0	0	51	179.2982472562489
insertion	965	0	0	55	179.29717887916559
insertion	966	0	0	43	179.30038401041557
insertion	967	0	0	69	180.23200882708215
insertion	968	0	0	72	180.25017123749882
insertion	969	0	0	78	180.2405558437488
insertion	970	0	0	75	180.26833364791548
insertion	971	0	0	84	180.20316264583215
insertion	972	0	0	74	181.84205309166543
insertion	973	0	0	65	181.8441898458321
insertion	974	0	0	68	181.8441898458321
insertion	975	0	0	59	181.8441898458321
insertion	976	0	0	86	181.81427528749876
insertion	977	0	0	87	182.62089998541535
insertion	978	0	0	75	182.6315837562487
insertion	979	0	0	63	182.64547265833204
insertion	980	0	0	67	182.64226752708203
insertion	981	0	0	60	182.64867778958205
insertion	982	0	0	66	183.238421939582
insertion	983	0	0	63	183.248037333332
insertion	984	0	0	72	183.23521680833198
insertion	985	0	0	84	183.23201167708197
insertion	986	0	0	57	183.23201167708197
insertion	987	0	0	67	183.379447714582
insertion	988	0	0	63	183.38158446874866
insertion	989	0	0	58	183.3837212229153
insertion	990	0	0	70	183.38478959999864
insertion	991	0	0	82	183.369832320832
insertion	992	0	0	46	184.2779528416653
insertion	993	0	0	70	184.2811579729153
insertion	994	0	0	82	184.24483315208195
insertion	995	0	0	34	184.27261095624863
insertion	997	0	0	75	185.10701345833192
insertion	996	0	0	63	185.14120152499856
insertion	998	0	0	51	185.14013314791524
insertion	999	0	0	39	185.13799639374858
insertion	1000	0	0	58	187.45637466458197
insertion	1001	0	0	63	188.1593667854153
insertion	1002	0	0	55	188.40616189166533
insertion	1005	0	0	63	188.36235843124865
insertion	1010	0	0	51	188.401888383332
insertion	1003	0	0	58	188.84740162708198
insertion	1004	0	0	55	189.21812847499865
insertion	1006	0	0	58	189.60381260208197
insertion	1007	0	0	55	189.9927018604153
insertion	1009	0	0	67	189.9510351541653
insertion	1008	0	0	63	190.5375741729153
insertion	1011	0	0	58	190.41791593958197
insertion	1012	0	0	56	190.77048037708195
insertion	1013	0	0	58	191.2053098499986
insertion	1014	0	0	63	190.73415555624862
insertion	1018	0	0	53	190.77689063958195
insertion	1015	0	0	56	191.59206235416525
insertion	1016	0	0	58	191.95744731666522
insertion	1017	0	0	56	192.32924254166522
insertion	1019	0	0	62	191.5546691562486
insertion	1020	0	0	51	192.70958478333185
insertion	1021	0	0	55	192.69996938958187
insertion	1022	0	0	63	192.66471294583187
insertion	1023	0	0	58	193.16791855208186
insertion	1024	0	0	58	193.5279616291651
insertion	1025	0	0	58	193.8709106729151
insertion	1026	0	0	65	193.10915781249852
insertion	1027	0	0	50	193.1721920604152
insertion	1028	0	0	53	193.16791855208186
insertion	1029	0	0	58	194.26727857083176
insertion	1030	0	0	51	194.27368883333176
insertion	1031	0	0	48	194.2811674729151
insertion	1032	0	0	67	194.2266802416651
insertion	1033	0	0	65	194.66257809166507
insertion	1034	0	0	50	194.6689883541651
insertion	1035	0	0	58	194.66578322291508
insertion	1036	0	0	46	194.6604413374984
insertion	1037	0	0	68	194.62518489374844
insertion	1038	0	0	53	195.06001436666506
insertion	1039	0	0	65	195.06749300624838
insertion	1040	0	0	58	195.0482622187484
insertion	1041	0	0	50	195.07817677708172
insertion	1042	0	0	70	195.02048441458172
insertion	1043	0	0	58	195.47774980624845
insertion	1044	0	0	65	195.4884335770818
insertion	1045	0	0	58	195.86984419583172
insertion	1046	0	0	51	195.46813441249844
insertion	1047	0	0	68	195.4446301166651
insertion	1048	0	0	58	196.33245147291504
insertion	1049	0	0	39	196.30146853749838
insertion	1050	0	0	63	196.31001555416506
insertion	1051	0	0	58	196.71493046874838
insertion	1052	0	0	67	196.2758274874984
insertion	1054	0	0	51	197.0909992020817
insertion	1057	0	0	67	197.0781786770817
insertion	1053	0	0	63	197.10809323541503
insertion	1055	0	0	63	197.49805087083158
insertion	1056	0	0	53	197.62198261249824
insertion	1058	0	0	68	197.62305098958157
insertion	1062	0	0	55	197.8196323729149
insertion	1063	0	0	70	197.8228375041649
insertion	1059	0	0	63	197.8442050458316
insertion	1060	0	0	63	198.2598037312482
insertion	1061	0	0	63	198.61129979166486
insertion	1064	0	0	63	198.96706936041485
insertion	1065	0	0	51	198.9627958520815
insertion	1066	0	0	67	198.94997532708152
insertion	1069	0	0	72	199.3538218645815
insertion	1067	0	0	63	199.39976207916487
insertion	1068	0	0	56	199.38694155416485
insertion	1070	0	0	63	199.76514704166487
insertion	1071	0	0	53	199.71707007291485
insertion	1072	0	0	68	199.70531792499818
insertion	1073	0	0	63	200.20959190833156
insertion	1074	0	0	63	200.5258315249981
insertion	1075	0	0	63	200.8901481104147
insertion	1076	0	0	70	200.15510467708157
insertion	1079	0	0	55	200.18715598958156
insertion	1077	0	0	63	201.29506302499803
insertion	1078	0	0	71	201.26942197499804
insertion	1080	0	0	63	201.70959333333136
insertion	1081	0	0	56	201.72348223541468
insertion	1082	0	0	72	201.69249929999802
insertion	1083	0	0	70	202.1070296083313
insertion	1084	0	0	63	202.12519201874795
insertion	1085	0	0	55	202.13267065833128
insertion	1086	0	0	60	202.64228652708118
insertion	1087	0	0	70	202.59634631249784
insertion	1088	0	0	60	203.1102356895811
insertion	1089	0	0	61	203.4830992916644
insertion	1090	0	0	53	202.63160275624784
insertion	1091	0	0	68	203.09955191874775
insertion	1092	0	0	62	203.88480907499772
insertion	1093	0	0	58	203.88908258333106
insertion	1094	0	0	46	203.8837406979144
insertion	1095	0	0	65	203.84421074583105
insertion	1097	0	0	67	204.2886556124977
insertion	1096	0	0	58	204.30361289166436
insertion	1098	0	0	51	204.31109153124768
insertion	1099	0	0	63	204.34314284374767
insertion	1100	0	0	70	204.69357052708094
insertion	1101	0	0	60	204.70852780624762
insertion	1102	0	0	65	204.73630561041426
insertion	1103	0	0	44	204.7053226749976
insertion	1104	0	0	68	204.87305787708095
insertion	1105	0	0	63	205.23737446249763
insertion	1106	0	0	46	205.1860923624976
insertion	1107	0	0	67	205.18288723124758
insertion	1108	0	0	58	205.64549450833093
insertion	1109	0	0	65	206.0610931937476
insertion	1110	0	0	34	206.09207612916427
insertion	1111	0	0	62	206.10596503124762
insertion	1112	0	0	58	206.53011073333093
insertion	1113	0	0	70	207.08780357083097
insertion	1114	0	0	71	207.77477003541424
insertion	1115	0	0	46	208.01408650208091
insertion	1119	0	0	71	207.97989843541424
insertion	1116	0	0	58	208.43609544999757
insertion	1117	0	0	62	208.8346001020809
insertion	1118	0	0	58	209.22776286874745
insertion	1120	0	0	70	209.63588291458078
insertion	1121	0	0	68	210.0194302874974
insertion	1122	0	0	65	209.6593872104141
insertion	1123	0	0	70	210.08887479791412
insertion	1124	0	0	68	210.17968684999744
insertion	1125	0	0	70	210.2619518854141
insertion	1126	0	0	68	210.32712288749744
insertion	1127	0	0	58	210.04293458333075
insertion	1128	0	0	63	210.43075546458078
insertion	1129	0	0	67	210.43075546458078
insertion	1130	0	0	58	210.83673875624743
insertion	1131	0	0	75	210.80896095208075
insertion	1132	0	0	68	211.25767932708075
insertion	1133	0	0	74	211.2202861291641
insertion	1134	0	0	65	211.27156822916407
insertion	1135	0	0	58	211.62733779791407
insertion	1136	0	0	77	211.5931497312474
insertion	1139	0	0	75	211.9873808749974
insertion	1137	0	0	70	212.05468863124742
insertion	1138	0	0	67	212.0514834999974
insertion	1140	0	0	58	212.42648385624736
insertion	1141	0	0	70	212.3826803958307
insertion	1142	0	0	46	212.86986034583072
insertion	1143	0	0	58	213.27050175208066
insertion	1146	0	0	71	212.8271252624974
insertion	1144	0	0	62	213.65511750208069
insertion	1145	0	0	58	214.06110079374727
insertion	1147	0	0	70	214.4200754937473
insertion	1148	0	0	68	214.75234076666393
insertion	1149	0	0	65	214.46281057708066
insertion	1150	0	0	70	214.82605878541395
insertion	1151	0	0	68	214.9051186895806
insertion	1152	0	0	70	214.97990508541392
insertion	1153	0	0	68	215.06751200624726
insertion	1154	0	0	58	214.7993493583306
insertion	1155	0	0	63	215.18289673124724
insertion	1156	0	0	67	215.18610186249725
insertion	1157	0	0	75	215.57819625208055
insertion	1158	0	0	58	215.59849541666387
insertion	1159	0	0	68	216.03653002083053
insertion	1160	0	0	74	215.96708551041385
insertion	1161	0	0	65	216.04935054583052
insertion	1162	0	0	77	216.36986367083054
insertion	1163	0	0	58	216.4072568687472
insertion	1164	0	0	67	216.8068298979138
insertion	1165	0	0	70	216.79080424166378
insertion	1166	0	0	75	216.7502059124971
insertion	1167	0	0	58	217.16259946666372
insertion	1168	0	0	79	217.12734302291372
insertion	1169	0	0	51	217.6241383666637
insertion	1170	0	0	63	218.0418738062469
insertion	1171	0	0	82	217.58354003749704
insertion	1172	0	0	67	218.4350365729135
insertion	1173	0	0	63	218.80362666666352
insertion	1174	0	0	79	218.76943859999685
insertion	1175	0	0	65	219.19999456458015
insertion	1176	0	0	80	219.18503728541347
insertion	1179	0	0	75	218.4158057854135
insertion	1177	0	0	68	219.5771316749967
insertion	1178	0	0	84	219.54614873958005
insertion	1180	0	0	67	219.98097821249672
insertion	1181	0	0	66	220.36773071666337
insertion	1182	0	0	82	219.9574739166634
insertion	1183	0	0	67	220.80362856666338
insertion	1184	0	0	63	221.20320159583
insertion	1185	0	0	79	221.17542379166332
insertion	1186	0	0	75	220.78332940208003
insertion	1187	0	0	60	221.6284156749967
insertion	1188	0	0	80	221.59209085416336
insertion	1189	0	0	70	222.0568348854134
insertion	1190	0	0	62	222.05469813124674
insertion	1191	0	0	77	221.9916638833301
insertion	1192	0	0	67	222.46709168541335
insertion	1193	0	0	63	222.46602330833002
insertion	1194	0	0	79	222.44358738958005
insertion	1195	0	0	60	222.85811769791334
insertion	1196	0	0	75	222.82927151666334
insertion	1197	0	0	67	222.87841686249666
insertion	1198	0	0	56	223.32393010624654
insertion	1199	0	0	53	223.7213663812464
insertion	1200	0	0	72	223.33034036874653
insertion	1202	0	0	77	223.28867366249654
insertion	1201	0	0	58	224.18290528124638
insertion	1203	0	0	68	224.16581124791304
insertion	1204	0	0	46	224.56111076874646
insertion	1205	0	0	74	224.55683726041312
insertion	1206	0	0	51	225.13910277082982
insertion	1207	0	0	67	225.15940193541314
insertion	1208	0	0	75	225.11987198332983
insertion	1209	0	0	39	226.09743701457978
insertion	1210	0	0	63	227.2213697062463
insertion	1211	0	0	64	228.0995756687463
insertion	1216	0	0	64	228.26410573957963
insertion	1212	0	0	51	229.1807732770796
insertion	1213	0	0	39	229.1871835395796
insertion	1214	0	0	59	229.18932029374625
insertion	1215	0	0	56	229.18611516249626
insertion	1217	0	0	63	230.17863747291292
insertion	1218	0	0	62	230.91902279166294
insertion	1219	0	0	63	231.08248448541295
insertion	1220	0	0	39	232.04616061457955
insertion	1221	0	0	58	232.0440238604129
insertion	1222	0	0	55	232.04295548332956
insertion	1223	0	0	63	233.03975130207948
insertion	1224	0	0	64	233.85171788541274
insertion	1225	0	0	51	234.95855654374603
insertion	1226	0	0	39	234.96496680624603
insertion	1227	0	0	56	234.96496680624603
insertion	1228	0	0	59	234.95214628124603
insertion	1229	0	0	64	234.0333419895794
insertion	1230	0	0	63	235.91902754166267
insertion	1231	0	0	62	236.63697694166268
insertion	1232	0	0	63	236.80578052082933
insertion	1233	0	0	39	237.6668924499959
insertion	1234	0	0	58	237.6508667937459
insertion	1235	0	0	55	237.65300354791256
insertion	1236	0	0	39	238.52052573957917
insertion	1237	0	0	59	238.50663683749585
insertion	1238	0	0	56	238.50663683749585
insertion	1239	0	0	63	238.49702144374587
insertion	1240	0	0	62	239.17864602291246
insertion	1241	0	0	63	239.3367658312458
insertion	1242	0	0	39	240.1487324145791
insertion	1243	0	0	58	240.1487324145791
insertion	1244	0	0	55	240.1519375458291
insertion	1245	0	0	39	241.06005806666244
insertion	1246	0	0	56	241.0493742958291
insertion	1247	0	0	59	241.07074183749577
insertion	1248	0	0	63	241.02373324582908
insertion	1249	0	0	62	241.7918963687457
insertion	1253	0	0	63	241.96283670207904
insertion	1250	0	0	39	242.92651283124565
insertion	1251	0	0	55	242.89980340416233
insertion	1252	0	0	58	242.90835042082898
insertion	1254	0	0	62	243.57822285207902
insertion	1255	0	0	63	243.75236831666237
insertion	1256	0	0	62	244.43292451874572
insertion	1257	0	0	63	244.56754003124573
insertion	1258	0	0	62	245.19360900207909
insertion	1259	0	0	39	245.3837801229124
insertion	1260	0	0	58	245.3987374020791
insertion	1261	0	0	55	245.39980577916242
insertion	1262	0	0	63	245.35920744999575
insertion	1263	0	0	62	245.96604563332903
insertion	1264	0	0	39	246.222456133329
insertion	1265	0	0	58	246.22672964166233
insertion	1266	0	0	55	246.23420828124566
insertion	1267	0	0	63	246.203225345829
insertion	1268	0	0	62	247.0589953895789
insertion	1269	0	0	39	247.4927564854123
insertion	1270	0	0	55	247.47993596041226
insertion	1271	0	0	58	247.46925218957892
insertion	1272	0	0	63	247.44254276249558
