xml_id	midi_id	track	channel	pitch	onset
n25	1	0	0	45	2.0641005
n27	11	0	0	52	2.4583308750000015
n28	10	0	0	57	2.4711513750000016
n17	0	0	0	60	2.0491432499999997
n29	7	0	0	60	2.4508522500000014
n18	2	0	0	64	2.077989375
n19	9	0	0	64	2.4604676250000015
n1	3	0	0	69	2.054485125
n20	8	0	0	69	2.4711513750000016
n2	4	0	0	70	2.1965790000000003
n3	5	0	0	71	2.285254125000001
n4	6	0	0	72	2.3579036250000014
n5	12	0	0	73	2.4636727500000015
n6	13	0	0	74	2.5470060000000023
n7	14	0	0	75	2.6634588750000034
n8	15	0	0	76	2.7243562500000036
n31	16	0	0	45	2.8354672500000038
n21	17	0	0	69	2.842945875000004
n22	18	0	0	74	2.851492875000004
n9	19	0	0	77	2.8290570000000037
n10	20	0	0	78	2.943373125000005
n11	21	0	0	79	3.038458500000005
n12	22	0	0	80	3.114313125000005
n33	26	0	0	53	3.211535250000005
n34	24	0	0	57	3.215808750000005
n35	23	0	0	62	3.211535250000005
n23	27	0	0	74	3.2371762500000054
n24	25	0	0	77	3.204056625000005
n13	28	0	0	81	3.209398500000005
n14	29	0	0	82	3.315167625000006
n15	30	0	0	83	3.397432500000007
n16	31	0	0	84	3.4722187500000072
n61	32	0	0	33	3.576919500000008
n62	35	0	0	45	3.594013500000008
n53	34	0	0	76	3.596150250000008
n54	33	0	0	81	3.589740000000008
n37	36	0	0	85	3.591876750000008
n38	37	0	0	86	3.689098875000009
n39	38	0	0	87	3.7905945000000094
n40	39	0	0	88	3.8728593750000093
n64	43	0	0	52	3.9743550000000094
n65	42	0	0	57	3.9786285000000094
n66	45	0	0	60	3.9658080000000093
n55	40	0	0	81	3.9775601250000094
n56	41	0	0	84	3.9732866250000094
n44	48	0	0	86	4.244653875000011
n43	47	0	0	87	4.17734625000001
n42	46	0	0	88	4.04379937500001
n41	44	0	0	89	3.9551242500000092
n68	53	0	0	57	4.380337500000011
n69	54	0	0	60	4.378200750000011
n70	52	0	0	64	4.362175125000011
n57	49	0	0	76	4.392089625000011
n58	51	0	0	81	4.388884500000011
n48	57	0	0	82	4.654909875000013
n47	56	0	0	83	4.570508250000013
n46	55	0	0	84	4.459397250000012
n45	50	0	0	85	4.367517000000011
n59	58	0	0	72	4.783114875000014
n60	60	0	0	76	4.786320000000014
n50	61	0	0	80	4.857901125000014
n49	59	0	0	81	4.748926875000014
n52	63	0	0	81	5.023499250000014
n51	62	0	0	83	4.948713000000014
n97	64	0	0	40	5.105764125000014
n89	66	0	0	71	5.164524750000014
n90	65	0	0	76	5.151704250000014
n76	70	0	0	77	5.410251000000016
n75	69	0	0	78	5.327986125000016
n74	68	0	0	79	5.243584500000015
n73	67	0	0	80	5.147430750000014
n99	73	0	0	52	5.518156875000016
n100	72	0	0	59	5.509609875000016
n101	71	0	0	62	5.495721000000016
n91	74	0	0	68	5.522430375000016
n92	76	0	0	71	5.530977375000016
n78	77	0	0	75	5.599353375000017
n77	75	0	0	76	5.511746625000016
n80	79	0	0	76	5.775635250000017
n79	78	0	0	77	5.684823375000017
n103	80	0	0	45	5.892088125000018
n93	81	0	0	69	5.902771875000018
n94	82	0	0	72	5.918797500000018
n84	86	0	0	72	6.180549375000019
n83	85	0	0	73	6.090805875000019
n82	84	0	0	74	5.986105125000019
n81	83	0	0	75	5.896361625000018
n105	88	0	0	52	6.287386875000019
n106	90	0	0	57	6.284181750000019
n107	87	0	0	60	6.275634750000019
n95	89	0	0	64	6.292728750000019
n96	91	0	0	69	6.290592000000019
n85	92	0	0	71	6.285250125000019
n86	93	0	0	72	6.36965175000002
n88	95	0	0	72	6.55341225000002
n87	94	0	0	74	6.46580550000002
n133	98	0	0	52	6.65811300000002
n134	97	0	0	59	6.65170275000002
n125	96	0	0	64	6.66345487500002
n126	99	0	0	68	6.67627537500002
n109	100	0	0	71	6.629266875000019
n111	102	0	0	71	6.8343948750000205
n110	101	0	0	72	6.7382411250000205
n112	103	0	0	72	6.91559137500002
n136	110	0	0	53	7.034181000000021
n137	111	0	0	59	7.0224288750000206
n127	104	0	0	63	7.042728000000021
n128	105	0	0	69	7.043796375000021
n113	106	0	0	71	7.040591250000021
n115	108	0	0	71	7.243582500000023
n114	107	0	0	72	7.146360375000022
n116	109	0	0	72	7.3237106250000235
n138	115	0	0	52	7.438026750000024
n129	114	0	0	64	7.471146375000024
n130	113	0	0	68	7.472214750000024
n117	112	0	0	71	7.432684875000024
n120	118	0	0	74	7.721146125000026
n119	117	0	0	75	7.6281975000000255
n118	116	0	0	76	7.5256335000000245
n131	120	0	0	62	7.852556250000027
n132	121	0	0	68	7.846146000000027
n124	124	0	0	70	8.106829500000028
n123	123	0	0	71	8.018154375000028
n122	122	0	0	72	7.908111750000027
n121	119	0	0	73	7.8215733750000265
n166	126	0	0	45	8.207256750000028
n158	125	0	0	60	8.201914875000028
n159	128	0	0	64	8.226487500000028
n142	127	0	0	69	8.213667000000028
n143	129	0	0	70	8.301273750000027
n144	130	0	0	71	8.396359125000025
n145	131	0	0	72	8.459393250000025
n168	136	0	0	52	8.608965750000023
n169	137	0	0	57	8.626059750000021
n170	134	0	0	60	8.602555500000022
n160	133	0	0	64	8.582256375000023
n161	132	0	0	69	8.584393125000023
n146	135	0	0	73	8.574777750000024
n147	138	0	0	74	8.659179375000019
n148	139	0	0	75	8.774563875000014
n149	140	0	0	76	8.832256125000015
n172	143	0	0	45	8.975418375000014
n162	142	0	0	69	8.959392750000015
n163	141	0	0	74	8.940162000000015
n150	144	0	0	77	8.933751750000015
n151	145	0	0	78	9.037384125000012
n152	146	0	0	79	9.160247250000012
n153	147	0	0	80	9.23076000000001
n174	153	0	0	53	9.367512000000007
n175	151	0	0	57	9.365375250000008
n176	149	0	0	62	9.35148637500001
n164	150	0	0	74	9.365375250000008
n165	148	0	0	77	9.32264025000001
n154	152	0	0	81	9.336529125000009
n155	154	0	0	82	9.429477750000006
n156	155	0	0	83	9.518152875000004
n157	156	0	0	84	9.613238250000004
n202	157	0	0	33	9.706186875000002
n203	160	0	0	45	9.711528750000001
n194	158	0	0	76	9.725417625
n195	159	0	0	81	9.715802250000001
n178	161	0	0	85	9.719007375
n179	162	0	0	86	9.815161125
n180	164	0	0	87	9.9102465
n181	163	0	0	88	9.982895999999998
n205	167	0	0	52	10.088665124999997
n206	168	0	0	57	10.110032624999995
n207	170	0	0	60	10.074776249999998
n196	169	0	0	81	10.124989874999995
n197	166	0	0	84	10.096143749999996
n185	174	0	0	86	10.37071612499999
n184	173	0	0	87	10.291656374999992
n183	172	0	0	88	10.199776124999993
n182	171	0	0	89	10.094006999999996
n209	179	0	0	57	10.527767249999988
n210	181	0	0	60	10.546997999999988
n211	178	0	0	64	10.526698874999989
n198	176	0	0	76	10.520288624999989
n199	175	0	0	81	10.49144249999999
n189	183	0	0	82	10.773493499999985
n188	182	0	0	83	10.693365374999985
n187	180	0	0	84	10.589732999999987
n186	177	0	0	85	10.48823737499999
n200	184	0	0	72	10.88246774999998
n201	186	0	0	76	10.90169849999998
n191	187	0	0	80	10.97434799999998
n190	185	0	0	81	10.864305374999981
n193	189	0	0	81	11.159176874999979
n192	188	0	0	83	11.074775249999979
n238	190	0	0	47	11.252125499999977
n230	192	0	0	71	11.300202374999975
n231	193	0	0	76	11.275629749999975
n214	191	0	0	79	11.257467374999976
n215	194	0	0	80	11.358962999999974
n216	195	0	0	81	11.440159499999972
n217	200	0	0	82	11.554475624999972
n240	199	0	0	59	11.630330249999972
n241	197	0	0	64	11.63994562499997
n242	196	0	0	67	11.615372999999972
n232	198	0	0	76	11.63139862499997
n233	202	0	0	79	11.628193499999972
n221	205	0	0	82	11.880329999999963
n218	201	0	0	83	11.621783249999972
n220	204	0	0	83	11.821569374999964
n219	203	0	0	84	11.707253249999965
n244	207	0	0	47	11.990372624999962
n234	209	0	0	75	11.999987999999961
n235	206	0	0	78	11.966868374999962
n225	212	0	0	78	12.252124499999956
n224	211	0	0	79	12.180543374999958
n223	210	0	0	80	12.065158874999959
n222	208	0	0	81	11.981825624999962
n246	215	0	0	59	12.386739749999954
n247	213	0	0	66	12.379261124999955
n236	216	0	0	69	12.355756874999956
n248	217	0	0	71	12.407038874999953
n267	deletion
n237	219	0	0	75	12.358961999999956
n226	214	0	0	77	12.355756874999956
n227	218	0	0	78	12.45511574999995
n229	221	0	0	78	12.607893374999946
n228	220	0	0	79	12.542722499999947
n274	224	0	0	52	12.731824874999944
n275	222	0	0	64	12.729688124999946
n266	223	0	0	68	12.742508624999944
n252	227	0	0	75	12.902764874999944
n250	225	0	0	76	12.706183874999946
n253	228	0	0	76	12.979687874999945
n251	226	0	0	77	12.814089749999944
n276	239	0	0	40	13.092935624999944
n277	238	0	0	52	13.097209124999942
n268	229	0	0	65	13.100414249999941
n269	230	0	0	69	13.11430312499994
n256	233	0	0	73	13.307678999999938
n254	231	0	0	74	13.089730499999945
n257	235	0	0	74	13.417721624999936
n255	232	0	0	76	13.21473037499994
n270	236	0	0	64	13.517080499999935
n271	237	0	0	69	13.511738624999936
n260	242	0	0	71	13.699772624999934
n258	240	0	0	72	13.492507874999935
n261	243	0	0	72	13.786310999999932
n259	241	0	0	74	13.576909499999934
n279	244	0	0	40	13.910242499999931
n280	245	0	0	52	13.902763874999932
n272	247	0	0	62	13.914515999999931
n273	248	0	0	68	13.92199462499993
n264	250	0	0	70	14.120712374999929
n262	246	0	0	71	13.901695499999933
n265	251	0	0	71	14.230754999999927
n263	249	0	0	72	14.007464624999928
n305	254	0	0	45	14.384600999999929
n297	253	0	0	60	14.378190749999929
n298	255	0	0	64	14.391011249999929
n281	252	0	0	69	14.361096749999929
n282	256	0	0	70	14.441224874999927
n283	257	0	0	71	14.538446999999925
n284	258	0	0	72	14.622848624999923
n307	263	0	0	52	14.74998524999992
n308	262	0	0	57	14.75319037499992
n309	259	0	0	60	14.740369874999923
n299	261	0	0	64	14.74678012499992
n300	260	0	0	69	14.743574999999922
n285	264	0	0	73	14.74464337499992
n286	265	0	0	74	14.833318499999917
n287	266	0	0	75	14.938019249999916
n288	267	0	0	76	15.008531999999915
n311	268	0	0	45	15.100412249999916
n301	269	0	0	69	15.114301124999916
n302	270	0	0	74	15.114301124999916
n289	271	0	0	77	15.096138749999916
n290	272	0	0	78	15.213659999999912
n291	273	0	0	79	15.31622399999991
n292	274	0	0	80	15.38994187499991
n313	278	0	0	53	15.485027249999908
n314	277	0	0	57	15.489300749999908
n315	276	0	0	62	15.480753749999907
n303	279	0	0	74	15.502121249999906
n304	275	0	0	77	15.47861699999991
n293	280	0	0	81	15.479685374999908
n294	281	0	0	82	15.577975874999902
n295	282	0	0	83	15.664514249999902
n296	283	0	0	84	15.745710749999903
n341	284	0	0	33	15.844001249999902
n342	286	0	0	45	15.853616624999901
n333	287	0	0	76	15.8792576249999
n334	285	0	0	81	15.857890124999901
n317	288	0	0	85	15.8610952499999
n318	289	0	0	86	15.964727624999897
n319	291	0	0	87	16.0512659999999
n320	290	0	0	88	16.157035124999897
n344	299	0	0	52	16.256393999999894
n345	292	0	0	57	16.278829874999893
n346	296	0	0	60	16.254257249999895
n335	294	0	0	81	16.29806062499989
n336	293	0	0	84	16.270282874999893
n324	300	0	0	86	16.535239874999885
n323	298	0	0	87	16.458316874999884
n322	297	0	0	88	16.34934262499989
n321	295	0	0	89	16.249983749999895
n348	304	0	0	57	16.64421412499988
n349	305	0	0	60	16.636735499999883
n350	301	0	0	64	16.64421412499988
n337	303	0	0	76	16.681607249999878
n338	306	0	0	81	16.669855124999877
n328	309	0	0	82	16.936948874999878
n327	308	0	0	83	16.85682074999988
n326	307	0	0	84	16.75425674999988
n325	302	0	0	85	16.65489787499988
n339	311	0	0	72	17.041649624999874
n340	312	0	0	76	17.04912824999987
n330	313	0	0	80	17.145281999999874
n329	310	0	0	81	17.026692374999875
n332	315	0	0	81	17.306606624999873
n331	314	0	0	83	17.237162249999873
n377	316	0	0	40	17.40382874999987
n369	318	0	0	71	17.44335862499987
n370	317	0	0	76	17.42199112499987
n356	322	0	0	77	17.689084874999867
n355	321	0	0	78	17.61323024999987
n354	320	0	0	79	17.52989699999987
n353	319	0	0	80	17.42412787499987
n379	325	0	0	52	17.800195874999865
n380	324	0	0	59	17.794853999999866
n381	323	0	0	62	17.79164887499987
n371	326	0	0	68	17.806606124999863
n372	328	0	0	71	17.81515312499986
n358	329	0	0	75	17.884597499999856
n357	327	0	0	76	17.798059124999867
n360	331	0	0	76	18.057674249999852
n359	330	0	0	77	17.97647774999985
n383	333	0	0	45	18.19763137499985
n373	332	0	0	69	18.21365699999985
n374	334	0	0	72	18.201904874999848
n364	338	0	0	72	18.474340499999844
n363	337	0	0	73	18.383528624999844
n362	336	0	0	74	18.300195374999845
n361	335	0	0	75	18.19976812499985
n385	341	0	0	52	18.57690449999984
n386	339	0	0	57	18.58224637499984
n387	340	0	0	60	18.567289124999842
n375	343	0	0	64	18.58438312499984
n376	342	0	0	69	18.58331474999984
n365	344	0	0	71	18.580109624999842
n366	345	0	0	72	18.668784749999837
n368	347	0	0	72	18.840793124999834
n367	346	0	0	74	18.751049624999833
n413	349	0	0	52	18.94763062499983
n414	348	0	0	59	18.94869899999983
n405	350	0	0	64	18.964724624999832
n439	379	0	0	64	20.564081999999814
n409	deletion
n406	351	0	0	68	18.97006649999983
n389	352	0	0	71	18.924126374999833
n391	354	0	0	71	19.11536549999983
n390	353	0	0	72	19.030963874999834
n392	355	0	0	72	19.228613249999828
n416	362	0	0	53	19.33117724999983
n417	364	0	0	59	19.33972424999983
n407	357	0	0	63	19.34506612499983
n408	356	0	0	69	19.33438237499983
n393	358	0	0	71	19.34292937499983
n395	360	0	0	71	19.550194124999827
n394	359	0	0	72	19.44335662499983
n396	361	0	0	72	19.619638499999827
n418	367	0	0	52	19.749980249999822
n410	365	0	0	68	19.770279374999824
n397	363	0	0	71	19.738228124999825
n400	369	0	0	74	20.028826124999817
n399	368	0	0	75	19.93160399999982
n398	366	0	0	76	19.829039999999825
n411	371	0	0	62	20.180535374999817
n412	372	0	0	68	20.17839862499982
n404	375	0	0	70	20.441218874999812
n403	374	0	0	71	20.349338624999813
n402	373	0	0	72	20.253184874999814
n401	370	0	0	73	20.15703112499982
n446	376	0	0	45	20.534167499999814
n438	377	0	0	60	20.536304249999812
n422	378	0	0	69	20.539509374999813
n423	380	0	0	70	20.64421012499981
n424	381	0	0	71	20.73074849999981
n425	382	0	0	72	20.788440749999808
n448	387	0	0	52	20.936944874999803
n449	386	0	0	57	20.942286749999802
n450	383	0	0	60	20.914508999999807
n440	384	0	0	64	20.927329499999804
n441	385	0	0	69	20.9444234999998
n426	388	0	0	73	20.914508999999807
n427	389	0	0	74	21.002115749999792
n428	390	0	0	75	21.11215837499979
n429	391	0	0	76	21.19014974999979
n452	394	0	0	45	21.30767099999979
n442	393	0	0	69	21.30767099999979
n443	392	0	0	74	21.29698724999979
n430	395	0	0	77	21.287371874999792
n431	396	0	0	78	21.387799124999784
n432	397	0	0	79	21.483952874999783
n433	398	0	0	80	21.561944249999783
n454	402	0	0	53	21.68480737499978
n455	401	0	0	57	21.679465499999782
n456	400	0	0	62	21.679465499999782
n444	403	0	0	74	21.69442274999978
n445	399	0	0	77	21.653824499999782
n434	404	0	0	81	21.669850124999783
n435	405	0	0	82	21.757456874999775
n436	406	0	0	83	21.849337124999774
n437	407	0	0	84	21.929465249999776
n482	408	0	0	33	22.037371124999776
n483	411	0	0	45	22.046986499999775
n474	410	0	0	76	22.066217249999774
n475	409	0	0	81	22.048054874999774
n458	412	0	0	85	22.045918124999776
n459	413	0	0	86	22.164507749999768
n460	414	0	0	87	22.255319624999768
n461	415	0	0	88	22.341857999999768
n485	418	0	0	52	22.447627124999766
n486	417	0	0	57	22.449763874999764
n487	420	0	0	60	22.445490374999768
n476	421	0	0	81	22.491430499999765
n477	416	0	0	84	22.448695499999765
n465	425	0	0	86	22.725404624999758
n464	424	0	0	87	22.64848162499976
n463	423	0	0	88	22.53630224999976
n462	422	0	0	89	22.474336499999765
n489	431	0	0	57	22.853609624999752
n490	430	0	0	60	22.838652374999757
n491	426	0	0	64	22.849336124999752
n478	427	0	0	76	22.882455749999753
n479	428	0	0	81	22.852541249999753
n469	434	0	0	82	23.117498249999752
n468	433	0	0	83	23.04164362499975
n467	432	0	0	84	22.941216374999755
n466	429	0	0	85	22.840789124999755
n480	436	0	0	72	23.253181874999747
n481	437	0	0	76	23.259592124999745
n471	438	0	0	80	23.326899749999743
n470	435	0	0	81	23.23395112499975
n473	440	0	0	81	23.49570299999974
n472	439	0	0	83	23.42091674999974
n517	441	0	0	38	23.58651487499974
n518	deletion
n510	443	0	0	74	23.623907999999737
n511	442	0	0	77	23.59933537499974
n494	444	0	0	82	23.60895074999974
n495	445	0	0	83	23.690147249999733
n496	446	0	0	84	23.779890749999733
n497	447	0	0	85	23.86856587499973
n520	452	0	0	50	23.98395037499973
n521	451	0	0	53	23.98395037499973
n522	449	0	0	58	23.97433499999973
n523	448	0	0	62	23.96044612499973
n512	450	0	0	77	23.98929224999973
n513	454	0	0	82	23.999975999999727
n498	453	0	0	86	23.95724099999973
n499	455	0	0	87	24.065146874999723
n500	456	0	0	88	24.171984374999724
n501	457	0	0	89	24.23074499999972
n525	459	0	0	40	24.343992749999718
n526	deletion
n514	460	0	0	80	24.350402999999716
n515	458	0	0	86	24.33330899999972
n502	461	0	0	88	24.33010387499972
n503	462	0	0	89	24.42946274999971
n504	463	0	0	90	24.52668487499971
n505	464	0	0	91	24.59612924999971
n528	467	0	0	52	24.70937699999971
n529	466	0	0	59	24.69976162499971
n530	465	0	0	62	24.69014624999971
n516	469	0	0	86	24.71365049999971
n506	468	0	0	92	24.69441974999971
n507	470	0	0	93	24.790573499999702
n508	471	0	0	94	24.884590499999703
n509	474	0	0	95	24.9818126249997
n556	477	0	0	41	25.075829624999706
n557	deletion
n548	478	0	0	84	25.084376624999706
n549	deletion
n535	482	0	0	90	25.3642908749997
n534	481	0	0	91	25.2681371249997
n533	480	0	0	92	25.1762568749997
n532	479	0	0	93	25.072624499999705
n559	486	0	0	57	25.4754018749997
n560	485	0	0	60	25.4668548749997
n561	483	0	0	65	25.4625813749997
n550	deletion
n551	484	0	0	84	25.4668548749997
n539	490	0	0	86	25.724333249999695
n538	489	0	0	87	25.6463418749997
n537	488	0	0	88	25.5662137499997
n536	487	0	0	89	25.4593762499997
n563	491	0	0	36	25.849333124999692
n564	deletion
n552	492	0	0	76	25.86856387499969
n553	494	0	0	81	25.85467499999969
n543	497	0	0	82	26.112153374999682
n542	496	0	0	83	26.046982499999686
n541	495	0	0	84	25.94228174999969
n540	493	0	0	85	25.842922874999694
n566	500	0	0	52	26.238221624999678
n567	499	0	0	57	26.23501649999968
n568	498	0	0	64	26.218990874999683
n554	503	0	0	72	26.24570024999968
n555	502	0	0	76	26.264930999999677
n547	506	0	0	78	26.505315374999668
n546	505	0	0	79	26.414503499999668
n545	504	0	0	80	26.33117024999967
n544	501	0	0	81	26.23608487499968
n594	508	0	0	38	26.593990499999666
n586	509	0	0	70	26.63779387499967
n587	507	0	0	74	26.605742624999667
n573	513	0	0	74	26.869631249999667
n572	512	0	0	75	26.784161249999666
n571	511	0	0	76	26.710443374999663
n570	510	0	0	77	26.62176824999967
n596	519	0	0	50	26.978605499999667
n597	517	0	0	53	26.981810624999667
n598	518	0	0	58	26.986084124999664
n599	520	0	0	62	26.97646874999967
n588	515	0	0	65	26.986084124999664
n589	514	0	0	70	26.983947374999666
n574	516	0	0	73	26.967921749999668
n575	521	0	0	74	27.07689599999966
n577	523	0	0	74	27.274545374999654
n576	522	0	0	77	27.181596749999656
n600	524	0	0	52	27.374972624999653
n601	527	0	0	57	27.372835874999655
n602	526	0	0	60	27.374972624999653
n590	525	0	0	64	27.364288874999655
n591	529	0	0	69	27.374972624999653
n578	528	0	0	71	27.372835874999655
n579	531	0	0	72	27.463647749999648
n581	533	0	0	72	27.63992962499965
n580	532	0	0	76	27.545912624999648
n603	538	0	0	52	27.732878249999647
n592	536	0	0	62	27.733946624999646
n593	537	0	0	68	27.746767124999646
n582	539	0	0	70	27.748903874999645
n583	540	0	0	71	27.84612599999964
n585	542	0	0	71	28.00638224999964
n584	541	0	0	76	27.92839087499964
n626	546	0	0	45	28.11108299999964
n627	deletion
n620	543	0	0	60	28.113219749999637
n621	545	0	0	64	28.116424874999637
n604	547	0	0	69	28.138860749999637
n605	548	0	0	70	28.21471537499964
n606	549	0	0	71	28.30552724999964
n607	550	0	0	72	28.38351862499964
n628	558	0	0	40	28.502108249999633
n629	552	0	0	52	28.495697999999635
n622	551	0	0	64	28.519202249999633
n623	553	0	0	68	28.49142449999964
n608	554	0	0	73	28.507450124999632
n609	555	0	0	74	28.59505687499963
n610	556	0	0	75	28.684800374999632
n611	557	0	0	76	28.79163787499963
n630	565	0	0	33	28.917706124999626
n631	563	0	0	45	28.930526624999626
n624	559	0	0	69	28.907022374999627
n625	560	0	0	72	28.897406999999628
n615	566	0	0	78	29.26599637499962
n614	564	0	0	79	29.136722999999623
n613	562	0	0	80	29.011723124999623
n612	561	0	0	81	28.90488562499963
n619	570	0	0	74	29.662363499999618
n618	569	0	0	75	29.563004624999618
n617	568	0	0	76	29.455098749999618
n616	567	0	0	77	29.34291937499962
n655	571	0	0	36	29.802320624999616
n658	581	0	0	48	30.224328749999604
n656	deletion
n649	572	0	0	64	29.818346249999614
n650	573	0	0	70	29.816209499999616
n635	576	0	0	71	30.021337499999607
n634	575	0	0	72	29.89740599999961
n636	577	0	0	72	30.099328874999607
n633	574	0	0	73	29.793773624999616
n659	579	0	0	55	30.213644999999605
n660	578	0	0	60	30.204029624999606
n651	580	0	0	64	30.232875749999604
n652	582	0	0	70	30.2574483749996
n637	583	0	0	73	30.220055249999604
n638	584	0	0	74	30.318345749999597
n639	585	0	0	75	30.417704624999594
n640	586	0	0	76	30.496764374999593
n662	588	0	0	41	30.60573862499959
n653	587	0	0	69	30.59932837499959
n641	590	0	0	77	30.575824124999592
n642	591	0	0	78	30.692276999999585
n643	592	0	0	79	30.784157249999584
n644	593	0	0	80	30.868558874999582
n664	597	0	0	48	30.966849374999583
n665	596	0	0	57	30.988216874999583
n666	594	0	0	60	30.954028874999583
n654	595	0	0	72	30.974327999999584
n648	601	0	0	74	31.25637899999958
n646	599	0	0	76	31.05872962499958
n647	600	0	0	77	31.160225249999577
n645	598	0	0	81	30.952960499999584
n691	602	0	0	36	31.345054124999578
n684	deletion
n685	603	0	0	70	31.362148124999578
n670	606	0	0	71	31.54377187499958
n669	605	0	0	72	31.445481374999577
n671	607	0	0	72	31.60894274999958
n668	604	0	0	73	31.353601124999578
n693	612	0	0	48	31.725395624999578
n694	609	0	0	55	31.721122124999578
n695	608	0	0	60	31.71150674999958
n686	610	0	0	64	31.731805874999576
n687	611	0	0	70	31.740352874999576
n672	613	0	0	73	31.729669124999578
n673	614	0	0	74	31.827959624999572
n674	615	0	0	75	31.90808774999957
n675	616	0	0	76	32.00958337499957
n697	617	0	0	37	32.11321574999957
n688	deletion
n689	619	0	0	68	32.14526699999957
n676	618	0	0	77	32.09719012499957
n677	620	0	0	78	32.237147249999566
n678	621	0	0	79	32.324753999999565
n679	622	0	0	80	32.42945474999957
n699	626	0	0	49	32.520266624999564
n700	624	0	0	56	32.523471749999565
n701	623	0	0	59	32.523471749999565
n690	627	0	0	71	32.574753749999566
n683	630	0	0	76	32.842915874999576
n682	629	0	0	77	32.76492449999957
n681	628	0	0	78	32.64953999999957
n680	625	0	0	79	32.535223874999566
n724	631	0	0	38	32.92945424999957
n719	633	0	0	72	32.94761662499957
n705	635	0	0	73	33.11855662499957
n704	634	0	0	74	33.02774474999957
n706	636	0	0	74	33.21684712499957
n703	632	0	0	75	32.92090724999957
n726	641	0	0	50	33.302317124999576
n727	638	0	0	57	33.31620599999958
n728	637	0	0	60	33.295906874999574
n720	639	0	0	66	33.32047949999958
n721	640	0	0	72	33.30659062499958
n707	642	0	0	75	33.305522249999576
n708	643	0	0	76	33.40167599999957
n709	644	0	0	77	33.488214374999565
n710	645	0	0	78	33.58650487499957
n730	646	0	0	43	33.68265862499956
n722	648	0	0	70	33.70936799999956
n711	647	0	0	79	33.69334237499956
n712	649	0	0	80	33.77667562499955
n713	650	0	0	81	33.863213999999545
n714	651	0	0	82	33.94654724999955
n732	654	0	0	50	34.070478749999545
n733	653	0	0	55	34.065136874999546
n734	652	0	0	58	34.05552149999954
n723	655	0	0	74	34.058726624999544
n718	660	0	0	75	34.36107674999953
n716	657	0	0	78	34.171974374999536
n717	659	0	0	79	34.27346999999954
n715	656	0	0	81	34.04697449999954
n758	662	0	0	38	34.436931374999524
n752	661	0	0	72	34.451888624999526
n738	665	0	0	73	34.64740124999952
n736	663	0	0	74	34.440136499999525
n739	668	0	0	74	34.73821312499952
n737	664	0	0	75	34.55231587499952
n760	670	0	0	50	34.804452374999514
n761	667	0	0	57	34.81727287499951
n762	666	0	0	60	34.80124724999951
n753	669	0	0	66	34.81834124999951
n754	672	0	0	72	34.83223012499951
n740	671	0	0	75	34.802315624999515
n741	673	0	0	76	34.918768499999516
n742	675	0	0	77	35.009580374999516
n743	676	0	0	78	35.07688799999952
n764	679	0	0	39	35.20402462499952
n755	678	0	0	67	35.20509299999952
n756	677	0	0	70	35.20936649999952
n744	680	0	0	79	35.19334087499952
n745	681	0	0	80	35.318340749999514
n746	682	0	0	81	35.38992187499951
n747	683	0	0	82	35.4785969999995
n766	687	0	0	51	35.59718662499951
n767	685	0	0	58	35.59398149999951
n768	684	0	0	61	35.57795587499951
n757	686	0	0	73	35.59398149999951
n751	691	0	0	78	35.86321199999951
n750	690	0	0	79	35.771331749999504
n749	689	0	0	80	35.68158824999951
n748	688	0	0	81	35.58543449999951
n791	692	0	0	40	35.95295549999951
n786	693	0	0	74	35.96791274999951
n772	696	0	0	75	36.169835624999514
n771	695	0	0	76	36.06620324999951
n773	697	0	0	76	36.245690249999505
n770	694	0	0	77	35.95936574999951
n793	701	0	0	52	36.3568012499995
n794	699	0	0	59	36.3535961249995
n795	698	0	0	62	36.3407756249995
n787	700	0	0	68	36.3632114999995
n788	702	0	0	74	36.3781687499995
n774	703	0	0	77	36.3450491249995
n775	704	0	0	78	36.44547637499951
n776	705	0	0	79	36.537356624999504
n777	706	0	0	80	36.63030524999951
n797	707	0	0	45	36.72218549999951
n789	708	0	0	72	36.74248462499951
n778	709	0	0	81	36.71577524999951
n779	710	0	0	82	36.81192899999951
n780	711	0	0	83	36.908082749999515
n781	712	0	0	84	36.987142499999514
n799	717	0	0	52	37.115347499999515
n800	715	0	0	57	37.112142374999515
n801	714	0	0	60	37.10573212499951
n802	713	0	0	64	37.095048374999514
n790	716	0	0	76	37.12282612499951
n785	721	0	0	80	37.37816774999952
n784	720	0	0	81	37.28949262499952
n783	719	0	0	82	37.19654399999951
n782	718	0	0	83	37.086501374999514
n826	722	0	0	40	37.48073174999952
n820	723	0	0	74	37.49675737499952
n807	727	0	0	76	37.759577624999515
n806	726	0	0	77	37.670902499999514
n805	725	0	0	78	37.58222737499952
n804	724	0	0	79	37.48073174999952
n828	732	0	0	52	37.858936499999515
n829	729	0	0	59	37.858936499999515
n830	728	0	0	62	37.845047624999516
n821	730	0	0	68	37.87389374999952
n822	733	0	0	74	37.87175699999952
n808	731	0	0	77	37.836500624999516
n809	734	0	0	78	37.944406499999516
n810	735	0	0	79	38.035218374999516
n811	736	0	0	80	38.142055874999514
n832	743	0	0	45	38.2456882499995
n833	739	0	0	57	38.23927799999951
n823	738	0	0	72	38.2585087499995
n812	737	0	0	81	38.23500449999951
n813	740	0	0	82	38.319406124999496
n814	741	0	0	83	38.415559874999495
n815	742	0	0	84	38.49034612499949
n834	751	0	0	43	38.614277624999495
n835	747	0	0	55	38.602525499999494
n824	745	0	0	76	38.63030324999949
n825	744	0	0	81	38.61641437499949
n816	746	0	0	85	38.6121408749995
n817	748	0	0	86	38.7114997499995
n818	749	0	0	87	38.804448374999495
n819	750	0	0	88	38.8941918749995
n859	753	0	0	41	38.9892772499995
n860	755	0	0	53	38.992482374999504
n852	752	0	0	81	38.9978242499995
n839	759	0	0	86	39.28842224999949
n838	757	0	0	87	39.221114624999494
n837	756	0	0	88	39.097183124999496
n836	754	0	0	89	38.983935374999504
n861	766	0	0	47	39.4102169999995
n862	773	0	0	59	39.39953324999949
n853	761	0	0	77	39.414490499999495
n854	760	0	0	81	39.409148624999496
n843	765	0	0	82	39.67624237499949
n842	764	0	0	83	39.606797999999486
n841	763	0	0	84	39.50102887499949
n840	762	0	0	85	39.400601624999496
n855	767	0	0	74	39.78628499999949
n856	769	0	0	77	39.77239612499949
n847	772	0	0	78	40.03842149999949
n846	771	0	0	79	39.95401987499949
n845	770	0	0	80	39.87496012499948
n844	768	0	0	81	39.77560124999949
n863	778	0	0	52	40.14953249999948
n864	774	0	0	64	40.14205387499948
n857	777	0	0	68	40.18158374999948
n858	775	0	0	74	40.139917124999485
n850	781	0	0	75	40.326882749999484
n849	780	0	0	76	40.25209649999948
n851	782	0	0	76	40.42730999999949
n848	779	0	0	77	40.15060087499948
n888	784	0	0	39	40.511711624999485
n889	785	0	0	51	40.51598512499948
n881	783	0	0	79	40.53201074999948
n868	789	0	0	84	40.79162587499947
n867	788	0	0	85	40.706155874999475
n866	787	0	0	86	40.61961749999948
n865	786	0	0	87	40.508506499999484
n890	796	0	0	45	40.89846337499946
n891	803	0	0	57	40.89418987499946
n882	790	0	0	75	40.90487362499946
n883	791	0	0	79	40.93585649999946
n872	795	0	0	80	41.196539999999466
n871	794	0	0	81	41.080087124999466
n870	793	0	0	82	40.98179662499946
n869	792	0	0	83	40.90487362499946
n884	799	0	0	72	41.330086874999466
n885	797	0	0	75	41.301240749999465
n876	802	0	0	76	41.56833449999945
n875	801	0	0	77	41.47218074999946
n874	800	0	0	78	41.37709537499946
n873	798	0	0	79	41.29376212499947
n892	808	0	0	50	41.66021474999945
n893	804	0	0	62	41.653804499999445
n886	805	0	0	66	41.67410362499945
n887	806	0	0	72	41.655941249999444
n879	810	0	0	73	41.82794962499946
n878	809	0	0	74	41.76384712499946
n880	811	0	0	74	41.919829874999465
n877	807	0	0	75	41.64953099999945
n918	814	0	0	43	42.028804124999475
n919	813	0	0	55	42.02773574999947
n910	deletion
n911	812	0	0	82	42.068333999999474
n897	817	0	0	83	42.30017137499947
insertion	819	0	0	83	42.36854737499947
n896	818	0	0	84	42.24888937499947
n895	816	0	0	85	42.15166724999947
n894	815	0	0	86	42.01812037499947
n920	826	0	0	51	42.414487499999474
n921	824	0	0	63	42.420897749999476
n912	820	0	0	73	42.44653874999947
n901	825	0	0	79	42.69760687499946
n913	deletion
n900	823	0	0	80	42.62282062499946
n899	822	0	0	81	42.52666687499947
n898	821	0	0	82	42.43692337499947
n922	831	0	0	50	42.801239249999455
n923	829	0	0	62	42.792692249999455
n914	827	0	0	69	42.80871787499945
n915	828	0	0	74	42.80230762499946
n902	830	0	0	78	42.804444374999456
n903	832	0	0	79	42.89418787499944
n904	833	0	0	80	42.99995699999944
n905	834	0	0	81	43.07153812499944
n925	841	0	0	45	43.180512374999445
n926	839	0	0	57	43.175170499999446
n916	836	0	0	72	43.206153374999445
n917	835	0	0	77	43.189059374999445
n906	837	0	0	82	43.194401249999444
n907	838	0	0	83	43.288418249999445
n909	842	0	0	83	43.46042662499944
n908	840	0	0	84	43.36747799999945
n951	846	0	0	41	43.55444362499944
n952	845	0	0	53	43.55658037499944
n943	843	0	0	77	43.586494874999445
n944	844	0	0	81	43.57153762499944
n930	851	0	0	81	43.862135624999425
n929	850	0	0	82	43.75850324999943
n928	849	0	0	84	43.67196487499944
n927	848	0	0	86	43.586494874999445
n954	858	0	0	49	43.92623812499942
n955	857	0	0	61	43.93051162499942
n945	852	0	0	71	43.94867399999942
n946	853	0	0	77	43.94546887499942
n934	859	0	0	77	44.230724999999424
n933	856	0	0	78	44.148460124999424
n932	854	0	0	79	44.04269099999942
n931	855	0	0	80	43.92837487499942
n956	864	0	0	48	44.316194999999425
n957	861	0	0	60	44.30551124999943
n947	860	0	0	67	44.32581037499943
n948	862	0	0	72	44.330083874999424
n935	863	0	0	76	44.324741999999425
n936	865	0	0	77	44.42089574999941
n937	866	0	0	78	44.510639249999414
n938	867	0	0	79	44.60358787499941
n959	876	0	0	43	44.68798949999941
n960	871	0	0	55	44.68051087499941
n949	868	0	0	70	44.712562124999415
n950	869	0	0	75	44.71149374999941
n939	870	0	0	80	44.69760487499941
n940	872	0	0	81	44.79696374999941
n942	875	0	0	81	44.9849977499994
n941	873	0	0	82	44.88991237499941
n985	879	0	0	39	45.0768779999994
n986	881	0	0	51	45.0747412499994
n977	878	0	0	75	45.087561749999395
n978	877	0	0	79	45.0704677499994
n964	886	0	0	80	45.39952724999941
n963	884	0	0	81	45.312988874999405
n962	883	0	0	82	45.1997411249994
n961	882	0	0	84	45.0672626249994
n988	896	0	0	51	45.51918524999941
n989	893	0	0	63	45.52132199999941
n979	888	0	0	70	45.52773224999941
n980	890	0	0	75	45.53414249999941
n968	892	0	0	76	45.805509749999416
n967	891	0	0	77	45.702945749999415
n966	889	0	0	78	45.60465524999942
n965	887	0	0	79	45.50956987499941
n981	894	0	0	67	45.91127887499942
n982	897	0	0	70	45.92409937499942
n972	900	0	0	72	46.181577749999406
n971	899	0	0	73	46.08649237499941
n970	898	0	0	74	45.99033862499942
n969	895	0	0	75	45.88884299999942
n990	908	0	0	39	46.302304124999395
n991	906	0	0	51	46.296962249999396
n983	901	0	0	61	46.30123574999939
n976	907	0	0	67	46.58328674999939
n984	deletion
n975	905	0	0	68	46.488201374999385
n974	904	0	0	69	46.38991087499939
n973	902	0	0	70	46.290551999999394
n1016	913	0	0	38	46.66875674999939
n1017	910	0	0	50	46.66020974999939
n1008	909	0	0	57	46.68585074999938
n1009	deletion
n992	911	0	0	66	46.681577249999386
n993	912	0	0	67	46.757431874999384
n994	914	0	0	68	46.86747449999939
n995	915	0	0	69	46.94119237499939
n1019	922	0	0	39	47.07580762499939
n1020	923	0	0	45	47.082217874999394
n1010	916	0	0	61	47.059781999999394
n1011	917	0	0	67	47.06191874999939
n999	921	0	0	67	47.35572187499939
n998	920	0	0	68	47.25422624999939
n997	919	0	0	69	47.16661949999939
n996	918	0	0	70	47.04375637499939
n1021	929	0	0	38	47.43371324999939
n1022	927	0	0	50	47.43264487499939
n1012	925	0	0	57	47.44760212499939
n1013	924	0	0	62	47.44760212499939
n1000	926	0	0	66	47.42943974999939
n1001	928	0	0	67	47.5095678749994
n1002	930	0	0	68	47.61213187499939
n1003	931	0	0	69	47.695465124999394
n1024	939	0	0	39	47.792687249999396
n1025	938	0	0	45	47.7820034999994
n1014	932	0	0	61	47.8183282499994
n1015	933	0	0	67	47.8108496249994
n1007	937	0	0	67	48.07580662499939
n1006	936	0	0	68	47.97751612499939
n1005	935	0	0	69	47.88777262499939
n1004	934	0	0	70	47.792687249999396
n1049	942	0	0	38	48.171960374999394
n1050	943	0	0	50	48.166618499999394
n1042	940	0	0	57	48.194396249999386
n1043	941	0	0	62	48.18691762499939
n1026	944	0	0	66	48.17943899999939
n1027	945	0	0	67	48.27345599999938
n1028	946	0	0	68	48.36426787499938
n1029	947	0	0	69	48.454011374999375
n1052	952	0	0	41	48.529865999999366
n1053	954	0	0	47	48.521318999999366
n1044	948	0	0	63	48.55764374999936
n1033	953	0	0	69	48.834352874999354
n1032	951	0	0	70	48.73926749999936
n1031	950	0	0	71	48.63136162499936
n1030	949	0	0	72	48.53413949999936
n1054	958	0	0	40	48.90700237499935
n1055	957	0	0	52	48.91234424999935
n1045	956	0	0	59	48.925164749999354
n1046	959	0	0	64	48.925164749999354
n1034	960	0	0	68	48.92195962499935
n1035	961	0	0	69	49.02131849999936
n1036	962	0	0	70	49.09503637499936
n1037	963	0	0	71	49.214694374999354
n1057	970	0	0	41	49.303369499999356
n1058	971	0	0	47	49.29589087499935
n1047	964	0	0	63	49.31298487499936
n1048	965	0	0	69	49.30230112499935
n1041	972	0	0	69	49.59076237499935
n1040	969	0	0	70	49.50636074999935
n1039	967	0	0	71	49.40379674999936
n1038	966	0	0	72	49.291617374999355
n1081	1063	0	0	40	49.77986474999935
n1082	1062	0	0	52	49.77452287499935
n1073	973	0	0	59	49.76918099999935
n1074	974	0	0	64	49.76277074999935
n1059	975	0	0	68	49.75529212499935
n1075	977	0	0	80	50.366402624999346
n1076	976	0	0	83	50.368539374999344
n1063	981	0	0	86	50.652727124999345
n1061	978	0	0	88	50.351445374999344
n1064	982	0	0	88	50.731786874999344
n1062	980	0	0	89	50.534137499999346
n1077	983	0	0	76	50.86212862499934
n1078	984	0	0	81	50.86426537499934
n1067	987	0	0	83	51.03413699999933
n1065	985	0	0	84	50.85037649999934
n1068	988	0	0	84	51.12067537499934
n1066	986	0	0	86	50.95400887499934
n1079	989	0	0	72	51.24353849999933
n1080	991	0	0	76	51.25635899999933
n1071	994	0	0	79	51.42516224999933
n1069	992	0	0	81	51.23819662499933
n1072	995	0	0	81	51.51811087499934
n1070	993	0	0	83	51.34182899999933
n1099	996	0	0	69	51.62067487499933
n1100	997	0	0	72	51.62815349999933
n1085	1000	0	0	76	51.79161487499933
n1083	998	0	0	77	51.60464924999933
n1086	1001	0	0	77	51.899520749999326
n1084	999	0	0	79	51.712555124999334
n1088	1002	0	0	81	52.012768499999325
n1103	1006	0	0	84	52.228580249999325
n1101	1003	0	0	86	52.03413599999932
n1104	1007	0	0	86	52.30336649999933
n1102	1004	0	0	88	52.106785499999326
n1105	1008	0	0	74	52.42088774999932
n1106	1009	0	0	77	52.437981749999324
n1093	1012	0	0	81	52.59610124999932
n1091	1010	0	0	83	52.39952024999933
n1094	1013	0	0	83	52.679434499999324
n1092	1011	0	0	84	52.50742612499933
n1107	1014	0	0	71	52.78840874999931
n1108	1015	0	0	74	52.80550274999931
n1097	1018	0	0	77	52.962553874999315
n1098	1019	0	0	79	53.036271749999315
n1095	1016	0	0	80	52.772383124999315
n1096	1017	0	0	81	52.865331749999314
n1127	1020	0	0	68	53.16768187499931
n1128	1021	0	0	71	53.17088699999931
n1113	1025	0	0	75	53.3364851249993
n1111	1023	0	0	76	53.14738274999931
n1114	1026	0	0	76	53.419818374999295
n1112	1024	0	0	77	53.25635699999931
n1116	1027	0	0	81	53.53840799999929
n1131	1030	0	0	83	53.7253736249993
n1129	1028	0	0	84	53.53520287499929
n1132	1031	0	0	84	53.8076384999993
n1130	1029	0	0	86	53.63135662499929
n1133	1032	0	0	72	53.9144759999993
n1134	1033	0	0	76	53.919817874999296
n1121	1036	0	0	79	54.09182624999929
n1119	1034	0	0	81	53.908065749999295
n1122	1037	0	0	81	54.19439024999929
n1120	1035	0	0	83	54.0138348749993
n1135	1038	0	0	69	54.29695424999929
n1136	1039	0	0	72	54.30015937499929
n1125	1042	0	0	76	54.48712499999929
n1123	1040	0	0	77	54.28840724999929
n1126	1043	0	0	77	54.55870612499929
n1124	1041	0	0	79	54.39631312499929
n1155	1044	0	0	65	54.66874874999929
n1156	1045	0	0	69	54.69118462499929
n1141	1048	0	0	72	54.86639812499928
n1139	1046	0	0	74	54.67195387499929
n1142	1049	0	0	74	54.94438949999928
n1140	1047	0	0	76	54.77131274999928
n1157	1050	0	0	62	55.05763724999928
n1158	1051	0	0	65	55.06404749999928
n1145	1054	0	0	69	55.27238062499928
n1143	1052	0	0	71	55.053363749999285
n1146	1056	0	0	71	55.35250874999928
n1144	1053	0	0	72	55.17302174999928
n1159	1055	0	0	59	55.46468812499928
n1160	1058	0	0	62	55.47430349999927
n1149	1060	0	0	63	55.71682462499927
n1150	1061	0	0	64	55.809773249999274
n1148	1059	0	0	65	55.60037174999927
n1147	1057	0	0	68	55.47002999999928
n1151	1064	0	0	65	55.92729449999927
n1152	1065	0	0	66	56.03413199999927
n1153	1066	0	0	67	56.19866174999926
n1154	1067	0	0	68	56.31938812499926
n1187	1068	0	0	45	56.47109737499926
n1179	1069	0	0	60	56.48178112499926
n1180	1071	0	0	64	56.489259749999256
n1163	1070	0	0	69	56.46361874999926
n1164	1072	0	0	70	56.588618624999256
n1165	1073	0	0	71	56.702934749999244
n1166	1074	0	0	72	56.762763749999245
n1189	1079	0	0	52	56.88135337499925
n1190	1078	0	0	57	56.88669524999925
n1191	1077	0	0	60	56.873874749999246
n1181	1076	0	0	64	56.87494312499925
n1182	1075	0	0	69	56.85784912499925
n1167	1080	0	0	73	56.87601149999925
n1168	1081	0	0	74	56.967891749999254
n1169	1082	0	0	75	57.06618224999925
n1170	1083	0	0	76	57.16340437499925
n1193	1085	0	0	45	57.273446999999244
n1183	1084	0	0	69	57.26917349999925
n1184	1087	0	0	74	57.25635299999925
n1171	1086	0	0	77	57.25101112499925
n1172	1088	0	0	78	57.36532724999924
n1173	1089	0	0	79	57.46468612499924
n1174	1090	0	0	80	57.53306212499924
n1195	1096	0	0	53	57.65378849999925
n1196	1094	0	0	57	57.65272012499925
n1197	1092	0	0	62	57.64951499999925
n1185	1093	0	0	74	57.65378849999925
n1186	1091	0	0	77	57.60677999999924
n1175	1095	0	0	81	57.63242099999925
n1176	1097	0	0	82	57.69545512499924
n1177	1098	0	0	83	57.77451487499924
n1178	1099	0	0	84	57.846095999999235
n1223	1100	0	0	33	57.94972837499924
n1224	1102	0	0	45	57.95507024999924
n1215	1101	0	0	76	57.976437749999235
n1216	1103	0	0	81	57.959343749999235
n1199	1104	0	0	85	57.96041212499924
n1200	1105	0	0	86	58.04908724999924
n1201	1106	0	0	87	58.17408712499924
n1202	1107	0	0	88	58.24459987499924
n1226	1111	0	0	52	58.35677924999924
n1227	1109	0	0	57	58.35357412499924
n1228	1113	0	0	60	58.34502712499924
n1217	1108	0	0	81	58.368531374999236
n1218	1110	0	0	84	58.36425787499924
n1206	1116	0	0	86	58.63348837499924
n1205	1115	0	0	87	58.57045424999924
n1204	1114	0	0	88	58.44118087499924
n1203	1112	0	0	89	58.34395874999924
n1230	1118	0	0	57	58.73284724999923
n1231	1120	0	0	60	58.73925749999923
n1232	1117	0	0	64	58.73925749999923
n1219	1121	0	0	76	58.80229162499924
n1220	1122	0	0	81	58.80763349999924
n1210	1125	0	0	82	59.03519737499924
n1209	1124	0	0	83	58.95613762499924
n1208	1123	0	0	84	58.84930012499924
n1207	1119	0	0	85	58.76383012499924
n1221	1126	0	0	72	59.17088099999923
n1222	1128	0	0	76	59.15592374999923
n1212	1129	0	0	80	59.25955612499922
n1211	1127	0	0	81	59.151650249999236
n1214	1131	0	0	81	59.426222624999205
n1213	1130	0	0	83	59.355709874999214
n1259	1132	0	0	40	59.5245131249992
n1251	1134	0	0	71	59.5939574999992
n1252	1133	0	0	76	59.5715216249992
n1238	1138	0	0	77	59.81938462499921
n1237	1137	0	0	78	59.75207699999921
n1236	1136	0	0	79	59.655923249999205
n1235	1135	0	0	80	59.5490857499992
n1261	1140	0	0	52	59.92408537499921
n1262	1141	0	0	59	59.93049562499921
n1263	1139	0	0	62	59.91553837499921
n1253	1142	0	0	68	59.932632374999216
n1254	1144	0	0	71	59.93049562499921
n1240	1145	0	0	75	59.99566649999921
n1239	1143	0	0	76	59.92729049999921
n1242	1147	0	0	76	60.19224749999921
n1241	1146	0	0	77	60.08434162499921
n1265	1148	0	0	45	60.31190549999922
n1255	1150	0	0	69	60.353572124999225
n1256	1149	0	0	72	60.32152087499922
n1246	1154	0	0	72	60.59609324999922
n1245	1153	0	0	73	60.50955487499922
n1244	1152	0	0	74	60.41446949999922
n1243	1151	0	0	75	60.31190549999922
n1267	1155	0	0	52	60.694383749999226
n1268	1156	0	0	57	60.699725624999225
n1269	1157	0	0	60	60.696520499999224
n1257	1158	0	0	64	60.71040937499922
n1258	1159	0	0	69	60.69331537499922
n1247	1160	0	0	71	60.69011024999922
n1248	1161	0	0	72	60.77558024999923
n1250	1163	0	0	72	60.94010999999922
n1249	1162	0	0	74	60.84288787499923
n1295	1165	0	0	52	61.052289374999226
n1296	1164	0	0	59	61.062973124999225
n1287	1167	0	0	64	61.11532349999923
n1288	1166	0	0	68	61.11318674999923
n1271	1168	0	0	71	61.037332124999224
n1273	1170	0	0	71	61.25955412499922
n1272	1169	0	0	72	61.16340037499922
n1274	1171	0	0	72	61.35143437499922
n1298	1178	0	0	53	61.477502624999225
n1299	1181	0	0	59	61.48711799999923
n1289	1172	0	0	63	61.49032312499923
n1290	1173	0	0	69	61.47643424999922
n1275	1174	0	0	71	61.49352824999923
n1277	1176	0	0	71	61.66660499999924
n1276	1175	0	0	72	61.57579312499924
n1278	1177	0	0	72	61.745664749999236
n1300	1183	0	0	52	61.85463899999923
n1291	1182	0	0	64	61.89310049999923
n1292	1180	0	0	68	61.88027999999923
n1279	1179	0	0	71	61.85677574999923
n1282	1186	0	0	74	62.16339937499923
n1281	1185	0	0	75	62.05549349999923
n1280	1184	0	0	76	61.95399787499923
n1293	1188	0	0	62	62.29053599999923
n1294	1189	0	0	68	62.29053599999923
n1286	1192	0	0	70	62.55549299999923
n1285	1191	0	0	71	62.46468112499923
n1284	1190	0	0	72	62.36745899999923
n1283	1187	0	0	73	62.263826624999226
n1328	1195	0	0	45	62.64737324999923
n1320	1193	0	0	60	62.649509999999225
n1321	1196	0	0	64	62.67728774999923
n1304	1194	0	0	69	62.652715124999226
n1305	1197	0	0	70	62.75421074999923
n1306	1198	0	0	71	62.83006537499923
n1307	1199	0	0	72	62.90378324999922
n1330	1203	0	0	52	63.06403949999921
n1331	1204	0	0	57	63.07685999999921
n1332	1202	0	0	60	63.056560874999214
n1322	1200	0	0	64	63.03839849999922
n1323	1201	0	0	69	63.01916774999922
n1308	1205	0	0	73	63.03305662499922
n1309	1206	0	0	74	63.13668899999921
n1310	1207	0	0	75	63.24993674999921
n1311	1208	0	0	76	63.31510762499921
n1334	1212	0	0	45	63.4636117499992
n1324	1209	0	0	69	63.425150249999206
n1325	1210	0	0	74	63.418739999999204
n1312	1211	0	0	77	63.401645999999204
n1313	1213	0	0	78	63.51382537499921
n1314	1214	0	0	79	63.6142526249992
n1315	1215	0	0	80	63.6933123749992
n1336	1220	0	0	53	63.81831224999921
n1337	1217	0	0	57	63.82151737499921
n1338	1218	0	0	62	63.82685924999921
n1326	1219	0	0	74	63.82258574999921
n1327	1216	0	0	77	63.788397749999206
n1316	1221	0	0	81	63.80335499999921
n1317	1222	0	0	82	63.90378224999921
n1318	1223	0	0	83	63.98497874999921
n1319	1224	0	0	84	64.06190174999921
n1364	1225	0	0	33	64.1901067499992
n1365	1226	0	0	45	64.20613237499921
n1356	1228	0	0	76	64.22963662499922
n1357	1227	0	0	81	64.1954486249992
n1340	1229	0	0	85	64.20399562499921
n1341	1230	0	0	86	64.29160237499921
n1342	1232	0	0	87	64.39950824999922
n1343	1231	0	0	88	64.46467912499922
n1367	1236	0	0	52	64.60249949999924
n1368	1235	0	0	57	64.59395249999925
n1369	1238	0	0	60	64.57258499999924
n1358	1234	0	0	81	64.60249949999924
n1359	1233	0	0	84	64.57899524999924
n1347	1241	0	0	86	64.8546359999992
n1346	1240	0	0	87	64.77664462499921
n1345	1239	0	0	88	64.67728574999921
n1344	1237	0	0	89	64.58006362499924
n1371	1246	0	0	57	65.01809737499921
n1372	1247	0	0	60	65.01382387499922
n1373	1244	0	0	64	65.00848199999922
n1360	1242	0	0	76	65.00848199999922
n1361	1243	0	0	81	65.01275549999922
n1351	1250	0	0	82	65.30869537499923
n1350	1249	0	0	83	65.22643049999922
n1349	1248	0	0	84	65.11425112499923
n1348	1245	0	0	85	64.98070424999922
n1362	1252	0	0	72	65.43690037499923
n1363	1253	0	0	76	65.43796874999923
n1353	1254	0	0	80	65.50848149999923
n1352	1251	0	0	81	65.38348162499923
n1355	1256	0	0	81	65.66019074999923
n1354	1255	0	0	83	65.58647287499923
n1399	1257	0	0	38	65.78412224999921
n1400	deletion
n1392	1258	0	0	74	65.78946412499921
n1393	deletion
n1376	1259	0	0	82	65.78091712499922
n1377	1260	0	0	83	65.85997687499922
n1378	1261	0	0	84	65.95613062499922
n1379	1262	0	0	85	66.05014762499923
n1402	1268	0	0	50	66.19010474999922
n1403	1266	0	0	53	66.17728424999922
n1404	1264	0	0	58	66.17194237499922
n1405	1263	0	0	62	66.15912187499922
n1394	1265	0	0	77	66.19117312499922
n1395	1269	0	0	82	66.17728424999922
n1380	1267	0	0	86	66.15271162499921
n1381	1270	0	0	87	66.25313887499922
n1382	1271	0	0	88	66.35249774999923
n1383	1272	0	0	89	66.40591649999921
n1407	1274	0	0	40	66.5341214999992
n1408	deletion
n1396	1273	0	0	80	66.5373266249992
n1397	1275	0	0	86	66.5245061249992
n1384	1276	0	0	88	66.5234377499992
n1385	1278	0	0	89	66.63348037499921
n1386	1279	0	0	90	66.72108712499922
n1387	1280	0	0	91	66.79053149999922
n1410	1283	0	0	52	66.90805274999921
n1411	1282	0	0	59	66.90912112499922
n1412	1281	0	0	62	66.89095874999921
n1398	1284	0	0	86	66.91018949999922
n1388	1285	0	0	92	66.90484762499922
n1389	1286	0	0	93	66.99672787499921
n1390	1287	0	0	94	67.0854029999992
n1391	1288	0	0	95	67.19010374999921
n1438	1289	0	0	41	67.29266774999921
n1439	deletion
n1430	1290	0	0	84	67.31617199999921
n1431	1291	0	0	89	67.32258224999921
n1417	1296	0	0	90	67.57365037499923
n1416	1295	0	0	91	67.47642824999923
n1415	1294	0	0	92	67.38347962499923
n1414	1293	0	0	93	67.30548824999921
n1441	1301	0	0	57	67.69437674999922
n1442	1300	0	0	60	67.68582974999923
n1443	1299	0	0	65	67.67407762499924
n1432	1297	0	0	81	67.67728274999924
n1433	1298	0	0	84	67.65484687499924
n1421	1306	0	0	86	67.93903462499921
n1420	1305	0	0	87	67.85142787499922
n1419	1304	0	0	88	67.76382112499923
n1418	1302	0	0	89	67.65377849999923
n1445	1307	0	0	36	68.04053024999921
n1446	deletion
n1434	1308	0	0	76	68.0736498749992
n1437	deletion
n1435	1309	0	0	81	68.0618977499992
n1425	1313	0	0	82	68.3225812499992
n1424	1312	0	0	83	68.2584787499992
n1423	1311	0	0	84	68.1623249999992
n1422	1310	0	0	85	68.0458721249992
n1448	1317	0	0	52	68.44651274999921
n1449	1315	0	0	57	68.42407687499922
n1450	1314	0	0	64	68.43048712499922
n1436	1316	0	0	72	68.45078624999921
n1429	1321	0	0	78	68.71253812499923
n1428	1320	0	0	79	68.64950399999921
n1427	1319	0	0	80	68.54052974999921
n1426	1318	0	0	81	68.42514524999922
n1476	1322	0	0	38	68.78946112499922
n1477	deletion
n1468	1324	0	0	70	68.84181149999924
n1469	1323	0	0	74	68.82685424999923
n1455	1328	0	0	74	69.07471724999924
n1454	1327	0	0	75	68.98711049999923
n1453	1326	0	0	76	68.90484562499924
n1452	1325	0	0	77	68.81296537499922
n1479	1333	0	0	50	69.22535812499925
n1480	1334	0	0	53	69.22749487499925
n1481	1331	0	0	58	69.23390512499925
n1482	1335	0	0	62	69.21253762499924
n1470	1332	0	0	65	69.21253762499924
n1471	1329	0	0	70	69.21146924999924
n1456	1330	0	0	73	69.19651199999925
n1457	1336	0	0	74	69.30548624999928
n1459	1338	0	0	74	69.4892467499993
n1458	1337	0	0	77	69.39095624999929
n1483	1342	0	0	52	69.56723812499929
n1484	1340	0	0	57	69.57257999999929
n1485	1341	0	0	60	69.5757851249993
n1472	1339	0	0	64	69.57044324999929
n1473	1343	0	0	69	69.5971526249993
n1460	1344	0	0	71	69.57257999999929
n1461	1345	0	0	72	69.6665969999993
n1463	1347	0	0	72	69.84501562499929
n1462	1346	0	0	76	69.7509986249993
n1486	1352	0	0	52	69.94544287499929
n1487	1349	0	0	59	69.9593317499993
n1474	1350	0	0	62	69.9614684999993
n1475	1351	0	0	68	69.9614684999993
n1464	1353	0	0	70	69.94651124999929
n1465	1354	0	0	71	69.9913829999993
n1467	1356	0	0	71	70.17834862499929
n1466	1355	0	0	76	70.1142461249993
n1511	1359	0	0	45	70.29373312499929
n1512	deletion
n1504	1357	0	0	60	70.27450237499929
n1488	1360	0	0	69	70.2958698749993
n1489	1361	0	0	70	70.38240824999929
n1490	1362	0	0	71	70.46360474999928
n1491	1363	0	0	72	70.55121149999928
n1514	1378	0	0	41	70.65591224999929
n1515	1373	0	0	53	70.65057037499929
n1505	1364	0	0	62	70.68155324999928
n1506	1365	0	0	69	70.66018574999929
n1492	1366	0	0	73	70.68582674999928
n1493	1367	0	0	74	70.76595487499928
n1494	1368	0	0	75	70.85035649999928
n1495	1369	0	0	76	70.93262137499929
n1507	1371	0	0	69	71.04373237499927
n1508	1370	0	0	74	71.03839049999927
n1496	1372	0	0	77	71.01168112499927
n1497	1374	0	0	78	71.13561262499925
n1498	1375	0	0	79	71.22321937499926
n1499	1376	0	0	80	71.30975774999926
n1516	1379	0	0	40	71.39309099999926
n1517	1377	0	0	52	71.38454399999927
n1509	1381	0	0	74	71.42193712499925
n1510	1382	0	0	76	71.41339012499925
n1500	1380	0	0	81	71.40804824999925
n1501	1383	0	0	82	71.49138149999922
n1502	1384	0	0	83	71.58112499999922
n1503	1385	0	0	84	71.64415912499922
n1542	1390	0	0	33	71.78304787499923
n1543	1388	0	0	45	71.78411624999923
n1534	1391	0	0	72	71.77663762499922
n1535	1386	0	0	76	71.77343249999923
n1518	1389	0	0	81	71.76809062499923
n1519	1392	0	0	82	71.84608199999924
n1520	1393	0	0	83	71.95398787499927
n1521	1394	0	0	84	72.03625274999926
n1545	1399	0	0	29	72.21787649999926
n1546	1407	0	0	41	72.17834662499926
n1536	1395	0	0	74	72.18048337499927
n1537	1396	0	0	81	72.16873124999927
n1522	1397	0	0	85	72.17193637499926
n1523	1398	0	0	86	72.26702174999926
n1524	1400	0	0	87	72.36103874999927
n1525	1401	0	0	88	72.45398737499926
n1538	1403	0	0	81	72.54373087499926
n1539	1402	0	0	86	72.53838899999926
n1526	1405	0	0	89	72.53197874999925
n1527	1406	0	0	90	72.63881624999925
n1528	1408	0	0	91	72.73069649999924
n1529	1409	0	0	92	72.82791862499923
n1547	1412	0	0	28	72.91445699999922
n1548	1413	0	0	40	72.91552537499922
n1540	1411	0	0	86	72.93155099999922
n1541	1410	0	0	88	72.9700124999992
n1530	1414	0	0	93	72.92193562499922
n1531	1418	0	0	94	73.03197824999921
n1532	1419	0	0	95	73.15911487499922
n1533	1420	0	0	96	73.22108062499922
n1573	1471	0	0	33	73.36744799999921
n1574	1472	0	0	45	73.37278987499921
n1565	1422	0	0	84	73.38561037499922
n1566	1421	0	0	88	73.37172149999921
n1552	1426	0	0	90	73.67193487499922
n1551	1425	0	0	91	73.56509737499923
n1550	1424	0	0	92	73.49137949999923
n1549	1423	0	0	93	73.36210612499922
n1567	1427	0	0	81	73.78518262499922
n1568	1428	0	0	86	73.75206299999923
n1556	1432	0	0	86	74.03838749999922
n1555	1431	0	0	87	73.96146449999922
n1554	1430	0	0	88	73.85035349999922
n1553	1429	0	0	89	73.76808862499922
n1569	1433	0	0	77	74.15377199999921
n1570	1434	0	0	81	74.14843012499921
n1560	1438	0	0	82	74.43689137499918
n1559	1437	0	0	83	74.36531024999918
n1558	1436	0	0	84	74.25633599999921
n1557	1435	0	0	85	74.16125062499921
n1571	1439	0	0	74	74.54266049999917
n1572	1441	0	0	77	74.52129299999918
n1564	1444	0	0	78	74.8065491249992
n1563	1443	0	0	79	74.71253212499919
n1562	1442	0	0	80	74.63560912499919
n1561	1440	0	0	81	74.52663487499917
n1591	1445	0	0	69	74.9379592499992
n1592	1446	0	0	74	74.8920191249992
n1578	1450	0	0	74	75.20398462499918
n1577	1449	0	0	75	75.12706162499919
n1576	1448	0	0	76	75.01167712499918
n1575	1447	0	0	77	74.9091131249992
n1593	1451	0	0	65	75.33112124999919
n1594	1452	0	0	69	75.33112124999919
n1582	1456	0	0	70	75.61210387499919
n1581	1455	0	0	71	75.5287706249992
n1580	1454	0	0	72	75.42406987499919
n1579	1453	0	0	73	75.32471099999918
n1595	1457	0	0	62	75.7413772499992
n1596	1459	0	0	65	75.7456507499992
n1586	1462	0	0	66	76.08112049999922
n1585	1461	0	0	67	75.9294112499992
n1584	1460	0	0	68	75.8247104999992
n1583	1458	0	0	69	75.7114627499992
n1597	1463	0	0	57	76.26701774999923
n1598	1464	0	0	62	76.21359899999922
n1590	1468	0	0	62	76.77449587499923
n1589	1467	0	0	63	76.55120549999923
n1588	1466	0	0	64	76.38347062499923
n1587	1465	0	0	65	76.21466737499922
n1602	1469	0	0	52	77.24458087499923
n1603	1470	0	0	57	77.22214499999923
n1601	1473	0	0	61	77.21573474999923
insertion	165	0	0	83	10.120716374999995
insertion	234	0	0	76	13.407037874999936
insertion	419	0	0	91	22.487156999999765
insertion	472	0	0	92	24.940145999999704
insertion	473	0	0	96	24.979675874999703
insertion	475	0	0	90	25.069419374999704
insertion	476	0	0	95	25.100402249999703
insertion	534	0	0	64	27.737151749999647
insertion	530	0	0	54	27.350399999999656
insertion	535	0	0	59	27.737151749999647
insertion	544	0	0	59	28.142065874999638
insertion	589	0	0	43	30.631379624999585
insertion	658	0	0	42	34.32902549999954
insertion	674	0	0	76	35.04163162499952
insertion	758	0	0	49	39.32154187499949
insertion	776	0	0	73	40.21256662499948
insertion	847	0	0	88	43.586494874999445
insertion	874	0	0	80	45.0010233749994
insertion	880	0	0	52	45.127091624999395
insertion	885	0	0	78	45.45935624999941
insertion	903	0	0	66	46.35999637499939
insertion	955	0	0	63	48.96362624999936
insertion	968	0	0	68	49.60465124999935
insertion	979	0	0	87	50.40379574999935
insertion	990	0	0	77	51.27452137499933
insertion	1005	0	0	83	52.262768249999326
insertion	1022	0	0	72	53.209348499999315
insertion	1277	0	0	91	66.63454874999921
insertion	1292	0	0	90	67.32365062499922
insertion	1303	0	0	58	67.75741087499922
insertion	1348	0	0	64	69.9486479999993
insertion	1358	0	0	64	70.3001433749993
insertion	1387	0	0	43	71.79586837499923
insertion	1404	0	0	31	72.19009874999927
insertion	1415	0	0	86	73.02449962499921
insertion	1416	0	0	92	73.11210637499921
insertion	1417	0	0	93	73.17727724999922
