xml_id	midi_id	track	channel	pitch	onset
n20	16	0	0	43	2.1036344770833337
n17	4	0	0	57	4.87714138541667
n16	3	0	0	58	4.730773725000003
n18	5	0	0	60	5.634620737500003
n3	1	0	0	62	3.0694473604166683
n5	6	0	0	63	3.9722259958333352
n4	2	0	0	65	3.8258583354166684
n2	0	0	0	67	2.9444472416666683
n19	17	0	0	54	5.797014054166669
n9	11	0	0	60	7.42094722083334
n8	10	0	0	62	6.684835410416671
n7	7	0	0	63	6.458339468750004
n13	19	0	0	57	9.284196854166671
n12	18	0	0	58	8.551290175000005
insertion	14	0	0	58	8.410264400000006
n11	13	0	0	60	8.29594805208334
n10	12	0	0	69	7.58440891458334
n41	39	0	0	55	9.45727394166667
n34	21	0	0	58	9.429496137500005
n35	22	0	0	60	10.506420237500004
n23	23	0	0	69	10.433770595833337
n24	24	0	0	72	11.219027752083337
n22	20	0	0	74	10.289539689583338
n36	26	0	0	62	11.425224529166671
n38	27	0	0	64	12.298088606250001
n37	25	0	0	65	12.16240471666667
n39	28	0	0	67	13.049157695833332
n25	29	0	0	70	11.362190281250005
n40	40	0	0	61	13.207277504166665
n29	34	0	0	67	14.846167949999993
n28	33	0	0	69	14.100440745833328
n27	30	0	0	70	13.887833706249996
n33	42	0	0	64	16.805571520833332
n32	41	0	0	66	16.032066512499995
insertion	37	0	0	66	15.895314245833326
n31	36	0	0	67	15.743604699999992
n30	35	0	0	76	15.02779205416666
n65	58	0	0	50	16.989332379166665
n61	46	0	0	60	18.720103254166684
n60	45	0	0	62	16.976511854166667
n42	43	0	0	66	16.962622952083333
n43	38	0	0	67	15.972237395833329
n47	44	0	0	67	17.79168356875001
n54	51	0	0	67	19.793822222916695
n44	47	0	0	69	17.951940131250012
n62	50	0	0	58	18.888906833333355
n46	48	0	0	62	19.641044300000026
n48	49	0	0	70	20.5886947729167
n63	56	0	0	57	20.814122337500038
n58	54	0	0	64	22.47651707916672
n57	53	0	0	66	21.694465054166713
n56	52	0	0	67	21.54702901666671
n49	55	0	0	72	20.750019712500034
n67	61	0	0	51	24.378228287500065
n64	65	0	0	62	23.604723279166727
n59	59	0	0	66	22.63570526458339
n52	60	0	0	69	23.560919818750058
n53	62	0	0	72	24.355792368750066
n51	57	0	0	74	23.409210272916727
n95	deletion
n89	67	0	0	59	26.1998112145834
n80	68	0	0	67	24.52566432500006
n68	63	0	0	71	24.510707045833396
n69	64	0	0	72	25.271391529166728
n70	70	0	0	74	25.432716468750062
n96	71	0	0	51	26.373956679166735
n90	72	0	0	55	26.3472472520834
n91	73	0	0	63	27.287419085416733
n72	69	0	0	67	27.0876325708334
n73	75	0	0	72	27.2382737395834
n82	deletion
n74	74	0	0	75	28.018189010416744
n97	81	0	0	50	28.23934306666674
n93	78	0	0	53	29.175241391666745
n92	77	0	0	56	28.221180656250077
n86	80	0	0	69	29.924173727083424
n85	79	0	0	71	29.136779816666746
n84	76	0	0	72	28.987207025000078
n75	82	0	0	77	28.185924212500076
n99	86	0	0	43	31.067337206250098
n94	93	0	0	55	30.12716537291676
n98	deletion
n87	87	0	0	71	30.07908840416676
n78	84	0	0	74	31.0352858937501
n79	85	0	0	77	31.835500329166774
n77	83	0	0	79	30.8814395937501
n122	103	0	0	48	32.074816795833435
n105	89	0	0	67	32.95088600416676
n106	91	0	0	70	33.712638864583425
n104	88	0	0	72	32.784219179166755
n100	90	0	0	75	32.0128509250001
n119	94	0	0	62	34.79597322708342
n118	92	0	0	63	34.64319530416676
n120	95	0	0	65	35.57695687500007
n107	96	0	0	68	33.87716893541676
n121	104	0	0	59	35.7414869458334
n111	101	0	0	65	37.380377391666734
n110	100	0	0	67	36.60473562916673
n109	97	0	0	68	36.39212858958339
n115	106	0	0	62	39.27888346875007
n114	105	0	0	63	38.52033573958341
n113	102	0	0	65	38.3696945708334
n103	107	0	0	74	37.55345447916674
n112	deletion
n146	114	0	0	60	39.4594391958334
n140	108	0	0	63	39.43593490000006
n141	110	0	0	65	40.49897009791673
n133	111	0	0	71	40.43486747291673
n124	112	0	0	74	40.40708966875006
n125	113	0	0	77	41.20730410416673
n123	109	0	0	79	40.25644850000006
n149	118	0	0	57	42.29918548333338
n148	117	0	0	58	42.14747593750005
n150	120	0	0	60	43.07055373750004
n143	119	0	0	66	42.30559574583338
n142	116	0	0	67	41.45516758750006
n144	121	0	0	67	43.064143475000044
n134	115	0	0	72	41.394270093750066
n126	122	0	0	75	41.36756066666673
n151	131	0	0	54	43.2553829729167
n152	132	0	0	57	44.13893082083336
n145	126	0	0	69	43.2297419229167
n130	128	0	0	72	44.9220512229167
n129	127	0	0	74	44.126110295833364
n128	123	0	0	75	43.92632378125003
n153	135	0	0	62	46.07696685000003
n139	133	0	0	69	46.83017269375003
n138	130	0	0	70	46.036368520833356
n137	129	0	0	72	45.878248712500024
n131	134	0	0	81	45.09726506458337
n172	146	0	0	55	47.05880538958336
n165	139	0	0	67	48.04812256875002
n162	140	0	0	70	47.011796797916695
n156	137	0	0	74	47.99577209166668
n157	138	0	0	77	48.79278139583335
n155	136	0	0	79	47.819489872916684
n168	144	0	0	62	49.90282518541668
n169	145	0	0	65	50.64000537291668
n167	141	0	0	67	49.72974809791668
n158	142	0	0	75	48.974405500000024
n159	143	0	0	79	49.89855167708335
n175	148	0	0	52	51.76286968750002
n176	151	0	0	55	52.538511450000016
n174	147	0	0	57	51.61009176458336
n170	149	0	0	64	50.81201408333336
n163	157	0	0	69	50.81735596875003
n160	150	0	0	73	50.80346706666669
n179	154	0	0	45	53.64000822291667
n180	155	0	0	48	54.486162872916665
n178	153	0	0	50	53.49257218541667
n177	152	0	0	53	52.71586204583335
n171	156	0	0	65	52.70197314375002
n161	172	0	0	74	52.68808424166669
n211	160	0	0	46	54.64321430416667
n192	165	0	0	62	56.33552360416665
n190	158	0	0	64	55.44663387083332
n191	159	0	0	65	55.591933154166654
n181	deletion
n212	167	0	0	47	56.51928446249998
n204	164	0	0	49	57.354755341666646
n205	168	0	0	50	57.50219137916663
n206	169	0	0	52	58.24364507499997
n193	162	0	0	68	56.575908447916646
n194	170	0	0	68	58.241508320833304
n213	187	0	0	45	58.43061106458331
n207	176	0	0	53	58.40603839166664
n208	177	0	0	55	59.413517981249974
n195	174	0	0	69	58.40283326041664
n196	180	0	0	70	59.36864614374997
n183	175	0	0	74	59.198774187499964
n184	178	0	0	76	59.351552110416634
n185	179	0	0	79	60.14215115208331
n210	188	0	0	49	61.32698133749997
n209	184	0	0	57	60.34514279791664
n199	185	0	0	64	61.27783599166665
n200	186	0	0	67	62.054546131249985
n198	182	0	0	69	61.10796403541665
n186	181	0	0	73	60.3056128458333
n187	183	0	0	74	61.073775968749985
n188	189	0	0	76	61.24685305624998
n233	215	0	0	50	62.27997369583332
n243	deletion
n234	194	0	0	53	63.282111399999984
n227	193	0	0	65	62.23082834999999
n216	191	0	0	69	63.23189767708332
n217	192	0	0	72	64.09194122916666
n215	190	0	0	74	63.06309409791665
n238	200	0	0	53	66.04920804583341
n237	198	0	0	55	65.28959193958337
n236	196	0	0	57	65.14108752500003
n230	197	0	0	64	65.26501926666671
n229	195	0	0	65	65.10796783541669
n231	199	0	0	67	66.03104563541673
n218	201	0	0	70	64.2564713
n239	205	0	0	52	66.23937916666675
n240	208	0	0	53	67.15711508125004
n232	209	0	0	61	66.20412272291675
n222	207	0	0	67	67.91993631875005
n221	206	0	0	69	67.10796973541672
n220	202	0	0	70	66.87399515416674
insertion	204	0	0	70	67.03745684791673
n241	211	0	0	55	68.15284252291671
n242	216	0	0	58	69.12613404583344
n226	218	0	0	64	69.9445108916668
n225	217	0	0	66	69.11331352083344
n224	212	0	0	67	68.82271495416674
n223	210	0	0	76	68.10156042291672
n271	222	0	0	48	70.1881008666668
n265	223	0	0	54	71.91994011875019
n264	221	0	0	57	70.18062222708346
n257	224	0	0	62	70.14002389791679
n245	219	0	0	66	70.11331447083346
n246	214	0	0	67	69.03532199375009
n250	220	0	0	67	70.93916995625015
n258	231	0	0	67	73.02677877708358
n247	225	0	0	69	71.10370002708349
n272	227	0	0	46	72.10370097708353
n266	228	0	0	50	72.07912830416687
n267	229	0	0	58	73.05669333541691
n249	226	0	0	62	72.8355392791669
n251	230	0	0	70	73.83019834375025
n273	237	0	0	45	74.08019858125026
n269	235	0	0	48	75.04601146458361
n268	233	0	0	51	74.09622423750027
n262	236	0	0	64	75.80669594791696
n261	234	0	0	66	75.00648151250029
n260	232	0	0	67	74.82485740833363
n252	238	0	0	72	74.02036946458358
n275	242	0	0	38	77.02891933125031
n270	244	0	0	50	76.04067052916696
n274	deletion
n263	243	0	0	66	75.99366193750029
n255	240	0	0	69	76.97977398541697
n256	241	0	0	72	77.793877322917
n254	239	0	0	74	76.78960286458364
n305	250	0	0	43	78.03426216666699
n306	247	0	0	46	79.0203742145837
n307	249	0	0	50	79.79601597708374
n284	246	0	0	62	78.98298101666703
n285	248	0	0	65	79.76396466458374
n283	245	0	0	67	78.79067314166703
n276	251	0	0	70	77.986185197917
n296	257	0	0	55	79.9968708687504
n287	254	0	0	58	80.9915299333338
n286	253	0	0	63	79.94772552291708
n278	252	0	0	70	80.73511943333378
n279	255	0	0	75	80.91781191458378
n280	256	0	0	79	81.66247074166714
n299	262	0	0	48	82.82272825416715
n300	264	0	0	51	83.60264352500052
n298	260	0	0	53	82.65926656041715
n288	258	0	0	60	81.91888124166714
n291	263	0	0	60	83.57379734375051
n289	259	0	0	62	82.63469388750049
n290	261	0	0	63	82.79601882708381
n281	273	0	0	68	81.83554782916714
n303	270	0	0	41	84.83875581041723
n304	271	0	0	44	85.65285914791724
n302	268	0	0	46	84.68597788750056
n301	267	0	0	50	83.77785736666718
n292	265	0	0	65	83.72657526666718
n293	272	0	0	65	85.64110700000057
insertion	269	0	0	65	83.88255832083384
n333	283	0	0	43	85.82700461250057
n328	275	0	0	46	86.79815938125057
n319	278	0	0	58	85.80884220208391
n309	274	0	0	62	86.60478312916725
n310	276	0	0	65	86.76076618333391
n311	277	0	0	68	87.56204899583392
n329	280	0	0	51	87.75435687083393
n330	282	0	0	55	88.73085352500061
n321	279	0	0	58	88.51717810833395
n322	285	0	0	63	88.67743467083396
n312	281	0	0	67	87.72123718125059
n313	284	0	0	67	89.55670901041732
n334	290	0	0	45	89.75863227916733
n331	289	0	0	48	89.77465793541732
n326	288	0	0	60	91.62508704375067
n325	287	0	0	62	90.78427427916735
n324	286	0	0	63	90.62188096250068
n314	291	0	0	65	89.728717720834
n335	295	0	0	47	91.840899214584
n332	298	0	0	55	91.828078689584
n327	293	0	0	62	91.80350601666734
n318	296	0	0	62	93.68491806041736
n316	292	0	0	65	92.66782307708402
n317	294	0	0	67	92.84196854166737
n366	302	0	0	48	93.89859347708403
n349	299	0	0	55	95.65180027083412
n347	297	0	0	59	94.68385063333405
n348	300	0	0	60	94.86654311458408
n336	301	0	0	63	93.86761054166736
n357	313	0	0	48	96.81953642291745
n368	deletion
n355	303	0	0	51	95.82274060416746
n358	308	0	0	51	97.63898164583415
n356	305	0	0	55	96.65286959791744
n339	306	0	0	69	96.77680133958411
n340	307	0	0	72	97.59410980833415
n338	304	0	0	75	96.61013451458412
n370	316	0	0	48	99.53641934583423
n359	312	0	0	50	97.82808438958419
n360	311	0	0	54	98.57274321666755
n361	317	0	0	57	98.79282889583422
n342	310	0	0	62	98.54817054375089
n341	309	0	0	66	97.75650312500085
n343	314	0	0	66	98.71270061458422
n344	315	0	0	69	99.49902614791758
n371	324	0	0	46	99.72979559791756
n363	318	0	0	54	100.5663348541676
n364	320	0	0	55	100.76505299166759
n365	322	0	0	57	101.4765921291676
n353	323	0	0	66	101.48407076875094
n351	319	0	0	69	100.51932626250093
n352	321	0	0	70	100.68599308750092
n345	328	0	0	74	99.68599213750089
n399	325	0	0	46	102.41035370000094
n400	326	0	0	48	102.59090942708428
n401	327	0	0	50	103.37830333750097
n388	329	0	0	58	101.71804535000095
n382	334	0	0	67	101.67103675833428
n402	344	0	0	51	103.5428334083343
n391	332	0	0	57	104.56099676875098
n390	330	0	0	58	104.37082564791766
n392	335	0	0	58	105.31633936666768
n375	333	0	0	72	104.51612493125099
n376	336	0	0	75	105.29604020208434
n374	331	0	0	79	104.34732135208432
n395	342	0	0	53	106.44668232083434
n394	340	0	0	57	106.26505821666767
n396	345	0	0	57	107.21911895208439
n393	338	0	0	60	105.48727970000101
n383	337	0	0	65	105.47232242083435
n378	341	0	0	65	106.25116931458433
n377	339	0	0	69	105.46057027291768
n379	343	0	0	69	106.41676776250101
n380	346	0	0	72	107.1721103604177
n404	347	0	0	50	108.10587193125107
n405	349	0	0	51	108.25330796875109
n406	351	0	0	53	109.02467622291776
n397	361	0	0	62	107.42852086041773
n385	348	0	0	65	108.08770952083441
n386	350	0	0	67	108.24582932916775
n387	352	0	0	69	109.02040271458443
n381	353	0	0	77	107.35800797291773
n434	365	0	0	55	109.19561655625111
n418	357	0	0	70	109.18813791666777
n410	356	0	0	74	110.83878051041779
n409	355	0	0	79	110.11442084791778
n408	354	0	0	82	109.95202753125112
n428	366	0	0	58	112.94027823333454
n427	364	0	0	60	112.15074756875117
n426	362	0	0	61	112.00224315416781
n411	359	0	0	76	111.10480640416779
n412	367	0	0	76	112.91784231458453
n435	381	0	0	53	113.14968014166786
n429	372	0	0	60	113.13579123958453
n422	371	0	0	67	114.86763049166791
n421	370	0	0	68	114.10694600833455
n420	369	0	0	70	113.9477578229179
n413	373	0	0	77	113.09732966458454
n431	374	0	0	60	115.75224671666794
n433	380	0	0	63	116.74156389583464
n432	376	0	0	65	115.93814432916795
n423	377	0	0	68	115.02147679166792
n416	378	0	0	74	115.91250327916795
n415	375	0	0	75	115.73622106041795
n417	379	0	0	77	116.72981174791798
n458	383	0	0	50	117.87404360416797
n459	385	0	0	53	118.65609562916796
n457	382	0	0	55	117.70737677916797
n450	384	0	0	62	116.9328033937513
n443	387	0	0	67	116.93707690208463
n436	386	0	0	71	116.9231880000013
n462	390	0	0	43	119.78964371458464
n463	391	0	0	46	120.65502915208465
n461	389	0	0	48	119.64007092291797
n460	388	0	0	51	118.8046000437513
n451	392	0	0	63	118.81207868333462
n437	393	0	0	72	118.80566842083462
n464	401	0	0	45	120.81849084583465
n453	396	0	0	55	121.79178236875131
n441	397	0	0	70	122.57703952500134
n439	394	0	0	74	121.60054287083463
n440	395	0	0	75	121.75759430208464
n454	398	0	0	54	122.78003117083466
n455	404	0	0	57	123.71913462708469
n448	400	0	0	66	123.69883546250135
n447	399	0	0	67	123.54819429375135
n449	402	0	0	69	124.53110121041804
n442	403	0	0	72	122.74156959583466
n492	413	0	0	46	124.70204154375138
n484	408	0	0	54	126.43708592708472
n483	406	0	0	55	125.67426468958472
n482	deletion
n476	410	0	0	62	124.69563128125138
n468	409	0	0	69	126.42106027083473
n466	405	0	0	72	125.48302519166805
n465	deletion
n467	407	0	0	74	125.64221337708472
n485	417	0	0	55	126.59520573541805
n480	415	0	0	62	128.3665749395848
n478	412	0	0	66	127.38794153125141
n479	414	0	0	67	127.55674511041808
n469	416	0	0	70	126.58559034166805
n493	428	0	0	48	128.55033579791814
n487	421	0	0	60	129.49584951666802
n481	422	0	0	63	128.53751527291814
n472	420	0	0	67	129.4883708770847
n473	419	0	0	70	130.30995285416796
n471	418	0	0	75	129.33559295416802
n490	425	0	0	55	131.40183423333457
n491	427	0	0	58	132.13794604375119
n489	423	0	0	60	131.25012468750123
n474	424	0	0	68	130.46700428541791
n475	426	0	0	72	131.39435559375124
n514	430	0	0	45	133.22128040625114
n515	432	0	0	48	133.96487085625117
n513	429	0	0	50	133.06209222083447
n507	431	0	0	57	132.30674962291783
n504	437	0	0	62	132.30781800000116
n494	433	0	0	66	132.3056812458345
n518	436	0	0	38	135.09094030208448
n519	438	0	0	41	135.98089841250112
n517	435	0	0	43	134.9317521166678
n516	434	0	0	46	134.11230689375117
n508	439	0	0	58	134.11444364791782
n495	440	0	0	67	134.11123851666784
n520	442	0	0	39	136.13581308958447
n522	444	0	0	50	137.87619935833445
n521	443	0	0	51	137.06316439791777
n497	441	0	0	66	136.8975659500011
n498	445	0	0	67	137.05354900416776
n499	446	0	0	70	137.87299422708443
n523	447	0	0	51	138.03431916666779
n524	452	0	0	52	138.9830380166677
n509	448	0	0	54	138.8014139125011
n510	451	0	0	55	138.96701236041773
n511	454	0	0	57	139.75547464791765
n506	450	0	0	61	138.0279089041678
n503	455	0	0	67	139.75867977916766
n502	453	0	0	69	138.96808073750105
n501	449	0	0	70	138.80355066666775
n551	474	0	0	50	139.93816712916768
n545	460	0	0	58	139.94671414583433
n534	457	0	0	61	140.72983454791765
n533	456	0	0	62	139.92855173541767
n535	461	0	0	62	140.90077488125098
n525	458	0	0	66	139.92427822708433
n526	459	0	0	66	141.6945790541676
n549	465	0	0	55	143.61445267291748
n548	464	0	0	57	142.81530661458422
n547	462	0	0	58	142.66573382291756
n537	463	0	0	61	142.6283406250009
n538	467	0	0	62	142.7864604333342
n527	466	0	0	67	141.88902368333427
n550	475	0	0	57	143.77470923541748
n540	470	0	0	60	144.78218882500084
n530	469	0	0	69	144.7586845291675
n529	468	0	0	70	144.58881257291748
n531	471	0	0	72	145.61445457291745
n544	478	0	0	60	147.6272769979173
n543	476	0	0	62	146.79073774166739
n542	473	0	0	63	146.62834442500076
n532	477	0	0	66	145.7843265291675
n580	496	0	0	43	147.828131889584
n571	484	0	0	55	147.83026864375066
n561	479	0	0	57	148.80249178958388
n562	482	0	0	59	148.97450050000054
n553	481	0	0	65	149.8206551500005
n552	480	0	0	67	147.812106233334
n573	486	0	0	54	151.92322125000032
n564	483	0	0	59	150.83133987083377
n565	488	0	0	60	151.00655371250042
n554	485	0	0	63	150.00014250000052
n555	487	0	0	63	151.85057160833367
n576	494	0	0	51	153.95313770833354
n575	493	0	0	53	153.8174538187502
n574	492	0	0	55	152.082409435417
n568	490	0	0	59	153.01189749791698
n567	489	0	0	60	152.8366836562503
n556	491	0	0	62	152.02792220416697
n557	495	0	0	67	153.78540250625022
n578	520	0	0	43	154.96061729791685
n577	498	0	0	50	154.17429176458356
n579	502	0	0	55	155.1422414020835
n570	501	0	0	71	155.10164307291683
n569	497	0	0	72	154.92856598541687
n559	500	0	0	74	155.9061310166668
n558	499	0	0	77	154.1144626479169
n603	506	0	0	51	157.10805523541669
n602	504	0	0	53	156.92963626250003
n604	508	0	0	55	157.96596203333334
n589	503	0	0	67	156.90720034375002
n590	509	0	0	72	157.07707230000003
n582	507	0	0	74	157.89651752291667
n581	505	0	0	75	156.08561836666678
n605	511	0	0	48	158.1433126291667
n607	513	0	0	50	159.03647587083339
n606	512	0	0	51	158.9478005729167
n608	516	0	0	51	159.17002300625003
n584	517	0	0	72	158.93925355625
n593	deletion
n592	deletion
n583	510	0	0	75	158.0824151354167
n586	515	0	0	78	160.09203242916664
n585	514	0	0	79	159.1689546291667
n609	523	0	0	50	160.3505796833333
n597	519	0	0	69	162.56425699999986
n595	518	0	0	72	161.2170334979166
n596	522	0	0	74	161.39652084791658
n599	deletion
n587	521	0	0	79	160.29075056666665
n598	524	0	0	71	162.7971632041665
insertion	8	0	0	62	6.537399372916671
insertion	9	0	0	63	6.607912260416671
insertion	15	0	0	60	8.48184566458334
insertion	31	0	0	69	13.960483347916663
insertion	32	0	0	70	14.03313298958333
insertion	66	0	0	53	24.533142964583394
insertion	98	0	0	67	36.47118849375006
insertion	99	0	0	68	36.533154364583396
insertion	124	0	0	74	44.005383685416696
insertion	125	0	0	75	44.057734162500026
insertion	166	0	0	68	56.71479746874997
insertion	161	0	0	69	56.50539556041665
insertion	163	0	0	69	56.640011072916636
insertion	171	0	0	52	58.448773474999975
insertion	173	0	0	43	58.44449996666664
insertion	203	0	0	69	66.96694396041673
insertion	213	0	0	66	68.97121936875008
insertion	266	0	0	63	83.79815653125051
insertion	368	0	0	70	111.0150627291678
insertion	363	0	0	76	111.25651595000112
insertion	358	0	0	77	111.03108838541779
insertion	360	0	0	77	111.18493468541779
insertion	411	0	0	62	126.61977840833471
insertion	472	0	0	60	145.63582211458413
