xml_id	midi_id	track	channel	pitch	onset
n2	1	1	0	56	0.6656249999999999
n1	0	1	0	57	0.5
n3	2	1	0	57	0.8218749999999999
n4	3	1	0	59	1.15
n7	6	1	0	59	1.9697916666666666
n5	4	1	0	60	1.4979166666666668
n6	5	1	0	60	1.815625
n8	7	1	0	60	2.145833333333333
n9	8	1	0	62	2.473958333333333
n12	11	1	0	60	3.135416666666666
n11	10	1	0	62	2.979166666666666
n13	12	1	0	62	3.276041666666666
n10	9	1	0	64	2.8197916666666663
n14	13	1	0	64	3.4343749999999993
n15	14	1	0	65	3.757291666666666
n17	16	1	0	52	4.476041666666665
n16	15	1	0	56	4.102083333333333
n18	17	1	0	57	5.169791666666666
n21	20	1	0	57	5.829166666666666
n19	18	1	0	59	5.5197916666666655
n22	21	1	0	59	5.9885416666666655
n20	19	1	0	60	5.666666666666666
n25	24	1	0	59	6.484374999999998
n23	22	1	0	60	6.1604166666666655
n26	25	1	0	60	6.636458333333332
n24	23	1	0	62	6.320833333333332
n28	27	1	0	60	7.152083333333332
n27	26	1	0	62	6.812499999999998
n29	28	1	0	59	7.482291666666665
n30	29	1	0	64	7.836458333333332
n41	32	1	0	57	8.188541666666666
n33	31	1	0	63	8.685416666666667
n32	30	1	0	64	8.541666666666666
n43	35	1	0	54	9.169791666666665
n42	33	1	0	55	8.840625
n34	34	1	0	64	8.848958333333332
n35	36	1	0	66	9.162499999999998
n44	39	1	0	52	9.498958333333333
n45	41	1	0	60	9.826041666666665
n38	40	1	0	66	9.992708333333331
n36	37	1	0	67	9.490625
n37	38	1	0	67	9.843749999999998
n47	44	1	0	57	10.482291666666667
n46	42	1	0	59	10.141666666666666
n39	43	1	0	67	10.166666666666666
n40	45	1	0	69	10.482291666666667
n60	50	1	0	52	11.132291666666672
n59	48	1	0	54	10.973958333333336
n61	52	1	0	54	11.284375000000006
n58	46	1	0	55	10.816666666666668
n50	51	1	0	67	11.127083333333339
n49	49	1	0	69	10.965625000000003
n51	53	1	0	69	11.284375000000006
n48	47	1	0	71	10.816666666666668
n62	54	1	0	55	11.466666666666672
n63	56	1	0	57	11.810416666666672
n52	55	1	0	71	11.448958333333339
n53	57	1	0	72	11.798958333333339
n66	61	1	0	55	12.475000000000003
n65	60	1	0	57	12.29479166666667
n67	63	1	0	57	12.62916666666667
n64	59	1	0	59	12.118750000000004
n55	62	1	0	59	12.46354166666667
n54	58	1	0	63	12.136458333333337
n68	64	1	0	59	12.818750000000003
n69	67	1	0	60	13.136458333333337
n57	65	1	0	64	13.13854166666667
n84	72	1	0	57	13.980208333333337
n83	69	1	0	59	13.80729166666667
n72	70	1	0	64	13.812500000000004
n70	66	1	0	66	13.490625000000003
n73	71	1	0	66	13.958333333333337
n71	68	1	0	67	13.64479166666667
n85	76	1	0	59	14.134375000000006
n86	79	1	0	64	14.460416666666672
n76	75	1	0	66	14.45208333333334
n74	73	1	0	67	14.133333333333338
n77	77	1	0	67	14.607291666666672
n75	74	1	0	69	14.287500000000005
n89	82	1	0	61	15.297916666666671
n88	80	1	0	62	15.13854166666667
n79	81	1	0	67	15.125000000000004
n78	78	1	0	69	14.78854166666667
n90	86	1	0	62	15.458333333333337
n80	83	1	0	66	15.456250000000004
n81	84	1	0	71	15.80104166666667
n103	90	1	0	59	16.694791666666667
n102	88	1	0	60	16.558333333333334
n91	85	1	0	64	16.177083333333336
n92	87	1	0	66	16.517708333333335
n93	89	1	0	68	16.671875
n104	103	1	0	60	16.857291666666665
n94	91	1	0	69	16.85625
n95	92	1	0	71	17.009375
n96	93	1	0	72	17.169791666666665
n97	94	1	0	74	17.323958333333334
n108	99	1	0	65	17.99166666666667
n107	98	1	0	67	17.83020833333334
n106	96	1	0	69	17.661458333333336
n99	97	1	0	69	17.81979166666667
n98	95	1	0	76	17.491666666666667
n112	108	1	0	59	18.65416666666668
n111	106	1	0	60	18.47916666666668
n110	105	1	0	62	18.306250000000013
n109	104	1	0	64	18.175000000000008
n100	101	1	0	68	18.16770833333334
n131	113	1	0	44	19.29895833333335
n130	112	1	0	45	19.146875000000016
n122	111	1	0	59	18.971875000000015
n121	109	1	0	60	18.811458333333345
n123	115	1	0	60	19.16145833333335
n113	110	1	0	69	18.80937500000001
n114	114	1	0	69	19.169791666666683
n132	116	1	0	45	19.46770833333335
n133	118	1	0	47	19.804166666666685
n124	deletion
n116	119	1	0	65	19.830208333333353
n115	117	1	0	67	19.47708333333335
n136	125	1	0	47	20.631250000000026
n134	121	1	0	48	20.136458333333355
n135	123	1	0	48	20.483333333333356
n126	122	1	0	62	20.31354166666669
n117	120	1	0	64	20.15104166666669
n127	126	1	0	64	20.48541666666669
n125	deletion
n118	124	1	0	72	20.48229166666669
n137	127	1	0	48	20.821875000000027
n138	129	1	0	50	21.17395833333336
n128	deletion
n120	130	1	0	69	21.178125000000026
n119	128	1	0	71	20.83020833333336
n162	135	1	0	48	21.846875000000022
n161	133	1	0	50	21.675000000000022
n163	138	1	0	50	22.013541666666686
n160	132	1	0	52	21.510416666666693
n153	136	1	0	64	21.85937500000002
n152	134	1	0	66	21.683333333333355
n154	139	1	0	66	22.00937500000002
n139	131	1	0	68	21.531250000000025
n140	137	1	0	76	21.894791666666688
n164	141	1	0	52	22.185416666666686
n165	144	1	0	53	22.523958333333354
n155	140	1	0	68	22.180208333333354
n156	146	1	0	69	22.544791666666686
n142	143	1	0	72	22.523958333333354
n141	142	1	0	74	22.188541666666687
n167	149	1	0	40	23.205208333333353
n166	145	1	0	44	22.852083333333354
n143	147	1	0	71	22.88854166666669
n146	151	1	0	71	23.389583333333352
n157	deletion
n144	148	1	0	72	23.044791666666686
n145	150	1	0	74	23.229166666666686
n169	154	1	0	45	23.869791666666686
n149	155	1	0	69	23.88333333333335
n159	deletion
n148	153	1	0	71	23.701041666666686
n147	152	1	0	72	23.55833333333335
n150	156	1	0	72	24.03854166666668
n189	161	1	0	45	24.53333333333335
n187	157	1	0	47	24.200000000000017
n190	163	1	0	47	24.701041666666686
n188	159	1	0	48	24.36458333333335
n180	165	1	0	67	24.225000000000016
n170	158	1	0	74	24.229166666666682
n173	164	1	0	74	24.69895833333335
n171	160	1	0	76	24.37395833333335
n172	162	1	0	77	24.551041666666684
n193	170	1	0	47	25.19166666666669
n191	166	1	0	49	24.863541666666688
n194	171	1	0	49	25.35000000000003
n192	168	1	0	50	25.025000000000023
n183	169	1	0	64	25.229166666666693
n182	167	1	0	65	25.05833333333336
n184	172	1	0	67	25.369791666666696
n174	177	1	0	76	24.879166666666688
n196	175	1	0	48	25.87708333333336
n195	173	1	0	50	25.538541666666696
n185	174	1	0	66	25.55520833333336
n176	176	1	0	69	25.887500000000028
n197	179	1	0	47	26.226041666666696
n198	181	1	0	52	26.569791666666696
n186	182	1	0	68	26.25312500000003
n177	178	1	0	71	26.245833333333362
n178	180	1	0	72	26.4104166666667
n179	184	1	0	74	26.59687500000003
n224	183	1	0	45	26.933333333333362
n225	186	1	0	47	27.295833333333363
n216	188	1	0	51	27.44583333333336
n215	185	1	0	52	27.28958333333336
n207	189	1	0	69	26.92812500000003
n208	deletion
n200	187	1	0	72	27.309375000000028
n226	190	1	0	49	27.631250000000026
n227	196	1	0	51	27.98333333333336
n217	192	1	0	52	27.622916666666693
n218	197	1	0	54	27.965625000000028
n210	194	1	0	66	27.982291666666693
n209	193	1	0	67	27.67083333333336
n202	195	1	0	69	27.975000000000026
n201	191	1	0	71	27.628125000000026
n230	deletion
n228	200	1	0	52	28.317708333333364
n229	202	1	0	52	28.66145833333336
n221	205	1	0	54	28.800000000000026
n219	199	1	0	55	28.302083333333364
n220	201	1	0	55	28.650000000000027
n211	deletion
n203	198	1	0	67	28.312500000000032
n212	203	1	0	72	28.666666666666693
n204	204	1	0	76	28.67083333333336
n231	209	1	0	52	29.021875000000026
n232	211	1	0	54	29.33645833333336
n222	207	1	0	55	28.977083333333358
n223	212	1	0	57	29.323958333333362
n214	deletion
n213	deletion
n206	210	1	0	72	29.341666666666693
n205	208	1	0	74	28.99895833333336
n261	213	1	0	55	29.66770833333336
n254	218	1	0	55	29.982291666666686
n253	216	1	0	57	29.817708333333357
n255	220	1	0	57	30.144791666666684
n252	215	1	0	59	29.656250000000025
n244	219	1	0	64	30.01145833333335
n243	217	1	0	66	29.833333333333357
n245	221	1	0	66	30.15937500000002
n242	214	1	0	67	29.684375000000024
n233	224	1	0	71	29.679166666666692
n262	226	1	0	57	30.689583333333353
n256	223	1	0	59	30.326041666666686
n257	225	1	0	60	30.68125000000002
n247	228	1	0	66	30.69895833333335
n246	222	1	0	67	30.336458333333354
n234	229	1	0	69	30.689583333333353
n265	233	1	0	45	31.515625000000018
n259	230	1	0	47	31.35937500000002
n264	deletion
n258	227	1	0	51	31.041666666666686
n263	deletion
n250	234	1	0	63	31.547916666666683
n249	231	1	0	64	31.392708333333353
n237	235	1	0	66	31.551041666666684
n236	232	1	0	67	31.404166666666686
n267	240	1	0	40	32.05416666666669
n266	236	1	0	43	31.675000000000022
n260	241	1	0	52	32.03750000000002
n251	237	1	0	64	31.745833333333355
n238	238	1	0	67	31.725000000000023
n241	243	1	0	67	32.19583333333336
n239	239	1	0	69	31.879166666666688
n240	242	1	0	71	32.05833333333336
n295	248	1	0	45	32.36354166666669
n285	246	1	0	52	32.70937500000002
n283	244	1	0	54	32.356250000000024
n286	249	1	0	54	32.87916666666669
n284	245	1	0	55	32.55104166666669
n279	250	1	0	63	32.871875000000024
n278	247	1	0	69	32.711458333333354
n268	251	1	0	72	32.36979166666669
n296	256	1	0	47	33.05833333333335
n289	254	1	0	54	33.371875000000024
n287	252	1	0	55	33.057291666666686
n290	257	1	0	55	33.53541666666669
n288	253	1	0	57	33.20937500000002
n280	269	1	0	64	33.045833333333356
n270	255	1	0	71	33.38437500000003
n298	264	1	0	47	34.08541666666668
n297	258	1	0	48	33.73645833333335
n292	263	1	0	55	34.064583333333346
n291	259	1	0	57	33.729166666666686
n272	261	1	0	67	33.896875000000016
n271	260	1	0	69	33.73645833333335
n273	262	1	0	69	34.064583333333346
n274	265	1	0	71	34.22291666666668
n299	266	1	0	45	34.41979166666668
n301	272	1	0	45	34.93020833333335
n300	271	1	0	47	34.771875000000016
n293	268	1	0	54	34.41458333333335
n294	270	1	0	59	34.76250000000002
n282	274	1	0	63	34.771875000000016
n276	273	1	0	66	34.76250000000002
n275	267	1	0	72	34.41562500000001
n327	276	1	0	43	35.11145833333335
n328	279	1	0	45	35.42083333333335
n320	278	1	0	52	35.104166666666686
n315	282	1	0	64	35.13229166666669
n303	277	1	0	69	35.285416666666684
n302	275	1	0	71	35.12187500000002
n305	281	1	0	71	35.60416666666668
n304	280	1	0	72	35.443750000000016
n329	291	1	0	47	35.792708333333344
n322	288	1	0	57	36.14062500000001
n321	284	1	0	59	35.80312500000001
n316	287	1	0	63	36.14479166666668
n308	286	1	0	66	36.11770833333334
n307	285	1	0	67	35.944791666666674
n309	289	1	0	67	36.28125000000001
n306	283	1	0	69	35.78437500000001
n331	296	1	0	50	36.86354166666666
n330	290	1	0	52	36.473958333333336
n324	295	1	0	52	36.86145833333333
n323	293	1	0	56	36.485416666666666
n310	292	1	0	64	36.501041666666666
n317	deletion
n311	294	1	0	76	36.86458333333333
n312	297	1	0	77	37.01770833333333
n333	303	1	0	47	37.55520833333332
n332	299	1	0	48	37.19062499999999
n325	300	1	0	54	37.18854166666666
n326	302	1	0	56	37.54583333333332
n314	301	1	0	74	37.54374999999999
n313	298	1	0	76	37.201041666666654
n355	304	1	0	45	37.914583333333326
n351	306	1	0	57	37.92708333333333
n356	309	1	0	59	38.28854166666667
n346	307	1	0	64	38.266666666666666
n334	305	1	0	72	37.90104166666666
n335	308	1	0	72	38.244791666666664
n336	310	1	0	74	38.405208333333334
n358	316	1	0	55	38.90729166666666
n357	311	1	0	57	38.56979166666667
n347	313	1	0	66	38.603125
n348	315	1	0	67	38.91666666666666
n338	314	1	0	71	38.90729166666666
n337	312	1	0	72	38.56875
n359	318	1	0	54	39.252083333333324
n360	321	1	0	55	39.58125
n352	322	1	0	57	39.58333333333333
n339	317	1	0	69	39.258333333333326
n343	324	1	0	69	39.885416666666664
n349	deletion
n340	319	1	0	71	39.409375
n342	323	1	0	71	39.70729166666666
n341	320	1	0	72	39.57604166666666
n362	328	1	0	52	40.25208333333333
n361	325	1	0	54	39.878125
n353	326	1	0	59	39.891666666666666
n354	327	1	0	61	40.23854166666667
n344	329	1	0	67	40.24166666666667
n385	332	1	0	50	40.577083333333334
n386	335	1	0	52	40.91666666666668
n382	331	1	0	62	40.598958333333336
n376	334	1	0	62	40.92708333333334
n363	330	1	0	78	40.577083333333334
n364	333	1	0	81	40.91145833333334
n388	340	1	0	48	41.59895833333334
n387	337	1	0	50	41.263541666666676
n377	336	1	0	64	41.26666666666667
n378	339	1	0	66	41.61145833333334
n366	338	1	0	76	41.60000000000001
n389	343	1	0	47	41.95833333333334
n390	347	1	0	55	42.263541666666676
n383	348	1	0	59	42.27812500000001
n379	351	1	0	67	41.95937500000001
n368	342	1	0	72	42.107291666666676
n367	341	1	0	74	41.95208333333334
n370	345	1	0	74	42.433333333333344
n369	344	1	0	76	42.28229166666668
n391	354	1	0	54	42.94791666666668
n384	353	1	0	57	42.61979166666668
n372	349	1	0	71	42.77291666666668
n371	346	1	0	72	42.61979166666668
n374	352	1	0	72	43.10937500000001
n373	350	1	0	74	42.96354166666668
n418	359	1	0	48	43.78750000000001
n417	357	1	0	50	43.60833333333334
n416	356	1	0	52	43.44166666666668
n411	366	1	0	55	43.279166666666676
n415	deletion
n392	355	1	0	71	43.290625000000006
n393	358	1	0	72	43.61770833333334
n419	362	1	0	47	43.951041666666676
n420	370	1	0	52	44.27604166666668
n397	364	1	0	67	44.43854166666668
n396	363	1	0	69	44.28020833333335
n395	361	1	0	71	44.10625000000001
n394	360	1	0	74	43.95729166666668
n422	376	1	0	45	44.961458333333354
n421	369	1	0	48	44.631250000000016
n413	373	1	0	57	44.95833333333336
n407	371	1	0	74	44.95520833333336
n398	365	1	0	76	44.62083333333335
n400	368	1	0	76	44.75312500000002
n408	374	1	0	76	45.09166666666668
n399	367	1	0	78	44.69062500000002
n401	372	1	0	78	44.950000000000024
n402	375	1	0	79	45.09479166666668
n424	383	1	0	38	45.62916666666668
n423	386	1	0	50	45.27812500000001
n414	deletion
n410	382	1	0	72	45.622916666666676
n409	379	1	0	74	45.28645833333334
n403	378	1	0	78	45.353125000000006
n404	384	1	0	79	45.77604166666667
n449	385	1	0	43	45.96770833333334
n440	388	1	0	67	46.31041666666667
n441	389	1	0	69	46.46666666666667
n431	387	1	0	71	45.96562500000001
n432	deletion
n433	390	1	0	72	46.46145833333333
n425	396	1	0	79	45.95625000000001
n443	393	1	0	65	46.991666666666674
n442	391	1	0	67	46.647916666666674
n435	394	1	0	69	46.99270833333334
n434	392	1	0	71	46.66458333333334
n444	397	1	0	64	47.33958333333334
n445	399	1	0	64	47.6875
n446	401	1	0	65	47.849999999999994
n436	398	1	0	67	47.32604166666667
n427	400	1	0	79	47.696875
n428	402	1	0	81	47.852083333333326
n448	407	1	0	62	48.37291666666667
n447	403	1	0	64	48.02916666666666
n437	404	1	0	69	48.04583333333333
n438	406	1	0	71	48.360416666666666
n430	408	1	0	77	48.35520833333333
n429	405	1	0	79	48.02916666666666
n470	409	1	0	60	48.71979166666667
n471	411	1	0	62	48.884375000000006
n473	415	1	0	62	49.2125
n472	413	1	0	64	49.05104166666666
n452	414	1	0	72	49.05520833333333
n465	deletion
n451	412	1	0	74	48.88645833333334
n453	416	1	0	74	49.21145833333333
n450	410	1	0	76	48.70937500000001
n475	420	1	0	58	49.69166666666667
n474	417	1	0	60	49.376041666666666
n466	deletion
n454	418	1	0	76	49.387499999999996
n455	419	1	0	77	49.52916666666667
n456	424	1	0	79	49.69166666666667
n476	421	1	0	69	50.01041666666667
n467	422	1	0	73	50.0125
n477	425	1	0	73	50.35416666666666
n468	deletion
n459	426	1	0	76	50.35312499999999
n458	423	1	0	77	50.171875
n460	427	1	0	77	50.49791666666666
n479	431	1	0	67	51.01145833333333
n469	438	1	0	76	51.68437499999998
n461	428	1	0	79	50.664583333333326
n464	432	1	0	79	51.052083333333336
n462	429	1	0	81	50.82708333333333
n463	430	1	0	82	51.015625
n499	433	1	0	64	51.35833333333333
n498	435	1	0	65	51.340624999999996
n501	439	1	0	65	51.68749999999998
n500	437	1	0	67	51.524999999999984
n491	436	1	0	73	51.466666666666654
n492	440	1	0	74	51.63749999999998
n480	434	1	0	81	51.29687499999999
n481	441	1	0	82	51.793749999999974
n503	443	1	0	62	51.990624999999966
n502	442	1	0	64	51.86354166666664
n505	446	1	0	64	52.279166666666626
n504	444	1	0	65	52.14166666666663
n494	445	1	0	71	52.14479166666663
n495	448	1	0	73	52.28645833333329
n482	447	1	0	79	51.972916666666634
n483	450	1	0	81	52.43541666666663
n506	451	1	0	62	52.597916666666634
n507	454	1	0	64	52.939583333333296
n496	457	1	0	74	52.633333333333304
n485	453	1	0	76	52.771874999999966
n484	452	1	0	77	52.61041666666664
n486	455	1	0	77	52.955208333333296
n487	456	1	0	79	53.12187499999996
n511	464	1	0	60	53.781249999999964
n510	462	1	0	62	53.620833333333294
n509	460	1	0	64	53.44791666666663
n508	459	1	0	65	53.292708333333294
n497	461	1	0	65	53.6395833333333
n489	463	1	0	69	53.624999999999964
n488	458	1	0	81	53.30312499999996
n536	474	1	0	55	54.49687499999997
n535	470	1	0	57	54.3208333333333
n537	472	1	0	57	54.52291666666663
n543	deletion
n534	467	1	0	58	53.9708333333333
n544	473	1	0	58	54.5270833333333
n520	465	1	0	67	53.98749999999997
n521	468	1	0	73	54.14999999999997
n512	466	1	0	74	53.9802083333333
n522	deletion
n515	475	1	0	76	54.519791666666634
n523	deletion
n514	471	1	0	77	54.3333333333333
n513	469	1	0	79	54.148958333333304
n546	481	1	0	55	55.02395833333329
n545	484	1	0	57	54.66874999999997
n524	477	1	0	73	54.687499999999964
n517	483	1	0	74	55.18333333333328
n531	478	1	0	76	54.732291666666626
n533	482	1	0	76	54.857291666666626
n516	deletion
n530	476	1	0	77	54.6645833333333
n532	479	1	0	77	54.79166666666663
n547	485	1	0	53	55.37499999999994
n548	487	1	0	53	55.72291666666661
n549	489	1	0	55	55.879166666666606
n539	486	1	0	57	55.72395833333328
n526	488	1	0	69	55.742708333333276
n527	490	1	0	70	55.89687499999994
n518	493	1	0	74	55.37604166666661
n525	deletion
n551	496	1	0	52	56.4197916666666
n550	491	1	0	53	56.0697916666666
n540	492	1	0	59	56.07708333333327
n541	497	1	0	61	56.41874999999993
n529	495	1	0	67	56.43124999999993
n528	494	1	0	69	56.076041666666605
n519	498	1	0	76	56.417708333333266
n573	500	1	0	50	56.782291666666595
n574	501	1	0	52	56.940624999999926
n576	505	1	0	52	57.27083333333326
n575	503	1	0	53	57.10729166666659
n568	499	1	0	62	56.78020833333326
n558	502	1	0	65	56.79166666666659
n559	504	1	0	69	57.13541666666659
n552	512	1	0	77	56.77812499999993
n578	508	1	0	48	57.83124999999993
n577	506	1	0	50	57.47291666666659
n560	507	1	0	71	57.45104166666659
n561	509	1	0	72	57.833333333333265
n569	510	1	0	59	58.163541666666596
n570	513	1	0	62	58.52083333333326
n565	516	1	0	69	58.69374999999992
n564	514	1	0	71	58.52708333333326
n563	511	1	0	72	58.31874999999992
n562	515	1	0	74	58.18229166666659
n572	519	1	0	57	59.23229166666658
n567	522	1	0	65	59.249999999999915
n566	517	1	0	67	58.86562499999992
n557	521	1	0	72	59.38958333333324
n556	520	1	0	74	59.23333333333325
n555	518	1	0	76	59.04479166666658
n594	524	1	0	53	59.72291666666658
n593	523	1	0	55	59.55937499999991
n596	528	1	0	55	60.06666666666657
n595	526	1	0	57	59.90312499999991
n585	527	1	0	64	59.92604166666658
n579	525	1	0	71	59.56562499999991
n580	530	1	0	72	59.904166666666576
n598	531	1	0	52	60.39687499999991
n597	529	1	0	53	60.239583333333236
n600	534	1	0	53	60.73541666666658
n599	532	1	0	55	60.56770833333324
n586	535	1	0	62	60.239583333333236
n581	533	1	0	71	60.59479166666657
n601	536	1	0	52	60.912499999999916
n602	538	1	0	53	61.272916666666575
n590	540	1	0	65	61.431249999999906
n589	539	1	0	67	61.26979166666658
n588	537	1	0	69	61.08645833333324
n582	543	1	0	72	60.93124999999991
n606	550	1	0	48	62.13749999999992
n605	545	1	0	50	61.94687499999992
n604	544	1	0	52	61.77291666666658
n603	541	1	0	55	61.61249999999991
n591	542	1	0	64	61.61666666666658
n592	547	1	0	67	61.94895833333325
n583	546	1	0	70	61.94270833333325
n630	554	1	0	48	62.824999999999925
n629	552	1	0	50	62.66770833333325
n628	549	1	0	52	62.49583333333325
n627	548	1	0	53	62.31770833333325
n613	551	1	0	65	62.67187499999992
n614	553	1	0	67	62.82812499999992
n607	566	1	0	69	62.30833333333325
n631	556	1	0	50	63.010416666666586
n634	560	1	0	50	63.49583333333325
n632	557	1	0	52	63.17916666666659
n633	559	1	0	53	63.33020833333325
n616	558	1	0	64	63.34583333333325
n615	555	1	0	65	63.00729166666659
n635	561	1	0	47	63.71041666666658
n623	564	1	0	59	64.0322916666666
n624	567	1	0	60	64.18854166666658
n617	562	1	0	62	63.68437499999992
n618	563	1	0	62	64.02708333333327
n619	568	1	0	64	64.19479166666657
n609	565	1	0	68	64.0447916666666
n636	572	1	0	48	64.37604166666657
n637	577	1	0	50	64.7302083333332
n626	575	1	0	57	64.70937499999988
n625	570	1	0	59	64.3749999999999
n621	574	1	0	60	64.7239583333332
n620	571	1	0	62	64.37291666666657
n610	569	1	0	69	64.3906249999999
n611	573	1	0	71	64.71354166666654
n666	580	1	0	52	65.41874999999979
n658	583	1	0	56	65.07812499999982
n648	576	1	0	59	65.08333333333314
n649	578	1	0	60	65.25208333333313
n651	582	1	0	60	65.57395833333312
n650	579	1	0	62	65.41770833333312
n638	581	1	0	64	65.08229166666648
n668	588	1	0	48	66.10833333333315
n667	585	1	0	50	65.7499999999998
n659	587	1	0	52	66.08854166666647
n653	589	1	0	57	66.09999999999981
n652	584	1	0	59	65.75104166666647
n640	586	1	0	66	65.92291666666647
n641	590	1	0	68	66.10833333333315
n642	592	1	0	69	66.26041666666646
n669	596	1	0	47	66.45833333333312
n671	603	1	0	48	66.93854166666645
n660	594	1	0	50	66.47395833333312
n670	597	1	0	50	66.76874999999977
n662	602	1	0	52	66.93749999999979
n661	599	1	0	53	66.75729166666643
n654	593	1	0	68	66.43958333333312
n643	595	1	0	71	66.45208333333312
n645	601	1	0	71	66.79270833333311
n655	deletion
n644	598	1	0	72	66.63124999999977
n646	604	1	0	72	66.95937499999978
n673	607	1	0	45	67.49374999999976
n672	606	1	0	47	67.1395833333331
n664	609	1	0	48	67.46249999999976
n663	605	1	0	50	67.11666666666645
n657	608	1	0	65	67.46666666666643
n647	610	1	0	74	67.12187499999978
n701	613	1	0	44	67.81249999999976
n702	617	1	0	45	68.13333333333308
n695	614	1	0	47	67.81874999999975
n696	616	1	0	48	68.14270833333308
n682	612	1	0	62	67.96145833333308
n681	611	1	0	64	67.81041666666643
n684	618	1	0	64	68.31249999999974
n683	615	1	0	65	68.13229166666642
n675	619	1	0	72	68.13749999999975
n704	626	1	0	44	68.80833333333307
n703	620	1	0	47	68.48958333333307
n698	625	1	0	47	68.8385416666664
n697	624	1	0	50	68.47812499999974
n686	622	1	0	60	68.6291666666664
n685	621	1	0	62	68.48124999999973
n688	628	1	0	62	68.9885416666664
n687	623	1	0	64	68.83020833333306
n676	627	1	0	71	68.82499999999973
n705	629	1	0	45	69.1822916666664
n706	635	1	0	47	69.51562499999974
n699	636	1	0	52	69.17812499999974
n689	630	1	0	60	69.1822916666664
n690	631	1	0	62	69.52708333333307
n679	633	1	0	68	69.67187499999973
n678	632	1	0	69	69.52187499999974
n707	641	1	0	48	69.85208333333307
n700	642	1	0	53	70.20937499999975
n708	deletion
n694	640	1	0	57	70.35937499999976
n693	639	1	0	59	70.20937499999975
n692	637	1	0	60	70.03124999999976
n691	634	1	0	64	69.85208333333307
n680	638	1	0	69	69.86041666666641
n729	648	1	0	47	70.86979166666643
n728	647	1	0	50	70.52291666666642
n724	deletion
n717	644	1	0	62	70.69687499999975
n718	645	1	0	64	70.87604166666642
n716	643	1	0	65	70.54166666666642
n719	646	1	0	65	71.01458333333309
n731	656	1	0	40	71.56145833333312
n726	deletion
n725	653	1	0	52	71.21874999999977
n730	deletion
n721	655	1	0	57	71.75520833333312
n720	650	1	0	59	71.28541666666645
n710	654	1	0	68	71.2208333333331
n732	657	1	0	45	71.98437499999977
n727	deletion
n733	660	1	0	57	72.37708333333305
n722	deletion
n713	661	1	0	68	72.53645833333304
n711	658	1	0	69	71.99374999999978
n712	659	1	0	69	72.37499999999972
n734	662	1	0	48	72.73854166666638
n735	664	1	0	52	73.0656249999997
n714	663	1	0	69	72.73749999999971
n715	665	1	0	71	73.09583333333303
n756	666	1	0	45	73.4406249999997
n757	669	1	0	53	73.82083333333298
n748	671	1	0	56	73.958333333333
n747	668	1	0	57	73.81354166666632
n738	672	1	0	71	73.98541666666634
n736	667	1	0	72	73.44270833333303
n737	670	1	0	72	73.83645833333298
n759	676	1	0	50	74.517708333333
n758	673	1	0	52	74.15729166666634
n749	674	1	0	57	74.15520833333301
n750	677	1	0	59	74.51458333333301
n739	675	1	0	72	74.16354166666633
n740	678	1	0	74	74.51354166666634
n760	679	1	0	48	74.85729166666633
n761	684	1	0	57	75.19895833333298
n753	686	1	0	59	75.36458333333297
n751	680	1	0	60	74.85937499999966
n752	683	1	0	60	75.20312499999964
n743	685	1	0	72	75.20104166666631
n742	681	1	0	74	75.033333333333
n744	687	1	0	74	75.35624999999963
n741	682	1	0	76	74.870833333333
n763	693	1	0	53	75.90312499999965
n762	688	1	0	55	75.54270833333298
n754	689	1	0	60	75.54062499999965
n755	692	1	0	62	75.87916666666632
n745	690	1	0	76	75.53020833333298
n746	691	1	0	77	75.87604166666632
n781	697	1	0	52	76.23854166666632
n783	701	1	0	55	76.73020833333298
n782	699	1	0	57	76.56145833333298
n777	698	1	0	60	76.57395833333298
n776	696	1	0	62	76.37499999999964
n778	702	1	0	62	76.74687499999965
n775	694	1	0	64	76.22083333333299
n765	700	1	0	64	76.56041666666631
n764	695	1	0	68	76.22395833333299
n787	708	1	0	48	77.44166666666628
n786	707	1	0	50	77.26249999999965
n785	705	1	0	52	77.08958333333298
n784	703	1	0	53	76.91041666666631
n779	704	1	0	64	76.92499999999964
n780	706	1	0	65	77.26770833333298
n766	deletion
n791	709	1	0	47	77.60937499999959
n789	719	1	0	52	77.93437499999958
n788	710	1	0	56	77.60520833333293
n793	716	1	0	59	78.11666666666625
n792	713	1	0	60	77.94687499999958
n769	714	1	0	69	77.95624999999959
n767	711	1	0	71	77.60833333333292
n770	715	1	0	71	78.12187499999958
n768	712	1	0	72	77.78124999999957
n797	726	1	0	52	78.79999999999957
n796	722	1	0	53	78.62812499999957
n795	720	1	0	55	78.4552083333329
n794	717	1	0	57	78.29687499999957
n790	723	1	0	57	78.6302083333329
n773	724	1	0	71	78.63124999999957
n771	718	1	0	72	78.29062499999958
n774	725	1	0	72	78.79166666666623
n772	721	1	0	74	78.45624999999957
n817	732	1	0	50	78.98749999999957
n807	730	1	0	57	79.30520833333289
n805	728	1	0	59	78.98020833333291
n808	733	1	0	59	79.47291666666621
n806	729	1	0	60	79.1395833333329
n799	731	1	0	72	79.32187499999955
n798	727	1	0	74	78.96249999999958
n818	739	1	0	52	79.65937499999953
n811	737	1	0	59	80.01145833333287
n809	735	1	0	60	79.65208333333287
n812	740	1	0	60	80.17083333333287
n810	736	1	0	62	79.8260416666662
n800	734	1	0	71	79.6541666666662
n801	738	1	0	76	79.98437499999953
n820	745	1	0	52	80.70312499999952
n819	742	1	0	53	80.35520833333285
n814	744	1	0	60	80.69895833333285
n813	741	1	0	62	80.35104166666619
n802	743	1	0	69	80.35208333333286
n803	750	1	0	81	80.71562499999952
n821	746	1	0	50	81.05520833333286
n822	749	1	0	52	81.43958333333285
n815	748	1	0	59	81.04687499999952
n816	747	1	0	64	81.43958333333285
n804	752	1	0	79	81.44583333333284
n847	753	1	0	47	82.12604166666613
n846	751	1	0	48	81.80104166666612
n840	763	1	0	57	81.79791666666613
n825	755	1	0	83	82.3114583333328
n824	754	1	0	84	82.15104166666613
n849	759	1	0	45	82.80208333333279
n848	756	1	0	48	82.48541666666613
n829	761	1	0	76	82.97604166666613
n828	760	1	0	78	82.82812499999946
n827	758	1	0	79	82.65104166666612
n826	757	1	0	81	82.48958333333279
n850	771	1	0	47	83.1677083333328
n843	767	1	0	54	83.63958333333281
n842	765	1	0	55	83.4802083333328
n837	768	1	0	63	83.63958333333281
n836	764	1	0	64	83.48124999999946
n831	766	1	0	71	83.51666666666614
n830	762	1	0	75	83.1395833333328
n851	773	1	0	45	84.16770833333283
n844	769	1	0	55	83.80833333333281
n845	774	1	0	57	84.15833333333282
n838	770	1	0	64	83.81666666666615
n839	775	1	0	66	84.15937499999949
n832	772	1	0	73	83.84374999999949
n833	deletion
n877	deletion
n879	783	1	0	51	85.00208333333278
n878	781	1	0	52	84.8447916666661
n873	777	1	0	59	84.50729166666616
n874	786	1	0	64	84.85937499999943
n864	deletion
n862	779	1	0	67	84.51458333333282
n863	deletion
n855	784	1	0	71	85.02708333333278
n854	782	1	0	72	84.85937499999943
n853	780	1	0	74	84.67499999999946
n852	778	1	0	76	84.51666666666615
n880	785	1	0	52	85.19999999999945
n881	790	1	0	54	85.5572916666661
n875	788	1	0	63	85.55520833333277
n865	deletion
n866	789	1	0	69	85.54999999999944
n856	787	1	0	72	85.21562499999945
n884	799	1	0	54	86.38645833333275
n882	791	1	0	55	85.9041666666661
n883	795	1	0	55	86.22604166666606
n876	794	1	0	64	85.89270833333276
n869	796	1	0	67	86.23854166666607
n868	793	1	0	69	86.06041666666609
n870	798	1	0	69	86.39687499999941
n857	792	1	0	71	85.90624999999943
n867	deletion
n859	800	1	0	75	86.39374999999941
n858	797	1	0	76	86.2374999999994
n885	803	1	0	55	86.59687499999941
n886	804	1	0	57	86.9374999999994
n871	801	1	0	71	86.58645833333274
n872	806	1	0	72	86.9249999999994
n860	802	1	0	76	86.58020833333275
n861	805	1	0	78	86.92395833333273
n906	811	1	0	55	87.58645833333267
n905	810	1	0	57	87.41562499999934
n907	814	1	0	57	87.744791666666
n904	808	1	0	59	87.26562499999935
n894	812	1	0	59	87.59999999999934
n893	807	1	0	63	87.25833333333269
n889	815	1	0	78	87.75833333333267
n887	809	1	0	79	87.26770833333268
n888	813	1	0	79	87.60208333333267
n908	816	1	0	59	87.93020833333267
n909	820	1	0	60	88.297916666666
n895	819	1	0	64	88.28958333333266
n890	817	1	0	79	87.94062499999934
n891	818	1	0	81	88.282291666666
n911	825	1	0	47	88.9656249999993
n910	821	1	0	51	88.61145833333264
n898	824	1	0	64	88.9812499999993
n896	822	1	0	66	88.64479166666597
n899	826	1	0	66	89.13645833333264
n897	823	1	0	67	88.79895833333264
n892	838	1	0	71	88.63958333333264
n913	829	1	0	52	89.64374999999929
n902	830	1	0	66	89.66249999999928
n900	827	1	0	67	89.3093749999993
n903	831	1	0	67	89.81458333333262
n901	828	1	0	69	89.4749999999993
n932	835	1	0	52	90.31874999999928
n930	832	1	0	54	89.98541666666596
n933	837	1	0	54	90.47187499999929
n931	834	1	0	55	90.15416666666596
n925	836	1	0	67	90.33124999999929
n924	833	1	0	69	89.98437499999929
n936	842	1	0	54	90.96979166666588
n934	839	1	0	55	90.63958333333261
n937	845	1	0	55	91.13229166666589
n935	840	1	0	57	90.79479166666592
n926	841	1	0	66	90.66666666666595
n927	843	1	0	71	90.99895833333255
n916	846	1	0	74	91.14374999999923
n915	844	1	0	76	90.99583333333256
n939	850	1	0	55	91.67083333333257
n938	847	1	0	57	91.33541666666589
n928	853	1	0	64	91.34687499999923
n919	851	1	0	69	91.67499999999923
n918	849	1	0	71	91.5041666666659
n920	852	1	0	71	91.82812499999923
n917	848	1	0	72	91.32083333333256
n940	855	1	0	54	92.02083333333256
n941	857	1	0	59	92.36874999999922
n929	856	1	0	63	92.38333333333256
n923	859	1	0	69	92.52083333333256
n922	858	1	0	71	92.36770833333256
n921	854	1	0	72	92.01562499999923
n965	864	1	0	51	93.23645833333252
n963	860	1	0	52	92.7187499999992
n964	862	1	0	52	93.08333333333253
n949	866	1	0	64	92.72812499999921
n942	861	1	0	67	92.71458333333254
n951	865	1	0	71	93.23020833333253
n950	863	1	0	72	93.08020833333254
n966	868	1	0	52	93.43124999999918
n967	870	1	0	54	93.74166666666585
n955	872	1	0	64	93.92083333333251
n954	871	1	0	66	93.76145833333251
n953	869	1	0	67	93.59270833333252
n952	867	1	0	69	93.40624999999919
n943	874	1	0	72	93.41041666666585
n968	885	1	0	55	94.09791666666584
n956	873	1	0	62	94.10729166666584
n958	877	1	0	65	94.62604166666586
n957	875	1	0	67	94.46145833333252
n946	878	1	0	69	94.61458333333252
n945	876	1	0	71	94.45520833333252
n962	884	1	0	59	95.29687499999915
n961	882	1	0	61	95.12291666666583
n960	881	1	0	62	94.94791666666583
n959	879	1	0	64	94.78645833333252
n947	880	1	0	71	94.79062499999918
n948	883	1	0	73	95.12499999999916
n986	890	1	0	52	95.98437499999912
n985	888	1	0	54	95.81145833333245
n975	887	1	0	57	95.48124999999916
n977	891	1	0	72	95.98124999999912
n969	886	1	0	74	95.47187499999916
n976	889	1	0	74	95.82499999999912
n987	893	1	0	54	96.1572916666658
n988	896	1	0	56	96.5010416666658
n981	898	1	0	66	96.67708333333246
n980	897	1	0	68	96.52187499999913
n979	895	1	0	69	96.32499999999914
n978	894	1	0	71	96.16562499999914
n991	904	1	0	56	97.37604166666577
n989	899	1	0	57	96.84687499999913
n990	901	1	0	57	97.2187499999991
n982	900	1	0	64	96.84374999999913
n972	905	1	0	71	97.37604166666577
n971	903	1	0	72	97.21458333333244
n992	906	1	0	57	97.55104166666577
n993	908	1	0	59	97.89687499999911
n983	910	1	0	69	97.57187499999911
n973	907	1	0	72	97.57187499999911
n974	909	1	0	74	97.91249999999911
n1023	915	1	0	57	98.63124999999906
n1014	917	1	0	59	98.79062499999905
n1012	911	1	0	60	98.25729166666578
n1013	912	1	0	60	98.6208333333324
n1004	916	1	0	68	98.77187499999906
n995	913	1	0	69	98.61979166666573
n1003	deletion
n994	914	1	0	76	98.28020833333244
n1025	921	1	0	53	99.32812499999905
n1024	918	1	0	55	98.98333333333238
n1015	920	1	0	60	98.96458333333238
n1016	922	1	0	62	99.31874999999906
n1005	919	1	0	69	98.96458333333238
n1006	923	1	0	71	99.32395833333238
n996	926	1	0	81	98.96562499999905
n1026	930	1	0	52	99.67083333333238
n1019	931	1	0	60	100.00312499999903
n1018	928	1	0	62	99.83229166666571
n1020	934	1	0	62	100.15520833333235
n1017	925	1	0	64	99.66874999999905
n1009	935	1	0	71	100.18437499999902
n1007	927	1	0	72	99.67291666666571
n1008	932	1	0	72	100.01145833333236
n998	929	1	0	80	99.83333333333238
n1000	936	1	0	80	100.17187499999902
n999	933	1	0	81	100.00937499999903
n1021	939	1	0	64	100.34999999999903
n1022	941	1	0	65	100.7229166666657
n1010	937	1	0	72	100.36249999999902
n1011	943	1	0	74	100.7197916666657
n1001	938	1	0	81	100.35624999999902
n1002	940	1	0	83	100.70833333333236
n1059	946	1	0	45	101.41458333333235
n1060	948	1	0	47	101.58333333333235
n1048	951	1	0	52	101.40312499999901
n1047	942	1	0	56	101.04374999999901
n1039	947	1	0	72	101.43437499999901
n1038	945	1	0	74	101.24479166666568
n1040	949	1	0	74	101.58854166666568
n1027	944	1	0	76	101.07395833333234
n1037	deletion
n1061	950	1	0	48	101.753124999999
n1062	960	1	0	50	102.12187499999902
n1050	954	1	0	57	102.1166666666657
n1029	955	1	0	72	102.25208333333232
n1028	953	1	0	74	102.1166666666657
n1041	952	1	0	76	101.76249999999901
n1042	956	1	0	77	102.10624999999902
n1064	963	1	0	48	102.79374999999898
n1065	966	1	0	50	102.96562499999898
n1053	962	1	0	57	102.778124999999
n1051	958	1	0	59	102.43958333333232
n1054	967	1	0	59	102.96249999999898
n1052	961	1	0	60	102.61145833333232
n1044	964	1	0	64	102.78541666666565
n1043	959	1	0	68	102.434374999999
n1030	957	1	0	71	102.434374999999
n1032	969	1	0	74	102.94999999999898
n1031	965	1	0	76	102.79270833333231
n1066	971	1	0	52	103.13124999999899
n1067	981	1	0	53	103.47291666666565
n1057	974	1	0	59	103.47708333333232
n1055	968	1	0	60	103.13333333333232
n1058	976	1	0	60	103.64166666666564
n1056	972	1	0	62	103.32187499999898
n1036	977	1	0	68	103.64270833333231
n1035	975	1	0	69	103.48437499999898
n1046	deletion
n1034	973	1	0	71	103.29999999999899
n1033	970	1	0	72	103.13229166666565
n1091	986	1	0	50	104.33229166666558
n1090	983	1	0	52	104.17499999999892
n1084	984	1	0	60	104.17499999999892
n1083	980	1	0	62	103.83749999999894
n1068	978	1	0	69	103.8697916666656
n1073	985	1	0	69	104.17916666666558
n1071	979	1	0	71	103.84374999999893
n1074	987	1	0	71	104.33854166666558
n1072	982	1	0	72	104.00520833333226
n1093	998	1	0	48	104.84479166666551
n1092	991	1	0	52	104.52083333333225
n1085	994	1	0	59	104.52708333333224
n1086	992	1	0	64	104.87499999999885
n1069	988	1	0	68	104.52499999999891
n1077	993	1	0	71	104.86041666666551
n1075	989	1	0	72	104.51458333333225
n1078	995	1	0	72	105.02604166666552
n1076	990	1	0	74	104.68437499999888
n1096	1004	1	0	50	105.74062499999884
n1095	1000	1	0	52	105.56354166666551
n1094	996	1	0	53	105.22812499999885
n1087	1001	1	0	57	105.21562499999885
n1070	997	1	0	69	105.23541666666551
n1080	1002	1	0	72	105.57083333333217
n1079	999	1	0	74	105.21770833333218
n1100	1007	1	0	50	106.43645833333218
n1097	1003	1	0	52	105.89270833333218
n1099	1006	1	0	52	106.24999999999885
n1098	1005	1	0	53	106.06145833333218
n1088	1009	1	0	55	106.25520833333218
n1081	1008	1	0	71	105.90520833333218
n1082	1010	1	0	76	106.24479166666552
n1120	1015	1	0	45	106.95104166666553
n1119	1011	1	0	49	106.62812499999886
n1113	1013	1	0	52	107.0927083333322
n1112	1012	1	0	53	106.93541666666553
n1101	1014	1	0	69	106.60312499999885
n1122	1020	1	0	48	107.63229166666554
n1121	1017	1	0	50	107.28854166666554
n1114	1021	1	0	53	107.2770833333322
n1105	1019	1	0	71	107.7708333333322
n1104	1018	1	0	74	107.62708333333221
n1103	1016	1	0	77	107.45416666666554
n1124	1028	1	0	43	108.33854166666553
n1123	1022	1	0	47	107.96041666666555
n1117	1024	1	0	50	108.49374999999887
n1116	1023	1	0	52	108.33124999999887
n1106	1025	1	0	67	107.98020833333221
n1126	1031	1	0	47	109.01666666666551
n1125	1027	1	0	48	108.69479166666552
n1118	1032	1	0	52	108.67604166666553
n1110	1030	1	0	69	109.17812499999884
n1109	1029	1	0	72	109.01354166666552
n1108	1026	1	0	76	108.84583333333218
n1145	1036	1	0	45	109.36874999999884
n1146	1035	1	0	47	109.71249999999884
n1147	1038	1	0	48	109.85833333333217
n1127	1033	1	0	65	109.37083333333217
n1128	1034	1	0	67	109.71458333333217
n1129	1037	1	0	69	109.87395833333217
n1149	1045	1	0	43	110.3729166666655
n1148	1041	1	0	47	110.05208333333216
n1136	1042	1	0	50	110.04687499999883
n1132	1043	1	0	64	110.37812499999883
n1131	1040	1	0	65	110.20937499999883
n1133	1044	1	0	65	110.53749999999881
n1130	1039	1	0	67	110.05624999999883
n1150	1046	1	0	48	110.70729166666548
n1138	1051	1	0	48	110.8749999999988
n1139	1047	1	0	50	111.05624999999881
n1140	1048	1	0	52	111.21249999999881
n1134	1054	1	0	64	110.71458333333214
n1152	1053	1	0	47	111.70416666666549
n1141	1049	1	0	53	111.37812499999882
n1142	1050	1	0	55	111.54583333333215
n1143	1052	1	0	57	111.68854166666549
n1144	1055	1	0	59	111.86874999999881
n1172	1063	1	0	45	112.0374999999988
n1166	1057	1	0	60	112.05416666666547
n1154	1056	1	0	62	112.21354166666546
n1155	1058	1	0	64	112.3812499999988
n1156	1059	1	0	65	112.5406249999988
n1174	1064	1	0	43	113.0468749999988
n1157	1060	1	0	67	112.70833333333213
n1158	1061	1	0	69	112.87291666666547
n1159	1062	1	0	71	113.04374999999881
n1160	1065	1	0	72	113.20208333333214
n1175	1066	1	0	41	113.3656249999988
n1178	1073	1	0	52	113.86770833333213
n1177	1070	1	0	53	113.69999999999881
n1176	1068	1	0	55	113.54374999999881
n1161	1067	1	0	62	113.38020833333213
n1163	1071	1	0	62	113.71770833333214
n1162	1069	1	0	64	113.54583333333214
n1164	1074	1	0	64	113.8624999999988
n1182	1081	1	0	45	114.52708333333211
n1181	1078	1	0	47	114.36666666666545
n1180	1076	1	0	48	114.2156249999988
n1179	1075	1	0	50	114.04166666666545
n1171	1080	1	0	60	114.52291666666545
n1170	1079	1	0	62	114.36562499999879
n1169	1077	1	0	64	114.20104166666546
n1165	1082	1	0	65	114.03645833333212
n1207	1084	1	0	43	114.66562499999878
n1208	1093	1	0	55	115.04583333333206
n1199	1083	1	0	59	114.6770833333321
n1201	1092	1	0	62	115.19999999999872
n1200	1089	1	0	64	115.05833333333206
n1186	1090	1	0	65	115.23437499999872
n1185	1088	1	0	67	115.03437499999872
n1184	1086	1	0	69	114.84062499999875
n1195	1091	1	0	71	115.18645833333206
n1194	1087	1	0	72	115.02395833333205
n1210	1102	1	0	53	115.70937499999873
n1204	1100	1	0	57	115.71458333333206
n1209	deletion
n1203	1097	1	0	59	115.53645833333205
n1205	1101	1	0	59	115.87708333333207
n1202	1096	1	0	60	115.37604166666539
n1196	1094	1	0	64	115.36770833333205
n1197	1098	1	0	69	115.69999999999872
n1187	1095	1	0	72	115.36249999999872
n1188	1099	1	0	74	115.69895833333206
n1213	1106	1	0	47	116.55624999999866
n1212	1104	1	0	48	116.40416666666533
n1206	1113	1	0	60	116.06562499999872
n1211	deletion
n1198	1112	1	0	67	116.06979166666538
n1191	1107	1	0	74	116.57916666666532
n1189	1103	1	0	76	116.05208333333206
n1190	1105	1	0	76	116.44062499999866
n1214	1108	1	0	48	116.74062499999864
n1215	1110	1	0	50	117.07708333333197
n1192	1109	1	0	76	116.75937499999864
n1193	1111	1	0	77	117.09374999999864
n1242	1121	1	0	50	117.90729166666523
n1240	1114	1	0	52	117.43958333333197
n1241	1117	1	0	52	117.75416666666524
n1234	1119	1	0	55	117.76562499999858
n1226	1118	1	0	72	117.79479166666525
n1218	1120	1	0	76	117.76666666666524
n1217	1116	1	0	77	117.5937499999986
n1219	1122	1	0	77	117.91666666666524
n1216	1115	1	0	79	117.44374999999863
n1243	1123	1	0	52	118.08437499999857
n1244	1127	1	0	54	118.43958333333192
n1235	1129	1	0	62	118.45937499999859
n1228	1128	1	0	69	118.44270833333192
n1227	1124	1	0	71	118.10833333333191
n1220	1125	1	0	79	118.09374999999858
n1221	1126	1	0	81	118.44270833333192
n1247	1134	1	0	52	119.11562499999854
n1246	1133	1	0	53	118.93958333333187
n1248	1137	1	0	53	119.28333333333188
n1245	1131	1	0	55	118.78645833333188
n1237	1135	1	0	64	119.11874999999854
n1229	1130	1	0	67	118.80208333333188
n1223	1136	1	0	67	119.11979166666521
n1230	deletion
n1222	1132	1	0	71	118.79062499999854
n1249	1140	1	0	55	119.46041666666521
n1250	1144	1	0	57	119.81874999999854
n1239	1141	1	0	60	119.81666666666521
n1238	1139	1	0	62	119.47395833333188
n1232	1143	1	0	64	119.83124999999855
n1231	1138	1	0	65	119.45416666666522
n1224	1142	1	0	72	119.80833333333187
n1273	1151	1	0	43	120.49062499999852
n1272	1145	1	0	47	120.14270833333185
n1270	1154	1	0	55	120.14583333333185
n1263	1146	1	0	62	120.17187499999851
n1264	1148	1	0	67	120.33229166666518
n1265	deletion
n1266	1152	1	0	71	120.66354166666518
n1253	1150	1	0	72	120.50833333333185
n1251	1147	1	0	74	120.16145833333185
n1254	1153	1	0	74	120.67187499999852
n1252	1149	1	0	76	120.33749999999851
n1275	1157	1	0	48	121.17291666666519
n1267	1162	1	0	72	120.85624999999851
n1257	1158	1	0	74	121.18645833333186
n1255	1155	1	0	76	120.84166666666519
n1258	1159	1	0	76	121.34374999999854
n1256	1156	1	0	77	121.02395833333185
n1278	1164	1	0	48	121.84062499999854
n1276	1160	1	0	50	121.5135416666652
n1279	1166	1	0	50	122.01249999999854
n1277	1163	1	0	52	121.67187499999854
n1260	1165	1	0	76	121.85104166666521
n1259	1161	1	0	77	121.5135416666652
n1282	deletion
n1280	1167	1	0	52	122.17187499999854
n1283	1172	1	0	52	122.52187499999852
n1281	1169	1	0	53	122.33229166666518
n1271	1181	1	0	55	123.20416666666519
n1303	1186	1	0	55	123.39999999999853
n1269	1174	1	0	70	122.52395833333185
n1268	1170	1	0	71	122.20937499999852
n1261	1168	1	0	74	122.1791666666652
n1262	1173	1	0	79	122.51249999999851
n1314	1182	1	0	52	123.20312499999852
n1313	1177	1	0	53	122.85729166666516
n1301	1176	1	0	57	122.87083333333183
n1304	1184	1	0	57	123.3697916666652
n1302	1179	1	0	59	123.0249999999985
n1299	deletion
n1285	1180	1	0	71	123.03333333333184
n1284	1178	1	0	72	122.8687499999985
n1287	1185	1	0	72	123.37395833333186
n1286	1183	1	0	74	123.21249999999853
n1315	1194	1	0	50	123.55624999999854
n1316	1193	1	0	55	123.89687499999853
n1307	1191	1	0	57	123.87499999999852
n1305	1187	1	0	59	123.5479166666652
n1308	1195	1	0	59	124.04270833333187
n1306	1189	1	0	60	123.71874999999854
n1291	1196	1	0	65	124.04999999999853
n1290	1192	1	0	67	123.88854166666519
n1289	1190	1	0	69	123.71562499999854
n1288	1188	1	0	71	123.55833333333187
n1317	1198	1	0	48	124.22812499999854
n1318	1201	1	0	50	124.56874999999847
n1319	1204	1	0	52	124.73124999999845
n1310	1200	1	0	59	124.5770833333318
n1309	1197	1	0	60	124.23124999999854
n1292	1199	1	0	64	124.23645833333187
n1293	1202	1	0	65	124.5708333333318
n1294	1203	1	0	67	124.73020833333179
n1320	1217	1	0	53	124.90416666666512
n1311	1205	1	0	57	124.92395833333178
n1300	1210	1	0	62	125.25208333333177
n1312	deletion
n1295	1206	1	0	69	124.90312499999845
n1296	1207	1	0	71	125.07499999999844
n1297	1208	1	0	72	125.2510416666651
n1298	1209	1	0	74	125.41874999999844
n1338	deletion
n1328	1213	1	0	60	125.93124999999844
n1329	1215	1	0	62	126.09479166666512
n1327	1211	1	0	64	125.7635416666651
n1323	1216	1	0	67	126.08854166666512
n1322	1214	1	0	69	125.92708333333178
n1321	1212	1	0	71	125.5979166666651
n1349	1220	1	0	52	126.28020833333179
n1350	1222	1	0	57	126.59999999999845
n1339	1223	1	0	60	126.60937499999845
n1332	1221	1	0	62	126.61041666666512
n1330	1218	1	0	64	126.27395833333179
n1333	1224	1	0	64	126.76562499999845
n1331	1219	1	0	65	126.43333333333179
n1324	1229	1	0	72	126.27395833333179
n1351	1227	1	0	50	126.94999999999844
n1352	1232	1	0	52	127.29687499999844
n1341	1228	1	0	53	127.12708333333177
n1353	1234	1	0	53	127.45312499999842
n1342	1230	1	0	55	127.29687499999844
n1343	1233	1	0	57	127.45624999999842
n1340	1226	1	0	62	126.9541666666651
n1335	1231	1	0	64	127.28437499999843
n1334	1225	1	0	65	126.92916666666511
n1355	1243	1	0	43	127.97395833333177
n1354	1236	1	0	55	127.63749999999841
n1344	1235	1	0	59	127.62499999999841
n1347	1242	1	0	59	128.1385416666651
n1345	1238	1	0	60	127.79062499999843
n1336	1237	1	0	62	127.64687499999842
n1346	1240	1	0	62	127.98645833333177
n1337	1241	1	0	67	127.9760416666651
n1325	1239	1	0	71	127.63333333333175
n1381	1244	1	0	48	128.3322916666651
n1378	1246	1	0	55	128.33333333333178
n1368	1252	1	0	62	128.84687499999848
n1365	1245	1	0	64	128.37187499999845
n1367	1250	1	0	64	128.69999999999848
n1366	1248	1	0	65	128.49374999999847
n1356	1247	1	0	72	128.34270833333179
n1357	1249	1	0	76	128.68437499999848
n1358	1251	1	0	77	128.83854166666515
n1382	1258	1	0	52	129.3552083333318
n1372	1259	1	0	56	129.5177083333318
n1371	1257	1	0	57	129.3708333333318
n1370	1255	1	0	59	129.17083333333179
n1369	1254	1	0	60	129.0145833333318
n1360	1256	1	0	74	129.34999999999846
n1359	1253	1	0	76	129.01874999999848
n1383	1260	1	0	45	129.71874999999847
n1386	1267	1	0	55	130.1979166666652
n1373	1261	1	0	57	129.73229166666513
n1385	1266	1	0	57	130.04270833333186
n1384	1263	1	0	58	129.88645833333183
n1374	1265	1	0	69	130.04687499999855
n1375	1268	1	0	70	130.20208333333187
n1361	1262	1	0	72	129.6895833333318
n1362	1264	1	0	73	130.04895833333188
n1390	1276	1	0	49	130.8947916666652
n1389	1273	1	0	50	130.7302083333319
n1388	1272	1	0	52	130.55312499999854
n1387	1271	1	0	53	130.3864583333319
n1377	1275	1	0	67	130.7291666666652
n1376	1269	1	0	69	130.3854166666652
n1363	1270	1	0	74	130.41562499999856
n1364	1274	1	0	76	130.75208333333188
n1423	1296	1	0	50	131.07604166666522
n1414	1279	1	0	57	131.44062499999853
n1415	1282	1	0	58	131.5854166666652
n1402	1277	1	0	65	131.0822916666652
n1403	1280	1	0	65	131.45624999999853
n1404	1283	1	0	67	131.61874999999853
n1391	1278	1	0	69	131.09374999999855
n1392	1281	1	0	74	131.45520833333185
n1393	1284	1	0	76	131.59374999999852
n1417	1288	1	0	55	132.12395833333184
n1416	1285	1	0	57	131.77187499999852
n1406	1289	1	0	64	132.13541666666518
n1405	1286	1	0	65	131.78645833333184
n1395	1290	1	0	72	132.12499999999852
n1394	1287	1	0	74	131.78020833333184
n1418	1293	1	0	53	132.47812499999853
n1419	1298	1	0	53	132.80624999999858
n1420	1302	1	0	55	132.98333333333193
n1407	1291	1	0	62	132.47395833333186
n1408	1294	1	0	64	132.63749999999857
n1410	1300	1	0	64	132.9874999999986
n1409	1297	1	0	65	132.80729166666526
n1396	1292	1	0	71	132.48645833333188
n1397	1295	1	0	72	132.63229166666522
n1399	1301	1	0	72	132.9718749999986
n1398	1299	1	0	74	132.8093749999986
n1422	1306	1	0	52	133.5062499999986
n1425	deletion
n1421	1304	1	0	53	133.14895833333193
n1412	1307	1	0	60	133.5187499999986
n1411	1303	1	0	62	133.1593749999986
n1401	1309	1	0	69	133.5031249999986
n1400	1305	1	0	71	133.1406249999986
n1440	1310	1	0	50	133.8437499999987
n1441	1313	1	0	52	134.01979166666538
n1443	1316	1	0	52	134.34999999999872
n1442	1314	1	0	53	134.1687499999987
n1450	deletion
n1426	1312	1	0	67	133.86562499999872
n1429	1311	1	0	71	133.83541666666534
n1430	1315	1	0	74	134.18333333333203
n1445	1319	1	0	48	134.86458333333204
n1444	1317	1	0	50	134.52395833333205
n1431	1320	1	0	69	134.86979166666538
n1454	1328	1	0	52	135.70520833333202
n1453	1327	1	0	53	135.55208333333204
n1452	1323	1	0	55	135.35833333333204
n1446	1321	1	0	59	135.21354166666538
n1447	1325	1	0	62	135.5437499999987
n1433	1324	1	0	65	135.37708333333205
n1432	1322	1	0	67	135.2260416666654
n1435	1329	1	0	67	135.7062499999987
n1434	1326	1	0	69	135.55208333333204
n1455	1338	1	0	50	135.87187499999868
n1449	1332	1	0	57	136.21249999999867
n1437	1331	1	0	64	136.04166666666535
n1436	1330	1	0	65	135.902083333332
n1439	1334	1	0	65	136.36562499999866
n1438	1333	1	0	67	136.21249999999867
n1486	1343	1	0	48	136.87812499999865
n1474	1337	1	0	53	136.70833333333198
n1473	1336	1	0	55	136.54374999999865
n1476	1341	1	0	55	137.01666666666532
n1475	1340	1	0	57	136.87499999999864
n1456	1335	1	0	64	136.54583333333198
n1457	1339	1	0	65	136.85520833333197
n1487	1348	1	0	47	137.567708333332
n1478	1344	1	0	52	137.36562499999866
n1477	1342	1	0	53	137.18437499999865
n1480	1349	1	0	53	137.7218749999987
n1479	1346	1	0	55	137.55937499999865
n1459	1347	1	0	62	137.56041666666533
n1458	1345	1	0	67	137.21666666666533
n1488	1353	1	0	48	137.92291666666537
n1489	1355	1	0	50	138.26770833333202
n1481	1351	1	0	52	137.91458333333205
n1482	1354	1	0	53	138.2531249999987
n1460	1350	1	0	69	137.92291666666537
n1462	1356	1	0	69	138.27083333333204
n1461	1352	1	0	71	138.0906249999987
n1463	1357	1	0	71	138.41874999999868
n1490	1366	1	0	43	138.5999999999987
n1484	1367	1	0	50	138.87187499999868
n1483	1362	1	0	55	138.61249999999868
n1465	1365	1	0	69	139.03020833333196
n1468	1359	1	0	71	138.67604166666533
n1470	1361	1	0	71	138.82916666666534
n1472	1364	1	0	71	138.96249999999864
n1466	1368	1	0	71	139.1041666666653
n1464	deletion
n1467	1358	1	0	72	138.59583333333202
n1469	1360	1	0	72	138.76041666666535
n1471	1363	1	0	72	138.880208333332
n1512	1369	1	0	57	139.20833333333195
n1514	1373	1	0	57	139.5343749999986
n1521	deletion
n1513	1371	1	0	59	139.3760416666653
n1515	1375	1	0	59	139.67708333333192
n1491	1370	1	0	72	139.19895833333194
n1493	1374	1	0	72	139.54270833333192
n1492	1372	1	0	74	139.3687499999986
n1494	1376	1	0	74	139.6843749999986
n1523	1390	1	0	53	140.11249999999865
n1522	1382	1	0	55	139.84895833333195
n1517	deletion
n1529	1378	1	0	59	139.95937499999863
n1531	1387	1	0	59	140.10416666666532
n1516	deletion
n1533	deletion
n1518	deletion
n1528	1380	1	0	60	139.85729166666528
n1530	1383	1	0	60	140.070833333332
n1519	1403	1	0	60	140.45937499999872
n1532	deletion
n1496	1388	1	0	72	140.29999999999868
n1507	1379	1	0	74	139.94583333333196
n1509	1384	1	0	74	140.09374999999866
n1511	1386	1	0	74	140.22604166666534
n1497	1389	1	0	74	140.36666666666537
n1495	deletion
n1506	1377	1	0	76	139.85833333333196
n1508	1381	1	0	76	140.02499999999864
n1510	1385	1	0	76	140.16145833333198
n1525	1395	1	0	50	140.8062499999987
n1524	1393	1	0	52	140.4604166666654
n1501	1396	1	0	71	140.97395833333204
n1500	1394	1	0	72	140.82083333333202
n1499	1392	1	0	74	140.64479166666538
n1498	1391	1	0	76	140.46249999999873
n1526	1402	1	0	48	141.15104166666535
n1527	1400	1	0	52	141.4531249999987
n1505	1401	1	0	64	141.63645833333203
n1504	1399	1	0	66	141.4781249999987
n1503	1398	1	0	67	141.30833333333203
n1502	1397	1	0	69	141.14270833333202
n1556	1404	1	0	50	141.8124999999987
n1557	1408	1	0	50	142.1666666666654
n1558	1409	1	0	52	142.32499999999874
n1549	1406	1	0	54	142.16874999999874
n1541	1407	1	0	62	142.16874999999874
n1540	1405	1	0	66	141.82083333333202
n1560	1414	1	0	48	142.84999999999874
n1559	1411	1	0	50	142.50312499999873
n1550	1410	1	0	55	142.5072916666654
n1551	deletion
n1542	1412	1	0	64	142.50520833333206
n1543	1413	1	0	66	142.85624999999874
n1561	1417	1	0	47	143.19999999999874
n1562	1419	1	0	47	143.55208333333212
n1563	1422	1	0	48	143.70416666666546
n1553	1418	1	0	50	143.5499999999988
n1552	1416	1	0	59	143.20937499999874
n1545	1421	1	0	66	143.59270833333213
n1544	1415	1	0	67	143.1979166666654
n1536	1420	1	0	74	143.54479166666545
n1537	1423	1	0	76	143.70520833333214
n1565	1429	1	0	45	144.24999999999883
n1564	1426	1	0	47	143.89374999999885
n1554	1424	1	0	52	143.8906249999988
n1555	1431	1	0	54	144.22395833333218
n1546	1425	1	0	67	143.89270833333217
n1547	1428	1	0	69	144.2416666666655
n1539	1430	1	0	72	144.2260416666655
n1538	1427	1	0	74	143.8916666666655
n1586	1432	1	0	43	144.59895833333218
n1587	1434	1	0	45	144.75833333333216
n1589	1437	1	0	45	145.07291666666552
n1588	1435	1	0	47	144.92812499999886
n1583	1439	1	0	55	144.5854166666655
n1577	1440	1	0	62	144.58437499999883
n1566	1433	1	0	71	144.58333333333215
n1567	1436	1	0	71	144.92604166666553
n1568	1438	1	0	72	145.0895833333322
n1591	1445	1	0	42	145.61874999999887
n1590	1442	1	0	43	145.2677083333322
n1584	deletion
n1578	1446	1	0	63	145.66666666666555
n1570	1444	1	0	69	145.62812499999887
n1569	1443	1	0	71	145.2895833333322
n1592	1448	1	0	52	145.99374999999887
n1593	1453	1	0	55	146.31249999999886
n1585	1456	1	0	59	145.99479166666555
n1581	1454	1	0	63	146.49895833333224
n1580	1451	1	0	64	146.35624999999888
n1579	deletion
n1571	1449	1	0	67	145.98541666666554
n1572	1450	1	0	69	146.14374999999887
n1574	1455	1	0	69	146.48541666666557
n1573	1452	1	0	71	146.32916666666554
n1594	1459	1	0	50	147.00937499999893
n1582	1457	1	0	64	146.6791666666656
n1576	1460	1	0	66	147.00624999999891
n1575	1458	1	0	67	146.66249999999891
n1624	1463	1	0	47	147.5010416666656
n1623	1461	1	0	48	147.33749999999893
n1626	1468	1	0	48	147.8322916666656
n1625	1464	1	0	50	147.67812499999891
n1615	1465	1	0	52	147.68124999999893
n1607	1467	1	0	67	147.7010416666656
n1595	1462	1	0	76	147.3416666666656
n1596	1466	1	0	79	147.68645833333227
n1628	1472	1	0	45	148.1979166666656
n1627	1470	1	0	47	148.0416666666656
n1630	1477	1	0	47	148.54374999999897
n1629	1473	1	0	48	148.38749999999897
n1616	1469	1	0	54	148.02916666666562
n1617	1474	1	0	55	148.38124999999897
n1608	1471	1	0	69	148.02395833333227
n1609	1475	1	0	71	148.37604166666563
n1598	1476	1	0	74	148.38124999999897
n1631	1480	1	0	45	148.7302083333323
n1632	1485	1	0	47	149.08229166666564
n1619	1484	1	0	50	149.07499999999897
n1618	1478	1	0	57	148.7208333333323
n1611	1482	1	0	67	149.10312499999898
n1600	1481	1	0	71	148.89687499999897
n1599	1479	1	0	72	148.74062499999897
n1602	1486	1	0	72	149.2427083333323
n1610	deletion
n1601	1483	1	0	74	149.0864583333323
n1634	1494	1	0	43	149.74062499999894
n1633	1488	1	0	48	149.40937499999896
n1621	1491	1	0	50	149.7510416666656
n1620	1489	1	0	52	149.41354166666562
n1622	1495	1	0	52	149.91458333333227
n1612	1492	1	0	66	149.77395833333227
n1613	1496	1	0	67	149.94999999999894
n1604	1490	1	0	69	149.57604166666562
n1603	1487	1	0	71	149.41979166666562
n1606	1497	1	0	71	149.9104166666656
n1605	1493	1	0	72	149.73645833333228
n1671	1503	1	0	50	150.08437499999894
n1658	1501	1	0	52	150.41249999999897
n1656	1499	1	0	54	150.0864583333323
n1659	1504	1	0	54	150.58749999999898
n1657	1500	1	0	55	150.25104166666563
n1635	1498	1	0	69	150.08541666666562
n1646	deletion
n1636	1502	1	0	71	150.42812499999897
n1672	1508	1	0	52	150.78124999999898
n1662	1510	1	0	54	151.1364583333323
n1660	1505	1	0	55	150.79062499999898
n1663	1511	1	0	55	151.29999999999896
n1661	1507	1	0	57	150.953124999999
n1638	1509	1	0	67	151.128124999999
n1637	1506	1	0	72	150.77187499999897
n1673	1518	1	0	54	151.46979166666566
n1664	1513	1	0	57	151.47291666666567
n1665	1515	1	0	59	151.79374999999902
n1666	1519	1	0	60	151.95208333333238
n1639	1512	1	0	74	151.465624999999
n1641	1516	1	0	74	151.79687499999903
n1640	1514	1	0	76	151.63020833333235
n1642	1517	1	0	76	151.94895833333237
n1674	1529	1	0	55	152.12708333333237
n1669	1526	1	0	57	152.4052083333324
n1667	1521	1	0	59	152.1229166666657
n1670	1530	1	0	59	152.55104166666575
n1668	1523	1	0	60	152.28437499999905
n1644	1531	1	0	74	152.55312499999908
n1651	1522	1	0	76	152.2010416666657
n1653	1525	1	0	76	152.36249999999907
n1655	1528	1	0	76	152.5052083333324
n1645	1532	1	0	76	152.63645833333243
n1643	deletion
n1650	1520	1	0	77	152.12187499999902
n1652	1524	1	0	77	152.2791666666657
n1654	1527	1	0	77	152.42291666666574
n1698	1540	1	0	57	152.76041666666578
n1689	1533	1	0	60	152.7312499999991
n1690	1536	1	0	62	153.0916666666658
n1691	1538	1	0	64	153.25208333333245
n1683	1539	1	0	72	153.25312499999913
n1682	1537	1	0	74	153.10208333333244
n1681	1535	1	0	76	152.95104166666576
n1675	1550	1	0	77	152.72604166666576
n1700	1546	1	0	57	153.76145833333248
n1699	1542	1	0	59	153.46562499999916
n1693	1545	1	0	60	153.7645833333325
n1692	1543	1	0	62	153.43854166666583
n1686	1547	1	0	68	153.76249999999916
n1685	1544	1	0	69	153.59374999999918
n1687	1548	1	0	69	153.91770833333248
n1684	1541	1	0	71	153.42499999999916
n1702	1554	1	0	52	154.46770833333258
n1701	1549	1	0	56	154.12187499999914
n1695	1552	1	0	56	154.45312499999926
n1694	1551	1	0	59	154.1447916666658
n1688	1555	1	0	71	154.1197916666658
n1677	1553	1	0	76	154.45208333333258
n1678	1556	1	0	77	154.60624999999922
n1703	1557	1	0	54	154.78645833333255
n1704	1561	1	0	56	155.1333333333326
n1696	1559	1	0	57	154.7916666666659
n1697	1563	1	0	59	155.1364583333326
n1680	1562	1	0	74	155.14687499999926
n1679	1558	1	0	76	154.7906249999992
n1733	1569	1	0	48	155.85833333333264
n1727	1568	1	0	52	155.85833333333264
n1732	1566	1	0	57	155.50520833333258
n1726	1565	1	0	60	155.50937499999924
n1717	1567	1	0	64	155.84270833333264
n1718	1571	1	0	65	155.99166666666596
n1705	1564	1	0	72	155.49062499999926
n1706	1570	1	0	72	155.85833333333264
n1707	1573	1	0	74	156.00937499999932
n1734	1577	1	0	50	156.194791666666
n1735	1578	1	0	52	156.53333333333268
n1728	1576	1	0	54	156.17083333333267
n1729	1581	1	0	56	156.532291666666
n1720	1580	1	0	62	156.52395833333267
n1719	1574	1	0	64	156.15937499999933
n1709	1579	1	0	71	156.532291666666
n1708	1575	1	0	72	156.16874999999933
n1736	1585	1	0	53	156.89791666666602
n1730	1584	1	0	57	156.88333333333267
n1721	1582	1	0	60	156.89270833333268
n1722	1587	1	0	60	157.2406249999995
n1723	1589	1	0	62	157.4062499999995
n1710	1583	1	0	69	156.8989583333327
n1711	1586	1	0	71	157.07916666666608
n1713	1590	1	0	71	157.41145833333283
n1712	1588	1	0	72	157.25520833333283
n1737	1595	1	0	49	157.9406249999995
n1731	1593	1	0	52	157.9468749999995
n1725	1594	1	0	58	157.95937499999948
n1724	1591	1	0	60	157.58958333333283
n1715	1596	1	0	67	157.9374999999995
n1714	1592	1	0	69	157.5874999999995
n1769	1600	1	0	50	158.3093749999995
n1770	1605	1	0	52	158.64062499999952
n1760	1599	1	0	53	158.31354166666617
n1761	1603	1	0	55	158.65208333333285
n1750	1597	1	0	57	158.29270833333285
n1751	1601	1	0	59	158.45312499999952
n1753	1606	1	0	59	158.7864583333329
n1752	1602	1	0	61	158.62083333333285
n1738	1598	1	0	77	158.2729166666662
n1739	1604	1	0	81	158.6156249999995
n1772	1610	1	0	49	159.31354166666625
n1771	1608	1	0	53	158.9822916666662
n1755	1613	1	0	55	159.3187499999996
n1754	1609	1	0	57	158.95312499999955
n1762	deletion
n1763	1612	1	0	58	159.3093749999996
n1741	1611	1	0	76	159.29583333333292
n1773	1621	1	0	50	159.6531249999996
n1766	1622	1	0	54	160.13124999999962
n1765	1618	1	0	56	159.97499999999962
n1764	1615	1	0	57	159.6781249999996
n1756	1614	1	0	66	159.6531249999996
n1757	1619	1	0	71	159.9979166666663
n1743	1617	1	0	72	159.8156249999996
n1742	1616	1	0	74	159.6562499999996
n1745	1623	1	0	74	160.16249999999962
n1744	1620	1	0	76	159.9979166666663
n1774	1633	1	0	45	160.38124999999962
n1767	1630	1	0	52	160.3322916666663
n1768	1629	1	0	57	160.6749999999996
n1759	1626	1	0	64	160.68020833333296
n1747	1625	1	0	71	160.5031249999996
n1746	1624	1	0	72	160.34479166666628
n1749	1628	1	0	72	160.81979166666633
n1748	1627	1	0	74	160.66249999999962
n1802	1634	1	0	44	161.31770833333306
n1797	1638	1	0	52	161.33333333333306
n1796	deletion
n1783	1632	1	0	60	161.16770833333308
n1782	1631	1	0	62	161.0062499999997
n1785	1637	1	0	62	161.49791666666638
n1784	1635	1	0	64	161.33958333333305
n1775	1636	1	0	71	161.00104166666637
n1803	1642	1	0	45	161.68333333333305
n1799	1643	1	0	51	162.1760416666664
n1798	1641	1	0	53	162.0187499999997
n1787	1640	1	0	59	161.85729166666636
n1786	1639	1	0	60	161.69583333333304
n1789	1644	1	0	60	162.20104166666638
n1792	1651	1	0	62	163.04999999999973
n1788	deletion
n1776	1645	1	0	69	162.0531249999997
n1804	1674	1	0	40	162.40312499999976
n1800	1677	1	0	52	162.37708333333308
n1790	1646	1	0	59	162.38229166666642
n1791	1649	1	0	60	162.74062499999974
n1779	1648	1	0	68	162.69895833333308
n1780	1650	1	0	69	162.8760416666664
n1778	1647	1	0	71	162.53541666666644
n1793	1652	1	0	60	163.22083333333305
n1795	1654	1	0	62	163.54062499999972
n1794	1653	1	0	64	163.39374999999973
n1781	1655	1	0	71	163.05833333333305
n1818	1656	1	0	60	163.72916666666637
n1819	1659	1	0	62	164.0906249999997
n1807	1658	1	0	69	164.06458333333305
n1808	1660	1	0	71	164.22708333333304
n1806	1657	1	0	72	163.88541666666637
n1821	1662	1	0	62	164.57708333333304
n1820	1661	1	0	64	164.39999999999972
n1823	1664	1	0	64	164.89270833333302
n1822	1663	1	0	65	164.73958333333303
n1809	1665	1	0	72	164.39479166666638
n1824	1666	1	0	62	165.08020833333302
n1825	1668	1	0	64	165.42187499999972
n1812	1669	1	0	71	165.41041666666638
n1813	1670	1	0	72	165.56979166666645
n1811	1667	1	0	74	165.2281249999997
n1826	1671	1	0	65	165.77499999999978
n1817	1676	1	0	69	166.24687499999982
n1816	1675	1	0	71	166.09895833333314
n1815	1673	1	0	72	165.9343749999998
n1814	1672	1	0	74	165.75624999999977
n1857	1680	1	0	52	166.7552083333332
n1858	1682	1	0	53	166.92291666666657
n1842	deletion
n1829	1678	1	0	68	166.41249999999982
n1830	1679	1	0	71	166.5770833333332
n1831	1681	1	0	72	166.75624999999988
n1832	1683	1	0	74	166.9156249999999
n1860	1687	1	0	50	167.45520833333327
n1859	1684	1	0	52	167.10520833333325
n1845	1689	1	0	70	167.62187499999996
n1833	1685	1	0	76	167.10624999999993
n1834	1686	1	0	77	167.26770833333327
n1835	1688	1	0	79	167.44583333333327
n1861	1690	1	0	49	167.80833333333328
n1862	deletion
n1863	1696	1	0	50	168.30520833333324
n1852	1692	1	0	52	168.14062499999994
n1853	1695	1	0	53	168.31666666666658
n1846	1700	1	0	69	167.79999999999995
n1839	1697	1	0	77	168.3031249999999
n1838	1694	1	0	79	168.14999999999995
n1837	1691	1	0	81	167.98020833333328
n1865	1703	1	0	47	168.8385416666666
n1864	1699	1	0	49	168.5072916666666
n1855	1702	1	0	50	168.83333333333326
n1854	1698	1	0	52	168.48958333333326
n1848	1701	1	0	73	168.66666666666657
n1850	1705	1	0	74	169.00937499999992
n1849	1704	1	0	76	168.8385416666666
n1840	1706	1	0	79	168.48229166666658
n1897	1707	1	0	45	169.19583333333327
n1898	1710	1	0	47	169.3427083333333
n1900	1718	1	0	47	169.85208333333333
n1889	1708	1	0	49	169.18437499999993
n1890	1712	1	0	49	169.5177083333333
n1892	1716	1	0	49	169.72395833333331
n1899	deletion
n1891	1715	1	0	50	169.69791666666666
n1879	1709	1	0	76	169.18333333333325
n1868	1714	1	0	76	169.52499999999998
n1867	1711	1	0	77	169.35416666666663
n1869	1717	1	0	77	169.67916666666665
n1902	1722	1	0	43	170.2052083333334
n1901	1719	1	0	45	169.9177083333333
n1893	1721	1	0	46	170.1989583333334
n1881	1720	1	0	69	170.01979166666666
n1882	1724	1	0	73	170.21666666666673
n1883	1726	1	0	74	170.3770833333334
n1870	1725	1	0	79	169.85833333333332
n1903	1731	1	0	41	170.571875
n1894	1732	1	0	45	170.56770833333334
n1885	1727	1	0	73	170.76874999999998
n1886	1730	1	0	74	170.94687499999995
n1884	1729	1	0	76	170.571875
n1874	1733	1	0	79	171.11041666666662
n1873	1735	1	0	81	170.93437499999996
n1872	1728	1	0	82	170.75416666666666
n1904	1744	1	0	53	171.61145833333333
n1896	1741	1	0	64	171.7635416666667
n1895	1738	1	0	65	171.60833333333332
n1888	1742	1	0	67	171.80729166666669
n1887	1739	1	0	69	171.634375
n1878	1743	1	0	73	171.78958333333335
n1877	1740	1	0	74	171.62083333333334
n1876	1737	1	0	76	171.4385416666666
n1875	1736	1	0	77	171.28124999999994
n1932	1754	1	0	55	172.35625000000005
n1931	1750	1	0	58	171.9729166666667
n1927	1760	1	0	62	171.9760416666667
n1912	1746	1	0	65	172.0010416666667
n1913	1748	1	0	70	172.3614583333334
n1905	1745	1	0	74	171.98125000000005
n1907	1751	1	0	74	172.3458333333334
n1906	1747	1	0	76	172.16875000000005
n1908	1752	1	0	76	172.53750000000008
n1933	1755	1	0	57	172.7781250000001
n1928	1761	1	0	61	173.14583333333346
n1915	1766	1	0	67	173.1510416666668
n1914	1756	1	0	69	172.76145833333342
n1910	1762	1	0	74	173.3500000000002
n1924	1757	1	0	76	172.81979166666676
n1926	1759	1	0	76	172.9812500000001
n1909	deletion
n1923	1753	1	0	77	172.7375000000001
n1925	1758	1	0	77	172.9093750000001
n1936	1769	1	0	49	174.15312500000027
n1934	1765	1	0	50	173.64062500000023
n1935	1767	1	0	50	173.99062500000025
n1930	1771	1	0	57	173.99895833333358
n1929	1764	1	0	62	173.63333333333355
n1918	1770	1	0	64	174.21979166666694
n1917	1768	1	0	65	174.01458333333358
n1911	1776	1	0	74	173.64062500000023
n1937	1772	1	0	50	174.3427083333336
n1938	1774	1	0	52	174.67291666666696
n1919	1773	1	0	65	174.37916666666695
n1922	1778	1	0	65	174.85416666666697
n1920	1775	1	0	67	174.46666666666695
n1921	1777	1	0	69	174.71145833333364
n1953	1784	1	0	52	175.55000000000035
n1951	1780	1	0	53	175.0218750000003
n1952	1781	1	0	53	175.37187500000036
n1943	1783	1	0	56	175.52812500000036
n1942	1782	1	0	57	175.37812500000035
n1940	1779	1	0	62	175.0343750000003
n1954	1786	1	0	54	175.70104166666704
n1955	1787	1	0	56	176.06562500000038
n1944	1785	1	0	57	175.71041666666704
n1945	1788	1	0	59	176.06250000000037
n1958	1792	1	0	54	176.7270833333338
n1957	1790	1	0	56	176.55729166666708
n1959	1794	1	0	56	176.8937500000005
n1956	1789	1	0	57	176.42395833333373
n1948	1795	1	0	59	176.90729166666716
n1946	1791	1	0	60	176.4031250000004
n1947	1793	1	0	60	176.75208333333381
n1960	1797	1	0	57	177.07291666666717
n1961	1799	1	0	59	177.4208333333338
n1949	1796	1	0	60	177.08020833333384
n1950	1798	1	0	62	177.42291666666713
n1972	1804	1	0	45	178.0854166666672
n1971	1800	1	0	48	177.74791666666718
n1964	1803	1	0	60	178.09895833333385
n1963	1802	1	0	62	177.9229166666672
n1965	1805	1	0	62	178.2510416666672
n1962	1801	1	0	64	177.76666666666716
n1974	1807	1	0	50	178.77812500000056
n1966	1806	1	0	64	178.43125000000055
n1967	1808	1	0	65	178.7645833333339
n1977	1813	1	0	50	179.43750000000057
n1975	1809	1	0	52	179.09062500000059
n1969	1812	1	0	52	179.44791666666723
n1978	1814	1	0	52	179.59479166666722
n1976	1811	1	0	53	179.26354166666724
n1968	1810	1	0	56	179.10729166666724
n1981	1817	1	0	52	180.09166666666724
n1979	1815	1	0	53	179.76562500000057
n1982	1819	1	0	54	180.25625000000056
n1980	1816	1	0	55	179.93750000000057
n1970	1818	1	0	57	180.10416666666723
n2002	1824	1	0	53	180.82083333333395
n2001	1821	1	0	55	180.4552083333339
n1991	1823	1	0	57	180.79583333333395
n1989	1820	1	0	59	180.46250000000057
n1992	1825	1	0	59	180.96250000000063
n1990	1822	1	0	60	180.62916666666726
n2003	1827	1	0	52	181.13541666666728
n2004	1830	1	0	57	181.48645833333399
n1995	1829	1	0	59	181.4947916666673
n1993	1826	1	0	60	181.14895833333395
n1996	1831	1	0	61	181.6416666666673
n1994	1828	1	0	62	181.30625000000063
n2005	1834	1	0	50	181.8322916666673
n2006	1837	1	0	57	182.22187500000072
n1998	1836	1	0	60	182.22500000000073
n1997	1832	1	0	62	181.82812500000063
n1985	1833	1	0	76	182.21979166666736
n1986	1835	1	0	77	182.3708333333341
n2008	1840	1	0	56	182.7208333333341
n2010	1844	1	0	56	183.0802083333341
n2009	1843	1	0	57	182.91875000000076
n1999	1839	1	0	59	182.54062500000077
n2000	1842	1	0	64	182.90312500000076
n1988	1841	1	0	74	182.8833333333341
n1987	1838	1	0	76	182.55729166666745
n2032	1852	1	0	57	183.25000000000077
n2037	deletion
n2023	1846	1	0	69	183.58958333333416
n2024	1848	1	0	71	183.75000000000085
n2011	1845	1	0	72	183.2427083333341
n2012	1847	1	0	72	183.5947916666675
n2013	1849	1	0	74	183.76354166666752
n2041	1857	1	0	52	184.47395833333425
n2040	1856	1	0	53	184.29270833333422
n2039	1853	1	0	55	184.1145833333342
n2026	1854	1	0	67	184.2895833333342
n2025	1850	1	0	69	183.9489583333342
n2015	1855	1	0	70	184.28854166666753
n2014	1851	1	0	72	183.94479166666753
n2042	1869	1	0	53	184.6437500000009
n2033	1862	1	0	57	185.006250000001
n2034	1865	1	0	58	185.16562500000103
n2027	1859	1	0	65	184.66666666666757
n2028	1861	1	0	65	185.00000000000097
n2029	1864	1	0	67	185.16250000000102
n2016	1858	1	0	69	184.66354166666756
n2017	1860	1	0	70	184.8291666666676
n2019	1866	1	0	70	185.1604166666677
n2018	1863	1	0	72	184.99687500000095
n2046	1877	1	0	49	185.83645833333446
n2045	1875	1	0	50	185.68437500000107
n2044	1871	1	0	52	185.48437500000108
n2036	1876	1	0	58	185.67291666666773
n2035	1868	1	0	60	185.35000000000105
n2031	1873	1	0	64	185.6958333333344
n2030	1867	1	0	65	185.36666666666773
n2021	1874	1	0	67	185.6958333333344
n2020	1870	1	0	69	185.35312500000106
n2078	1878	1	0	50	186.04270833333453
n2069	deletion
n2059	1879	1	0	62	186.04270833333453
n2070	1883	1	0	62	186.38750000000118
n2060	1881	1	0	64	186.21145833333452
n2062	1885	1	0	64	186.5531250000012
n2071	deletion
n2061	1882	1	0	65	186.3906250000012
n2047	1880	1	0	77	186.03854166666784
n2048	1884	1	0	81	186.3750000000012
n2064	1891	1	0	61	187.08854166666782
n2063	1886	1	0	62	186.73541666666785
n2072	1887	1	0	65	186.72291666666786
n2073	1889	1	0	67	186.88854166666783
n2074	1895	1	0	69	187.07500000000115
n2050	1890	1	0	76	187.0864583333345
n2076	1900	1	0	67	187.76041666666782
n2065	1892	1	0	70	187.42291666666785
n2052	1894	1	0	73	187.58437500000116
n2051	1893	1	0	74	187.4281250000012
n2066	1896	1	0	74	187.7885416666678
n2054	1898	1	0	74	187.94062500000115
n2053	1897	1	0	76	187.7729166666678
n2077	1907	1	0	65	188.45416666666782
n2068	1902	1	0	69	188.46979166666782
n2056	1901	1	0	71	188.29791666666782
n2058	1904	1	0	72	188.62604166666782
n2055	1899	1	0	73	188.12812500000115
n2057	1903	1	0	74	188.45937500000116
n2096	1911	1	0	64	189.15104166666794
n2085	1908	1	0	65	188.98229166666786
n2084	1906	1	0	67	188.80729166666782
n2087	1912	1	0	67	189.32604166666795
n2086	1910	1	0	69	189.16041666666794
n2079	1905	1	0	71	188.7927083333345
n2080	1909	1	0	73	189.15000000000126
n2097	1920	1	0	62	189.50104166666796
n2089	1915	1	0	64	189.67916666666795
n2088	1914	1	0	65	189.51666666666796
n2091	1918	1	0	65	190.00208333333467
n2090	1916	1	0	67	189.84895833333465
n2082	1917	1	0	69	189.844791666668
n2081	1913	1	0	74	189.4864583333346
n2099	1921	1	0	61	190.35729166666803
n2101	1924	1	0	62	190.7145833333347
n2092	1919	1	0	64	190.20312500000136
n2100	1923	1	0	64	190.54062500000137
n2093	1922	1	0	65	190.53541666666803
n2083	1931	1	0	76	190.19375000000136
n2103	1929	1	0	59	191.05937500000138
n2102	1925	1	0	61	190.8864583333347
n2105	1928	1	0	61	191.42291666666804
n2104	1926	1	0	62	191.2489583333347
n2094	1927	1	0	67	190.89166666666804
n2124	1934	1	0	62	191.5875000000014
n2116	1930	1	0	65	191.6239583333347
n2107	1932	1	0	73	191.77708333333473
n2108	1933	1	0	74	191.94895833333473
n2109	1935	1	0	77	192.10520833333473
n2126	1937	1	0	59	192.5125000000014
n2127	1939	1	0	61	192.6843750000014
n2117	1936	1	0	64	192.29166666666808
n2128	1940	1	0	64	192.83541666666807
n2118	1938	1	0	69	192.6531250000014
n2110	1941	1	0	79	192.29583333333474
n2129	1947	1	0	65	193.01145833333473
n2120	1942	1	0	73	193.1833333333347
n2121	1945	1	0	74	193.35416666666805
n2112	1943	1	0	76	193.17500000000138
n2113	1944	1	0	77	193.3500000000014
n2114	1946	1	0	81	193.51354166666803
n2131	1949	1	0	62	193.89583333333468
n2132	1951	1	0	64	194.06666666666803
n2122	1948	1	0	67	193.7208333333347
n2133	1952	1	0	67	194.23854166666803
n2123	1950	1	0	72	194.03750000000136
n2115	1953	1	0	82	193.6989583333347
n2155	1958	1	0	69	194.40312500000138
n2146	deletion
n2147	deletion
n2148	1955	1	0	77	194.7364583333347
n2135	1954	1	0	79	194.55625000000137
n2136	1956	1	0	81	194.72812500000137
n2137	1957	1	0	84	194.8968750000014
n2157	1959	1	0	65	195.24583333333476
n2158	1962	1	0	67	195.3885416666681
n2149	1961	1	0	70	195.09062500000144
n2159	1963	1	0	70	195.55416666666812
n2138	1960	1	0	74	195.07500000000144
n2139	1964	1	0	76	195.41145833333476
n2140	1965	1	0	79	195.5614583333348
n2160	1966	1	0	64	195.72708333333478
n2161	1968	1	0	65	196.0739583333348
n2151	1969	1	0	67	195.88958333333477
n2152	1970	1	0	69	196.07812500000145
n2141	1967	1	0	72	195.73437500000145
n2153	1971	1	0	72	196.22812500000143
n2162	deletion
n2154	1972	1	0	62	196.43333333333476
n2143	1978	1	0	65	196.58229166666808
n2144	1973	1	0	67	196.7166666666681
n2145	1974	1	0	70	196.8916666666681
n2184	1977	1	0	48	197.4135416666681
n2185	1981	1	0	50	197.5781250000014
n2179	1983	1	0	60	197.08125000000143
n2171	1980	1	0	64	197.0916666666681
n2172	deletion
n2166	1982	1	0	67	197.59791666666806
n2165	1979	1	0	69	197.43645833333474
n2164	1976	1	0	70	197.24270833333475
n2163	deletion
n2187	1985	1	0	46	198.1322916666681
n2186	1984	1	0	48	197.76979166666808
n2173	1986	1	0	64	198.1479166666681
n2168	1987	1	0	65	198.27812500000144
n2167	1988	1	0	67	197.7947916666681
n2188	1989	1	0	45	198.47708333333478
n2189	1992	1	0	45	198.8447916666682
n2190	1995	1	0	46	198.97604166666818
n2181	1990	1	0	48	198.8135416666682
n2169	1999	1	0	65	198.48229166666812
n2174	deletion
n2175	1994	1	0	72	198.8385416666682
n2176	1997	1	0	74	198.9854166666682
n2192	2003	1	0	43	199.5166666666682
n2191	2000	1	0	45	199.19270833333485
n2182	1998	1	0	50	199.17500000000152
n2183	2001	1	0	52	199.52395833333486
n2178	2002	1	0	70	199.5291666666682
n2170	2033	1	0	72	199.1729166666682
n2177	deletion
n2216	2004	1	0	41	199.89687500000156
n2217	2006	1	0	43	200.0520833333349
n2219	2011	1	0	43	200.3906250000016
n2218	2008	1	0	45	200.2208333333349
n2206	2009	1	0	52	200.22812500000157
n2205	2005	1	0	53	199.89583333333488
n2194	2007	1	0	69	199.90104166666822
n2195	2010	1	0	69	200.23750000000157
n2196	2012	1	0	70	200.4000000000016
n2221	2016	1	0	39	200.93958333333495
n2220	2014	1	0	41	200.59270833333494
n2207	2013	1	0	53	200.5906250000016
n2208	deletion
n2198	2017	1	0	67	200.9447916666683
n2197	2015	1	0	69	200.58541666666827
n2222	2020	1	0	50	201.28333333333504
n2211	2023	1	0	54	201.62187500000167
n2223	deletion
n2210	2021	1	0	55	201.445833333335
n2212	2025	1	0	55	201.79583333333497
n2209	2018	1	0	57	201.2875000000017
n2199	2019	1	0	66	201.29166666666836
n2200	2022	1	0	67	201.46562500000167
n2202	2026	1	0	67	201.78958333333497
n2201	2024	1	0	69	201.63437500000165
n2224	2031	1	0	48	202.3135416666683
n2213	2027	1	0	57	201.97500000000164
n2214	2029	1	0	58	202.12291666666832
n2215	2030	1	0	60	202.30312500000164
n2204	2032	1	0	63	202.30312500000164
n2203	2028	1	0	66	201.96770833333497
n2254	2037	1	0	45	202.80104166666837
n2253	2036	1	0	46	202.64895833333503
n2256	2042	1	0	46	203.14583333333508
n2255	2039	1	0	48	202.98541666666839
n2245	2034	1	0	54	202.65104166666836
n2246	2041	1	0	57	202.9843750000017
n2226	2038	1	0	69	202.99791666666837
n2234	2035	1	0	74	202.63541666666836
n2235	2040	1	0	78	202.9843750000017
n2258	2045	1	0	43	203.4885416666684
n2257	2044	1	0	45	203.32812500000173
n2260	2049	1	0	45	203.82500000000172
n2259	2046	1	0	46	203.67187500000173
n2248	2047	1	0	54	203.67083333333505
n2247	2043	1	0	55	203.33437500000173
n2236	2048	1	0	72	203.66458333333506
n2227	2052	1	0	75	203.3385416666684
n2261	2063	1	0	43	204.0197916666684
n2250	2056	1	0	53	204.36770833333506
n2249	2051	1	0	55	204.02500000000174
n2238	2053	1	0	69	204.19270833333508
n2237	2050	1	0	70	204.03020833333508
n2240	2057	1	0	70	204.53125000000173
n2239	2054	1	0	72	204.37187500000172
n2229	2055	1	0	74	204.37500000000173
n2262	2065	1	0	42	205.06041666666846
n2252	2069	1	0	50	205.06770833333513
n2251	2059	1	0	51	204.70833333333508
n2242	2061	1	0	67	204.8833333333351
n2241	2058	1	0	69	204.70937500000176
n2244	2067	1	0	69	205.23854166666845
n2231	2062	1	0	70	204.87812500000175
n2243	2064	1	0	70	205.05937500000178
n2230	2060	1	0	72	204.7114583333351
n2233	2068	1	0	72	205.23541666666844
n2232	2066	1	0	74	205.06458333333512
n2290	2107	1	0	43	205.40937500000177
n2281	2073	1	0	55	205.7500000000018
n2282	2075	1	0	57	205.9000000000018
n2279	2072	1	0	67	205.4697916666684
n2263	2070	1	0	70	205.4302083333351
n2264	2071	1	0	72	205.58541666666846
n2266	2076	1	0	72	205.90729166666847
n2265	2074	1	0	74	205.77812500000178
n2284	2080	1	0	53	206.45312500000182
n2283	2077	1	0	55	206.09479166666847
n2270	2082	1	0	65	206.64583333333516
n2269	2081	1	0	67	206.4760416666685
n2268	2079	1	0	69	206.26562500000182
n2267	2078	1	0	70	206.1125000000018
n2285	2084	1	0	52	206.8072916666685
n2286	2086	1	0	52	207.16458333333523
n2287	2089	1	0	53	207.3250000000019
n2271	2083	1	0	67	206.85937500000185
n2272	2085	1	0	69	207.00833333333517
n2274	2090	1	0	69	207.35104166666855
n2273	2088	1	0	70	207.1875000000019
n2289	2094	1	0	50	207.86041666666856
n2288	2091	1	0	52	207.52916666666857
n2278	2096	1	0	62	208.02604166666856
n2277	2095	1	0	64	207.8718750000019
n2276	2093	1	0	65	207.69166666666857
n2275	2092	1	0	67	207.5250000000019
n2308	2097	1	0	49	208.2041666666686
n2309	2098	1	0	50	208.37083333333527
n2311	2102	1	0	50	208.7291666666686
n2310	2099	1	0	52	208.5416666666686
n2299	2101	1	0	67	208.70416666666858
n2298	2100	1	0	69	208.54375000000192
n2291	2109	1	0	76	208.2010416666686
n2313	2106	1	0	47	209.25520833333525
n2312	2104	1	0	49	208.91458333333526
n2300	2103	1	0	69	208.89895833333526
n2301	2105	1	0	71	209.2604166666686
n2322	2113	1	0	52	209.9583333333353
n2323	2117	1	0	53	210.11041666666867
n2314	2108	1	0	57	209.5875000000019
n2315	2111	1	0	61	209.9541666666686
n2304	2115	1	0	71	210.134375000002
n2302	2110	1	0	73	209.59479166666858
n2303	2112	1	0	73	209.962500000002
n2294	2116	1	0	74	210.12291666666866
n2293	2114	1	0	76	209.9552083333353
n2319	2126	1	0	50	210.80520833333532
n2318	2125	1	0	52	210.653125000002
n2317	2121	1	0	53	210.46041666666866
n2316	2119	1	0	55	210.296875000002
n2307	2122	1	0	69	210.653125000002
n2305	2118	1	0	73	210.306250000002
n2306	2123	1	0	74	210.65729166666867
n2295	2120	1	0	76	210.30312500000198
n2296	2124	1	0	77	210.64791666666866
n2352	2128	1	0	49	210.99062500000198
n2347	2137	1	0	69	211.50208333333532
n2346	2127	1	0	70	211.015625000002
n2339	2133	1	0	73	211.35000000000198
n2338	2132	1	0	74	211.17187500000196
n2340	2135	1	0	74	211.51145833333533
n2337	2129	1	0	76	211.01666666666867
n2326	2136	1	0	77	211.50520833333533
n2324	2130	1	0	79	211.00625000000198
n2325	2134	1	0	79	211.3395833333353
n2351	2145	1	0	62	212.18645833333537
n2350	2143	1	0	64	212.02083333333536
n2349	2141	1	0	65	211.8447916666687
n2348	2140	1	0	67	211.67187500000202
n2341	2138	1	0	76	211.68958333333538
n2342	2142	1	0	77	212.02187500000204
n2327	2139	1	0	79	211.6885416666687
n2328	2144	1	0	81	212.0260416666687
n2353	2149	1	0	61	212.38125000000207
n2344	2152	1	0	64	212.7510416666687
n2355	deletion
n2343	2146	1	0	67	212.3833333333354
n2331	2150	1	0	79	212.74270833333537
n2330	2148	1	0	81	212.56354166666873
n2332	2151	1	0	81	212.8979166666687
n2329	2147	1	0	82	212.3802083333354
n2357	2156	1	0	57	213.40729166666875
n2356	2155	1	0	61	213.07395833333538
n2354	deletion
n2345	2157	1	0	69	213.4218750000021
n2336	2159	1	0	76	213.58645833333543
n2334	2154	1	0	79	213.24270833333537
n2335	2158	1	0	81	213.41666666666876
n2333	2153	1	0	82	213.07500000000206
n2390	2160	1	0	50	213.7781250000021
n2382	2162	1	0	62	213.77604166666876
n2383	2165	1	0	65	214.11041666666878
n2374	2163	1	0	69	213.76979166666877
n2360	2166	1	0	74	214.11666666666878
n2375	deletion
n2359	2164	1	0	76	213.94479166666878
n2361	2167	1	0	76	214.27916666666877
n2358	2161	1	0	77	213.7531250000021
n2385	2172	1	0	57	214.8062500000021
n2384	2171	1	0	62	214.46458333333544
n2377	2173	1	0	67	214.83645833333543
n2376	2168	1	0	69	214.46354166666876
n2365	2175	1	0	73	214.99375000000208
n2363	2170	1	0	74	214.6312500000021
n2364	2174	1	0	76	214.82083333333543
n2362	2169	1	0	77	214.45416666666875
n2391	2180	1	0	50	215.2000000000021
n2387	2183	1	0	53	215.5718750000021
n2386	2178	1	0	58	215.18854166666875
n2379	2181	1	0	62	215.5562500000021
n2378	2176	1	0	65	215.18854166666875
n2368	2184	1	0	70	215.54375000000212
n2367	2179	1	0	72	215.36770833333543
n2369	2185	1	0	72	215.72916666666876
n2366	2177	1	0	74	215.18020833333543
n2388	2189	1	0	58	215.92604166666877
n2389	2191	1	0	62	216.35208333333546
n2380	2186	1	0	65	215.94479166666878
n2381	2190	1	0	65	216.36041666666878
n2373	2193	1	0	69	216.57500000000215
n2371	2188	1	0	70	216.13333333333546
n2372	2192	1	0	72	216.34479166666878
n2370	2187	1	0	74	215.9250000000021
n2407	2194	1	0	50	216.9458333333355
n2403	2196	1	0	59	216.95312500000216
n2396	2195	1	0	64	216.94375000000215
n2392	2197	1	0	71	216.95937500000218
n2393	2199	1	0	76	216.95416666666884
n2394	2198	1	0	80	216.94791666666882
n2408	2205	1	0	51	219.64583333333556
n2409	2204	1	0	57	219.65520833333557
n2405	2203	1	0	60	219.64895833333557
n2400	2201	1	0	68	220.16770833333558
n2399	2200	1	0	69	220.00625000000224
n2401	2202	1	0	69	220.3677083333356
n2395	2207	1	0	81	219.64895833333557
n2402	2206	1	0	71	220.73437500000227
n2433	2216	1	0	52	221.10000000000227
n2434	2215	1	0	57	221.11041666666893
n2431	2218	1	0	60	221.09062500000226
n2422	2211	1	0	71	221.59270833333562
n2420	2208	1	0	72	221.0802083333356
n2421	2209	1	0	72	221.4343750000023
n2412	2212	1	0	74	221.60208333333563
n2411	2210	1	0	76	221.43229166666896
n2423	2213	1	0	72	221.77500000000228
n2424	2217	1	0	74	222.12395833333562
n2413	2214	1	0	76	221.77604166666896
n2414	2219	1	0	78	222.12708333333563
n2435	2230	1	0	52	222.50520833333567
n2432	2227	1	0	59	222.519791666669
n2436	2231	1	0	62	222.50000000000233
n2427	2223	1	0	72	222.84166666666906
n2426	2222	1	0	74	222.67187500000236
n2428	2225	1	0	74	223.00729166666906
n2425	2220	1	0	76	222.49791666666897
n2417	2226	1	0	78	223.0093750000024
n2415	2221	1	0	80	222.49895833333565
n2416	2224	1	0	80	222.8531250000024
n2429	2228	1	0	76	223.2187500000024
n2430	2232	1	0	77	223.55937500000238
n2418	2229	1	0	80	223.20520833333572
n2419	2233	1	0	81	223.55625000000236
n2453	2237	1	0	59	224.30833333333567
n2454	2240	1	0	60	224.46979166666898
n2449	2238	1	0	64	224.30000000000234
n2448	2235	1	0	68	223.92604166666905
n2439	2239	1	0	80	224.304166666669
n2438	2236	1	0	81	224.12500000000236
n2440	2241	1	0	81	224.48333333333565
n2437	2234	1	0	83	223.93958333333572
n2455	2242	1	0	62	224.67187500000233
n2456	2244	1	0	64	224.86666666666898
n2457	2247	1	0	66	225.08333333333564
n2458	2249	1	0	68	225.28541666666902
n2450	2246	1	0	69	225.07604166666897
n2441	2243	1	0	83	224.68645833333565
n2442	2245	1	0	84	225.06666666666897
n2463	2254	1	0	54	225.57187500000234
n2459	2255	1	0	57	225.57187500000234
n2451	2251	1	0	66	225.582291666669
n2443	2256	1	0	69	225.594791666669
n2444	2250	1	0	71	225.58750000000234
n2445	2252	1	0	75	225.57395833333567
n2464	2258	1	0	56	227.507291666669
n2461	2260	1	0	59	227.48958333333567
n2452	2257	1	0	64	227.507291666669
n2446	2262	1	0	71	227.504166666669
n2447	2259	1	0	76	227.485416666669
n2493	2268	1	0	50	228.27187500000238
n2492	2269	1	0	57	227.89479166666905
n2483	2263	1	0	60	227.9000000000024
n2484	2271	1	0	62	228.29791666666907
n2473	2261	1	0	64	227.91354166666906
n2474	2266	1	0	65	228.2958333333357
n2479	2265	1	0	69	227.89479166666905
n2467	2270	1	0	69	228.4750000000024
n2466	2267	1	0	71	228.28750000000238
n2465	2264	1	0	72	227.89166666666904
n2494	2282	1	0	52	228.72083333333578
n2486	2277	1	0	59	229.04479166666923
n2485	2272	1	0	60	228.6947916666691
n2481	2276	1	0	62	229.0770833333359
n2475	2274	1	0	64	228.71145833333577
n2471	2279	1	0	68	229.23020833333592
n2470	2278	1	0	69	229.06354166666924
n2480	deletion
n2469	2275	1	0	71	228.88229166666918
n2468	2273	1	0	72	228.69895833333575
n2495	2311	1	0	45	229.52812500000263
n2488	2283	1	0	57	229.89270833333595
n2490	2285	1	0	57	230.24479166666927
n2487	deletion
n2489	2284	1	0	58	230.05625000000262
n2482	2280	1	0	61	229.52812500000263
n2476	2281	1	0	64	229.5479166666693
n2472	2288	1	0	69	229.52083333333596
n2491	2287	1	0	55	230.5906250000026
n2478	2286	1	0	64	230.59895833333593
n2512	2289	1	0	53	230.9302083333359
n2513	2290	1	0	53	231.29166666666927
n2514	2292	1	0	55	231.44062500000263
n2502	deletion
n2503	2291	1	0	69	231.29583333333593
n2504	2293	1	0	70	231.44375000000264
n2516	2296	1	0	52	231.9854166666693
n2515	2294	1	0	53	231.63854166666928
n2506	2297	1	0	67	231.9947916666693
n2505	2295	1	0	69	231.63854166666928
n2517	2298	1	0	50	232.32604166666928
n2518	2300	1	0	52	232.49375000000265
n2520	2304	1	0	52	232.82604166666928
n2519	2301	1	0	53	232.67187500000264
n2507	2299	1	0	65	232.3354166666693
n2508	2303	1	0	65	232.70625000000263
n2509	2305	1	0	67	232.84270833333593
n2499	2306	1	0	73	232.83645833333594
n2498	2302	1	0	74	232.68437500000263
n2522	2312	1	0	49	233.37604166666927
n2521	2308	1	0	50	233.02291666666926
n2511	2310	1	0	64	233.36041666666927
n2510	2307	1	0	65	233.01458333333593
n2500	2309	1	0	74	233.01041666666927
n2501	2313	1	0	76	233.35520833333592
n2553	deletion
n2554	2319	1	0	53	234.06354166666938
n2546	2316	1	0	57	234.04583333333602
n2547	2320	1	0	59	234.21041666666937
n2545	2314	1	0	62	233.7156250000027
n2537	2321	1	0	67	234.23854166666936
n2536	2317	1	0	69	234.07500000000272
n2526	2322	1	0	76	234.2187500000027
n2524	2315	1	0	77	233.71250000000268
n2525	2318	1	0	77	234.05520833333603
n2556	2330	1	0	50	234.76354166666943
n2555	2325	1	0	52	234.4093750000027
n2548	2324	1	0	61	234.40833333333603
n2549	2328	1	0	62	234.74062500000275
n2538	2323	1	0	69	234.41458333333605
n2539	2327	1	0	71	234.76562500000276
n2527	2326	1	0	77	234.40520833333602
n2528	2329	1	0	79	234.7614583333361
n2557	2342	1	0	55	235.10104166666943
n2550	2340	1	0	64	235.10937500000279
n2542	2337	1	0	71	235.62708333333612
n2540	2332	1	0	73	235.11145833333612
n2541	2335	1	0	73	235.4458333333361
n2531	2336	1	0	77	235.4468750000028
n2530	2334	1	0	79	235.27187500000278
n2532	2338	1	0	79	235.61458333333613
n2529	2331	1	0	81	235.1052083333361
n2558	2350	1	0	53	236.13229166666946
n2551	2355	1	0	62	236.13854166666945
n2543	2339	1	0	73	235.79479166666945
n2544	2343	1	0	74	236.13854166666945
n2533	2341	1	0	81	235.7843750000028
n2534	2344	1	0	82	236.1281250000028
n2585	2357	1	0	52	236.51250000000277
n2578	2347	1	0	67	236.50625000000278
n2560	2352	1	0	69	236.87187500000275
n2559	2346	1	0	73	236.50208333333612
n2572	2353	1	0	73	236.8614583333361
n2571	2351	1	0	74	236.68750000000276
n2573	2354	1	0	74	237.03645833333607
n2570	2348	1	0	76	236.49375000000276
n2586	2360	1	0	50	237.65104166666944
n2580	2361	1	0	64	237.85000000000278
n2579	2359	1	0	65	237.65312500000277
n2561	2358	1	0	74	237.65729166666944
n2574	2356	1	0	76	237.25625000000275
n2575	2367	1	0	77	237.64062500000279
n2587	2375	1	0	59	238.08541666666946
n2581	2366	1	0	62	238.07083333333614
n2576	2362	1	0	68	238.06458333333615
n2564	2364	1	0	71	238.45729166666945
n2563	2363	1	0	72	238.26354166666945
n2565	2365	1	0	72	238.66041666666945
n2582	2372	1	0	62	239.3312500000028
n2583	2374	1	0	64	239.56979166666946
n2605	2380	1	0	64	240.32187500000282
n2607	2388	1	0	64	240.88958333333613
n2609	2400	1	0	64	242.60208333333617
n2616	deletion
n2566	2368	1	0	74	238.88333333333614
n2577	2370	1	0	74	239.33333333333613
n2567	2369	1	0	76	239.09791666666948
n2568	2371	1	0	78	239.3312500000028
n2569	2373	1	0	80	239.5750000000028
n2611	2399	1	0	57	239.84166666666948
n2613	2385	1	0	59	240.5906250000028
n2612	2381	1	0	61	240.32395833333615
n2606	2383	1	0	62	240.57604166666945
n2604	2377	1	0	65	239.84166666666948
n2598	2379	1	0	73	240.33333333333616
n2599	2384	1	0	74	240.59791666666948
n2590	2382	1	0	76	240.3187500000028
n2591	2386	1	0	77	240.57708333333613
n2588	2378	1	0	81	239.83958333333612
n2614	2389	1	0	61	240.9062500000028
n2615	2395	1	0	62	241.5437500000028
n2608	2392	1	0	65	241.5531250000028
n2602	2394	1	0	68	241.9979166666695
n2594	2391	1	0	71	241.55520833333614
n2592	2387	1	0	73	240.9031250000028
n2595	2393	1	0	74	241.5281250000028
n2593	2390	1	0	76	240.88541666666947
n2603	2396	1	0	69	242.60208333333617
n2596	2398	1	0	73	242.59375000000284
insertion	107	1	0	68	18.283333333333346
insertion	100	1	0	69	18.110416666666673
insertion	102	1	0	69	18.223958333333343
insertion	206	1	0	50	28.803125000000026
insertion	381	1	0	78	45.482291666666676
insertion	377	1	0	79	45.27083333333334
insertion	380	1	0	79	45.41041666666668
insertion	395	1	0	62	47.19479166666667
insertion	449	1	0	62	52.44999999999997
insertion	480	1	0	73	54.779166666666626
insertion	591	1	0	62	66.19895833333312
insertion	600	1	0	70	66.82812499999977
insertion	652	1	0	59	71.43437499999979
insertion	649	1	0	60	71.1927083333331
insertion	651	1	0	60	71.36458333333312
insertion	776	1	0	47	84.51041666666616
insertion	892	1	0	74	95.97916666666579
insertion	902	1	0	74	96.14583333333246
insertion	924	1	0	79	99.72083333333238
insertion	1072	1	0	60	112.6937499999988
insertion	1085	1	0	65	114.70729166666544
insertion	1175	1	0	53	122.66145833333185
insertion	1171	1	0	57	122.52395833333185
insertion	1308	1	0	50	132.96666666666525
insertion	1318	1	0	67	133.9760416666654
insertion	1447	1	0	69	145.82291666666555
insertion	1441	1	0	70	145.30937499999885
insertion	1534	1	0	74	152.97395833333243
insertion	1560	1	0	71	154.58124999999922
insertion	1572	1	0	72	156.00833333333264
insertion	1607	1	0	50	158.97083333333288
insertion	1693	1	0	50	168.19687499999992
insertion	1713	1	0	50	169.5333333333333
insertion	1723	1	0	74	170.24375000000006
insertion	1734	1	0	79	171.32291666666663
insertion	1749	1	0	73	172.39375000000007
insertion	1763	1	0	57	172.84166666666675
insertion	1872	1	0	68	185.70000000000107
insertion	1888	1	0	62	186.8927083333345
insertion	1975	1	0	58	196.41458333333475
insertion	1996	1	0	48	199.00520833333485
insertion	1991	1	0	74	198.8541666666682
insertion	1993	1	0	47	198.8604166666682
insertion	2087	1	0	74	205.95416666666847
insertion	2131	1	0	76	211.1833333333353
insertion	2182	1	0	52	215.57916666666878
insertion	2248	1	0	69	225.29062500000236
insertion	2253	1	0	71	225.74375000000234
insertion	2333	1	0	73	235.28750000000278
insertion	2345	1	0	70	236.36979166666944
insertion	2349	1	0	73	236.70729166666945
insertion	2376	1	0	74	239.46979166666947
insertion	2397	1	0	68	242.74583333333618
insertion	2401	1	0	69	242.87812500000285
