xml_id	midi_id	track	channel	pitch	onset
n19	1	1	0	60	1.0260416666666665
n15	4	1	0	64	1.2552083333333333
n2	0	1	0	67	1.4752604166666665
n5	5	1	0	67	2.1171875000000004
n3	2	1	0	72	1.6614583333333333
n6	6	1	0	72	2.3268229166666674
n4	3	1	0	76	1.875
n7	7	1	0	76	2.5455729166666674
n20	9	1	0	60	2.779947916666667
n17	15	1	0	64	2.9908854166666674
n9	8	1	0	67	3.203125000000001
n10	10	1	0	72	3.4192708333333344
n12	12	1	0	67	3.880208333333335
n13	14	1	0	72	4.098958333333335
n11	11	1	0	76	3.6445312500000013
n14	13	1	0	76	4.324218750000002
n39	18	1	0	60	4.565104166666669
n35	22	1	0	62	4.781250000000003
n22	16	1	0	69	4.99088541666667
n23	17	1	0	74	5.209635416666669
n25	21	1	0	69	5.673177083333337
n26	20	1	0	74	5.8854166666666705
n24	19	1	0	77	5.441406250000003
n27	23	1	0	77	6.1106770833333375
n40	31	1	0	60	6.350260416666671
n37	27	1	0	62	6.5611979166666705
n29	24	1	0	69	6.782552083333337
n30	25	1	0	74	7.001302083333336
n32	29	1	0	69	7.451822916666669
n33	28	1	0	74	7.677083333333336
n31	26	1	0	77	7.213541666666669
n34	30	1	0	77	7.88932291666667
n59	34	1	0	59	8.109375000000004
n55	39	1	0	62	8.35416666666667
n42	32	1	0	67	8.563802083333337
n43	33	1	0	74	8.781250000000005
n45	37	1	0	67	9.221354166666673
n46	36	1	0	74	9.453125000000007
n44	35	1	0	77	8.994791666666673
n47	38	1	0	77	9.684895833333341
n60	46	1	0	59	9.899739583333341
n57	47	1	0	62	10.118489583333345
n49	40	1	0	67	10.356770833333345
n50	41	1	0	74	10.570312500000012
n52	44	1	0	67	11.024739583333346
n53	43	1	0	74	11.25260416666668
n51	42	1	0	77	10.787760416666679
n54	45	1	0	77	11.480468750000014
n79	50	1	0	60	11.723958333333348
n75	52	1	0	64	11.954427083333346
n62	48	1	0	67	12.19010416666668
n63	49	1	0	72	12.419270833333348
n65	53	1	0	67	12.869791666666682
n66	54	1	0	72	13.084635416666682
n64	51	1	0	76	12.630208333333348
n67	55	1	0	76	13.324218750000016
n80	58	1	0	60	13.54817708333335
n77	63	1	0	64	13.768229166666684
n69	56	1	0	67	14.00911458333335
n70	57	1	0	72	14.23567708333335
n72	60	1	0	67	14.694010416666684
n73	61	1	0	72	14.920572916666684
n71	59	1	0	76	14.46223958333335
n74	62	1	0	76	15.162760416666684
n99	66	1	0	60	15.390625000000016
n95	69	1	0	64	15.622395833333348
n82	64	1	0	69	15.817708333333348
n83	65	1	0	76	16.031250000000018
n85	70	1	0	69	16.506510416666686
n86	71	1	0	76	16.733072916666686
n84	67	1	0	81	16.26692708333335
n87	68	1	0	81	16.941406250000018
n100	72	1	0	60	17.14583333333335
n97	79	1	0	64	17.391927083333346
n89	73	1	0	69	17.61197916666668
n90	74	1	0	76	17.822916666666675
n92	78	1	0	69	18.25781250000001
n93	77	1	0	76	18.49479166666668
n91	75	1	0	81	18.048177083333343
n94	76	1	0	81	18.72916666666668
n119	82	1	0	60	18.92447916666668
n115	84	1	0	62	19.143229166666675
n102	80	1	0	66	19.390625000000007
n103	81	1	0	69	19.610677083333336
n105	85	1	0	66	20.069010416666668
n106	86	1	0	69	20.294270833333332
n104	83	1	0	74	19.839843750000004
n107	87	1	0	74	20.546875
n120	94	1	0	60	20.744791666666668
n117	92	1	0	62	20.971354166666668
n109	88	1	0	66	21.194010416666664
n110	89	1	0	69	21.417968749999996
n112	91	1	0	66	21.881510416666664
n113	93	1	0	69	22.109374999999996
n111	90	1	0	74	21.653645833333332
n114	95	1	0	74	22.369791666666664
n139	98	1	0	59	22.57161458333333
n135	103	1	0	62	22.792968749999996
n122	96	1	0	67	23.033854166666664
n123	97	1	0	74	23.26692708333333
n125	101	1	0	67	23.742187499999996
n126	100	1	0	74	23.972656249999996
n124	99	1	0	79	23.507812499999996
n127	102	1	0	79	24.195312499999996
n140	104	1	0	59	24.423177083333332
n137	111	1	0	62	24.649739583333332
n129	105	1	0	67	24.869791666666664
n130	106	1	0	74	25.097656249999996
n132	110	1	0	67	25.55859375
n133	108	1	0	74	25.80859375
n131	107	1	0	79	25.333333333333332
n134	109	1	0	79	26.049479166666668
n159	115	1	0	59	26.264322916666668
n155	114	1	0	60	26.505208333333332
n142	112	1	0	64	26.729166666666664
n143	113	1	0	67	26.94791666666666
n145	118	1	0	64	27.402343749999996
n146	119	1	0	67	27.614583333333332
n144	116	1	0	72	27.17838541666666
n147	117	1	0	72	27.858072916666664
n160	123	1	0	59	28.092447916666664
n157	121	1	0	60	28.3359375
n149	120	1	0	64	28.553385416666668
n150	122	1	0	67	28.763020833333332
n152	126	1	0	64	29.22135416666667
n153	127	1	0	67	29.44791666666667
n151	124	1	0	72	28.9921875
n154	125	1	0	72	29.69010416666667
n179	129	1	0	57	29.92317708333334
n175	134	1	0	60	30.166666666666668
n162	128	1	0	64	30.397135416666668
n163	130	1	0	67	30.606770833333336
n165	133	1	0	64	31.078125
n166	135	1	0	67	31.290364583333332
n164	131	1	0	72	30.83854166666667
n167	132	1	0	72	31.537760416666664
n180	137	1	0	57	31.764322916666664
n177	143	1	0	60	32.010416666666664
n169	136	1	0	64	32.23437499999999
n170	138	1	0	67	32.45572916666667
n172	141	1	0	64	32.911458333333336
n173	142	1	0	67	33.126302083333336
n171	139	1	0	72	32.684895833333336
n174	140	1	0	72	33.3828125
n201	144	1	0	50	33.587239583333336
n196	150	1	0	57	33.817708333333336
n182	145	1	0	62	34.06119791666667
n183	146	1	0	66	34.28255208333334
n185	149	1	0	62	34.76822916666667
n186	151	1	0	66	34.98437500000001
n184	147	1	0	72	34.53125000000001
n187	148	1	0	72	35.21744791666667
n202	159	1	0	50	35.43359375000001
n199	156	1	0	57	35.68619791666668
n189	152	1	0	62	35.90755208333335
n190	153	1	0	66	36.127604166666686
n192	155	1	0	62	36.615885416666686
n193	158	1	0	66	36.842447916666686
n191	154	1	0	72	36.37500000000002
n194	157	1	0	72	37.084635416666686
n221	162	1	0	55	37.295572916666686
n217	165	1	0	59	37.567708333333364
n204	160	1	0	62	37.79036458333337
n205	161	1	0	67	38.00130208333338
n207	164	1	0	62	38.46875000000005
n208	167	1	0	67	38.69401041666672
n206	163	1	0	71	38.221354166666714
n209	166	1	0	71	38.942708333333385
n222	170	1	0	55	39.161458333333385
n219	172	1	0	59	39.39843750000006
n211	168	1	0	62	39.63020833333339
n212	169	1	0	67	39.84895833333339
n214	173	1	0	62	40.32682291666672
n215	175	1	0	67	40.54166666666672
n213	171	1	0	71	40.08593750000006
n216	174	1	0	71	40.80338541666672
n241	177	1	0	55	41.07812500000006
n237	181	1	0	58	41.38281250000007
n224	176	1	0	64	41.639322916666735
n225	178	1	0	67	41.87890625000008
n227	180	1	0	64	42.37500000000008
n228	183	1	0	67	42.60416666666674
n226	179	1	0	73	42.13541666666675
n229	182	1	0	73	42.83463541666674
n242	189	1	0	55	43.06510416666675
n239	191	1	0	58	43.31380208333342
n231	184	1	0	64	43.56250000000009
n232	185	1	0	67	43.79817708333343
n234	188	1	0	64	44.2695312500001
n235	187	1	0	67	44.5078125000001
n233	186	1	0	73	44.033854166666764
n236	190	1	0	73	44.7460937500001
n261	194	1	0	53	44.96744791666677
n257	199	1	0	57	45.20312500000011
n244	192	1	0	62	45.45312500000011
n245	193	1	0	69	45.68489583333344
n247	196	1	0	62	46.154947916666785
n248	198	1	0	69	46.397135416666785
n246	195	1	0	74	45.93229166666678
n249	197	1	0	74	46.63411458333345
n262	203	1	0	53	46.850260416666785
n259	202	1	0	57	47.08333333333345
n251	200	1	0	62	47.32031250000012
n252	201	1	0	69	47.54687500000013
n254	207	1	0	62	48.003906250000135
n255	205	1	0	69	48.23828125000014
n253	204	1	0	74	47.782552083333464
n256	206	1	0	74	48.50520833333348
n281	209	1	0	53	48.75520833333348
n277	213	1	0	56	49.003906250000156
n264	208	1	0	62	49.233072916666835
n265	210	1	0	65	49.485677083333506
n267	212	1	0	62	49.947916666666835
n268	214	1	0	65	50.20312500000017
n266	211	1	0	71	49.720052083333506
n269	215	1	0	71	50.45312500000017
n282	221	1	0	53	50.688802083333506
n279	223	1	0	56	50.90625000000018
n271	216	1	0	62	51.15755208333352
n272	217	1	0	65	51.38541666666685
n274	219	1	0	62	51.87500000000019
n275	220	1	0	65	52.09765625000019
n273	218	1	0	71	51.62239583333352
n276	222	1	0	71	52.35937500000019
n301	226	1	0	52	52.587239583333535
n297	231	1	0	55	52.81901041666686
n284	224	1	0	60	53.05729166666688
n285	225	1	0	67	53.299479166666885
n287	230	1	0	60	53.78776041666689
n288	229	1	0	67	54.01041666666689
n286	227	1	0	72	53.55468750000022
n289	228	1	0	72	54.24609375000023
n302	233	1	0	52	54.49739583333356
n299	239	1	0	55	54.7408854166669
n291	232	1	0	60	54.97265625000024
n292	234	1	0	67	55.188802083333584
n294	238	1	0	60	55.665364583333584
n295	236	1	0	67	55.895833333333584
n293	235	1	0	72	55.43359375000025
n296	237	1	0	72	56.13932291666692
n321	243	1	0	52	56.376302083333584
n317	242	1	0	53	56.61979166666692
n304	240	1	0	57	56.85937500000026
n305	241	1	0	60	57.07812500000026
n307	245	1	0	57	57.56510416666694
n308	247	1	0	60	57.798177083333606
n306	244	1	0	65	57.341145833333606
n309	246	1	0	65	58.03125000000027
n322	249	1	0	52	58.248697916666934
n319	248	1	0	53	58.49218750000027
n311	250	1	0	57	58.7161458333336
n312	251	1	0	60	58.94791666666694
n314	253	1	0	57	59.44531250000028
n315	255	1	0	60	59.66666666666694
n313	252	1	0	65	59.20312500000028
n316	254	1	0	65	59.907552083333606
n343	256	1	0	50	60.13932291666694
n338	257	1	0	53	60.40234375000026
n324	258	1	0	57	60.62890625000027
n325	259	1	0	60	60.84635416666694
n327	261	1	0	57	61.33203125000027
n328	263	1	0	60	61.567708333333606
n326	260	1	0	65	61.09375000000027
n329	262	1	0	65	61.794270833333606
n344	265	1	0	50	62.040364583333606
n341	271	1	0	53	62.2942708333336
n331	264	1	0	57	62.53515625000026
n332	266	1	0	60	62.772135416666934
n334	269	1	0	57	63.19921875000026
n335	268	1	0	60	63.4388020833336
n333	267	1	0	65	62.9895833333336
n336	270	1	0	65	63.694010416666934
n363	272	1	0	43	63.9309895833336
n359	275	1	0	50	64.17968750000027
n346	273	1	0	55	64.4348958333336
n347	274	1	0	59	64.67838541666693
n349	277	1	0	55	65.12369791666693
n350	279	1	0	59	65.3723958333336
n348	276	1	0	65	64.89843750000026
n351	278	1	0	65	65.61197916666693
n364	287	1	0	43	65.83593750000026
n361	286	1	0	50	66.06640625000026
n353	280	1	0	55	66.31770833333358
n354	281	1	0	59	66.55859375000024
n356	283	1	0	55	67.04036458333357
n357	284	1	0	59	67.26432291666691
n355	282	1	0	65	66.80208333333357
n358	285	1	0	65	67.53255208333358
n385	290	1	0	48	67.76953125000026
n380	293	1	0	52	68.01432291666693
n366	288	1	0	55	68.25390625000026
n367	289	1	0	60	68.4895833333336
n369	292	1	0	55	68.94791666666691
n370	295	1	0	60	69.17838541666691
n368	291	1	0	64	68.72005208333358
n371	294	1	0	64	69.43750000000024
n386	298	1	0	48	69.67057291666691
n383	303	1	0	52	69.91927083333358
n373	296	1	0	55	70.14973958333357
n374	297	1	0	60	70.39322916666691
n376	300	1	0	55	70.8606770833336
n377	301	1	0	60	71.11718750000026
n375	299	1	0	64	70.63020833333358
n378	302	1	0	64	71.40364583333358
n407	306	1	0	48	71.68359375000026
n402	309	1	0	55	71.98567708333357
n388	304	1	0	58	72.2096354166669
n389	305	1	0	60	72.47395833333357
n391	308	1	0	58	72.95312500000023
n392	310	1	0	60	73.17578125000023
n390	307	1	0	64	72.72265625000023
n393	311	1	0	64	73.43359375000023
n408	313	1	0	48	73.67708333333354
n405	316	1	0	55	73.93359375000021
n395	312	1	0	58	74.17838541666687
n396	314	1	0	60	74.4179687500002
n398	317	1	0	58	74.87239583333354
n399	319	1	0	60	75.11067708333354
n397	315	1	0	64	74.6406250000002
n400	318	1	0	64	75.36067708333354
n427	321	1	0	41	75.61067708333354
n423	325	1	0	53	75.8750000000002
n410	320	1	0	57	76.10546875000018
n411	322	1	0	60	76.35416666666683
n413	324	1	0	57	76.82942708333347
n414	327	1	0	60	77.06250000000013
n412	323	1	0	64	76.58203125000016
n415	326	1	0	64	77.28125000000013
n428	329	1	0	41	77.52473958333346
n425	335	1	0	53	77.76692708333344
n417	328	1	0	57	78.02473958333343
n418	330	1	0	60	78.25390625000009
n420	332	1	0	57	78.74869791666676
n421	334	1	0	60	78.98567708333343
n419	331	1	0	64	78.51171875000009
n422	333	1	0	64	79.22526041666676
n447	338	1	0	42	79.48177083333343
n443	341	1	0	48	79.75520833333341
n430	336	1	0	57	80.00000000000006
n431	337	1	0	60	80.24088541666671
n433	340	1	0	57	80.70052083333339
n434	342	1	0	60	80.94270833333339
n432	339	1	0	63	80.47395833333339
n435	343	1	0	63	81.19140625000006
n448	350	1	0	42	81.43229166666673
n445	351	1	0	48	81.6692708333334
n437	344	1	0	57	81.90885416666674
n438	345	1	0	60	82.14713541666674
n440	347	1	0	57	82.64453125000009
n441	349	1	0	60	82.87890625000009
n439	346	1	0	63	82.40104166666674
n442	348	1	0	63	83.12630208333341
n467	355	1	0	44	83.37630208333341
n463	353	1	0	53	83.61979166666676
n450	352	1	0	59	83.85937500000009
n451	354	1	0	60	84.09114583333341
n453	357	1	0	59	84.57291666666673
n454	359	1	0	60	84.8059895833334
n452	356	1	0	62	84.33984375000006
n455	358	1	0	62	85.0442708333334
n468	366	1	0	44	85.26822916666673
n465	364	1	0	53	85.53645833333337
n457	360	1	0	59	85.76562500000003
n458	361	1	0	60	86.01692708333336
n460	363	1	0	59	86.49088541666666
n461	365	1	0	60	86.72916666666666
n459	362	1	0	62	86.24218750000001
n462	367	1	0	62	86.99088541666666
n487	371	1	0	43	87.32291666666664
n483	372	1	0	53	87.69270833333329
n470	368	1	0	55	87.94531249999994
n471	369	1	0	59	88.20052083333327
n473	373	1	0	55	88.67578124999994
n474	374	1	0	59	88.92968749999994
n472	370	1	0	62	88.4440104166666
n475	375	1	0	62	89.17187499999994
n488	379	1	0	43	89.41145833333327
n485	383	1	0	53	89.67317708333329
n477	376	1	0	55	89.9049479166666
n478	377	1	0	59	90.1549479166666
n480	380	1	0	55	90.65755208333327
n481	381	1	0	59	90.89583333333327
n479	378	1	0	62	90.41536458333327
n482	382	1	0	62	91.1510416666666
n507	385	1	0	43	91.39453124999993
n503	389	1	0	52	91.62890624999994
n490	384	1	0	55	91.88671874999994
n491	386	1	0	60	92.1197916666666
n493	388	1	0	55	92.6367187499999
n494	391	1	0	60	92.85807291666657
n492	387	1	0	64	92.38411458333324
n495	390	1	0	64	93.11067708333324
n508	392	1	0	43	93.35286458333324
n505	395	1	0	52	93.59635416666657
n497	393	1	0	55	93.83072916666657
n498	394	1	0	60	94.06901041666656
n500	397	1	0	55	94.57812499999989
n501	399	1	0	60	94.80468749999989
n499	396	1	0	64	94.33333333333323
n502	398	1	0	64	95.05729166666656
n527	402	1	0	43	95.29817708333323
n523	401	1	0	50	95.54947916666657
n510	400	1	0	55	95.78776041666657
n511	403	1	0	60	96.02213541666656
n513	406	1	0	55	96.51041666666656
n514	407	1	0	60	96.73567708333321
n512	404	1	0	65	96.27083333333323
n515	405	1	0	65	96.98307291666654
n528	408	1	0	43	97.23437499999987
n525	409	1	0	50	97.47916666666654
n517	410	1	0	55	97.70182291666653
n518	411	1	0	60	97.94401041666652
n520	414	1	0	55	98.44921874999984
n521	415	1	0	60	98.67708333333317
n519	412	1	0	65	98.19140624999984
n522	413	1	0	65	98.93749999999984
n547	416	1	0	43	99.15885416666652
n543	418	1	0	50	99.42317708333317
n530	417	1	0	55	99.64843749999983
n531	419	1	0	59	99.89843749999982
n533	422	1	0	55	100.35937499999982
n534	423	1	0	59	100.58854166666647
n532	420	1	0	65	100.11848958333314
n535	421	1	0	65	100.84114583333314
n548	424	1	0	43	101.09114583333314
n545	425	1	0	50	101.33593749999982
n537	426	1	0	55	101.58463541666646
n538	427	1	0	59	101.83854166666646
n540	430	1	0	55	102.28645833333312
n541	431	1	0	59	102.51692708333312
n539	428	1	0	65	102.04947916666646
n542	429	1	0	65	102.74999999999979
n567	432	1	0	43	102.99218749999979
n563	434	1	0	51	103.30989583333313
n550	433	1	0	57	103.55729166666646
n551	435	1	0	60	103.78645833333312
n553	438	1	0	57	104.26041666666644
n554	439	1	0	60	104.49999999999977
n552	436	1	0	66	104.02864583333312
n555	437	1	0	66	104.7395833333331
n568	440	1	0	43	104.96744791666643
n565	442	1	0	51	105.2356770833331
n557	441	1	0	57	105.49609374999976
n558	443	1	0	60	105.72656249999974
n560	446	1	0	57	106.24348958333306
n561	447	1	0	60	106.46874999999973
n559	444	1	0	66	105.98828124999974
n562	445	1	0	66	106.70833333333306
n587	450	1	0	43	106.97916666666639
n583	452	1	0	52	107.32161458333304
n570	448	1	0	55	107.59244791666636
n571	449	1	0	60	107.83593749999969
n573	453	1	0	55	108.35286458333302
n574	455	1	0	60	108.58723958333302
n572	451	1	0	67	108.08463541666634
n575	454	1	0	67	108.83072916666636
n588	456	1	0	43	109.08463541666636
n585	463	1	0	52	109.39973958333303
n577	457	1	0	55	109.65885416666636
n578	458	1	0	60	109.89322916666636
n580	461	1	0	55	110.407552083333
n581	462	1	0	60	110.63932291666633
n579	459	1	0	67	110.13281249999967
n582	460	1	0	67	110.88932291666633
n607	465	1	0	43	111.18229166666633
n603	467	1	0	50	111.50651041666634
n590	464	1	0	55	111.76562499999967
n591	466	1	0	60	111.99609374999967
n593	469	1	0	55	112.50781249999964
n594	471	1	0	60	112.73046874999964
n592	468	1	0	65	112.24739583333299
n595	470	1	0	65	112.97656249999964
n608	473	1	0	43	113.20963541666632
n605	476	1	0	50	113.48177083333297
n597	472	1	0	55	113.72265624999963
n598	474	1	0	60	113.95703124999963
n600	477	1	0	55	114.43229166666629
n601	478	1	0	60	114.65104166666629
n599	475	1	0	65	114.19140624999963
n602	479	1	0	65	114.91796874999962
n627	480	1	0	43	115.15624999999962
n623	483	1	0	50	115.43880208333296
n610	481	1	0	55	115.68749999999962
n611	482	1	0	59	115.93098958333294
n613	485	1	0	55	116.42838541666627
n614	487	1	0	59	116.65755208333294
n612	484	1	0	65	116.17447916666627
n615	486	1	0	65	116.91406249999962
n628	488	1	0	43	117.13802083333294
n625	492	1	0	50	117.39583333333294
n617	489	1	0	55	117.63932291666627
n618	490	1	0	59	117.8828124999996
n620	493	1	0	55	118.4257812499996
n621	495	1	0	59	118.67447916666627
n619	491	1	0	65	118.1640624999996
n622	494	1	0	65	118.93749999999962
n647	498	1	0	36	119.19661458333294
n643	501	1	0	48	119.52473958333294
n630	496	1	0	55	119.79557291666627
n631	497	1	0	58	120.0390624999996
n633	500	1	0	55	120.55989583333292
n634	502	1	0	58	120.81249999999959
n632	499	1	0	64	120.2929687499996
n635	503	1	0	64	121.06640624999959
n648	506	1	0	36	121.31380208333292
n645	508	1	0	48	121.59765624999957
n637	504	1	0	55	121.83723958333289
n638	505	1	0	58	122.07552083333287
n640	510	1	0	55	122.66145833333285
n641	511	1	0	58	122.91536458333285
n639	507	1	0	64	122.36718749999953
n642	509	1	0	64	123.19010416666617
n667	524	1	0	36	123.4648437499995
n664	525	1	0	48	123.82291666666617
n650	512	1	0	53	124.15885416666616
n651	514	1	0	57	124.45442708333282
n655	517	1	0	57	125.44661458333282
n652	513	1	0	60	124.72265624999947
n654	516	1	0	60	125.21093749999949
n653	515	1	0	65	124.97135416666615
n658	520	1	0	53	126.2252604166661
n657	519	1	0	57	125.97265624999945
n659	521	1	0	57	126.48567708333277
n656	518	1	0	60	125.70182291666613
n661	523	1	0	50	127.02083333333275
n663	526	1	0	50	127.6210937499994
n660	522	1	0	53	126.75520833333276
n662	527	1	0	53	127.28645833333275
n687	541	1	0	36	127.97005208333272
n684	deletion
n670	528	1	0	67	128.8932291666661
n671	530	1	0	71	129.30338541666612
n675	533	1	0	71	130.49479166666617
n677	535	1	0	71	131.13020833333286
n672	529	1	0	74	129.6341145833328
n674	532	1	0	74	130.20442708333283
n673	531	1	0	77	129.92187499999946
n678	536	1	0	67	131.47265624999952
n679	537	1	0	71	131.83723958333286
n676	534	1	0	74	130.80338541666617
n680	538	1	0	62	132.22395833333286
n683	543	1	0	62	133.71223958333294
n682	540	1	0	64	133.13671874999955
n681	539	1	0	65	132.68098958333286
n693	546	1	0	36	134.6744791666663
n689	544	1	0	48	134.6705729166663
n690	545	1	0	64	134.67578124999963
n691	deletion
n692	547	1	0	72	134.66406249999963
insertion	542	1	0	47	128.4492187499994
