xml_id	midi_id	track	channel	pitch	onset
n8	0	1	0	32	2.17013671875
n12	7	1	0	32	2.800477968749999
n13	9	1	0	34	2.962069687499999
n9	1	1	0	36	2.3250510937499995
n10	2	1	0	39	2.4692817187499996
n11	6	1	0	44	2.6388862499999997
n14	11	1	0	46	3.129003281249999
n1	5	1	0	51	2.035254375
n4	10	1	0	51	2.980766249999999
n5	8	1	0	55	2.951385937499999
n2	3	1	0	56	2.01522234375
n3	4	1	0	60	2.0112159375000003
n6	12	1	0	61	2.954056874999999
n21	13	1	0	36	3.478896093749998
n22	14	1	0	39	3.636481406249998
n23	deletion
n15	17	1	0	51	3.323981718749999
n16	16	1	0	56	3.3306590624999988
n17	19	1	0	63	3.3373364062499986
n25	20	1	0	36	4.094547187499998
n26	21	1	0	37	4.2801773437499975
n24	18	1	0	48	3.965006718749998
n27	22	1	0	49	4.455123749999998
n18	27	1	0	53	4.294867499999998
n19	23	1	0	65	4.2628162499999975
n38	30	1	0	31	4.957259999999998
n36	24	1	0	34	4.638082968749998
n39	31	1	0	43	5.120187187499997
n37	25	1	0	46	4.792997343749999
n30	29	1	0	58	4.945240781249998
n29	26	1	0	61	4.620721874999998
n31	28	1	0	63	4.930550624999999
n40	34	1	0	32	5.251063124999997
n42	38	1	0	36	5.5782529687499975
n41	35	1	0	44	5.407312968749998
n43	39	1	0	48	5.7371737499999975
n32	33	1	0	51	5.260411406249998
n34	37	1	0	51	5.575582031249998
n35	36	1	0	56	5.554214531249998
n33	32	1	0	60	5.243050312499998
n54	40	1	0	39	5.892088124999998
n55	41	1	0	51	6.065699062499998
n56	42	1	0	51	6.231297187499997
n57	45	1	0	51	6.362173124999997
n44	43	1	0	55	5.912120156249998
n45	44	1	0	58	5.898765468749998
n61	54	1	0	46	6.992514374999995
n60	52	1	0	48	6.852290156249995
n59	47	1	0	49	6.680014687499996
n58	46	1	0	51	6.529106718749997
n48	48	1	0	51	6.690698437499996
n50	51	1	0	53	6.862973906249995
n49	49	1	0	55	6.682685624999996
n52	53	1	0	55	6.987172499999995
n51	50	1	0	56	6.8442773437499955
n53	55	1	0	58	6.988507968749995
n69	57	1	0	32	7.367781093749995
n70	58	1	0	36	7.516018124999995
n71	59	1	0	39	7.668261562499995
n68	56	1	0	44	7.186157343749995
n62	60	1	0	51	7.222214999999996
n63	61	1	0	56	7.200847499999996
n64	62	1	0	60	7.1848218749999955
n73	64	1	0	32	7.982096718749998
n74	66	1	0	34	8.157043125
n72	63	1	0	44	7.832524218749995
n75	68	1	0	46	8.319970312499999
n65	67	1	0	51	8.162384999999999
n66	65	1	0	55	8.135675625
n67	69	1	0	61	8.135675625
n82	70	1	0	36	8.693901562500004
n83	71	1	0	39	8.843474062500004
n84	deletion
n76	74	1	0	51	8.534980781250002
n77	73	1	0	56	8.521626093750003
n78	75	1	0	63	8.501594062500002
n86	77	1	0	36	9.320236406250006
n87	78	1	0	37	9.519221250000008
n85	76	1	0	48	9.166657500000005
n88	79	1	0	49	9.686154843750009
n79	83	1	0	53	9.512543906250007
n80	80	1	0	65	9.483163593750007
n99	87	1	0	31	10.192297500000011
n97	81	1	0	34	9.86777859375001
n100	88	1	0	43	10.359231093750012
n98	82	1	0	46	10.024028437500013
n91	85	1	0	58	10.18428468750001
n90	84	1	0	61	9.85041750000001
n92	86	1	0	63	10.166923593750012
n101	91	1	0	32	10.508803593750011
n103	95	1	0	36	10.825309687500011
n102	92	1	0	44	10.670395312500013
n104	96	1	0	48	10.98957234375001
n93	90	1	0	51	10.50079078125001
n95	94	1	0	51	10.839999843750011
n96	93	1	0	56	10.817296875000011
n94	89	1	0	60	10.484765156250011
n113	97	1	0	39	11.151164062500012
n114	98	1	0	39	11.314091250000011
n116	102	1	0	39	11.642616562500011
n115	99	1	0	43	11.489037656250012
n105	101	1	0	49	11.167189687500011
n106	100	1	0	51	11.161847812500012
n107	104	1	0	58	11.143151250000011
n117	103	1	0	32	11.865639843750012
n118	deletion
n108	105	1	0	48	11.92440046875001
n110	106	1	0	56	11.870981718750011
n119	108	1	0	56	12.303673593750016
n120	107	1	0	68	12.319699218750015
n111	109	1	0	72	12.334389375000015
n112	110	1	0	80	12.283641562500016
n126	112	1	0	63	12.78043593750002
n127	111	1	0	67	12.78310687500002
n121	113	1	0	73	12.75906843750002
n122	114	1	0	82	12.73770093750002
n128	117	1	0	56	13.567027031250026
n130	120	1	0	60	13.94763562500003
n129	115	1	0	68	13.587059062500025
n123	118	1	0	72	13.593736406250025
n125	119	1	0	72	13.93027453125003
n124	116	1	0	80	13.542988593750026
n136	123	1	0	56	14.890476562500043
n135	121	1	0	58	14.30821218750003
n132	124	1	0	68	14.898489375000043
n131	122	1	0	70	14.29619296875003
n138	128	1	0	53	15.357890625000042
n137	126	1	0	55	15.016010625000042
n134	127	1	0	65	15.347206875000042
n133	125	1	0	67	15.006662343750042
n147	130	1	0	52	15.741170156250043
n139	129	1	0	64	15.747847500000043
n153	136	1	0	52	17.055271406250053
n149	131	1	0	53	16.840260937500062
n152	138	1	0	53	17.102012812500053
n154	deletion
n151	133	1	0	55	16.916382656250057
n145	137	1	0	64	17.063284218750052
n141	132	1	0	65	16.836254531250063
n144	135	1	0	65	16.992504375000056
n146	139	1	0	65	17.12070937500005
n143	134	1	0	67	16.917718125000057
n160	143	1	0	53	17.813817656250055
n159	142	1	0	55	17.23823062500005
n156	144	1	0	65	17.805804843750057
n155	141	1	0	67	17.358422812500052
n162	148	1	0	50	18.238496718750053
n161	146	1	0	52	17.901958593750052
n158	147	1	0	62	18.241167656250052
n157	145	1	0	64	17.891274843750054
n167	149	1	0	48	18.644479218750057
n163	150	1	0	60	18.599073281250057
n170	152	1	0	48	19.926529218750066
n166	151	1	0	60	19.919851875000067
n177	154	1	0	48	20.032031250000067
n179	155	1	0	48	20.62631484375007
n171	153	1	0	60	20.029360312500067
n173	156	1	0	60	20.62898578125007
n180	158	1	0	48	20.74517156250007
n182	160	1	0	48	21.47033109375007
n174	157	1	0	60	20.74116515625007
n176	159	1	0	60	21.46098281250007
n188	162	1	0	48	21.607884375000072
n183	161	1	0	60	21.59586515625007
n192	164	1	0	49	23.163705468750077
n187	163	1	0	61	23.146344375000076
n199	165	1	0	49	23.23448531250008
n201	168	1	0	49	23.838117187500075
n202	170	1	0	49	23.93427093750007
n193	166	1	0	61	23.24249812500008
n195	167	1	0	61	23.834110781250075
n196	169	1	0	61	23.92492265625007
n204	172	1	0	49	24.523212656250074
n198	171	1	0	61	24.509857968750072
n210	173	1	0	49	24.618030937500073
n205	174	1	0	61	24.60601171875007
n214	176	1	0	49	25.934803125000087
n209	175	1	0	61	25.92679031250009
n218	178	1	0	49	26.036298750000086
n215	177	1	0	61	26.021608593750084
n220	182	1	0	43	27.178124531250088
n219	180	1	0	46	26.776148437500087
n217	181	1	0	55	27.17144718750009
n216	179	1	0	58	26.768135625000088
n227	184	1	0	39	27.72700218750009
n221	183	1	0	51	27.72700218750009
n222	185	1	0	51	29.746230937500105
n223	186	1	0	53	29.827694531250106
n224	187	1	0	55	29.901145312500105
n225	188	1	0	56	29.995963593750105
n226	189	1	0	58	30.044040468750108
n234	190	1	0	32	30.339179062500108
n235	191	1	0	36	30.502106250000107
n236	192	1	0	39	30.62630484375011
n229	194	1	0	60	30.15087796875011
n238	195	1	0	32	30.948152812500112
n239	197	1	0	34	31.112415468750115
n237	193	1	0	44	30.80525765625011
n240	199	1	0	46	31.300716562500106
n230	198	1	0	51	31.15381500000011
n231	196	1	0	55	31.120428281250113
n232	200	1	0	61	31.128441093750112
n247	201	1	0	36	31.6799896875001
n248	202	1	0	39	31.824220312500103
n249	deletion
n241	205	1	0	51	31.5037078125001
n242	204	1	0	56	31.4956950000001
n243	206	1	0	63	31.4930240625001
n251	208	1	0	36	32.29564078125007
n252	209	1	0	37	32.46524531250006
n250	207	1	0	48	32.143397343750095
n253	210	1	0	49	32.65621734375005
n244	215	1	0	53	32.486612812500056
n245	211	1	0	65	32.45990343750006
n264	218	1	0	31	33.136986093750025
n262	212	1	0	34	32.81246718750003
n265	219	1	0	43	33.293235937500015
n263	213	1	0	46	32.96738156250002
n256	217	1	0	58	33.14900531250002
n255	214	1	0	61	32.82315093750003
n257	216	1	0	63	33.132979687500026
n266	222	1	0	32	33.44547937500001
n268	226	1	0	36	33.778011093749996
n267	223	1	0	44	33.60707109375
n269	227	1	0	48	33.94093828124999
n258	221	1	0	51	33.46016953125001
n260	225	1	0	51	33.79136578124999
n261	224	1	0	56	33.76198546875
n259	220	1	0	60	33.44013750000001
n280	228	1	0	39	34.09585265624999
n281	229	1	0	51	34.28148281249999
n282	230	1	0	51	34.429719843749986
n283	233	1	0	51	34.576621406249984
n270	232	1	0	55	34.12790390624998
n271	231	1	0	58	34.109207343749986
n287	242	1	0	46	35.19360796874998
n286	240	1	0	48	35.05338374999998
n285	235	1	0	49	34.879772812499986
n284	234	1	0	51	34.73554218749999
n274	236	1	0	51	34.87710187499999
n276	239	1	0	53	35.04537093749998
n275	237	1	0	55	34.87309546874999
n278	241	1	0	55	35.18693062499998
n277	238	1	0	56	35.03468718749998
n279	243	1	0	58	35.18425968749998
n295	245	1	0	32	35.540829843749975
n296	246	1	0	36	35.69307328124997
n297	247	1	0	39	35.84932312499997
n294	244	1	0	44	35.39259281249998
n288	248	1	0	51	35.408618437499975
n289	249	1	0	56	35.38992187499998
n290	250	1	0	60	35.37656718749998
n299	252	1	0	32	36.165829218749934
n300	254	1	0	34	36.33810468749991
n298	251	1	0	44	36.02159859374996
n301	256	1	0	46	36.51438656249989
n291	255	1	0	51	36.3688204687499
n292	253	1	0	55	36.350123906249905
n293	257	1	0	61	36.33142734374991
n308	258	1	0	36	36.88030499999986
n309	259	1	0	39	37.041896718749854
n310	deletion
n302	261	1	0	51	36.73206796874986
n303	262	1	0	56	36.72405515624986
n304	263	1	0	63	36.706694062499864
n312	265	1	0	36	37.51598812499983
n313	266	1	0	37	37.704289218749814
n311	264	1	0	48	37.37309296874984
n314	267	1	0	49	37.87122281249981
n305	272	1	0	53	37.72966312499982
n306	268	1	0	65	37.68826359374982
n325	275	1	0	31	38.36267531249978
n323	269	1	0	34	38.04884015624978
n326	276	1	0	43	38.52693796874978
n324	270	1	0	46	38.19307078124978
n317	273	1	0	58	38.39339109374978
n316	271	1	0	61	38.04884015624978
n318	274	1	0	63	38.37870093749978
n327	279	1	0	32	38.69921343749977
n329	283	1	0	36	39.02239687499977
n328	280	1	0	44	38.85546328124977
n330	284	1	0	48	39.200014218749764
n319	278	1	0	51	38.70722624999977
n321	282	1	0	51	39.03575156249977
n322	281	1	0	56	39.02106140624977
n320	277	1	0	60	38.69787796874977
n339	285	1	0	39	39.36027046874977
n340	286	1	0	39	39.52720406249976
n342	290	1	0	39	39.842374687499756
n341	289	1	0	43	39.70615687499976
n331	287	1	0	49	39.381637968749764
n332	288	1	0	51	39.369618749999766
n333	291	1	0	58	39.35759953124977
n343	292	1	0	32	40.034682187499754
n344	295	1	0	44	40.11881671874975
n334	293	1	0	48	40.07741718749975
n336	296	1	0	56	40.05204328124975
n345	297	1	0	56	40.45802578124971
n346	298	1	0	68	40.47405140624971
n337	299	1	0	72	40.47271593749971
n338	300	1	0	80	40.43799374999971
n352	302	1	0	63	40.88804671874967
n353	301	1	0	67	40.90140140624967
n347	303	1	0	73	40.866679218749674
n348	304	1	0	82	40.855995468749676
n354	307	1	0	56	41.65327031249959
n355	308	1	0	68	41.68131515624959
n349	306	1	0	72	41.67864421874959
n356	deletion
n350	305	1	0	80	41.62923187499959
n351	309	1	0	84	42.01384687499954
n362	312	1	0	68	43.04749968749946
n361	310	1	0	70	42.42116484374954
n358	313	1	0	80	43.05417703124946
n357	311	1	0	82	42.40113281249954
n364	317	1	0	65	43.53227484374944
n363	315	1	0	67	43.15433718749944
n360	316	1	0	77	43.52826843749944
n359	314	1	0	79	43.15834359374944
n373	319	1	0	64	43.97297953124944
n365	318	1	0	76	43.98099234374944
n379	326	1	0	64	45.343170468749314
n375	320	1	0	65	45.11747624999935
n378	325	1	0	65	45.30577734374932
n380	329	1	0	65	45.4473370312493
n377	322	1	0	67	45.208288124999335
n371	327	1	0	76	45.36320249999931
n367	321	1	0	77	45.13083093749935
n370	324	1	0	77	45.30043546874932
n372	328	1	0	77	45.4246340624993
n369	323	1	0	79	45.214965468749334
n386	333	1	0	65	46.155135468749236
n385	330	1	0	67	45.5261296874993
n382	332	1	0	77	46.155135468749236
n381	331	1	0	79	45.5181168749993
n388	336	1	0	62	46.61453671874923
n387	335	1	0	64	46.267314843749226
n384	deletion
n383	334	1	0	76	46.26330843749923
n393	337	1	0	60	47.02986749999923
n389	338	1	0	72	47.01784828124923
n396	340	1	0	60	48.39204562499914
n392	339	1	0	72	48.39471656249914
n403	342	1	0	60	48.52425703124913
n405	343	1	0	60	49.14257906249913
n397	341	1	0	72	48.50689593749913
n399	344	1	0	72	49.14524999999913
n406	346	1	0	60	49.27211953124913
n408	348	1	0	60	50.011969218749115
n400	345	1	0	72	49.252087499999135
n402	347	1	0	72	50.00395640624912
n417	350	1	0	60	50.146851562499116
n409	349	1	0	72	50.12414859374912
n421	357	1	0	41	51.73605937499905
n422	358	1	0	45	51.73205296874905
n423	355	1	0	48	51.73472390624905
n424	352	1	0	53	51.73472390624905
n413	356	1	0	77	51.72938203124905
n414	351	1	0	81	51.72938203124905
n415	353	1	0	84	51.73338843749905
n416	354	1	0	89	51.73205296874905
n435	361	1	0	41	51.826871249999044
n436	360	1	0	45	51.829542187499044
n437	362	1	0	48	51.83354859374904
n438	359	1	0	53	51.83221312499904
n439	367	1	0	57	52.22083453124903
n440	370	1	0	60	52.39444546874902
n429	368	1	0	65	52.23953109374903
n430	369	1	0	69	52.39578093749902
n425	364	1	0	77	51.826871249999044
n426	365	1	0	81	51.826871249999044
n427	366	1	0	84	51.830877656249044
n428	363	1	0	89	51.828206718749044
n443	376	1	0	55	52.883227031249014
n441	371	1	0	58	52.550695312499016
n442	374	1	0	60	52.733654531249016
n444	378	1	0	60	53.06217984374901
n433	375	1	0	64	52.89524624999901
n431	372	1	0	67	52.562714531249014
n434	377	1	0	67	53.04615421874901
n432	373	1	0	70	52.738996406249015
n453	379	1	0	57	53.18771390624901
n455	383	1	0	57	53.51490374999901
n454	382	1	0	60	53.37067312499901
n456	385	1	0	60	53.69786296874901
n445	380	1	0	65	53.205074999999006
n447	384	1	0	65	53.522916562499006
n446	381	1	0	69	53.36800218749901
n448	386	1	0	69	53.72190140624901
n459	392	1	0	55	54.157264218749006
n457	388	1	0	58	53.835416249999014
n458	390	1	0	60	53.99300156249901
n460	394	1	0	60	54.348236249999005
n451	391	1	0	64	54.157264218749006
n449	387	1	0	67	53.836751718749014
n452	393	1	0	67	54.316184999999
n450	389	1	0	70	53.99700796874901
n469	396	1	0	57	54.463086562499
n470	398	1	0	60	54.622007343749
n472	401	1	0	60	54.95320359374899
n471	400	1	0	63	54.79561828124899
n461	395	1	0	65	54.473770312499
n462	397	1	0	69	54.639368437498995
n464	402	1	0	69	54.97590656249899
n463	399	1	0	72	54.80496656249899
n473	403	1	0	60	55.112124374998984
n474	406	1	0	63	55.28039343749898
n476	410	1	0	63	55.59022218749898
n475	408	1	0	66	55.447327031248975
n465	404	1	0	69	55.108117968748985
n466	405	1	0	72	55.26970968749898
n468	409	1	0	72	55.59823499999898
n467	407	1	0	75	55.435307812498976
n485	411	1	0	63	55.77318140624897
n486	414	1	0	66	55.93210218749898
n488	417	1	0	66	56.247272812498984
n487	416	1	0	69	56.115061406248984
n477	412	1	0	72	55.761162187498975
n478	413	1	0	75	55.92275390624898
n480	418	1	0	75	56.251279218748984
n479	415	1	0	78	56.08301015624898
n491	423	1	0	63	56.74940906249899
n489	419	1	0	65	56.41019999999898
n490	422	1	0	69	56.58915281249899
n492	425	1	0	69	56.89898156249899
n483	424	1	0	72	56.74406718749899
n481	420	1	0	73	56.40619359374898
n482	421	1	0	77	56.566449843748984
n484	426	1	0	77	56.90031703124899
n503	428	1	0	34	57.16206890624898
n504	431	1	0	38	57.16073343749898
n505	429	1	0	41	57.158062499998984
n506	427	1	0	46	57.154056093748984
n507	435	1	0	62	57.540006562498974
n508	438	1	0	65	57.71361749999896
n493	430	1	0	70	57.155391562498984
n497	436	1	0	70	57.56404499999897
n494	432	1	0	74	57.154056093748984
n498	437	1	0	74	57.71628843749896
n495	434	1	0	77	57.16206890624898
n496	433	1	0	82	57.154056093748984
n511	443	1	0	60	58.18103156249896
n509	439	1	0	63	57.86586093749896
n512	446	1	0	63	58.32926859374896
n510	442	1	0	66	58.03412999999895
n501	444	1	0	69	58.18236703124896
n499	440	1	0	72	57.881886562498956
n502	445	1	0	72	58.335945937498956
n500	441	1	0	75	58.019439843748955
n521	448	1	0	62	58.50555046874895
n523	451	1	0	62	58.84208859374894
n522	450	1	0	65	58.683167812498944
n524	453	1	0	65	59.00501578124894
n513	447	1	0	70	58.49620218749895
n515	452	1	0	70	58.84075312499894
n514	449	1	0	74	58.66580671874895
n516	454	1	0	74	59.01703499999894
n527	460	1	0	60	59.48711999999893
n525	456	1	0	63	59.16126562499894
n528	462	1	0	63	59.650047187498934
n526	458	1	0	66	59.326863749998935
n519	459	1	0	69	59.48044265624893
n517	455	1	0	72	59.17328484374894
n520	461	1	0	72	59.62467328124893
n518	457	1	0	75	59.325528281248936
n537	463	1	0	62	59.794277812498926
n538	466	1	0	65	59.95720499999892
n540	469	1	0	65	60.275046562498915
n539	467	1	0	68	60.11479031249892
n529	464	1	0	70	59.803626093748925
n530	465	1	0	74	59.96121140624892
n532	470	1	0	74	60.28573031249891
n531	468	1	0	77	60.128144999998916
n541	471	1	0	65	60.43530281249892
n542	473	1	0	68	60.591552656248915
n544	477	1	0	68	60.91340062499891
n543	475	1	0	71	60.77718281249891
n533	472	1	0	74	60.43530281249892
n534	474	1	0	77	60.588881718748915
n536	478	1	0	77	60.917407031248906
n535	476	1	0	80	60.76516359374891
n553	479	1	0	68	61.08701156249891
n554	481	1	0	71	61.245932343748905
n556	486	1	0	71	61.5490837499989
n555	484	1	0	74	61.3981757812489
n545	480	1	0	77	61.08300515624891
n546	482	1	0	80	61.23391312499891
n548	485	1	0	80	61.5383999999989
n547	483	1	0	83	61.3901629687489
n561	494	1	0	68	62.26222406249887
n562	495	1	0	71	62.27157234374887
n557	487	1	0	74	61.720023749998894
n558	489	1	0	77	61.8762735937489
n559	491	1	0	80	62.0392007812489
n549	488	1	0	83	61.718688281248895
n550	490	1	0	86	61.8802799999989
n552	493	1	0	86	62.20880531249888
n551	492	1	0	89	62.0552264062489
n571	496	1	0	68	62.38909359374886
n574	502	1	0	68	62.94999046874884
n572	498	1	0	71	62.39309999999886
n575	503	1	0	71	62.958003281248835
n564	499	1	0	86	62.53465968749886
n566	501	1	0	86	62.87787515624884
n563	497	1	0	89	62.35971328124886
n565	500	1	0	89	62.71361249999886
n576	505	1	0	68	63.04080234374883
n579	510	1	0	68	63.6057056249988
n577	504	1	0	71	63.03546046874883
n580	511	1	0	71	63.6150539062488
n568	507	1	0	86	63.205064999998825
n570	509	1	0	86	63.51756468749881
n567	506	1	0	89	63.04213781249883
n569	508	1	0	89	63.37199859374883
n589	512	1	0	68	63.70987218749878
n592	518	1	0	68	64.26008531249875
n590	513	1	0	71	63.70720124999878
n593	519	1	0	71	64.24405968749875
n582	515	1	0	86	63.87413484374878
n584	517	1	0	86	64.18129265624876
n581	514	1	0	89	63.695182031248784
n583	516	1	0	89	64.03305562499878
n594	520	1	0	67	64.33620703124873
n597	527	1	0	67	64.90111031249873
n595	521	1	0	70	64.34421984374873
n598	526	1	0	70	64.89309749999873
n588	525	1	0	75	64.82765953124874
n587	524	1	0	79	64.68342890624874
n586	523	1	0	82	64.51115343749873
n585	522	1	0	87	64.34822624999873
n607	529	1	0	68	64.97990296874873
n610	534	1	0	68	65.55148359374869
n608	528	1	0	71	64.97456109374873
n611	535	1	0	71	65.57685749999868
n599	530	1	0	74	65.00394140624873
n600	531	1	0	86	65.17087499999872
n602	533	1	0	86	65.4900520312487
n601	532	1	0	89	65.3351376562487
n612	536	1	0	68	65.65965656249867
n615	542	1	0	68	66.23524359374863
n613	537	1	0	71	65.62760531249867
n616	543	1	0	71	66.23257265624864
n604	539	1	0	86	65.84128031249865
n606	541	1	0	86	66.14977359374863
n603	538	1	0	89	65.66900484374867
n605	540	1	0	89	66.00153656249864
n625	545	1	0	68	66.32605546874863
n628	551	1	0	68	66.89630062499859
n626	544	1	0	71	66.31537171874864
n629	550	1	0	71	66.88428140624859
n618	547	1	0	86	66.49298906249862
n620	549	1	0	86	66.8068242187486
n617	546	1	0	89	66.31537171874864
n619	548	1	0	89	66.66526453124861
n630	553	1	0	67	66.97242234374858
n633	559	1	0	67	67.52664187499853
n631	552	1	0	70	66.97242234374858
n634	558	1	0	70	67.51729359374853
n624	557	1	0	75	67.45719749999854
n623	556	1	0	79	67.30228312499855
n622	555	1	0	82	67.13401406249857
n621	554	1	0	87	66.97909968749858
n643	561	1	0	68	67.60142812499852
n646	567	1	0	68	68.16900234374847
n644	560	1	0	71	67.60009265624852
n647	566	1	0	71	68.15564765624848
n635	562	1	0	74	67.62146015624852
n636	563	1	0	86	67.7870582812485
n638	565	1	0	86	68.11291265624848
n637	564	1	0	89	67.9553273437485
n648	569	1	0	67	68.27049796874846
n651	574	1	0	67	68.80735640624842
n649	568	1	0	70	68.25180140624846
n652	575	1	0	70	68.79266624999842
n642	573	1	0	75	68.73257015624843
n641	572	1	0	79	68.58032671874844
n640	571	1	0	82	68.42808328124845
n639	570	1	0	87	68.28251718749846
n661	576	1	0	68	68.88614906249842
n664	583	1	0	68	69.44170406249842
n662	577	1	0	71	68.89549734374842
n665	582	1	0	71	69.44170406249842
n653	578	1	0	74	68.90751656249842
n654	579	1	0	86	69.0597599999984
n656	581	1	0	86	69.37225968749841
n655	580	1	0	89	69.21600984374841
n669	590	1	0	55	70.0693743749984
n666	586	1	0	67	69.55388343749841
n667	584	1	0	70	69.51114843749842
n660	589	1	0	75	69.97589156249839
n659	588	1	0	79	69.8370028124984
n658	587	1	0	82	69.7047914062484
n657	585	1	0	87	69.53919328124842
n680	596	1	0	44	70.66899984374838
n678	591	1	0	56	70.1241285937484
n673	595	1	0	60	70.59421359374838
n672	594	1	0	63	70.43262187499839
n671	593	1	0	68	70.28839124999838
n670	592	1	0	72	70.14549609374839
n682	602	1	0	34	71.30334749999835
n681	597	1	0	46	70.75313437499838
n677	601	1	0	46	71.24725781249836
n676	600	1	0	50	71.07364687499836
n675	599	1	0	53	70.91205515624837
n674	598	1	0	58	70.75446984374838
n689	604	1	0	39	71.41152046874835
n690	605	1	0	46	71.66392406249834
n694	611	1	0	46	72.03117796874834
n683	603	1	0	51	71.41152046874835
n691	606	1	0	51	71.64122109374834
n692	608	1	0	51	71.86424437499835
n695	610	1	0	51	72.03518437499834
n693	607	1	0	55	71.85623156249835
n685	609	1	0	70	72.00847499999834
n698	616	1	0	46	72.36638062499831
n702	620	1	0	46	72.71360249999829
n696	613	1	0	51	72.18609234374833
n699	615	1	0	51	72.35836781249832
n700	617	1	0	51	72.5239659374983
n711	623	1	0	51	72.88053609374828
n703	deletion
n697	614	1	0	55	72.19143421874833
n701	618	1	0	55	72.5359851562483
n686	612	1	0	67	72.18742781249833
n688	619	1	0	75	72.69357046874829
n713	624	1	0	46	73.06215984374826
n717	628	1	0	46	73.37599499999824
n714	625	1	0	51	73.09020468749826
n715	629	1	0	51	73.25713828124825
n718	deletion
n712	622	1	0	55	72.88187156249828
n716	626	1	0	55	73.21974515624825
n704	621	1	0	70	72.87786515624828
n706	627	1	0	79	73.38133687499824
n721	633	1	0	46	73.7312296874982
n725	639	1	0	46	74.04506484374818
n719	631	1	0	53	73.53625124999823
n722	634	1	0	53	73.7272232812482
n723	637	1	0	53	73.89549234374819
n726	deletion
n720	630	1	0	56	73.55761874999823
n724	636	1	0	56	73.89015046874819
n707	632	1	0	74	73.55494781249823
n710	640	1	0	74	74.05708406249818
n709	638	1	0	77	73.90617609374819
n708	635	1	0	80	73.7352360937482
n733	deletion
n734	642	1	0	46	74.39362218749817
n738	648	1	0	46	74.75019234374814
n735	643	1	0	51	74.39762859374817
n736	644	1	0	51	74.56322671874815
n739	646	1	0	51	74.73817312499814
n737	645	1	0	55	74.57257499999815
n729	647	1	0	70	74.74618593749814
n727	641	1	0	75	74.24404968749818
n742	652	1	0	46	75.08673046874812
n746	657	1	0	46	75.4005656249981
n740	650	1	0	51	74.90510671874813
n743	653	1	0	51	75.09340781249811
n744	654	1	0	51	75.2376384374981
n747	658	1	0	51	75.41392031249809
n741	651	1	0	55	74.91044859374813
n745	655	1	0	55	75.2509931249981
n730	649	1	0	67	74.91712593749813
n732	656	1	0	75	75.3925528124981
n757	663	1	0	46	75.74511656249807
n761	667	1	0	46	76.06295812499805
n755	660	1	0	51	75.56215734374808
n758	662	1	0	51	75.74111015624807
n759	664	1	0	51	75.89335359374806
n762	668	1	0	51	76.08566109374804
n756	661	1	0	55	75.56616374999808
n760	665	1	0	55	75.90136640624806
n748	659	1	0	70	75.56616374999808
n750	666	1	0	79	76.06295812499805
n765	672	1	0	46	76.38614156249801
n769	678	1	0	46	76.69062843749799
n763	670	1	0	53	76.24057546874803
n766	673	1	0	53	76.39014796874801
n767	675	1	0	53	76.549068749998
n770	679	1	0	53	76.74271171874798
n764	669	1	0	56	76.22722078124804
n768	676	1	0	56	76.557081562498
n751	671	1	0	74	76.23122718749804
n754	680	1	0	74	76.72668609374799
n753	677	1	0	77	76.561087968748
n752	674	1	0	80	76.39548984374801
n778	deletion
n779	682	1	0	46	77.05921781249798
n783	687	1	0	46	77.39709140624795
n780	683	1	0	51	77.06055328124798
n781	684	1	0	51	77.21813859374797
n784	686	1	0	51	77.38640765624795
n782	685	1	0	55	77.23015781249796
n771	681	1	0	75	76.90029703124797
n773	688	1	0	87	77.38907859374795
n787	693	1	0	46	77.72962312499791
n791	698	1	0	46	78.0220907812479
n785	690	1	0	53	77.54799937499794
n788	692	1	0	53	77.72828765624791
n789	695	1	0	53	77.8952212499979
n792	699	1	0	53	78.05681296874789
n786	689	1	0	56	77.54799937499794
n790	696	1	0	56	77.8938857812479
n774	691	1	0	86	77.56803140624794
n776	697	1	0	86	77.8992276562479
n775	694	1	0	89	77.72962312499791
n777	700	1	0	89	78.05681296874789
n800	701	1	0	39	78.20504999999788
n801	703	1	0	46	78.37866093749787
n805	706	1	0	46	78.70985718749786
n802	704	1	0	51	78.37866093749787
n803	deletion
n823	720	1	0	51	79.4951128124978
n806	deletion
n804	705	1	0	55	78.54425906249786
n795	707	1	0	79	78.71653453124786
n793	702	1	0	87	78.22908843749788
n809	711	1	0	46	79.04906624999782
n813	719	1	0	46	79.2400382812478
n807	709	1	0	53	78.87545531249785
n810	712	1	0	53	79.04505984374782
n811	715	1	0	53	79.22000624999781
n814	718	1	0	53	79.3722496874978
n808	708	1	0	56	78.87278437499785
n812	714	1	0	56	79.20130968749781
n796	710	1	0	74	78.89014546874785
n799	717	1	0	74	79.3669078124978
n798	716	1	0	77	79.21332890624781
n797	713	1	0	80	79.04505984374782
n824	721	1	0	55	79.50713203124779
n817	724	1	0	70	79.85435390624777
n815	722	1	0	75	79.51514484374779
n818	725	1	0	75	80.01728109374775
n816	723	1	0	79	79.68474937499778
n822	729	1	0	65	80.69436374999772
n819	726	1	0	67	80.18688562499774
n821	728	1	0	68	80.51006906249772
n820	727	1	0	70	80.34447093749773
n837	735	1	0	46	81.16311328124772
n835	731	1	0	51	80.84260078124771
n838	737	1	0	51	81.3300468749977
n836	733	1	0	55	81.01487624999771
n829	734	1	0	58	81.16444874999772
n827	730	1	0	63	80.84660718749771
n830	736	1	0	63	81.31936312499771
n828	732	1	0	67	80.99885062499771
n842	745	1	0	41	81.95905265624769
n839	738	1	0	43	81.4862967187477
n841	743	1	0	44	81.81215109374769
n840	741	1	0	46	81.6612431249977
n834	744	1	0	53	81.96305906249769
n831	739	1	0	55	81.4849612499977
n833	742	1	0	56	81.81215109374769
n832	740	1	0	58	81.6532303124977
n851	747	1	0	39	82.1326635937477
n845	749	1	0	46	82.45851796874769
n843	746	1	0	51	82.1219798437477
n846	750	1	0	51	82.62545156249769
n844	748	1	0	55	82.2875779687477
n853	751	1	0	39	82.79772703124769
n849	753	1	0	43	83.15162624999769
n848	752	1	0	46	82.97000249999769
n850	754	1	0	46	83.30253421874768
n863	755	1	0	39	83.47213874999767
n857	757	1	0	43	83.81802515624766
n856	756	1	0	46	83.65109156249767
n858	758	1	0	46	83.99030062499766
n865	759	1	0	39	84.14521499999765
n861	761	1	0	43	84.51380437499763
n860	760	1	0	46	84.33618703124765
n862	762	1	0	46	84.67406062499764
n875	763	1	0	39	84.84500062499762
n869	765	1	0	43	85.18554515624763
n868	764	1	0	47	85.01326968749763
n870	766	1	0	47	85.35782062499763
n877	767	1	0	39	85.52074781249762
n873	769	1	0	43	85.87464703124762
n872	768	1	0	47	85.68901687499762
n874	770	1	0	47	86.03623874999762
n887	771	1	0	39	86.19916593749761
n881	773	1	0	43	86.55306515624758
n880	772	1	0	47	86.37010593749758
n882	774	1	0	47	86.72133421874759
n889	775	1	0	39	86.89895156249757
n885	777	1	0	43	87.23816062499755
n884	776	1	0	47	87.06722062499756
n886	778	1	0	47	87.40108781249755
n900	779	1	0	40	87.56802140624755
n893	781	1	0	43	87.91924968749753
n892	780	1	0	48	87.74830968749754
n894	782	1	0	48	88.08484781249753
n899	deletion
n902	783	1	0	40	88.24777499999752
n897	785	1	0	43	88.60033874999748
n896	784	1	0	48	88.42405687499749
n898	786	1	0	48	88.76593687499748
n912	787	1	0	40	88.93420593749747
n906	789	1	0	43	89.28409874999741
n905	788	1	0	48	89.11048781249744
n907	790	1	0	48	89.45236781249741
n914	792	1	0	40	89.65669453124741
n910	793	1	0	43	89.99857453124737
n909	791	1	0	48	89.82496359374738
n911	794	1	0	48	90.18420468749737
n923	795	1	0	41	90.68099906249734
n924	796	1	0	45	90.85060359374732
n925	797	1	0	48	91.00017609374733
n916	800	1	0	60	90.44595656249734
n917	798	1	0	65	90.43927921874734
n918	801	1	0	69	90.42859546874735
n927	802	1	0	41	91.3594171874973
n928	804	1	0	43	91.4862867187473
n926	799	1	0	53	91.17912890624733
n929	806	1	0	55	91.71598734374726
n919	805	1	0	60	91.55306015624728
n920	803	1	0	64	91.51566703124729
n921	807	1	0	70	91.50498328124729
n936	808	1	0	45	92.06988656249722
n937	809	1	0	48	92.24616843749722
n938	810	1	0	53	92.41310203124722
n930	812	1	0	60	91.90829484374724
n931	811	1	0	65	91.90829484374724
n932	814	1	0	72	91.89360468749724
n940	815	1	0	45	92.7616593749972
n941	816	1	0	46	92.96999249999718
n939	813	1	0	57	92.60006765624722
n942	817	1	0	58	93.12624234374715
n933	822	1	0	62	92.96999249999718
n934	818	1	0	74	92.93393484374718
n953	825	1	0	40	93.65508796874707
n951	819	1	0	43	93.29985328124712
n954	826	1	0	52	93.83537624999704
n952	820	1	0	55	93.4734642187471
n945	823	1	0	67	93.66042984374707
n944	821	1	0	70	93.30653062499712
n946	824	1	0	72	93.65909437499707
n955	829	1	0	41	93.99429703124704
n957	833	1	0	45	94.34819624999703
n956	830	1	0	53	94.16123062499703
n958	834	1	0	57	94.49910421874704
n947	828	1	0	60	94.00364531249704
n949	831	1	0	60	94.32816421874703
n950	832	1	0	65	94.32282234374703
n948	827	1	0	69	93.98628421874704
n969	835	1	0	48	94.69141171874703
n970	836	1	0	60	94.874370937497
n971	837	1	0	60	95.06400749999698
n972	840	1	0	60	95.19888984374695
n959	839	1	0	64	94.69541812499703
n960	838	1	0	67	94.67672156249704
n976	850	1	0	55	95.86261781249692
n975	846	1	0	57	95.68633593749692
n974	844	1	0	58	95.53275703124693
n973	841	1	0	60	95.37517171874694
n963	842	1	0	60	95.51940234374693
n965	845	1	0	62	95.69167781249692
n964	843	1	0	64	95.50604765624693
n967	848	1	0	64	95.85460499999692
n966	847	1	0	65	95.69167781249692
n968	849	1	0	67	95.84659218749692
n984	852	1	0	41	96.2178524999969
n985	853	1	0	45	96.3647540624969
n986	855	1	0	48	96.5183329687469
n983	851	1	0	53	96.04691249999689
n977	854	1	0	60	96.0442415624969
n978	856	1	0	65	96.0442415624969
n979	857	1	0	69	96.0282159374969
n988	859	1	0	41	96.84819374999685
n989	861	1	0	43	97.01245640624684
n987	858	1	0	53	96.69728578124688
n990	863	1	0	55	97.19942203124681
n980	862	1	0	60	97.05118499999683
n981	860	1	0	64	97.02314015624684
n982	864	1	0	70	97.01646281249684
n998	865	1	0	45	97.5239409374968
n999	866	1	0	48	97.7135774999968
n1000	867	1	0	53	97.8738337499968
n991	868	1	0	60	97.3810457812468
n992	870	1	0	65	97.3703620312468
n993	869	1	0	72	97.3583428124968
n1002	872	1	0	45	98.19434624999678
n1003	875	1	0	46	98.37596999999677
n1001	871	1	0	57	98.0541220312468
n1004	877	1	0	58	98.55492281249674
n994	874	1	0	61	98.36528624999677
n995	873	1	0	65	98.36127984374677
n996	876	1	0	73	98.35860890624677
n1014	880	1	0	48	98.79530718749672
n1015	881	1	0	60	98.84605499999671
n1005	878	1	0	63	98.78729437499672
n1017	885	1	0	63	99.40428093749668
n1018	884	1	0	66	99.40160999999668
n1006	879	1	0	75	98.78328796874672
n1007	882	1	0	81	99.0103176562467
n1009	886	1	0	81	99.34284937499667
n1008	883	1	0	84	99.2012896874967
n1022	893	1	0	63	100.07869265624666
n1032	895	1	0	63	100.16015624999666
n1019	deletion
n1020	887	1	0	66	99.48173812499667
n1023	892	1	0	66	100.07468624999666
n1033	894	1	0	66	100.15214343749666
n1011	889	1	0	81	99.67404562499665
n1013	891	1	0	81	99.98788078124666
n1010	888	1	0	84	99.51512484374666
n1012	890	1	0	84	99.83430187499665
n1035	901	1	0	63	100.72505953124666
n1036	900	1	0	66	100.72639499999666
n1025	897	1	0	81	100.32575437499665
n1027	899	1	0	81	100.65027328124665
n1024	896	1	0	84	100.15614984374666
n1026	898	1	0	84	100.48868156249665
n1040	908	1	0	49	101.36474906249666
n1041	909	1	0	53	101.36207812499666
n1037	904	1	0	61	100.83456796874665
n1038	902	1	0	65	100.82254874999666
n1031	907	1	0	70	101.29129828124665
n1030	906	1	0	73	101.14306124999665
n1029	905	1	0	77	100.98013406249665
n1028	903	1	0	82	100.81052953124666
n1050	913	1	0	48	101.46758015624665
n1051	912	1	0	51	101.46624468749665
n1052	910	1	0	54	101.47025109374665
n1054	918	1	0	63	102.04717359374665
n1055	917	1	0	66	102.05518640624665
n1042	911	1	0	69	101.46490921874666
n1043	914	1	0	81	101.65321031249664
n1045	916	1	0	81	101.98307109374664
n1044	915	1	0	84	101.82815671874664
n1056	920	1	0	63	102.14599828124665
n1059	925	1	0	63	102.70823062499665
n1057	919	1	0	66	102.13264359374665
n1060	926	1	0	66	102.71223703124664
n1047	922	1	0	81	102.30224812499664
n1049	924	1	0	81	102.63878624999664
n1046	921	1	0	84	102.15000468749665
n1048	923	1	0	84	102.46383984374664
n1069	928	1	0	63	102.79236515624665
n1072	934	1	0	63	103.34257828124665
n1070	927	1	0	66	102.80037796874664
n1073	933	1	0	66	103.33723640624665
n1062	930	1	0	81	102.96731156249665
n1064	932	1	0	81	103.28915953124665
n1061	929	1	0	84	102.79904249999665
n1063	931	1	0	84	103.12623234374665
n1074	936	1	0	61	103.45208671874663
n1077	941	1	0	61	103.9942870312466
n1075	935	1	0	65	103.43873203124663
n1078	943	1	0	65	104.0049707812466
n1068	940	1	0	70	103.94086828124661
n1067	939	1	0	73	103.78728937499662
n1066	938	1	0	77	103.61634937499662
n1065	937	1	0	82	103.45876406249663
n1087	944	1	0	62	104.0797570312466
n1091	949	1	0	65	104.6379829687466
n1088	deletion
n1089	942	1	0	68	104.0931117187466
n1092	950	1	0	68	104.6339765624966
n1079	945	1	0	71	104.1011245312466
n1080	946	1	0	83	104.26004531249659
n1082	948	1	0	83	104.5818932812466
n1081	947	1	0	86	104.42564343749659
n1093	953	1	0	63	104.7421495312466
n1096	957	1	0	63	105.29903999999658
n1094	951	1	0	67	104.7448204687466
n1097	958	1	0	67	105.32574937499658
n1086	956	1	0	72	105.21490546874658
n1085	955	1	0	75	105.07735218749659
n1084	954	1	0	79	104.90641218749658
n1083	952	1	0	84	104.7514978124966
n1106	deletion
n1107	959	1	0	65	105.38718093749657
n1110	965	1	0	65	105.95074874999656
n1108	961	1	0	68	105.39385828124657
n1111	966	1	0	68	105.95609062499656
n1098	960	1	0	71	105.39519374999657
n1099	962	1	0	83	105.55144359374655
n1101	964	1	0	83	105.89866546874657
n1100	963	1	0	86	105.73974468749657
n1112	969	1	0	63	106.05625078124656
n1113	968	1	0	67	106.05625078124656
n1105	972	1	0	72	106.53434859374654
n1104	971	1	0	75	106.38744703124654
n1103	970	1	0	79	106.22451984374655
n1102	967	1	0	84	106.04823796874656
n1118	976	1	0	67	107.21276671874654
n1117	975	1	0	72	107.05384593749655
n1116	974	1	0	75	106.88023499999655
n1115	973	1	0	79	106.71864328124654
n1127	984	1	0	51	107.8457789062465
n1126	982	1	0	55	107.7162384374965
n1125	980	1	0	60	107.52660187499652
n1124	977	1	0	63	107.36367468749653
n1122	983	1	0	63	107.8417724999965
n1121	981	1	0	67	107.6935354687465
n1120	979	1	0	72	107.53327921874651
n1119	978	1	0	75	107.37702937499652
n1139	991	1	0	48	108.47478468749645
n1138	990	1	0	51	108.31853484374646
n1137	988	1	0	55	108.16629140624647
n1136	986	1	0	60	108.02206078124648
n1131	992	1	0	60	108.48546843749645
n1130	989	1	0	63	108.33856687499646
n1129	987	1	0	67	108.17430421874647
n1128	985	1	0	72	108.01004156249648
n1143	1000	1	0	43	109.1331707812464
n1142	997	1	0	48	108.95822437499642
n1141	996	1	0	51	108.80598093749643
n1140	994	1	0	55	108.65106656249644
n1135	999	1	0	55	109.12248703124641
n1134	998	1	0	60	108.97825640624642
n1133	995	1	0	63	108.81399374999643
n1132	993	1	0	67	108.65507296874644
n1155	1007	1	0	39	109.77820218749636
n1154	1006	1	0	43	109.65133265624637
n1153	1004	1	0	48	109.46169609374638
n1152	1002	1	0	51	109.31345906249639
n1147	1008	1	0	51	109.77286031249636
n1146	1005	1	0	55	109.61393953124637
n1145	1003	1	0	60	109.45902515624638
n1144	1001	1	0	63	109.2800723437464
n1159	1015	1	0	36	110.39919515624636
n1158	1014	1	0	39	110.24695171874636
n1157	1012	1	0	43	110.09604374999637
n1156	1010	1	0	48	109.94513578124636
n1151	1016	1	0	48	110.40854343749636
n1150	1013	1	0	51	110.25496453124636
n1149	1011	1	0	55	110.09871468749637
n1148	1009	1	0	60	109.93712296874637
n1167	1018	1	0	31	110.57414156249635
n1168	1017	1	0	43	110.57280609374635
n1169	1020	1	0	43	110.76377812499634
n1171	1023	1	0	43	111.06826499999632
n1170	1022	1	0	47	110.92002796874633
n1160	1019	1	0	55	110.73706874999634
n1162	1024	1	0	55	111.05624578124632
n1161	1021	1	0	59	110.90133140624633
n1175	1032	1	0	36	111.71329640624629
n1174	1030	1	0	39	111.5396854687463
n1173	1028	1	0	43	111.3941193749963
n1172	1026	1	0	48	111.2311921874963
n1166	1031	1	0	48	111.71062546874629
n1165	1029	1	0	51	111.5436918749963
n1164	1027	1	0	55	111.3821001562463
n1163	1025	1	0	60	111.2191729687463
n1183	1033	1	0	31	111.88423640624627
n1184	1034	1	0	43	111.88423640624627
n1185	1036	1	0	43	112.07120203124626
n1187	1039	1	0	43	112.37568890624625
n1186	1038	1	0	47	112.21943906249625
n1176	1035	1	0	55	112.03647984374626
n1178	1040	1	0	55	112.36099874999626
n1177	1037	1	0	59	112.21009078124625
n1191	1047	1	0	36	113.00603015624623
n1190	1046	1	0	39	112.84577390624624
n1189	1043	1	0	43	112.70421421874623
n1188	1042	1	0	48	112.53327421874624
n1182	1048	1	0	48	113.01938484374622
n1181	1045	1	0	51	112.85378671874624
n1180	1044	1	0	55	112.69085953124623
n1179	1041	1	0	60	112.52125499999624
n1200	1050	1	0	31	113.19566671874621
n1201	1051	1	0	33	113.3545874999962
n1202	1053	1	0	35	113.51217281249619
n1203	1056	1	0	36	113.69513203124617
n1192	1049	1	0	43	113.18498296874621
n1193	1052	1	0	45	113.3439037499962
n1194	1054	1	0	47	113.51617921874619
n1195	1055	1	0	48	113.67910640624618
n1204	1057	1	0	38	113.85805921874616
n1205	1059	1	0	40	114.00629624999615
n1206	1061	1	0	41	114.15987515624616
n1207	1064	1	0	42	114.32280234374615
n1196	1058	1	0	50	113.84069812499617
n1197	1060	1	0	52	114.00095437499616
n1198	1062	1	0	53	114.17189437499616
n1199	1063	1	0	54	114.33081515624615
n1216	1065	1	0	43	114.49641328124615
n1217	1067	1	0	45	114.65666953124615
n1218	1069	1	0	46	114.81291937499614
n1219	1072	1	0	47	114.97985296874614
n1208	1066	1	0	55	114.49374234374615
n1209	1068	1	0	57	114.65533406249615
n1210	1070	1	0	58	114.81425484374614
n1211	1071	1	0	59	114.97050468749615
n1220	1073	1	0	48	115.14411562499615
n1221	1075	1	0	49	115.30303640624615
n1222	1078	1	0	50	115.47931828124615
n1223	1080	1	0	51	115.69032234374615
n1212	1074	1	0	60	115.13610281249615
n1213	1076	1	0	61	115.29101718749615
n1214	1077	1	0	62	115.46729906249615
n1215	1079	1	0	63	115.65960656249615
n1231	1081	1	0	36	116.26323843749613
n1232	1082	1	0	40	116.44619765624613
n1233	1083	1	0	43	116.61446671874613
n1224	1085	1	0	55	116.01083484374612
n1225	1084	1	0	60	116.02285406249612
n1226	1088	1	0	64	115.96809984374613
n1235	1087	1	0	36	116.9496693749961
n1236	1089	1	0	38	117.14331234374608
n1234	1086	1	0	48	116.80410328124613
n1237	1092	1	0	50	117.33027796874605
n1227	1091	1	0	55	117.18604734374607
n1228	1090	1	0	59	117.13396406249608
n1229	1093	1	0	65	117.11393203124608
n1244	1094	1	0	40	117.72691218749598
n1245	1095	1	0	43	117.90853593749598
n1246	deletion
n1238	1098	1	0	55	117.598707187496
n1239	1097	1	0	60	117.55463671874601
n1240	1100	1	0	67	117.53326921874601
n1248	1101	1	0	40	118.39598203124596
n1249	1102	1	0	41	118.56291562499595
n1247	1099	1	0	52	118.22637749999599
n1250	1103	1	0	53	118.75922953124594
n1241	1108	1	0	57	118.60297968749595
n1242	1104	1	0	69	118.57894124999595
n1261	1111	1	0	35	119.31478453124585
n1259	1105	1	0	38	118.9421887499959
n1262	1112	1	0	47	119.46702796874584
n1260	1106	1	0	50	119.13182531249588
n1253	1110	1	0	62	119.28406874999585
n1252	1107	1	0	65	118.9542079687459
n1254	1109	1	0	67	119.28006234374585
n1263	1115	1	0	36	119.64063890624584
n1265	1119	1	0	40	119.98786078124583
n1264	1116	1	0	48	119.81291437499583
n1266	1120	1	0	52	120.13209140624582
n1255	1113	1	0	55	119.63663249999584
n1257	1118	1	0	55	119.96515781249583
n1258	1117	1	0	60	119.94913218749583
n1256	1114	1	0	64	119.61660046874584
n1274	deletion
n1275	1121	1	0	55	120.48465515624582
n1276	1122	1	0	55	120.66627890624582
n1277	1125	1	0	55	120.82519968749583
n1267	1123	1	0	59	120.30570234374582
n1268	1124	1	0	62	120.29902499999582
n1281	1132	1	0	50	121.49827593749576
n1280	1130	1	0	52	121.31398124999579
n1279	1127	1	0	53	121.15105406249579
n1278	1126	1	0	55	120.99480421874581
n1269	1128	1	0	67	121.33267781249579
n1270	1129	1	0	69	121.40612859374578
n1271	1131	1	0	71	121.45954734374577
n1272	1133	1	0	72	121.54501734374576
n1273	1134	1	0	74	121.61045531249574
n1285	1135	1	0	48	121.88556187499573
n1286	1136	1	0	52	122.04314718749573
n1287	deletion
n1282	1139	1	0	76	121.70527359374573
n1289	1140	1	0	48	122.54394796874573
n1290	1142	1	0	50	122.7001978124957
n1288	1138	1	0	60	122.38769812499574
n1291	deletion
n1283	1141	1	0	77	122.6841721874957
n1300	1147	1	0	52	123.21168234374566
n1301	1148	1	0	55	123.37728046874567
n1302	1149	1	0	60	123.53620124999567
n1292	1150	1	0	79	123.05409703124566
n1304	1152	1	0	52	123.89811328124566
n1305	1155	1	0	53	124.06905328124563
n1303	1151	1	0	64	123.73518609374567
n1306	deletion
n1293	1153	1	0	72	124.06237593749563
n1294	1154	1	0	74	124.13582671874562
n1295	1156	1	0	76	124.17722624999561
n1296	1157	1	0	77	124.24800609374562
n1297	1158	1	0	79	124.3348115624956
n1298	1159	1	0	80	124.3882303124956
n1315	1160	1	0	55	124.63128562499558
n1316	deletion
n1317	1162	1	0	64	124.97717203124559
n1307	1164	1	0	82	124.45901015624558
n1319	1165	1	0	55	125.31237468749559
n1320	1167	1	0	56	125.46728906249558
n1318	1163	1	0	67	125.14944749999559
n1321	1171	1	0	68	125.64089999999557
n1312	1170	1	0	82	125.59015218749556
n1308	1166	1	0	84	125.40318656249559
n1311	1169	1	0	84	125.52604968749557
n1313	1172	1	0	84	125.69966062499556
n1310	1168	1	0	85	125.48999203124558
n1335	1173	1	0	58	126.02685046874555
n1336	1174	1	0	61	126.20713874999552
n1337	1177	1	0	64	126.3647240624955
n1324	1176	1	0	79	126.3326728124955
n1325	1178	1	0	80	126.40478812499549
n1326	1179	1	0	82	126.43016203124549
n1327	1180	1	0	84	126.44351671874549
n1322	1175	1	0	85	125.87727796874556
n1339	1182	1	0	58	126.70526859374544
n1340	1183	1	0	61	126.87887953124545
n1341	1184	1	0	64	127.01376187499545
n1330	1185	1	0	67	127.02043921874545
n1331	1186	1	0	68	127.08320624999546
n1332	1187	1	0	70	127.09388999999545
n1333	1188	1	0	72	127.07786437499546
n1328	1181	1	0	85	126.53833499999547
n1344	1192	1	0	43	127.68950906249545
n1345	1194	1	0	44	127.73224406249544
n1346	1195	1	0	46	127.74693421874544
n1347	1197	1	0	48	127.77497906249543
n1355	1190	1	0	58	127.35964828124546
n1356	1191	1	0	61	127.51723359374546
n1357	1193	1	0	64	127.68683812499545
n1342	1189	1	0	73	127.16199890624546
n1353	1204	1	0	44	128.4547326562454
n1352	1203	1	0	46	128.4320296874954
n1351	1202	1	0	48	128.3919656249954
n1348	1196	1	0	49	127.82305593749543
n1350	1201	1	0	49	128.3692626562454
n1359	1198	1	0	58	128.0287181249954
n1360	1199	1	0	61	128.2049999999954
n1361	1200	1	0	64	128.3679271874954
n1362	1205	1	0	43	128.5081514062454
n1375	1206	1	0	58	128.71514906249536
n1376	1207	1	0	61	128.88341812499533
n1377	1209	1	0	64	129.0490162499953
n1364	1208	1	0	79	129.0383324999953
n1365	1210	1	0	80	129.0970931249953
n1366	1211	1	0	82	129.1104478124953
n1367	1212	1	0	84	129.1371571874953
n1379	1214	1	0	58	129.36819328124528
n1380	1215	1	0	61	129.53779781249528
n1381	1216	1	0	64	129.70206046874526
n1370	1217	1	0	67	129.70072499999526
n1371	1218	1	0	68	129.75414374999525
n1372	1220	1	0	70	129.76616296874525
n1373	1219	1	0	72	129.77417578124525
n1368	1213	1	0	85	129.18924046874528
n1384	1224	1	0	43	130.3551046874952
n1385	1226	1	0	44	130.4031815624952
n1386	1225	1	0	46	130.4152007812452
n1387	1229	1	0	48	130.4646131249952
n1395	1222	1	0	58	130.01723109374524
n1396	1223	1	0	61	130.1841646874952
n1397	1227	1	0	64	130.33907906249522
n1382	1221	1	0	73	129.82892999999524
n1393	1236	1	0	44	131.11231546874518
n1392	1235	1	0	46	131.09896078124518
n1391	1234	1	0	48	131.0495484374952
n1388	1228	1	0	49	130.4926579687452
n1390	1233	1	0	49	131.0308518749952
n1399	1230	1	0	58	130.7023265624952
n1400	1231	1	0	61	130.8665892187452
n1401	1232	1	0	64	131.0415356249952
n1402	1237	1	0	43	131.16974062499517
n1404	1241	1	0	43	131.69858624999517
n1405	1242	1	0	44	131.73731484374517
n1406	1243	1	0	46	131.75467593749516
n1407	1244	1	0	48	131.78272078124516
n1415	1238	1	0	58	131.36204812499517
n1416	1239	1	0	61	131.51429156249517
n1417	1240	1	0	63	131.69324437499517
n1413	1252	1	0	44	132.45179062499514
n1412	1251	1	0	46	132.41840390624515
n1411	1249	1	0	48	132.37299796874515
n1408	1245	1	0	49	131.82144937499515
n1410	1250	1	0	49	132.33426937499516
n1419	1246	1	0	58	132.01909874999515
n1420	1247	1	0	61	132.17801953124516
n1421	1248	1	0	64	132.36899156249515
n1422	1253	1	0	43	132.49319015624513
n1424	1257	1	0	43	133.0260421874951
n1425	1258	1	0	44	133.0834673437451
n1426	1259	1	0	46	133.0767899999951
n1427	1260	1	0	48	133.1101767187451
n1435	1254	1	0	58	132.68816859374513
n1436	1255	1	0	61	132.84441843749514
n1437	1256	1	0	63	133.0180293749951
n1433	1267	1	0	44	133.78191749999507
n1432	1266	1	0	46	133.76589187499508
n1431	1264	1	0	48	133.6951120312451
n1428	1261	1	0	49	133.1649309374951
n1430	1265	1	0	49	133.6710735937451
n1439	1262	1	0	58	133.3345354687451
n1440	1263	1	0	61	133.4881143749951
n1441	deletion
n1442	1268	1	0	43	133.81663968749507
n1445	1273	1	0	56	134.36017546874507
n1451	1269	1	0	58	134.00226984374507
n1444	1272	1	0	58	134.18122265624507
n1452	1270	1	0	61	134.00894718749507
n1453	1271	1	0	63	134.00894718749507
n1449	1277	1	0	50	135.02657437499508
n1448	1276	1	0	51	134.86498265624508
n1447	1275	1	0	53	134.70205546874507
n1446	1274	1	0	55	134.52310265624507
n1465	1279	1	0	39	135.39115734374508
n1456	1278	1	0	51	135.20552718749508
n1459	1281	1	0	60	135.75039843749508
n1458	1280	1	0	61	135.57278109374508
n1463	1285	1	0	53	136.3860815624951
n1462	1284	1	0	55	136.2325026562451
n1461	1283	1	0	56	136.0602271874951
n1460	1282	1	0	58	135.90664828124508
n1477	1287	1	0	39	136.7212842187451
n1468	1286	1	0	51	136.5409959374951
n1479	1290	1	0	56	137.0818607812451
n1478	1289	1	0	58	136.9336237499951
n1471	1291	1	0	80	137.0925445312451
n1470	1288	1	0	82	136.9122562499951
n1483	1298	1	0	50	137.74291781249508
n1482	1296	1	0	51	137.55595218749508
n1481	1295	1	0	53	137.4157279687451
n1480	1293	1	0	55	137.2674909374951
n1475	1299	1	0	74	137.73757593749508
n1474	1297	1	0	75	137.56930687499508
n1473	1294	1	0	77	137.4130570312451
n1472	1292	1	0	79	137.2528007812451
n1493	1302	1	0	39	138.06209484374503
n1492	1301	1	0	51	137.93121890624505
n1495	1306	1	0	60	138.411987656245
n1494	1303	1	0	61	138.25039593749503
n1484	1300	1	0	75	137.89649671874506
n1487	1305	1	0	84	138.422671406245
n1486	1304	1	0	85	138.25039593749503
n1499	1313	1	0	53	139.05968999999493
n1498	1311	1	0	55	138.88207265624493
n1497	1309	1	0	56	138.73784203124495
n1496	1307	1	0	58	138.58159218749498
n1491	1314	1	0	77	139.06102546874493
n1490	1312	1	0	79	138.91545937499492
n1489	1310	1	0	80	138.74451937499495
n1488	1308	1	0	82	138.58426312499498
n1509	1317	1	0	39	139.38020249999488
n1508	1316	1	0	51	139.2239526562449
n1511	1321	1	0	60	139.79019140624484
n1510	1319	1	0	61	139.59921937499487
n1500	1315	1	0	75	139.2239526562449
n1503	1320	1	0	84	139.79286234374484
n1502	1318	1	0	85	139.58452921874488
n1515	1329	1	0	53	140.4499129687448
n1514	1326	1	0	55	140.2869857812448
n1513	1324	1	0	56	140.12806499999482
n1512	1323	1	0	58	139.96647328124484
n1507	1328	1	0	77	140.4539193749948
n1506	1327	1	0	79	140.2923276562448
n1505	1325	1	0	80	140.12672953124482
n1504	1322	1	0	82	139.96914421874484
n1527	1337	1	0	48	141.08960249999475
n1526	1335	1	0	49	140.94403640624478
n1525	1333	1	0	50	140.76641906249478
n1524	1330	1	0	51	140.59681453124477
n1519	1336	1	0	72	141.10696359374475
n1518	1334	1	0	73	140.94403640624478
n1517	1332	1	0	74	140.77843828124477
n1516	1331	1	0	75	140.61417562499477
n1531	1344	1	0	41	141.74264671874474
n1530	1342	1	0	43	141.57437765624474
n1529	1340	1	0	44	141.41545687499473
n1528	1339	1	0	46	141.25520062499476
n1523	1345	1	0	65	141.76401421874473
n1522	1343	1	0	67	141.59574515624473
n1521	1341	1	0	68	141.42346968749473
n1520	1338	1	0	70	141.26454890624476
n1540	1346	1	0	39	141.9042384374947
n1535	1350	1	0	60	142.41572296874472
n1534	1349	1	0	61	142.2554667187447
n1533	1348	1	0	62	142.0952104687447
n1532	1347	1	0	63	141.9282768749947
n1539	1354	1	0	53	143.09414109374472
n1538	1353	1	0	55	142.91652374999472
n1537	1352	1	0	56	142.75760296874472
n1536	1351	1	0	58	142.58265656249472
n1546	1358	1	0	48	143.74584984374474
n1545	1357	1	0	49	143.57090343749474
n1544	1356	1	0	50	143.39595703124473
n1543	1355	1	0	51	143.24237812499473
n1550	1362	1	0	41	144.39622312499475
n1549	1361	1	0	43	144.24397968749474
n1548	1360	1	0	44	144.06369140624474
n1547	1359	1	0	46	143.90477062499474
n1553	1364	1	0	39	144.9437653124947
n1552	1363	1	0	40	144.58318874999475
n1555	1366	1	0	37	145.75439484374462
n1554	1365	1	0	38	145.33105124999466
n1558	1368	1	0	35	146.70391312499453
n1557	1367	1	0	36	146.20044140624458
n1560	1370	1	0	33	148.0246917187444
n1559	1369	1	0	34	147.27549374999447
n1568	1371	1	0	32	149.2853742187443
n1569	1372	1	0	36	149.46299156249427
n1570	1373	1	0	39	149.59386749999425
n1561	1374	1	0	51	149.10241499999432
n1562	1376	1	0	56	149.08505390624433
n1563	1375	1	0	60	149.06769281249433
n1572	1378	1	0	32	149.9370829687442
n1573	1380	1	0	34	150.12538406249416
n1571	1377	1	0	44	149.77415578124422
n1574	1382	1	0	46	150.28163390624414
n1564	1381	1	0	51	150.13206140624416
n1565	1379	1	0	55	150.10001015624417
n1566	1383	1	0	61	150.09600374999417
n1581	1384	1	0	36	150.6542296874941
n1582	1385	1	0	39	150.8051376562441
n1583	deletion
n1575	1387	1	0	51	150.5006507812441
n1576	1388	1	0	56	150.4726059374941
n1577	1390	1	0	63	150.4539093749941
n1585	1391	1	0	36	151.28857734374407
n1586	1392	1	0	37	151.48088484374404
n1584	1389	1	0	48	151.1309920312441
n1587	1393	1	0	49	151.65316031249404
n1578	1399	1	0	53	151.49423953124403
n1579	1395	1	0	65	151.45283999999404
n1598	1402	1	0	31	152.16865124999399
n1596	1396	1	0	34	151.824100312494
n1599	1403	1	0	43	152.32890749999396
n1597	1397	1	0	46	151.983021093744
n1590	1401	1	0	58	152.163309374994
n1589	1398	1	0	61	151.832113124994
n1591	1400	1	0	63	152.159302968744
n1600	1406	1	0	32	152.47714453124394
n1602	1410	1	0	36	152.82303093749394
n1601	1407	1	0	44	152.65209093749394
n1603	1411	1	0	48	152.9859581249939
n1592	1405	1	0	51	152.48515734374394
n1594	1409	1	0	51	152.81902453124394
n1595	1408	1	0	56	152.80834078124394
n1593	1404	1	0	60	152.47447359374394
n1614	1412	1	0	39	153.15422718749392
n1615	1413	1	0	51	153.33050906249392
n1616	1414	1	0	51	153.48141703124392
n1617	1417	1	0	51	153.6523570312439
n1604	1415	1	0	55	153.1862784374939
n1605	1416	1	0	58	153.16090453124392
n1621	1426	1	0	46	154.28804015624388
n1620	1423	1	0	48	154.1251129687439
n1619	1420	1	0	49	153.9808823437439
n1618	1418	1	0	51	153.8072714062439
n1608	1419	1	0	51	153.9648567187439
n1610	1424	1	0	53	154.1451449999939
n1609	1421	1	0	55	153.9635212499939
n1612	1425	1	0	55	154.27201453124388
n1611	1422	1	0	56	154.1251129687439
n1613	1427	1	0	58	154.26934359374388
n1629	1429	1	0	32	154.64728124999388
n1630	1430	1	0	36	154.79418281249386
n1631	1431	1	0	39	154.94642624999386
n1628	1428	1	0	44	154.47901218749388
n1622	1432	1	0	51	154.49637328124388
n1623	1433	1	0	56	154.49236687499388
n1624	1434	1	0	60	154.46832843749388
n1633	1436	1	0	32	155.2615968749938
n1634	1438	1	0	34	155.4312014062438
n1632	1435	1	0	44	155.10801796874384
n1635	1440	1	0	46	155.59813499999376
n1625	1439	1	0	51	155.45256890624378
n1626	1437	1	0	55	155.4325368749938
n1627	1441	1	0	61	155.4218531249938
n1642	1442	1	0	36	155.96004703124373
n1643	1443	1	0	39	156.10561312499374
n1644	deletion
n1636	1445	1	0	51	155.81448093749373
n1637	1446	1	0	56	155.80246171874373
n1638	1447	1	0	63	155.79044249999373
n1646	1449	1	0	36	156.58371093749372
n1647	1450	1	0	37	156.7733474999937
n1645	1448	1	0	48	156.43280296874372
n1648	1451	1	0	49	156.94428749999366
n1639	1456	1	0	53	156.7880376562437
n1640	1452	1	0	65	156.7599928124937
n1659	1459	1	0	31	157.4450882812436
n1657	1453	1	0	34	157.10587921874364
n1660	1460	1	0	43	157.6080154687436
n1658	1454	1	0	46	157.2647999999936
n1651	1458	1	0	58	157.4544365624936
n1650	1455	1	0	61	157.10053734374364
n1652	1457	1	0	63	157.4424173437436
n1661	1463	1	0	32	157.7722781249936
n1663	1467	1	0	36	158.09546156249357
n1662	1464	1	0	44	157.92051515624357
n1664	1468	1	0	48	158.25571781249354
n1653	1462	1	0	51	157.7722781249936
n1655	1466	1	0	51	158.10080343749357
n1656	1465	1	0	56	158.08477781249357
n1654	1461	1	0	60	157.7656007812436
n1673	1469	1	0	39	158.44001249999354
n1674	1470	1	0	39	158.61629437499354
n1676	1474	1	0	39	158.96351624999352
n1675	1472	1	0	43	158.80192453124354
n1665	1473	1	0	49	158.45203171874354
n1666	1471	1	0	51	158.44401890624354
n1667	1475	1	0	58	158.42932874999354
n1677	1476	1	0	32	159.16116562499352
n1678	1479	1	0	44	159.1932168749935
n1668	1477	1	0	48	159.1865395312435
n1670	1480	1	0	56	159.15048187499352
n1679	1482	1	0	56	159.57649640624345
n1680	1481	1	0	68	159.58851562499345
n1671	1483	1	0	72	159.59252203124345
n1672	1484	1	0	80	159.53776781249346
n1686	1486	1	0	63	160.00918828124338
n1687	1485	1	0	67	159.99583359374338
n1681	1487	1	0	73	159.9811434374934
n1682	1488	1	0	82	159.9838143749934
n1688	1491	1	0	56	160.7850956249933
n1690	1493	1	0	60	161.16436874999323
n1689	1489	1	0	68	160.7850956249933
n1683	1492	1	0	72	160.81046953124329
n1685	deletion
n1684	1490	1	0	80	160.7663990624933
n1696	1496	1	0	56	162.20202796874312
n1695	1494	1	0	58	161.58103499999322
n1692	1497	1	0	68	162.20202796874312
n1691	1495	1	0	70	161.56901578124322
n1698	1501	1	0	53	162.6894740624931
n1697	1499	1	0	55	162.3128718749931
n1694	1500	1	0	65	162.6721129687431
n1693	1498	1	0	67	162.3061945312431
n1707	1503	1	0	52	163.1034693749931
n1699	1502	1	0	64	163.0834373437431
n1713	1509	1	0	52	164.40288046874292
n1709	1504	1	0	53	164.20656656249295
n1714	1511	1	0	53	164.4843440624929
n1712	deletion
n1711	1506	1	0	55	164.28803015624294
n1705	1510	1	0	64	164.42024156249292
n1701	1505	1	0	65	164.20923749999295
n1704	1508	1	0	65	164.36148093749293
n1706	1512	1	0	65	164.4883504687429
n1703	1507	1	0	67	164.28803015624294
n1720	1516	1	0	53	165.17745234374283
n1719	1513	1	0	55	164.5791623437429
n1716	1515	1	0	65	165.16409765624283
n1715	1514	1	0	67	164.5791623437429
n1722	1520	1	0	50	165.6502082812428
n1721	1518	1	0	52	165.2736060937428
n1718	1519	1	0	62	165.62216343749282
n1717	1517	1	0	64	165.26292234374282
n1727	1521	1	0	48	166.0575262499928
n1723	1522	1	0	60	166.0521843749928
n1730	1524	1	0	48	167.53722562499271
n1726	1523	1	0	60	167.52921281249272
n1737	1525	1	0	48	167.6226956249927
n1739	1528	1	0	48	168.29977828124268
n1731	1526	1	0	60	167.6427276562427
n1733	1527	1	0	60	168.29443640624268
n1740	1529	1	0	48	168.40127390624266
n1742	1532	1	0	48	169.15982015624266
n1734	1530	1	0	60	168.40661578124266
n1736	1531	1	0	60	169.15714921874266
n1748	1534	1	0	48	169.29203156249264
n1743	1533	1	0	60	169.27867687499264
n1752	1536	1	0	49	170.90661328124264
n1747	1535	1	0	61	170.90127140624264
n1759	1538	1	0	49	171.00276703124263
n1761	1540	1	0	49	171.59972156249262
n1762	1542	1	0	49	171.6998817187426
n1753	1537	1	0	61	170.99475421874263
n1755	1539	1	0	61	171.58503140624262
n1756	1541	1	0	61	171.6905334374926
n1764	1544	1	0	49	172.3182037499926
n1758	1543	1	0	61	172.3035135937426
n1770	1545	1	0	49	172.40634468749258
n1765	1546	1	0	61	172.39566093749258
n1774	1548	1	0	49	173.80190953124247
n1769	1547	1	0	61	173.78321296874248
n1778	1550	1	0	49	173.90607609374246
n1775	1549	1	0	61	173.88604406249246
n1780	1554	1	0	43	175.05725015624236
n1779	1552	1	0	46	174.62455828124237
n1777	1553	1	0	55	175.05725015624236
n1776	1551	1	0	58	174.62455828124237
n1787	1556	1	0	39	175.61414062499227
n1781	1555	1	0	51	175.60612781249228
n1782	1557	1	0	51	177.5772796874922
n1783	1558	1	0	53	177.65874328124218
n1784	1559	1	0	55	177.74287781249217
n1785	1560	1	0	56	177.81365765624216
n1786	1561	1	0	58	177.85772812499215
n1802	1563	1	0	32	178.15820859374213
n1803	1565	1	0	36	178.2797362499921
n1804	1567	1	0	39	178.4346506249921
n1795	1562	1	0	51	178.13417015624213
n1796	1564	1	0	51	178.2930909374921
n1797	1566	1	0	51	178.45468265624208
n1798	1569	1	0	51	178.59624234374206
n1789	1570	1	0	60	177.93251437499214
n1806	1571	1	0	43	178.76184046874207
n1805	1568	1	0	44	178.60959703124206
n1807	1574	1	0	44	178.92209671874204
n1808	1576	1	0	46	179.07701109374204
n1791	1572	1	0	59	178.76451140624206
n1792	1573	1	0	60	178.92209671874204
n1793	1575	1	0	61	179.07567562499204
n1822	1579	1	0	36	179.41221374999202
n1823	1581	1	0	39	179.56312171874202
n1824	1584	1	0	44	179.73406171874203
n1821	1577	1	0	48	179.27065406249204
n1815	deletion
n1816	deletion
n1817	deletion
n1809	1582	1	0	63	179.24127374999205
n1826	deletion
n1825	1586	1	0	48	179.909008124992
n1827	1590	1	0	48	180.180108281242
n1828	1591	1	0	49	180.35104828124202
n1818	deletion
n1811	1588	1	0	62	180.051903281242
n1812	1589	1	0	63	180.201475781242
n1813	1592	1	0	65	180.379093124992
n1839	1599	1	0	31	180.87855843749196
n1837	1593	1	0	34	180.550033124992
n1840	1600	1	0	43	181.02813093749194
n1838	1594	1	0	46	180.706282968742
n1829	1596	1	0	53	180.566058749992
n1831	1597	1	0	58	180.86653921874196
n1830	1595	1	0	61	180.53133656249202
n1832	1598	1	0	63	180.85719093749196
n1841	1602	1	0	32	181.17503249999191
n1843	1607	1	0	36	181.48753218749192
n1842	1604	1	0	44	181.33929515624192
n1844	1608	1	0	48	181.6544657812419
n1833	1603	1	0	51	181.1937290624919
n1835	1605	1	0	51	181.50222234374192
n1836	1606	1	0	56	181.48886765624192
n1834	1601	1	0	60	181.1763679687419
n1855	1609	1	0	39	181.8080446874919
n1856	1610	1	0	51	181.98833296874187
n1857	1611	1	0	51	182.13924093749188
n1858	1614	1	0	51	182.29014890624185
n1845	1612	1	0	55	181.8467732812419
n1846	1613	1	0	58	181.8173929687419
n1862	1624	1	0	46	182.92716749999184
n1861	1620	1	0	48	182.76557578124186
n1860	1616	1	0	49	182.60665499999186
n1859	1615	1	0	51	182.45307609374186
n1849	1617	1	0	51	182.61066140624186
n1851	1621	1	0	53	182.77893046874186
n1850	1618	1	0	55	182.60264859374186
n1853	1622	1	0	55	182.91514828124184
n1852	1619	1	0	56	182.76824671874186
n1854	1623	1	0	58	182.91114187499184
n1877	1628	1	0	32	183.25435734374182
n1879	1633	1	0	43	183.5815471874918
n1876	1625	1	0	44	183.09944296874184
n1878	1630	1	0	44	183.4319746874918
n1870	1627	1	0	51	183.25836374999182
n1871	1629	1	0	51	183.4039298437418
n1872	1632	1	0	51	183.5828826562418
n1869	1626	1	0	56	183.09810749999184
n1864	1634	1	0	59	183.5762053124918
n1863	1631	1	0	60	183.09410109374184
n1881	1638	1	0	43	183.9007242187418
n1880	1636	1	0	44	183.7524871874918
n1882	1641	1	0	44	184.05163218749178
n1883	1643	1	0	46	184.21322390624178
n1873	1635	1	0	51	183.7511517187418
n1866	1639	1	0	59	183.8913759374918
n1865	1637	1	0	60	183.7551581249918
n1867	1640	1	0	60	184.05830953124178
n1868	1642	1	0	61	184.20654656249178
n1899	deletion
n1901	1651	1	0	47	184.85424890624176
n1898	1644	1	0	48	184.37615109374178
n1900	1648	1	0	48	184.70334093749176
n1891	1645	1	0	56	184.52572359374176
n1892	1647	1	0	56	184.70601187499176
n1893	1650	1	0	56	184.86626812499176
n1885	1652	1	0	62	184.85825531249176
n1884	1646	1	0	63	184.36680281249178
n1903	1656	1	0	47	185.17342593749174
n1902	1653	1	0	48	185.01450515624177
n1904	1659	1	0	48	185.32834031249175
n1905	1660	1	0	49	185.49928031249175
n1897	1662	1	0	53	185.54735718749174
n1894	1654	1	0	56	185.02251796874177
n1887	1657	1	0	62	185.18010328124174
n1886	1655	1	0	63	185.01851156249177
n1888	1658	1	0	63	185.33501765624175
n1889	1661	1	0	65	185.49928031249175
n1916	1669	1	0	31	186.04548703124166
n1914	1663	1	0	34	185.69158781249172
n1917	1670	1	0	43	186.20040140624164
n1915	1664	1	0	46	185.8625278124917
n1906	1665	1	0	53	185.7316518749917
n1908	1667	1	0	58	186.04148062499166
n1907	1666	1	0	61	185.69826515624172
n1909	1668	1	0	63	186.04815796874166
n1918	1673	1	0	32	186.35665124999164
n1920	1677	1	0	36	186.69318937499162
n1919	1674	1	0	44	186.51690749999162
n1921	1678	1	0	48	186.8641293749916
n1910	1671	1	0	51	186.37401234374164
n1912	1676	1	0	51	186.70520859374162
n1913	1675	1	0	56	186.70120218749162
n1911	1672	1	0	60	186.36332859374164
n1930	1679	1	0	39	187.0337339062416
n1931	1680	1	0	39	187.1979965624916
n1933	1684	1	0	39	187.52652187499157
n1932	1682	1	0	43	187.3822912499916
n1922	1683	1	0	49	187.0697915624916
n1923	1681	1	0	51	187.0577723437416
n1924	1685	1	0	58	187.0404112499916
n1934	1686	1	0	32	187.73218406249154
n1935	deletion
n1925	deletion
n1927	1687	1	0	56	187.73351953124154
n1936	1689	1	0	56	188.11412812499148
n1937	1688	1	0	68	188.13416015624148
n1928	1690	1	0	72	188.13015374999148
n1929	1691	1	0	80	188.10344437499148
n1943	1693	1	0	63	188.53747171874141
n1944	1692	1	0	67	188.5561682812414
n1938	1694	1	0	73	188.52812343749142
n1939	1695	1	0	82	188.52144609374142
n1945	1698	1	0	56	189.29601796874132
n1946	1697	1	0	68	189.28800515624133
n1940	1699	1	0	72	189.32005640624132
n1947	1701	1	0	72	189.6606009374913
n1941	1696	1	0	80	189.27999234374133
n1942	1700	1	0	84	189.6606009374913
n1953	1704	1	0	68	190.6662089062412
n1952	1703	1	0	70	190.0772671874913
n1949	1705	1	0	80	190.6675443749912
n1948	1702	1	0	82	190.0639124999913
n1955	1709	1	0	65	191.14697765624118
n1954	1707	1	0	67	190.77972374999118
n1951	1708	1	0	77	191.12026828124118
n1950	1706	1	0	79	190.77037546874118
n1964	1710	1	0	64	191.51690249999118
n1956	1711	1	0	76	191.51957343749118
n1970	1717	1	0	64	192.85771312499105
n1966	1712	1	0	65	192.65739281249108
n1971	1719	1	0	65	192.94318312499104
n1969	deletion
n1968	1715	1	0	67	192.75755296874107
n1962	1718	1	0	76	192.88442249999105
n1958	1713	1	0	77	192.65605734374108
n1961	1716	1	0	77	192.81898453124106
n1963	1720	1	0	77	192.94318312499104
n1960	1714	1	0	79	192.75488203124107
n1977	1723	1	0	65	193.64831062499093
n1976	1722	1	0	67	193.02998859374102
n1973	1724	1	0	77	193.65231703124093
n1972	1721	1	0	79	193.04200781249102
n1979	1727	1	0	62	194.0943571874909
n1978	1725	1	0	64	193.7511417187409
n1975	1728	1	0	74	194.0983635937409
n1974	1726	1	0	76	193.7591545312409
n1984	1729	1	0	60	194.4816431249909
n1980	1730	1	0	72	194.4642820312409
n1987	1731	1	0	60	195.86118234374078
n1983	1732	1	0	72	195.86785968749078
n1994	1734	1	0	60	195.97736812499076
n1996	1736	1	0	60	196.61438671874075
n1988	1733	1	0	72	195.95600062499076
n1990	1735	1	0	72	196.60503843749075
n1997	1738	1	0	60	196.72790156249073
n1999	1739	1	0	60	197.45306109374073
n1991	1737	1	0	72	196.71321140624073
n1993	1740	1	0	72	197.46374484374073
n2006	1742	1	0	60	197.6146528124907
n2000	1741	1	0	72	197.5679114062407
n2010	1744	1	0	37	199.18516406249063
n2011	1743	1	0	49	199.18917046874063
n2004	1745	1	0	73	199.18649953124063
n2005	1746	1	0	85	199.18115765624063
n2020	1748	1	0	37	199.2960079687406
n2021	1747	1	0	49	199.3000143749906
n2022	1752	1	0	58	199.70599687499057
n2023	1755	1	0	61	199.85690484374055
n2014	1753	1	0	66	199.72469343749057
n2015	1754	1	0	70	199.87025953124055
n2012	1749	1	0	73	199.3053562499906
n2013	1750	1	0	85	199.3040207812406
n2026	1760	1	0	56	200.31096421874054
n2024	1756	1	0	59	200.01181921874056
n2025	1759	1	0	61	200.18543015624056
n2027	1763	1	0	61	200.47923328124054
n2018	1761	1	0	65	200.33500265624053
n2016	1757	1	0	68	200.03318671874055
n2019	1762	1	0	68	200.47255593749054
n2017	1758	1	0	71	200.17073999999056
n2036	1765	1	0	58	200.61945749999052
n2038	1769	1	0	58	200.9332926562405
n2037	1767	1	0	61	200.79573937499052
n2039	1771	1	0	61	201.0828651562405
n2028	1764	1	0	66	200.6381540624905
n2030	1768	1	0	66	200.9439764062405
n2029	1766	1	0	70	200.78906203124052
n2031	1770	1	0	70	201.0948843749905
n2042	1776	1	0	56	201.54894374999049
n2040	1773	1	0	59	201.2497987499905
n2041	1775	1	0	61	201.39002296874048
n2043	1779	1	0	61	201.7212192187405
n2034	1777	1	0	65	201.55428562499048
n2032	1772	1	0	68	201.2417859374905
n2035	1778	1	0	68	201.7065290624905
n2033	1774	1	0	71	201.38468109374048
n2054	1784	1	0	54	202.3622442187405
n2052	1780	1	0	58	201.8641143749905
n2044	1781	1	0	66	201.8801399999905
n2045	1782	1	0	70	202.0390607812405
n2047	1785	1	0	70	202.3622442187405
n2046	1783	1	0	73	202.2046589062405
n2055	1786	1	0	58	202.5225004687405
n2056	1789	1	0	61	202.6840921874905
n2058	1792	1	0	61	203.00326921874048
n2057	1791	1	0	66	202.8603740624905
n2048	1787	1	0	73	202.5251714062405
n2049	1788	1	0	78	202.6987823437405
n2051	1793	1	0	78	202.9899145312405
n2050	1790	1	0	82	202.8430129687405
n2067	1794	1	0	66	203.1635254687405
n2068	1796	1	0	68	203.3090915624905
n2070	1800	1	0	68	203.6189203124905
n2069	1798	1	0	70	203.4693478124905
n2059	1795	1	0	82	203.1621899999905
n2060	1797	1	0	83	203.3050851562405
n2062	1801	1	0	83	203.6429587499905
n2061	1799	1	0	85	203.4693478124905
n2074	1808	1	0	64	204.2319004687405
n2071	1802	1	0	66	203.7885248437405
n2073	1807	1	0	66	204.1130437499905
n2072	1805	1	0	68	203.9421037499905
n2066	1809	1	0	80	204.2452551562405
n2063	1803	1	0	82	203.7952021874905
n2065	1806	1	0	82	204.1050309374905
n2064	1804	1	0	83	203.9501165624905
n2084	1814	1	0	39	204.4242079687405
n2085	1810	1	0	51	204.4175306249905
n2086	1815	1	0	55	204.77410078124046
n2087	1817	1	0	58	204.92901515624044
n2078	1816	1	0	63	204.79413281249046
n2079	1818	1	0	67	204.95038265624044
n2075	1813	1	0	75	204.4068468749905
n2076	1812	1	0	79	204.4081823437405
n2077	1811	1	0	87	204.4081823437405
n2090	1824	1	0	53	205.41111937499045
n2088	1819	1	0	56	205.08125859374044
n2091	1825	1	0	56	205.54199531249043
n2089	1822	1	0	59	205.24418578124045
n2082	1823	1	0	62	205.40444203124045
n2080	1820	1	0	65	205.10930343749044
n2083	1826	1	0	65	205.55401453124043
n2081	1821	1	0	68	205.25086312499045
n2100	1827	1	0	55	205.72762546874043
n2102	1832	1	0	55	206.04680249999043
n2101	1829	1	0	58	205.88120437499043
n2103	1834	1	0	58	206.1923685937404
n2092	1828	1	0	63	205.72896093749043
n2094	1831	1	0	63	206.04680249999043
n2093	1830	1	0	67	205.87719796874043
n2095	1833	1	0	67	206.1790139062404
n2106	deletion
n2104	1835	1	0	56	206.34327656249042
n2107	1840	1	0	56	206.80534874999037
n2105	1838	1	0	59	206.5075392187404
n2098	1839	1	0	62	206.6611181249904
n2096	1836	1	0	65	206.3579667187404
n2099	1841	1	0	65	206.81202609374037
n2097	1837	1	0	68	206.4888426562404
n2120	1848	1	0	51	207.44103187499036
n2116	1844	1	0	55	206.98029515624037
n2117	1842	1	0	58	206.96026312499038
n2108	1843	1	0	63	206.96827593749038
n2109	1845	1	0	67	207.12319031249035
n2111	1847	1	0	67	207.44236734374036
n2110	1846	1	0	70	207.29012390624035
n2121	1849	1	0	55	207.58392703124034
n2122	1852	1	0	58	207.7521960937403
n2124	1856	1	0	58	208.0767149999903
n2123	1853	1	0	61	207.92580703124028
n2112	1850	1	0	70	207.60662999999033
n2113	1851	1	0	73	207.7602089062403
n2115	1855	1	0	73	208.0767149999903
n2114	1854	1	0	76	207.92313609374028
n2133	1857	1	0	61	208.2222810937403
n2134	1860	1	0	64	208.3905501562403
n2136	1863	1	0	64	208.71239812499027
n2135	1862	1	0	67	208.56149015624027
n2125	1858	1	0	76	208.2449840624903
n2126	1859	1	0	79	208.3905501562403
n2128	1864	1	0	79	208.72441734374027
n2127	1861	1	0	82	208.55214187499027
n2137	1865	1	0	67	208.86998343749025
n2138	1867	1	0	70	209.03691703124022
n2139	1869	1	0	73	209.1891604687402
n2141	1872	1	0	73	209.43088031249016
n2142	1873	1	0	76	209.44022859374016
n2130	1868	1	0	79	209.04893624999022
n2132	1871	1	0	79	209.37211968749017
n2129	1866	1	0	82	208.89001546874024
n2131	1870	1	0	82	209.2118634374902
n2151	1874	1	0	73	209.50700203124015
n2154	1879	1	0	73	210.07190531249012
n2155	1880	1	0	76	210.08258906249011
n2152	deletion
n2144	1876	1	0	79	209.70198046874015
n2146	1878	1	0	79	210.01047374999013
n2143	1875	1	0	82	209.51902124999015
n2145	1877	1	0	82	209.86891406249015
n2156	1881	1	0	73	210.1693945312401
n2159	1887	1	0	73	210.74097515624004
n2157	1882	1	0	76	210.1653881249901
n2160	1888	1	0	76	210.73963968749004
n2148	1884	1	0	79	210.34033453124007
n2150	1886	1	0	79	210.65016328124005
n2147	1883	1	0	82	210.1653881249901
n2149	1885	1	0	82	210.49791984374008
n2169	1889	1	0	73	210.81843234374003
n2172	1895	1	0	73	211.37265187499
n2170	1890	1	0	76	210.81309046874003
n2173	1896	1	0	76	211.35662624999
n2162	1892	1	0	79	210.98670140624003
n2164	1894	1	0	79	211.29519468749
n2161	1891	1	0	82	210.81041953124003
n2163	1893	1	0	82	211.14428671874003
n2177	1903	1	0	60	211.99097390623993
n2178	1904	1	0	63	211.98963843748993
n2168	1902	1	0	68	211.93221328123994
n2174	1898	1	0	72	211.43808984374
n2167	1901	1	0	72	211.78798265623993
n2175	1897	1	0	75	211.44076078124
n2166	1900	1	0	75	211.60635890623996
n2165	1899	1	0	80	211.47281203123998
n2187	1905	1	0	61	212.06843109373992
n2190	1911	1	0	61	212.62799249998992
n2188	1906	1	0	64	212.07644390623992
n2191	1912	1	0	64	212.6560373437399
n2179	1907	1	0	67	212.1058242187399
n2180	1908	1	0	79	212.26741593748991
n2182	1910	1	0	79	212.57991562498992
n2181	1909	1	0	82	212.42366578123992
n2192	1914	1	0	61	212.7495201562399
n2195	1919	1	0	61	213.2850431249899
n2205	1921	1	0	61	213.36917765623988
n2193	1913	1	0	64	212.7041142187399
n2196	1920	1	0	64	213.2863785937399
n2184	1916	1	0	79	212.9217956249899
n2186	1918	1	0	79	213.2222760937399
n2183	1915	1	0	82	212.7495201562399
n2185	1917	1	0	82	213.0767099999899
n2208	1926	1	0	61	213.94610015623985
n2209	1927	1	0	64	213.92606812498985
n2206	deletion
n2198	1923	1	0	79	213.5401176562399
n2200	1925	1	0	79	213.85261734373987
n2197	1922	1	0	82	213.36784218748988
n2199	1924	1	0	82	213.7177349999899
n2210	1928	1	0	60	214.00753171873984
n2213	1934	1	0	60	214.5724349999898
n2211	1929	1	0	63	214.00886718748984
n2214	1935	1	0	63	214.5630867187398
n2204	1933	1	0	68	214.49230687498982
n2203	1932	1	0	72	214.34807624998982
n2202	1931	1	0	75	214.17446531248982
n2201	1930	1	0	80	214.02355734373984
n2223	1937	1	0	61	214.6485567187398
n2226	1943	1	0	61	215.2094535937398
n2224	1936	1	0	64	214.6605759374898
n2227	1942	1	0	64	215.2014407812398
n2215	1938	1	0	67	214.6792724999898
n2216	1939	1	0	79	214.8341868749898
n2218	1941	1	0	79	215.1413446874898
n2217	1940	1	0	82	215.0024559374898
n2228	1945	1	0	60	215.31629109373978
n2231	1950	1	0	60	215.84914312498978
n2229	1944	1	0	63	215.30160093748978
n2232	1951	1	0	63	215.84513671873978
n2222	1949	1	0	68	215.7796987499898
n2221	1948	1	0	72	215.64214546873978
n2220	1947	1	0	75	215.47120546873978
n2219	1946	1	0	80	215.31896203123978
n2241	1954	1	0	61	215.94529687498977
n2244	1959	1	0	61	216.48883265623974
n2242	1952	1	0	64	215.94529687498977
n2245	1958	1	0	64	216.48482624998974
n2233	1953	1	0	67	215.95063874998976
n2234	1955	1	0	79	216.11089499998977
n2236	1957	1	0	79	216.41671734373975
n2235	1956	1	0	82	216.27649312498977
n2249	1966	1	0	48	217.14321234373972
n2246	1961	1	0	60	216.58765734373972
n2247	1960	1	0	63	216.56896078123972
n2240	1965	1	0	68	217.05373593748973
n2239	1964	1	0	72	216.91084078123973
n2238	1963	1	0	75	216.75459093748972
n2237	1962	1	0	80	216.59700562498972
n2259	1972	1	0	37	217.7642053124897
n2258	1967	1	0	49	217.2059793749897
n2253	1971	1	0	53	217.68274171873972
n2252	1970	1	0	56	217.51847906248972
n2251	1969	1	0	61	217.3755839062397
n2250	1968	1	0	65	217.2206695312397
n2260	1973	1	0	39	217.8429979687397
n2261	1978	1	0	39	218.3932110937397
n2256	1976	1	0	43	218.1648459374897
n2255	1975	1	0	46	218.0152734374897
n2254	1974	1	0	51	217.8523462499897
n2257	1977	1	0	55	218.3251021874897
n2268	1980	1	0	32	218.51340328123968
n2269	1981	1	0	51	218.76180046873966
n2271	1984	1	0	51	219.10501593748967
n2262	1979	1	0	56	218.51874515623967
n2270	1982	1	0	56	218.95677890623966
n2264	1983	1	0	63	219.09299671873967
n2273	1987	1	0	51	219.44021859373967
n2275	1990	1	0	51	219.78343406248968
n2272	1986	1	0	56	219.27328499998967
n2274	1988	1	0	56	219.59913937498968
n2265	1985	1	0	60	219.27194953123967
n2267	1989	1	0	68	219.75672468748968
n2285	1994	1	0	51	220.08792093748966
n2289	2000	1	0	51	220.42712999998966
n2283	1993	1	0	56	219.92900015623965
n2286	1995	1	0	56	220.11997218748965
n2287	1996	1	0	56	220.27488656248966
n2290	1999	1	0	56	220.40576249998966
n2284	1992	1	0	60	219.92499374998965
n2288	1997	1	0	60	220.26687374998966
n2276	1991	1	0	63	219.91698093748965
n2278	1998	1	0	72	220.40175609373966
n2293	2006	1	0	51	220.77034546873963
n2297	2010	1	0	51	221.06949046873964
n2291	2002	1	0	58	220.59406359373966
n2294	2005	1	0	58	220.77435187498963
n2295	2008	1	0	58	220.92926624998964
n2298	deletion
n2292	2001	1	0	61	220.59005718748966
n2296	2009	1	0	61	220.94128546873964
n2279	2003	1	0	67	220.57670249998966
n2282	2011	1	0	67	221.07883874998964
n2281	2007	1	0	70	220.91858249998964
n2280	2004	1	0	73	220.74630703123964
n2305	2013	1	0	44	221.25512062498964
n2306	2014	1	0	51	221.41270593748965
n2310	2019	1	0	51	221.75458593748965
n2307	2015	1	0	56	221.42205421873965
n2308	2016	1	0	56	221.56895578123965
n2311	2020	1	0	56	221.78129531248965
n2309	2017	1	0	60	221.58364593748965
n2299	2012	1	0	68	221.25378515623964
n2301	2018	1	0	75	221.74256671873965
n2314	2024	1	0	51	222.08845312498966
n2318	2028	1	0	51	222.40495921873963
n2312	2023	1	0	56	221.94288703123965
n2315	2025	1	0	56	222.12584624998965
n2316	2027	1	0	56	222.26607046873963
n2319	2030	1	0	56	222.44635874998963
n2313	2022	1	0	60	221.92419046873965
n2317	2026	1	0	60	222.25405124998963
n2302	2021	1	0	72	221.91484218748965
n2304	2029	1	0	80	222.41297203123963
n2329	2034	1	0	51	222.7521810937396
n2333	2040	1	0	51	223.0820418749896
n2327	2033	1	0	56	222.5905893749896
n2330	2035	1	0	56	222.7682067187396
n2331	2036	1	0	56	222.9177792187396
n2334	2039	1	0	56	223.0860482812396
n2328	2032	1	0	60	222.5865829687396
n2332	2037	1	0	60	222.9324693749896
n2320	2031	1	0	75	222.5678864062396
n2322	2038	1	0	84	223.06601624998962
n2337	2046	1	0	51	223.3945415624896
n2341	2051	1	0	51	223.70704124998957
n2335	2042	1	0	58	223.24630453123962
n2338	2045	1	0	58	223.4012189062396
n2339	2047	1	0	58	223.56815249998957
n2342	2050	1	0	58	223.73241515623957
n2336	2041	1	0	61	223.24363359373962
n2340	2048	1	0	61	223.56013968748957
n2323	2043	1	0	79	223.23695624998962
n2326	2052	1	0	79	223.73375062498957
n2325	2049	1	0	82	223.57482984373956
n2324	2044	1	0	85	223.3985479687396
n2350	2053	1	0	44	223.89000046873957
n2351	2055	1	0	51	224.05159218748958
n2355	2061	1	0	51	224.39347218748955
n2352	2056	1	0	56	224.05826953123957
n2353	2057	1	0	56	224.21184843748958
n2356	2059	1	0	56	224.37477562498955
n2354	2058	1	0	60	224.24790609373957
n2345	2060	1	0	72	224.38813031248955
n2343	2054	1	0	80	223.90469062498957
n2359	2065	1	0	51	224.73268124998953
n2363	2072	1	0	51	225.02915531248954
n2357	2063	1	0	58	224.54705109373955
n2360	2066	1	0	58	224.73668765623952
n2361	2069	1	0	58	224.89293749998953
n2364	2071	1	0	58	225.04918734373953
n2358	2062	1	0	61	224.54838656248955
n2362	2070	1	0	61	224.90362124998953
n2346	2064	1	0	67	224.54972203123955
n2349	2073	1	0	67	225.04518093748953
n2348	2068	1	0	70	224.90095031248953
n2347	2067	1	0	73	224.72199749998953
n2372	2074	1	0	44	225.22012734373953
n2373	2076	1	0	51	225.37771265623954
n2377	2082	1	0	51	225.72493453123954
n2374	2077	1	0	56	225.37771265623954
n2375	2078	1	0	56	225.53529796873954
n2378	2080	1	0	56	225.71692171873954
n2376	2079	1	0	60	225.54598171873954
n2365	2075	1	0	68	225.22546921873953
n2367	2081	1	0	84	225.71425078123954
n2381	2087	1	0	51	226.07215640623951
n2385	2091	1	0	51	226.3672949999895
n2379	2084	1	0	58	225.88652624998954
n2382	2088	1	0	58	226.0868465624895
n2383	deletion
n2386	deletion
n2380	2083	1	0	61	225.88251984373954
n2384	2089	1	0	61	226.2177224999895
n2368	2085	1	0	79	225.88519078123954
n2371	2092	1	0	79	226.3819851562395
n2370	2090	1	0	82	226.2177224999895
n2369	2086	1	0	85	226.04811796873952
n2395	2094	1	0	56	226.5302221874895
n2396	2095	1	0	60	226.5422414062395
n2389	2097	1	0	75	226.8881278124895
n2387	2093	1	0	80	226.5382349999895
n2390	2098	1	0	80	227.0310229687395
n2388	2096	1	0	84	226.7091749999895
n2394	2102	1	0	70	227.7081056249895
n2391	2099	1	0	72	227.2086403124895
n2393	2101	1	0	73	227.5385010937395
n2392	2100	1	0	75	227.3662256249895
n2409	2107	1	0	51	228.17819062498953
n2407	2104	1	0	56	227.85901359373952
n2410	deletion
n2408	2105	1	0	60	228.03395999998952
n2401	2108	1	0	63	228.19421624998952
n2399	2103	1	0	68	227.88171656248952
n2402	2109	1	0	68	228.35847890623953
n2400	2106	1	0	72	228.03663093748952
n2414	2116	1	0	46	228.99683296873954
n2411	2110	1	0	48	228.50404499998953
n2413	2115	1	0	49	228.85126687498953
n2412	2112	1	0	51	228.68566874998953
n2406	2117	1	0	58	229.01018765623954
n2403	2111	1	0	60	228.52140609373953
n2405	2114	1	0	61	228.85260234373953
n2404	2113	1	0	63	228.68433328123953
n2426	2124	1	0	43	229.68727031248955
n2423	2118	1	0	44	229.15708921873954
n2424	2120	1	0	47	229.36141593748954
n2425	2123	1	0	48	229.54036874998954
n2418	2125	1	0	55	229.70062499998954
n2415	2119	1	0	56	229.18513406248954
n2416	2121	1	0	59	229.35607406248954
n2417	2122	1	0	60	229.51232390623954
n2430	2133	1	0	36	230.33230171873956
n2428	2128	1	0	40	230.00110546873955
n2429	2131	1	0	41	230.18005828123955
n2427	2127	1	0	44	229.85286843748955
n2422	2132	1	0	48	230.33630812498956
n2420	2129	1	0	52	230.00511187498955
n2421	2130	1	0	53	230.17204546873955
n2419	2126	1	0	56	229.85420390623955
n2439	deletion
n2442	2140	1	0	45	231.01472624998954
n2440	2135	1	0	48	230.70222656248956
n2431	2134	1	0	49	230.51125453123956
n2441	2138	1	0	49	230.86782468748953
n2434	2139	1	0	57	231.01739718748954
n2432	2136	1	0	60	230.69421374998956
n2433	2137	1	0	61	230.85981187498953
n2446	2147	1	0	38	231.65708671873955
n2444	2143	1	0	42	231.33924515623954
n2445	2146	1	0	43	231.50617874998954
n2443	2142	1	0	46	231.17631796873954
n2438	2148	1	0	50	231.66509953123955
n2436	2144	1	0	54	231.32589046873954
n2437	2145	1	0	55	231.49282406248955
n2435	2141	1	0	58	231.18700171873954
n2455	2150	1	0	39	231.82001390623955
n2456	2151	1	0	41	231.98961843748955
n2457	2154	1	0	43	232.15922296873956
n2458	2155	1	0	44	232.29009890623954
n2447	2149	1	0	51	231.83336859373955
n2448	2152	1	0	53	231.98961843748955
n2449	2153	1	0	55	232.15121015623956
n2450	2156	1	0	56	232.29811171873953
n2459	2158	1	0	46	232.46370984373954
n2460	2159	1	0	48	232.62930796873954
n2461	2161	1	0	49	232.8029189062395
n2462	2164	1	0	51	232.9792007812395
n2451	2157	1	0	58	232.46103890623954
n2452	2160	1	0	60	232.62663703123954
n2453	2162	1	0	61	232.7962415624895
n2454	2163	1	0	63	232.95516234373952
n2471	2165	1	0	53	233.14079249998952
n2472	2168	1	0	55	233.2903649999895
n2473	2169	1	0	56	233.43326015623947
n2474	2171	1	0	58	233.58416812498947
n2463	2166	1	0	65	233.11007671873952
n2464	2167	1	0	67	233.2689974999895
n2465	2170	1	0	68	233.42925374998947
n2466	2172	1	0	70	233.58817453123947
n2478	2179	1	0	52	234.22786406248943
n2476	2175	1	0	55	233.91002249998945
n2477	2178	1	0	56	234.06760781248946
n2475	2173	1	0	60	233.75911453123948
n2470	2180	1	0	64	234.22919953123943
n2468	2176	1	0	67	233.91669984373945
n2469	2177	1	0	68	234.07294968748946
n2467	2174	1	0	72	233.76044999998948
n2490	2188	1	0	45	234.87957281248939
n2488	2184	1	0	48	234.54837656248938
n2489	2186	1	0	49	234.71263921873938
n2487	2181	1	0	53	234.3881203124894
n2482	2189	1	0	57	234.8688890624894
n2480	2185	1	0	60	234.54704109373938
n2481	2187	1	0	61	234.71931656248938
n2479	2183	1	0	65	234.4001395312394
n2491	2190	1	0	46	235.02914531248936
n2492	2192	1	0	48	235.19073703123937
n2493	2194	1	0	49	235.35499968748934
n2494	2197	1	0	50	235.51392046873934
n2483	2191	1	0	58	235.03582265623936
n2484	2193	1	0	60	235.18673062498937
n2485	2195	1	0	61	235.34298046873934
n2486	2196	1	0	62	235.49923031248935
n2499	2198	1	0	51	235.69420874998934
n2495	2199	1	0	63	235.68352499998934
n2501	2200	1	0	39	236.45275499998934
n2497	2201	1	0	51	236.44474218748934
n2508	2202	1	0	32	237.2673909374893
n2503	2203	1	0	44	237.2607135937393
n2510	2206	1	0	51	238.12876828123927
n2511	2205	1	0	63	238.15681312498927
n2505	2207	1	0	75	238.15414218748927
n2506	2204	1	0	87	238.12609734373927
n2520	2211	1	0	44	238.97812640623926
n2532	deletion
n2521	2210	1	0	56	238.98480374998925
n2513	2209	1	0	68	238.98213281248925
n2514	2208	1	0	80	238.96744265623926
n2523	2213	1	0	39	239.84751656248923
n2525	2216	1	0	39	240.30024046873922
n2526	2217	1	0	51	240.31760156248922
n2524	deletion
n2516	2214	1	0	63	239.85820031248923
n2518	2218	1	0	63	240.32694984373921
n2517	2212	1	0	75	239.84217468748923
n2519	2215	1	0	75	240.31359515623922
n2531	2220	1	0	32	240.8224087499892
n2527	2221	1	0	56	240.8290860937392
n2528	2219	1	0	68	240.8023767187392
insertion	15	1	0	44	3.778041093749998
insertion	72	1	0	44	9.005065781250003
insertion	140	1	0	67	17.21018578125005
insertion	203	1	0	44	31.9724573437501
insertion	260	1	0	44	37.19547562499985
insertion	294	1	0	51	40.06940437499975
insertion	1096	1	0	48	118.04475374999599
insertion	1137	1	0	55	122.20607437499574
insertion	1145	1	0	76	122.89651171874567
insertion	1144	1	0	77	122.83374468749568
insertion	1146	1	0	77	122.96194968749566
insertion	1143	1	0	79	122.76162937499569
insertion	1161	1	0	60	124.81023843749558
insertion	1386	1	0	44	150.96005203124412
insertion	1394	1	0	63	151.65716671874404
insertion	1444	1	0	44	156.26453390624374
insertion	1478	1	0	51	159.1731848437435
insertion	1585	1	0	63	179.74207453124203
insertion	1578	1	0	56	179.41622015624202
insertion	1580	1	0	56	179.56846359374202
insertion	1583	1	0	56	179.75409374999202
insertion	1587	1	0	56	179.892982499992
insertion	1649	1	0	63	184.69265718749176
insertion	1751	1	0	36	199.3894907812406
insertion	2182	1	0	64	234.4295198437394
