xml_id	midi_id	track	channel	pitch	onset
n14	0	1	0	49	1.0468749999999998
n15	1	1	0	52	1.4739583333333328
n16	2	1	0	56	1.9101562499999996
n17	10	1	0	61	2.364583333333333
n9	8	1	0	64	3.6302083333333326
n4	3	1	0	68	3.2252604166666656
n12	deletion
n5	4	1	0	73	3.5872395833333326
n13	6	1	0	73	3.7499999999999996
n11	deletion
n25	13	1	0	66	4.964843749999998
n18	14	1	0	75	5.391927083333332
n6	7	1	0	76	4.499999999999999
n33	12	1	0	57	5.850260416666664
n32	11	1	0	59	5.408854166666665
n34	21	1	0	59	6.345052083333331
n26	18	1	0	68	6.356770833333331
n27	26	1	0	63	7.675781249999997
n20	15	1	0	75	6.993489583333331
n21	16	1	0	76	7.17708333333333
n22	17	1	0	78	7.3749999999999964
n29	20	1	0	78	7.690104166666663
n23	19	1	0	80	7.635416666666663
n30	22	1	0	80	7.7851562499999964
n28	deletion
n36	23	1	0	52	8.229166666666664
n37	24	1	0	54	8.444010416666668
n38	27	1	0	56	8.618489583333336
n64	28	1	0	56	8.845052083333334
n56	deletion
n57	deletion
n44	37	1	0	61	8.86328125
n24	25	1	0	80	8.416666666666668
n39	29	1	0	80	8.826822916666668
n65	33	1	0	57	9.278645833333332
n40	30	1	0	73	9.712239583333334
n53	32	1	0	76	10.135416666666666
n41	31	1	0	78	10.052083333333334
n54	41	1	0	78	10.221354166666666
n52	deletion
n62	43	1	0	51	11.399739583333334
n61	39	1	0	52	11.157552083333334
n60	36	1	0	54	10.979166666666666
n59	34	1	0	56	10.769531249999998
n48	40	1	0	73	11.134114583333334
n49	42	1	0	73	11.352864583333334
n47	38	1	0	75	10.959635416666666
n46	35	1	0	76	10.774739583333332
n84	50	1	0	48	12.714843750000004
n63	46	1	0	54	12.259114583333336
n74	deletion
n80	48	1	0	69	12.704427083333337
n73	deletion
n50	44	1	0	72	11.78385416666667
n51	45	1	0	75	12.25260416666667
n43	47	1	0	78	12.22916666666667
n66	49	1	0	78	12.688802083333337
n85	53	1	0	44	13.574218750000007
n86	55	1	0	49	13.967447916666679
n81	51	1	0	68	13.13020833333334
n75	52	1	0	72	13.570312500000007
n76	60	1	0	73	13.971354166666679
n69	deletion
n82	57	1	0	78	13.959635416666679
n68	deletion
n67	54	1	0	80	13.554687500000007
n87	61	1	0	37	15.411458333333345
n83	59	1	0	76	14.416666666666677
n102	67	1	0	44	16.815104166666682
n78	62	1	0	72	15.871093750000012
n95	79	1	0	72	16.78645833333335
n79	65	1	0	73	16.332031250000014
n71	63	1	0	75	15.855468750000012
n88	71	1	0	75	17.234375000000014
n72	64	1	0	76	16.299479166666682
n103	68	1	0	48	17.233072916666682
n104	69	1	0	51	17.690104166666675
n105	70	1	0	56	18.152343750000007
n108	74	1	0	54	19.12630208333333
n112	77	1	0	54	19.397135416666664
n107	73	1	0	56	18.95703125
n109	76	1	0	56	19.338541666666664
n111	deletion
n113	80	1	0	56	19.511718749999996
n106	72	1	0	57	18.753906250000004
n91	75	1	0	75	18.96875
n100	78	1	0	75	19.332031249999996
n92	deletion
n93	deletion
n110	83	1	0	56	20.238281249999993
n132	86	1	0	56	20.69270833333333
n99	84	1	0	68	20.210937499999993
n123	103	1	0	69	20.66927083333333
n94	82	1	0	72	20.188802083333325
n128	85	1	0	72	20.64973958333333
n114	deletion
n129	92	1	0	73	21.078124999999996
n115	deletion
n101	81	1	0	76	19.74088541666666
n133	87	1	0	49	21.283854166666664
n134	88	1	0	51	21.496093749999996
n135	89	1	0	53	21.70182291666666
n136	90	1	0	54	21.972656249999993
n142	93	1	0	54	22.158854166666657
n139	98	1	0	52	23.061197916666657
n138	96	1	0	54	22.88020833333332
n140	100	1	0	54	23.265624999999993
n137	94	1	0	56	22.694010416666657
n119	99	1	0	73	23.049479166666657
n130	102	1	0	73	23.27213541666666
n120	107	1	0	73	24.11588541666666
n118	97	1	0	75	22.87890624999999
n117	95	1	0	76	22.662760416666657
n131	105	1	0	81	23.64322916666666
n121	deletion
n141	108	1	0	54	24.12760416666666
n159	109	1	0	54	24.60156249999999
n148	110	1	0	68	24.59374999999999
n127	106	1	0	69	24.11588541666666
n144	114	1	0	72	24.983072916666657
n122	111	1	0	73	24.565104166666657
n163	116	1	0	51	25.59895833333333
n162	115	1	0	52	25.44401041666666
n164	122	1	0	52	25.82552083333333
n161	113	1	0	54	25.16666666666666
n160	112	1	0	56	24.998697916666657
n145	117	1	0	68	25.41145833333333
n154	118	1	0	68	25.82291666666666
n146	deletion
n155	119	1	0	73	26.11197916666666
n147	deletion
n151	121	1	0	56	26.710937499999993
n152	124	1	0	61	27.149739583333325
n156	120	1	0	72	26.167968749999993
n157	129	1	0	73	26.274739583333325
n167	125	1	0	49	28.095052083333314
n166	123	1	0	51	27.611979166666657
n183	127	1	0	54	28.605468749999986
n172	132	1	0	63	28.559895833333318
n153	126	1	0	64	28.070312499999982
n179	deletion
n185	130	1	0	51	29.440104166666654
n184	128	1	0	52	28.99739583333332
n186	134	1	0	56	29.94661458333332
n171	deletion
n180	133	1	0	73	29.940104166666654
n170	deletion
n169	131	1	0	75	29.441406249999986
n194	142	1	0	53	31.675781249999986
n189	deletion
n187	137	1	0	54	30.838541666666657
n193	141	1	0	54	31.294270833333318
n188	deletion
n174	135	1	0	63	30.59505208333332
n175	136	1	0	64	30.79427083333332
n176	138	1	0	66	30.983072916666654
n177	139	1	0	68	31.243489583333318
n181	152	1	0	71	30.412760416666657
n190	144	1	0	53	31.874999999999982
n191	145	1	0	54	32.085937499999986
n192	146	1	0	56	32.265624999999986
n213	148	1	0	57	32.54947916666664
n178	147	1	0	68	32.08072916666665
n201	150	1	0	68	32.505208333333314
n206	155	1	0	71	34.11588541666665
n208	159	1	0	71	34.34244791666665
n216	157	1	0	54	33.94791666666664
n215	151	1	0	56	33.458333333333314
n214	149	1	0	59	32.96484374999998
n202	153	1	0	61	33.454427083333314
n203	161	1	0	66	33.91666666666664
n196	154	1	0	69	33.91666666666664
n207	156	1	0	69	34.24609374999998
n209	160	1	0	69	34.43229166666666
n219	166	1	0	51	35.16927083333332
n218	164	1	0	52	34.73958333333333
n217	158	1	0	56	34.33593749999998
n197	165	1	0	68	34.71614583333333
n211	167	1	0	68	35.17317708333332
n198	deletion
n199	163	1	0	69	34.60156249999999
n242	174	1	0	48	36.53255208333332
n221	171	1	0	49	36.06249999999999
n220	168	1	0	52	35.61588541666666
n205	170	1	0	66	36.06770833333333
n229	177	1	0	66	36.542968749999986
n223	deletion
n212	169	1	0	69	35.60807291666666
n235	173	1	0	69	36.52213541666666
n222	deletion
n200	172	1	0	71	36.04557291666666
n244	178	1	0	44	37.42187499999999
n243	175	1	0	46	36.96093749999999
n245	183	1	0	49	37.868489583333336
n231	181	1	0	64	37.880208333333336
n240	187	1	0	64	38.0234375
n238	deletion
n239	182	1	0	66	37.95703125
n236	176	1	0	68	36.97656249999999
n230	179	1	0	68	37.43098958333333
n248	188	1	0	46	39.250000000000014
n247	185	1	0	47	38.71614583333334
n246	184	1	0	51	38.278645833333336
n227	186	1	0	68	38.72395833333334
n228	195	1	0	73	39.222656250000014
n267	193	1	0	43	40.58723958333336
n250	191	1	0	44	40.11458333333336
n249	189	1	0	47	39.70052083333335
n233	190	1	0	63	39.660156250000014
n258	208	1	0	63	40.53255208333336
n234	192	1	0	64	40.09505208333336
n269	196	1	0	39	41.45182291666669
n268	194	1	0	41	41.00000000000002
n270	201	1	0	44	41.8815104166667
n254	199	1	0	71	42.011718750000036
n260	198	1	0	73	41.880208333333364
n253	200	1	0	73	42.140625000000036
n252	197	1	0	75	41.43489583333336
n272	207	1	0	46	42.68880208333337
n271	203	1	0	47	42.26302083333337
n273	209	1	0	47	43.14453125000004
n259	219	1	0	68	43.13281250000004
n261	202	1	0	71	42.24739583333337
n263	205	1	0	71	42.429687500000036
n262	204	1	0	73	42.3463541666667
n274	211	1	0	49	43.57812500000004
n275	212	1	0	51	44.02734375000004
n287	216	1	0	52	44.4947916666667
n281	deletion
n256	213	1	0	70	43.58072916666671
n286	223	1	0	70	44.90104166666671
n277	deletion
n257	214	1	0	71	44.02994791666671
n285	215	1	0	71	44.4752604166667
n276	deletion
n290	220	1	0	49	45.839843750000036
n289	218	1	0	51	45.36197916666671
n288	217	1	0	54	44.92057291666671
n282	222	1	0	67	45.83333333333337
n293	229	1	0	46	47.22395833333337
n292	224	1	0	47	46.76692708333338
n294	230	1	0	47	47.48958333333338
n291	221	1	0	51	46.30338541666671
n283	225	1	0	68	46.76692708333338
n284	234	1	0	70	47.21744791666671
n279	226	1	0	71	46.748697916666714
n280	227	1	0	73	47.20963541666671
n314	239	1	0	39	48.84244791666672
n296	232	1	0	46	48.255208333333385
n295	231	1	0	49	47.717447916666714
n305	236	1	0	71	49.79036458333339
n306	246	1	0	73	50.61848958333339
n299	238	1	0	75	49.77734375000006
n309	240	1	0	75	50.22656250000006
n300	deletion
n298	235	1	0	76	49.345052083333385
n310	242	1	0	76	50.60677083333339
n301	deletion
n316	244	1	0	55	51.003906250000064
n319	245	1	0	55	51.4934895833334
n317	deletion
n318	deletion
n311	243	1	0	75	50.70182291666673
n312	247	1	0	76	50.792968750000064
n320	252	1	0	56	51.9544270833334
n344	deletion
n308	249	1	0	70	52.416666666666735
n329	256	1	0	71	52.77734375000007
n303	248	1	0	73	52.412760416666735
n333	251	1	0	73	52.85546875000007
n321	250	1	0	75	52.776041666666735
n334	254	1	0	75	52.93489583333341
n332	deletion
n338	260	1	0	51	54.19921875000007
n337	255	1	0	52	53.694010416666735
n336	253	1	0	54	53.20052083333341
n330	261	1	0	72	54.15234375000007
n322	257	1	0	76	53.65234375000007
n323	258	1	0	78	54.15625000000007
n346	265	1	0	49	55.69401041666674
n350	267	1	0	49	55.90755208333341
n340	deletion
n348	deletion
n352	deletion
n345	264	1	0	51	55.58593750000008
n349	266	1	0	51	55.78645833333341
n351	269	1	0	51	55.95963541666674
n347	deletion
n339	263	1	0	56	55.08984375000008
n331	275	1	0	73	55.563802083333414
n325	262	1	0	75	55.10937500000008
n324	259	1	0	76	54.62630208333341
n326	268	1	0	77	55.54947916666675
n342	278	1	0	48	56.51302083333342
n354	271	1	0	49	56.067708333333414
n358	273	1	0	49	56.250000000000085
n360	277	1	0	49	56.40494791666676
n364	279	1	0	49	56.65364583333343
n356	deletion
n362	deletion
n343	deletion
n390	281	1	0	50	56.98307291666676
n392	283	1	0	50	57.17317708333342
n394	deletion
n380	deletion
n388	deletion
n355	272	1	0	51	56.15494791666675
n359	274	1	0	51	56.34505208333342
n387	280	1	0	51	56.86197916666676
n391	282	1	0	51	57.08984375000009
n353	deletion
n357	deletion
n361	deletion
n363	deletion
n389	deletion
n393	deletion
n372	290	1	0	71	56.87369791666676
n328	276	1	0	79	56.39192708333342
n327	270	1	0	80	55.97916666666674
n365	284	1	0	80	56.83593750000009
n382	292	1	0	48	57.83463541666676
n396	287	1	0	50	57.35677083333342
n383	293	1	0	50	57.95963541666676
n398	deletion
n400	deletion
n402	deletion
n404	deletion
n406	deletion
n395	285	1	0	51	57.28125000000009
n399	288	1	0	51	57.47916666666676
n401	289	1	0	51	57.62239583333343
n384	301	1	0	51	58.14062500000009
n397	deletion
n403	deletion
n405	deletion
n373	294	1	0	70	58.15234375000009
n367	291	1	0	77	57.70833333333343
n366	286	1	0	79	57.26432291666676
n368	295	1	0	79	58.13671875000009
n375	298	1	0	71	59.12760416666677
n413	deletion
n374	296	1	0	73	58.66145833333343
n376	299	1	0	73	59.561197916666764
n377	300	1	0	75	59.7656250000001
n369	297	1	0	80	59.1015625000001
n370	303	1	0	82	59.54296875000009
n386	305	1	0	63	60.54036458333345
n423	307	1	0	64	61.00130208333345
n418	308	1	0	73	61.006510416666785
n412	deletion
n379	304	1	0	75	60.519531250000114
n378	302	1	0	76	60.00781250000011
n371	306	1	0	79	60.49869791666678
n407	311	1	0	80	60.97395833333345
n425	312	1	0	61	61.96223958333346
n424	309	1	0	63	61.48828125000012
n426	318	1	0	63	62.45312500000013
n419	310	1	0	71	61.490885416666785
n415	316	1	0	71	62.47656250000013
n414	313	1	0	73	61.95963541666679
n409	315	1	0	80	62.43359375000013
n408	314	1	0	82	61.94661458333346
n427	328	1	0	51	63.845052083333464
n416	323	1	0	70	63.833333333333464
n410	319	1	0	79	64.01953125000014
n420	321	1	0	79	64.24869791666679
n422	324	1	0	79	64.41927083333346
n421	317	1	0	80	63.7994791666668
n437	329	1	0	44	65.47265625000009
n429	337	1	0	68	65.44531250000009
n417	deletion
n411	325	1	0	80	64.91927083333344
n428	332	1	0	80	65.49348958333341
n438	330	1	0	47	65.90885416666674
n439	331	1	0	51	66.39192708333341
n440	339	1	0	56	66.86328125000009
n431	333	1	0	75	67.86067708333341
n435	334	1	0	75	68.35026041666674
n432	deletion
n433	deletion
n452	343	1	0	70	70.25000000000007
n442	deletion
n451	338	1	0	71	69.80338541666674
n441	deletion
n434	336	1	0	73	69.32812500000007
n436	335	1	0	76	68.82682291666674
n454	340	1	0	49	70.44531250000007
n455	341	1	0	51	70.66927083333341
n456	342	1	0	52	70.86718750000007
n457	344	1	0	54	71.14583333333341
n458	347	1	0	42	72.08854166666674
n461	350	1	0	52	72.57552083333341
n459	349	1	0	54	72.49218750000007
n462	361	1	0	54	72.65755208333341
n460	deletion
n446	348	1	0	70	72.25260416666674
n445	346	1	0	71	72.05468750000007
n444	345	1	0	73	71.83723958333341
n447	351	1	0	75	72.48697916666674
n483	deletion
n468	358	1	0	72	73.84244791666674
n449	353	1	0	76	73.15885416666676
n448	352	1	0	78	72.95052083333341
n450	354	1	0	78	73.37369791666676
n475	362	1	0	52	75.22526041666674
n489	364	1	0	52	75.4895833333334
n485	deletion
n487	deletion
n491	deletion
n488	363	1	0	54	75.37760416666674
n486	deletion
n492	365	1	0	54	75.58463541666673
n490	deletion
n484	deletion
n470	360	1	0	68	74.75781250000007
n469	359	1	0	70	74.28125000000007
n471	391	1	0	73	75.18750000000007
n477	370	1	0	51	76.04947916666674
n493	366	1	0	52	75.66015625000006
n497	368	1	0	52	75.83984375000007
n478	371	1	0	52	76.19010416666674
n495	deletion
n499	deletion
n501	deletion
n503	deletion
n496	367	1	0	54	75.7513020833334
n479	372	1	0	54	76.34635416666674
n509	374	1	0	54	76.58593750000009
n494	deletion
n498	deletion
n500	deletion
n502	deletion
n505	deletion
n507	deletion
n511	deletion
n506	373	1	0	56	76.49479166666676
n510	375	1	0	56	76.68229166666674
n504	deletion
n508	deletion
n464	369	1	0	80	75.90625000000007
n472	376	1	0	80	76.36848958333341
n465	deletion
n466	deletion
n481	386	1	0	52	77.33593750000009
n513	377	1	0	54	76.77343750000009
n515	380	1	0	54	76.93229166666676
n519	382	1	0	54	77.10156250000009
n521	384	1	0	54	77.24869791666676
n523	deletion
n482	387	1	0	54	77.46223958333343
n517	deletion
n514	379	1	0	56	76.85546875000009
n518	381	1	0	56	77.03906250000009
n520	383	1	0	56	77.18359375000009
n522	deletion
n538	389	1	0	56	77.61718750000009
n512	deletion
n516	deletion
n525	deletion
n536	388	1	0	76	77.59765625000009
n524	deletion
n467	385	1	0	78	77.19531250000009
n473	378	1	0	81	76.77604166666676
n540	393	1	0	56	79.05468750000009
n539	390	1	0	57	78.53125000000009
n535	411	1	0	71	79.01953125000009
n537	392	1	0	75	78.03906250000009
n542	399	1	0	53	80.36328125000006
n541	396	1	0	54	79.91796875000006
n529	397	1	0	75	80.09244791666673
n528	deletion
n527	394	1	0	78	79.67447916666674
n530	398	1	0	80	80.34244791666673
n558	412	1	0	49	81.77213541666671
n543	401	1	0	54	80.82682291666673
n544	405	1	0	56	81.30468750000006
n545	408	1	0	77	81.76562500000004
n532	402	1	0	81	81.02734375000006
n531	400	1	0	83	80.80859375000006
n533	403	1	0	83	81.27343750000006
n550	413	1	0	69	83.15885416666671
n547	410	1	0	73	82.70052083333337
n546	409	1	0	75	82.22005208333337
n548	423	1	0	78	83.15234375000004
n561	415	1	0	61	84.05078125000003
n565	417	1	0	61	84.55078125000001
n562	deletion
n563	deletion
n554	deletion
n552	416	1	0	69	84.03906250000003
n556	418	1	0	69	84.51953125000001
n553	deletion
n551	414	1	0	71	83.62109375000004
n580	deletion
n589	424	1	0	57	85.92057291666666
n579	deletion
n564	421	1	0	59	85.47135416666667
n566	419	1	0	62	84.98697916666667
n557	420	1	0	68	84.97786458333334
n555	422	1	0	69	85.4453125
n571	430	1	0	71	85.89843749999999
n590	427	1	0	56	86.35937499999999
n569	426	1	0	75	86.82031249999997
n568	425	1	0	76	86.34244791666666
n570	448	1	0	76	87.3333333333333
n584	431	1	0	56	88.30859374999999
n583	deletion
n582	428	1	0	59	87.8997395833333
n585	435	1	0	61	88.57682291666666
n575	deletion
n577	434	1	0	71	88.55468749999999
n574	443	1	0	71	89.94010416666664
n573	432	1	0	73	88.10416666666664
n604	440	1	0	58	89.81249999999996
n587	436	1	0	63	89.20442708333331
n586	433	1	0	64	89.00520833333331
n588	439	1	0	64	89.44140624999997
n576	438	1	0	68	89.43229166666664
n578	437	1	0	70	88.98177083333331
n599	441	1	0	73	89.81510416666663
n606	447	1	0	54	90.87890624999997
n605	445	1	0	56	90.3880208333333
n607	450	1	0	59	91.38541666666663
n601	458	1	0	66	91.35156249999997
n600	449	1	0	70	90.85026041666663
n608	452	1	0	47	92.33593749999994
n611	455	1	0	58	92.85937499999994
n609	453	1	0	59	92.7643229166666
n612	461	1	0	59	92.97005208333327
n610	deletion
n595	454	1	0	73	92.30729166666661
n594	451	1	0	75	91.81119791666661
n596	456	1	0	75	92.77473958333327
n637	deletion
n620	462	1	0	64	94.10677083333323
n603	460	1	0	68	93.65234374999993
n598	459	1	0	71	93.66015624999993
n597	457	1	0	73	93.21484374999994
n614	469	1	0	73	94.11848958333323
n633	467	1	0	56	95.1809895833332
n632	466	1	0	57	94.99218749999989
n634	471	1	0	57	95.44791666666653
n631	464	1	0	59	94.7578124999999
n630	463	1	0	61	94.54817708333323
n622	468	1	0	61	94.98697916666656
n621	465	1	0	63	94.54557291666656
n623	470	1	0	66	95.43229166666653
n635	473	1	0	45	96.37499999999984
n639	477	1	0	56	96.9244791666665
n636	476	1	0	57	96.84114583333317
n640	484	1	0	57	97.02734374999983
n638	deletion
n624	472	1	0	68	95.91406249999986
n626	479	1	0	68	96.83333333333317
n625	475	1	0	69	96.37369791666652
n617	478	1	0	76	96.82812499999984
n616	474	1	0	78	96.38020833333317
n663	deletion
n649	485	1	0	63	98.24348958333314
n628	483	1	0	64	97.77864583333314
n627	480	1	0	66	97.32031249999983
n642	492	1	0	71	98.23046874999982
n619	482	1	0	73	97.79296874999982
n618	481	1	0	75	97.32161458333316
n657	490	1	0	54	99.3320312499998
n656	489	1	0	56	99.12499999999982
n658	493	1	0	56	99.60286458333314
n655	487	1	0	57	98.8789062499998
n654	486	1	0	59	98.68880208333314
n651	491	1	0	59	99.12630208333314
n650	488	1	0	61	98.68489583333314
n652	512	1	0	64	99.58984374999982
n661	deletion
n664	497	1	0	59	101.02083333333314
n660	deletion
n659	495	1	0	61	100.53255208333314
n645	496	1	0	68	100.51692708333314
n644	494	1	0	69	100.04687499999982
n646	498	1	0	73	101.01302083333314
n702	deletion
n662	501	1	0	56	101.9570312499998
n665	499	1	0	57	101.47916666666647
n666	503	1	0	69	102.41145833333313
n647	500	1	0	75	101.48567708333314
n648	502	1	0	76	101.94791666666647
n703	505	1	0	56	102.89453124999977
n704	507	1	0	57	103.37499999999979
n708	510	1	0	57	103.89843749999977
n705	509	1	0	59	103.81119791666644
n709	516	1	0	59	104.00651041666644
n707	deletion
n670	deletion
n681	513	1	0	68	104.30859374999977
n680	511	1	0	69	103.81249999999977
n669	deletion
n667	506	1	0	71	102.90494791666644
n668	508	1	0	73	103.37499999999979
n706	528	1	0	47	105.29687499999977
n679	526	1	0	63	105.2942708333331
n672	515	1	0	64	104.7278645833331
n671	514	1	0	66	104.4973958333331
n673	517	1	0	66	104.94401041666643
n685	519	1	0	66	105.41276041666643
n689	521	1	0	66	105.64453124999977
n674	deletion
n683	deletion
n687	deletion
n682	518	1	0	68	105.2591145833331
n686	520	1	0	68	105.5364583333331
n690	522	1	0	68	105.72005208333312
n688	deletion
n684	deletion
n727	537	1	0	52	106.5833333333331
n676	530	1	0	64	106.34374999999976
n711	536	1	0	64	106.53385416666643
n720	deletion
n693	523	1	0	66	105.81249999999979
n695	525	1	0	66	105.98437499999977
n699	529	1	0	66	106.14973958333309
n677	531	1	0	66	106.40494791666642
n691	deletion
n697	deletion
n701	deletion
n694	524	1	0	68	105.89713541666644
n696	527	1	0	68	106.06901041666643
n692	deletion
n698	deletion
n700	deletion
n712	532	1	0	68	107.01562499999977
n713	533	1	0	71	107.47526041666643
n715	535	1	0	75	108.12109374999976
n714	534	1	0	76	107.92057291666643
n733	546	1	0	49	109.21093749999974
n732	543	1	0	51	108.96874999999976
n731	541	1	0	52	108.79557291666643
n730	539	1	0	54	108.58463541666642
n729	538	1	0	56	108.39973958333309
n725	545	1	0	75	109.27343749999974
n716	540	1	0	76	108.36197916666642
n717	542	1	0	76	108.77734374999976
n718	544	1	0	76	109.19401041666642
n724	deletion
n726	548	1	0	76	109.36067708333307
n735	549	1	0	58	110.12890624999973
n734	547	1	0	59	109.66796874999974
n746	560	1	0	59	110.56380208333306
n757	deletion
n719	550	1	0	76	110.09765624999973
n736	551	1	0	76	110.56380208333306
n747	552	1	0	63	110.99609374999972
n748	556	1	0	66	111.46744791666636
n750	deletion
n749	558	1	0	71	111.9023437499997
n740	557	1	0	73	111.68880208333303
n739	555	1	0	75	111.48307291666636
n741	563	1	0	75	111.90755208333303
n738	554	1	0	76	111.23697916666637
n737	553	1	0	78	110.99609374999972
n761	565	1	0	54	112.95052083333303
n760	564	1	0	56	112.74479166666637
n762	569	1	0	56	113.21874999999969
n759	561	1	0	57	112.52994791666637
n751	562	1	0	71	112.3398437499997
n752	566	1	0	71	112.7421874999997
n753	571	1	0	71	113.20052083333303
n742	567	1	0	77	112.7421874999997
n744	deletion
n755	568	1	0	78	113.20182291666636
n743	deletion
n782	576	1	0	54	114.61588541666633
n763	573	1	0	61	114.10546874999967
n754	574	1	0	71	114.11328124999967
n774	575	1	0	71	114.60026041666633
n756	570	1	0	77	113.64453124999967
n745	572	1	0	78	114.12109374999967
n764	583	1	0	78	114.614583333333
n783	578	1	0	57	115.07421874999966
n784	581	1	0	61	115.51562499999964
n786	585	1	0	65	116.18749999999966
n785	584	1	0	66	115.97265624999966
n778	582	1	0	68	115.72135416666632
n777	580	1	0	69	115.51041666666632
n779	590	1	0	69	115.97265624999966
n776	579	1	0	71	115.30208333333299
n775	577	1	0	73	115.08723958333299
n792	594	1	0	65	117.35546874999963
n787	586	1	0	66	116.42838541666633
n788	589	1	0	66	116.86848958333299
n789	593	1	0	66	117.28255208333296
n791	deletion
n793	597	1	0	66	117.4440104166663
n770	595	1	0	75	117.30078124999963
n769	591	1	0	76	117.07031249999964
n768	592	1	0	78	116.87369791666632
n767	588	1	0	80	116.657552083333
n766	587	1	0	81	116.427083333333
n790	601	1	0	66	118.16666666666632
n807	604	1	0	66	118.64453124999967
n802	603	1	0	68	118.66406249999967
n781	600	1	0	69	118.20312499999966
n795	deletion
n805	605	1	0	73	118.634114583333
n794	deletion
n772	599	1	0	76	117.94921874999964
n771	596	1	0	78	117.71874999999964
n773	602	1	0	78	118.19661458333299
n811	611	1	0	63	119.68098958333299
n810	609	1	0	64	119.50130208333299
n812	612	1	0	64	119.97526041666632
n809	607	1	0	66	119.28385416666633
n808	606	1	0	68	119.08463541666633
n806	608	1	0	72	119.087239583333
n796	610	1	0	75	119.49739583333299
n797	618	1	0	80	119.94270833333299
n814	613	1	0	63	120.14973958333299
n819	619	1	0	63	121.40885416666632
n813	614	1	0	64	120.39062499999966
n815	616	1	0	64	120.85416666666632
n816	617	1	0	64	121.30468749999964
n820	620	1	0	64	121.5065104166663
n818	deletion
n803	615	1	0	68	120.81770833333299
n804	647	1	0	73	121.30468749999964
n817	622	1	0	64	122.21093749999963
n858	629	1	0	64	122.68359374999963
n799	621	1	0	80	121.97135416666629
n800	623	1	0	82	122.19661458333296
n821	625	1	0	82	122.66796874999963
n839	627	1	0	82	122.89713541666629
n843	630	1	0	82	123.08593749999963
n837	deletion
n841	deletion
n801	624	1	0	83	122.41015624999963
n838	626	1	0	83	122.79947916666629
n842	628	1	0	83	122.99088541666629
n836	deletion
n840	deletion
n862	642	1	0	61	123.8085937499996
n864	644	1	0	61	124.22265624999959
n861	639	1	0	62	123.5742187499996
n863	643	1	0	62	124.03255208333292
n860	636	1	0	64	123.37499999999962
n859	633	1	0	66	123.17187499999963
n823	640	1	0	80	123.7734374999996
n847	632	1	0	82	123.27083333333296
n849	635	1	0	82	123.44661458333294
n853	638	1	0	82	123.61848958333293
n824	641	1	0	82	123.86067708333293
n845	deletion
n851	deletion
n855	deletion
n844	631	1	0	83	123.16927083333296
n848	634	1	0	83	123.36067708333294
n852	637	1	0	83	123.54166666666627
n825	645	1	0	83	124.01562499999959
n846	deletion
n850	deletion
n854	deletion
n865	646	1	0	62	124.47135416666625
n866	650	1	0	62	124.9231770833329
n867	654	1	0	62	125.44661458333293
n833	652	1	0	66	124.9075520833329
n834	656	1	0	71	125.41145833333292
n828	651	1	0	78	125.14453124999957
n856	653	1	0	78	125.41796874999959
n829	deletion
n827	649	1	0	80	124.9075520833329
n830	deletion
n826	648	1	0	81	124.67578124999957
n889	663	1	0	61	126.83203124999959
n868	659	1	0	62	126.36848958333293
n835	658	1	0	68	126.33072916666626
n876	661	1	0	69	126.82421874999959
n831	657	1	0	77	126.34114583333293
n885	660	1	0	77	126.83854166666626
n869	deletion
n870	deletion
n857	655	1	0	80	125.8867187499996
n890	665	1	0	59	127.76692708333293
n891	672	1	0	61	128.28645833333292
n878	668	1	0	68	128.27083333333292
n877	664	1	0	71	127.74739583333293
n873	deletion
n886	662	1	0	78	127.29166666666626
n887	667	1	0	78	128.25651041666626
n872	deletion
n871	666	1	0	80	127.74739583333293
n892	678	1	0	49	129.7643229166663
n879	669	1	0	71	129.24739583333294
n880	670	1	0	73	129.4765624999996
n881	671	1	0	74	129.58723958333294
n882	673	1	0	74	129.7135416666663
n888	675	1	0	77	128.73046874999957
n909	679	1	0	42	131.14973958333294
n901	685	1	0	69	131.1354166666663
n884	676	1	0	71	130.65755208333297
n883	674	1	0	73	130.1861979166663
n875	677	1	0	78	130.62630208333297
n893	682	1	0	78	131.12109374999963
n910	680	1	0	45	131.58984374999963
n911	681	1	0	49	132.05208333333294
n912	693	1	0	54	132.52083333333294
n904	687	1	0	61	133.40104166666626
n905	690	1	0	66	133.8867187499996
n899	deletion
n907	688	1	0	76	133.89583333333294
n898	deletion
n895	683	1	0	78	133.42708333333292
n896	684	1	0	80	133.69401041666626
n897	686	1	0	81	133.7851562499996
n921	701	1	0	68	135.28776041666623
n906	692	1	0	69	134.7890624999996
n914	deletion
n929	696	1	0	71	135.7356770833329
n900	691	1	0	73	134.79557291666626
n928	694	1	0	73	135.28515624999957
n913	deletion
n908	689	1	0	74	134.34244791666626
n932	deletion
n939	deletion
n933	deletion
n931	695	1	0	52	135.7239583333329
n934	deletion
n917	700	1	0	71	136.35026041666626
n916	699	1	0	73	136.1523437499996
n915	697	1	0	74	135.92317708333292
n918	707	1	0	80	136.62630208333294
n940	708	1	0	52	137.07942708333294
n923	703	1	0	68	137.2460937499996
n924	704	1	0	69	137.45442708333292
n925	705	1	0	71	137.66015624999957
n926	706	1	0	73	137.90755208333292
n936	709	1	0	45	138.58333333333292
n937	710	1	0	47	138.80468749999957
n938	711	1	0	49	138.98958333333292
n957	717	1	0	50	139.26171874999957
n927	712	1	0	73	138.79296874999957
n950	715	1	0	73	139.25651041666623
n942	deletion
n955	714	1	0	80	139.26302083333292
n941	deletion
n920	713	1	0	81	138.77734374999957
n951	716	1	0	66	140.2421874999996
n952	727	1	0	71	140.72005208333294
n956	718	1	0	78	139.76302083333292
n962	726	1	0	44	142.01692708333292
n961	723	1	0	45	141.78776041666626
n960	721	1	0	47	141.5976562499996
n959	719	1	0	49	141.36848958333294
n946	724	1	0	78	141.77213541666626
n947	725	1	0	78	142.00390624999957
n945	722	1	0	80	141.58854166666626
n944	720	1	0	81	141.36848958333294
n983	734	1	0	41	143.450520833333
n963	730	1	0	47	142.94531249999966
n954	729	1	0	71	142.93749999999966
n972	733	1	0	71	143.430989583333
n980	735	1	0	73	143.87760416666634
n965	deletion
n979	deletion
n964	deletion
n948	728	1	0	77	142.44661458333294
n949	731	1	0	80	142.92447916666632
n984	738	1	0	37	144.36979166666632
n985	741	1	0	42	144.81901041666632
n975	deletion
n981	739	1	0	71	144.83072916666632
n974	740	1	0	71	144.93229166666632
n973	737	1	0	73	144.37890624999966
n966	736	1	0	77	144.33854166666632
n967	743	1	0	78	144.79947916666632
n986	742	1	0	49	145.46484374999963
n987	deletion
n988	745	1	0	52	145.90234374999963
n989	748	1	0	54	146.14062499999963
n982	747	1	0	69	145.27604166666632
n969	deletion
n968	746	1	0	81	145.67447916666632
n990	756	1	0	54	146.95312499999963
n1006	757	1	0	54	147.48567708333297
n977	750	1	0	68	146.5846354166663
n995	759	1	0	68	147.48828124999963
n978	754	1	0	69	146.9440104166663
n1002	762	1	0	72	147.88671874999963
n992	deletion
n1001	755	1	0	73	147.1393229166663
n991	758	1	0	73	147.44661458333297
n970	deletion
n971	deletion
n1010	764	1	0	51	148.46744791666632
n1009	763	1	0	52	148.29687499999963
n1011	767	1	0	52	149.22656249999963
n1008	761	1	0	54	148.06770833333294
n1007	760	1	0	56	147.90364583333294
n993	765	1	0	68	148.3033854166663
n994	780	1	0	73	148.72526041666632
n1015	768	1	0	49	149.4205729166663
n1014	769	1	0	51	149.64192708333297
n1013	770	1	0	52	149.83854166666632
n1016	774	1	0	54	150.07552083333297
n1012	deletion
n998	771	1	0	68	149.62499999999963
n1004	773	1	0	68	150.12890624999963
n999	772	1	0	69	150.05338541666632
n1005	777	1	0	69	150.24218749999963
n1003	deletion
n1038	781	1	0	51	151.42187499999966
n1018	776	1	0	56	150.69270833333297
n1017	775	1	0	57	150.52343749999963
n1019	778	1	0	57	150.946614583333
n1000	779	1	0	64	150.92968749999966
n1026	789	1	0	66	151.391927083333
n1039	782	1	0	52	151.81901041666634
n1040	784	1	0	54	152.25651041666637
n1041	788	1	0	56	152.72005208333306
n1025	deletion
n1023	786	1	0	73	152.46744791666637
n1034	787	1	0	73	152.70703124999972
n1024	deletion
n1022	785	1	0	75	152.25130208333303
n1021	783	1	0	76	152.01302083333303
n1043	796	1	0	48	154.03255208333303
n1042	791	1	0	51	153.58723958333306
n1030	793	1	0	66	153.77864583333306
n1036	795	1	0	66	154.00260416666637
n1031	deletion
n1029	792	1	0	68	153.57552083333306
n1028	790	1	0	69	153.35156249999972
n1035	794	1	0	72	153.14453124999974
n1032	deletion
n1044	799	1	0	44	154.96484374999972
n1058	800	1	0	49	155.44661458333306
n1051	804	1	0	64	155.41796874999972
n1033	798	1	0	66	154.94401041666637
n1037	797	1	0	75	154.47526041666634
n1059	801	1	0	56	156.0182291666664
n1060	802	1	0	58	156.24609374999974
n1061	803	1	0	60	156.43229166666643
n1062	805	1	0	61	156.68749999999977
n1065	811	1	0	57	158.05859374999977
n1064	808	1	0	59	157.61197916666643
n1063	806	1	0	63	157.14453124999977
n1048	807	1	0	68	157.5950520833331
n1056	deletion
n1049	809	1	0	73	158.02994791666643
n1057	813	1	0	73	158.21223958333312
n1055	deletion
n1084	818	1	0	54	159.44921874999977
n1067	814	1	0	56	158.96874999999977
n1066	812	1	0	59	158.50260416666643
n1053	816	1	0	73	158.96874999999977
n1076	822	1	0	73	159.43359374999977
n1083	823	1	0	75	159.86718749999977
n1069	deletion
n1050	815	1	0	76	158.95703124999977
n1082	817	1	0	76	159.42317708333312
n1068	deletion
n1085	819	1	0	51	160.05859374999977
n1086	820	1	0	52	160.30078124999977
n1087	821	1	0	54	160.52213541666643
n1088	824	1	0	56	160.79296874999977
n1077	830	1	0	72	160.77864583333312
n1098	832	1	0	53	162.23697916666646
n1102	834	1	0	53	162.4453124999998
n1091	deletion
n1096	deletion
n1100	deletion
n1090	828	1	0	54	161.64322916666643
n1095	831	1	0	54	162.10546874999977
n1101	833	1	0	54	162.3593749999998
n1097	deletion
n1099	deletion
n1089	825	1	0	57	161.20963541666643
n1071	826	1	0	75	161.4075520833331
n1072	827	1	0	76	161.62890624999977
n1073	829	1	0	78	161.82682291666643
n1074	839	1	0	80	162.07942708333312
n1093	844	1	0	51	163.12630208333314
n1104	837	1	0	53	162.60937499999977
n1108	840	1	0	53	162.76432291666646
n1110	843	1	0	53	162.94661458333314
n1094	846	1	0	53	163.2617187499998
n1106	deletion
n1112	deletion
n1114	deletion
n1103	835	1	0	54	162.55338541666646
n1107	838	1	0	54	162.73958333333312
n1109	842	1	0	54	162.8789062499998
n1130	855	1	0	54	163.39973958333314
n1105	deletion
n1111	deletion
n1113	deletion
n1080	841	1	0	70	162.73177083333312
n1079	836	1	0	71	162.5312499999998
n1081	845	1	0	71	162.9492187499998
n1121	850	1	0	71	163.3854166666665
n1075	847	1	0	80	162.94270833333314
n1116	deletion
n1128	848	1	0	81	163.3593749999998
n1115	deletion
n1122	852	1	0	70	164.7408854166665
n1117	851	1	0	73	164.26822916666646
n1118	860	1	0	78	164.7057291666665
n1129	849	1	0	80	163.8007812499998
n1133	859	1	0	51	166.01171874999983
n1132	857	1	0	52	165.59505208333317
n1125	858	1	0	68	165.77343749999983
n1126	861	1	0	69	166.00130208333317
n1124	856	1	0	70	165.56249999999983
n1123	854	1	0	71	165.36848958333317
n1155	868	1	0	48	167.44661458333323
n1135	864	1	0	49	166.95963541666654
n1134	862	1	0	52	166.47786458333317
n1127	863	1	0	69	166.98307291666654
n1143	866	1	0	69	167.4531249999999
n1120	865	1	0	78	166.9505208333332
n1136	867	1	0	78	167.4296874999999
n1156	870	1	0	44	168.3684895833332
n1157	873	1	0	49	168.77083333333323
n1144	869	1	0	68	167.8906249999999
n1145	871	1	0	72	168.3606770833332
n1146	877	1	0	73	168.81510416666657
n1139	deletion
n1150	875	1	0	78	168.80729166666657
n1138	deletion
n1137	872	1	0	80	168.3528645833332
n1158	880	1	0	37	170.29166666666657
n1151	878	1	0	76	169.27734374999991
n1153	deletion
n1152	deletion
n1176	885	1	0	44	171.75260416666657
n1148	879	1	0	72	170.76562499999991
n1167	897	1	0	72	171.77343749999991
n1149	883	1	0	73	171.23046874999991
n1141	881	1	0	75	170.74479166666657
n1173	888	1	0	75	172.21484374999991
n1160	deletion
n1142	882	1	0	76	171.21874999999991
n1172	884	1	0	76	171.74348958333323
n1159	deletion
n1177	886	1	0	48	172.24218749999991
n1178	887	1	0	51	172.69921874999991
n1179	889	1	0	56	173.1549479166666
n1182	892	1	0	54	174.1809895833333
n1186	895	1	0	54	174.44010416666663
n1181	891	1	0	56	174.0026041666666
n1183	894	1	0	56	174.3880208333333
n1185	deletion
n1187	898	1	0	56	174.54687499999994
n1180	890	1	0	57	173.78645833333326
n1163	893	1	0	75	173.98567708333326
n1174	896	1	0	75	174.37760416666663
n1164	deletion
n1165	deletion
n1184	900	1	0	56	175.29947916666663
n1206	904	1	0	56	175.76041666666663
n1171	902	1	0	68	175.28385416666663
n1197	921	1	0	69	175.74088541666663
n1166	901	1	0	72	175.26432291666663
n1202	903	1	0	72	175.73437499999997
n1188	deletion
n1189	deletion
n1175	899	1	0	76	174.8098958333333
n1207	905	1	0	49	176.40624999999997
n1208	906	1	0	51	176.62630208333331
n1209	907	1	0	53	176.80078124999997
n1210	908	1	0	54	177.0989583333333
n1219	910	1	0	54	177.29557291666663
n1203	911	1	0	73	176.2278645833333
n1213	916	1	0	52	178.19010416666666
n1217	919	1	0	52	178.45442708333331
n1212	914	1	0	54	178.00130208333331
n1214	918	1	0	54	178.38281249999997
n1216	deletion
n1218	922	1	0	54	178.55208333333331
n1211	912	1	0	56	177.79557291666663
n1193	917	1	0	73	178.16536458333331
n1204	920	1	0	73	178.38802083333331
n1194	deletion
n1192	915	1	0	75	177.98437499999997
n1191	913	1	0	76	177.77994791666663
n1195	deletion
n1215	926	1	0	54	179.32161458333334
n1237	930	1	0	54	179.79296875
n1227	927	1	0	68	179.79296875
n1201	924	1	0	69	179.31640625
n1222	deletion
n1196	925	1	0	73	179.29817708333334
n1235	928	1	0	73	179.75520833333334
n1221	deletion
n1205	923	1	0	81	178.80859375
n1238	931	1	0	48	180.44270833333334
n1239	933	1	0	49	180.65755208333334
n1240	934	1	0	51	180.84635416666669
n1241	936	1	0	52	181.12890625
n1223	935	1	0	68	180.64583333333334
n1236	932	1	0	72	180.2421875
n1224	943	1	0	80	181.10677083333334
n1244	940	1	0	51	182.14843750000006
n1243	938	1	0	52	181.96223958333337
n1245	944	1	0	52	182.41406250000009
n1242	937	1	0	54	181.75781250000003
n1230	939	1	0	68	181.96223958333337
n1231	941	1	0	73	182.38541666666674
n1232	942	1	0	75	182.59765625000009
n1246	946	1	0	52	183.35677083333343
n1263	950	1	0	52	183.77604166666677
n1262	956	1	0	70	184.20572916666677
n1253	deletion
n1261	949	1	0	71	183.80338541666677
n1252	deletion
n1234	948	1	0	73	183.31119791666677
n1233	945	1	0	76	182.83333333333343
n1226	947	1	0	80	183.2851562500001
n1247	954	1	0	80	183.76432291666677
n1264	951	1	0	46	184.38802083333343
n1265	deletion
n1266	953	1	0	49	184.80468750000009
n1267	955	1	0	51	185.07291666666677
n1248	963	1	0	79	185.05989583333343
n1270	961	1	0	49	186.0976562500001
n1269	959	1	0	51	185.8984375000001
n1271	965	1	0	51	186.34505208333343
n1268	957	1	0	52	185.69791666666677
n1257	962	1	0	70	186.0820312500001
n1256	960	1	0	71	185.89713541666677
n1258	964	1	0	72	186.32291666666677
n1255	958	1	0	73	185.67838541666677
n1272	967	1	0	51	187.24739583333343
n1294	971	1	0	51	187.72656250000009
n1280	972	1	0	68	187.71614583333343
n1259	966	1	0	73	186.74348958333346
n1260	969	1	0	75	187.20312500000009
n1274	deletion
n1290	973	1	0	77	188.20312500000009
n1251	968	1	0	78	187.18880208333343
n1289	970	1	0	78	187.70572916666677
n1273	deletion
n1295	974	1	0	44	188.42447916666677
n1296	977	1	0	46	188.63802083333346
n1297	979	1	0	48	188.83463541666677
n1298	982	1	0	49	189.10807291666677
n1276	978	1	0	73	188.6367187500001
n1275	976	1	0	75	188.4257812500001
n1277	980	1	0	75	188.8320312500001
n1291	deletion
n1278	deletion
n1279	996	1	0	76	189.09114583333343
n1301	deletion
n1300	985	1	0	49	189.93880208333346
n1302	990	1	0	49	190.3945312500001
n1299	983	1	0	51	189.7460937500001
n1282	984	1	0	64	189.7187500000001
n1283	986	1	0	66	189.9375000000001
n1284	988	1	0	68	190.13020833333346
n1285	989	1	0	69	190.36848958333346
n1292	deletion
n1320	997	1	0	45	191.7968750000002
n1303	992	1	0	51	190.8229166666668
n1304	994	1	0	52	191.28776041666686
n1311	1010	1	0	66	191.7500000000002
n1287	993	1	0	72	191.01302083333348
n1286	991	1	0	73	190.81380208333346
n1288	995	1	0	73	191.26822916666686
n1317	deletion
n1321	999	1	0	57	192.6627604166669
n1322	1001	1	0	57	193.1588541666669
n1309	deletion
n1307	1000	1	0	73	192.67968750000026
n1318	1003	1	0	73	193.1822916666669
n1308	deletion
n1306	998	1	0	75	192.1914062500002
n1323	1005	1	0	51	193.81901041666694
n1324	1007	1	0	52	194.04427083333363
n1325	1008	1	0	54	194.23177083333363
n1326	1011	1	0	56	194.48958333333363
n1314	deletion
n1313	1009	1	0	68	194.03776041666697
n1310	1018	1	0	71	194.50390625000028
n1319	1006	1	0	72	193.63151041666694
n1327	1013	1	0	56	195.381510416667
n1349	1015	1	0	56	195.76562500000034
n1316	1014	1	0	63	195.36067708333366
n1343	1017	1	0	63	195.78255208333368
n1336	deletion
n1315	1012	1	0	65	194.91536458333363
n1337	deletion
n1350	1020	1	0	49	196.71744791666703
n1352	deletion
n1351	1036	1	0	54	197.21614583333368
n1344	1022	1	0	65	196.25260416666703
n1338	1024	1	0	66	197.20182291666703
n1330	1023	1	0	71	197.19791666666703
n1329	1021	1	0	73	196.69531250000037
n1353	deletion
n1354	deletion
n1355	deletion
n1341	deletion
n1339	1026	1	0	64	198.16927083333374
n1345	1028	1	0	64	198.62890625000043
n1340	deletion
n1348	1030	1	0	66	199.06770833333377
n1334	deletion
n1332	1027	1	0	68	198.13932291666706
n1346	1029	1	0	68	198.61848958333377
n1333	deletion
n1331	1025	1	0	69	197.67968750000034
n1356	deletion
n1373	deletion
n1368	1034	1	0	60	200.0234375000005
n1342	1032	1	0	61	199.57291666666714
n1347	1031	1	0	63	199.08203125000043
n1358	1035	1	0	63	200.0312500000005
n1372	deletion
n1335	1033	1	0	64	199.55338541666714
n1371	deletion
n1357	deletion
n1377	1042	1	0	51	201.17057291666723
n1376	1040	1	0	52	200.98307291666723
n1385	1045	1	0	52	201.64843750000054
n1389	1048	1	0	52	201.87109375000057
n1378	deletion
n1383	deletion
n1387	deletion
n1375	1038	1	0	54	200.7135416666672
n1382	1044	1	0	54	201.47265625000057
n1388	1047	1	0	54	201.76953125000054
n1386	deletion
n1384	deletion
n1374	1037	1	0	56	200.50911458333385
n1359	1039	1	0	68	200.7291666666672
n1360	1041	1	0	72	200.95703125000057
n1361	1043	1	0	75	201.19531250000057
n1363	1050	1	0	78	201.78255208333388
n1362	1046	1	0	80	201.47656250000057
n1393	1051	1	0	52	202.06901041666725
n1395	1054	1	0	52	202.2669270833339
n1399	1056	1	0	52	202.4505208333339
n1401	1058	1	0	52	202.62109375000057
n1405	1061	1	0	52	202.79427083333388
n1407	1063	1	0	52	202.96875000000054
n1411	1065	1	0	52	203.15234375000057
n1391	deletion
n1397	deletion
n1403	deletion
n1409	deletion
n1413	deletion
n1390	1049	1	0	54	201.98046875000057
n1394	1053	1	0	54	202.16276041666723
n1398	1055	1	0	54	202.3723958333339
n1400	1057	1	0	54	202.5481770833339
n1404	1060	1	0	54	202.71223958333388
n1406	1062	1	0	54	202.89192708333388
n1410	1064	1	0	54	203.06901041666723
n1414	1066	1	0	54	203.26562500000057
n1412	deletion
n1392	deletion
n1396	deletion
n1402	deletion
n1408	deletion
n1364	1052	1	0	80	202.0481770833339
n1365	1059	1	0	80	202.4661458333339
n1366	1067	1	0	80	202.86458333333388
n1380	1071	1	0	51	203.69270833333397
n1442	1074	1	0	51	204.17708333333405
n1415	1068	1	0	52	203.32682291666723
n1419	1070	1	0	52	203.5195312500006
n1381	1073	1	0	52	203.89973958333397
n1417	deletion
n1421	deletion
n1416	1069	1	0	54	203.4492187500006
n1418	deletion
n1420	deletion
n1367	1072	1	0	80	203.66406250000063
n1422	1075	1	0	80	204.13932291666737
n1433	1077	1	0	63	204.8580729166674
n1434	1079	1	0	66	205.0846354166674
n1435	1081	1	0	70	205.30468750000074
n1437	1084	1	0	73	205.76432291666748
n1436	1083	1	0	75	205.5429687500008
n1426	1082	1	0	76	205.29687500000074
n1425	1080	1	0	78	205.0846354166674
n1427	1085	1	0	78	205.54166666666745
n1424	1078	1	0	80	204.84375000000074
n1423	1076	1	0	81	204.59635416666742
n1450	1092	1	0	48	206.92968750000082
n1449	1091	1	0	49	206.6822916666675
n1451	1093	1	0	49	207.15234375000082
n1448	1088	1	0	51	206.44921875000085
n1447	1087	1	0	52	206.2213541666675
n1438	1086	1	0	75	205.9908854166675
n1439	1089	1	0	75	206.4505208333342
n1440	1095	1	0	75	206.94921875000082
n1428	1090	1	0	78	206.4505208333342
n1429	1094	1	0	78	206.93359375000082
n1453	1099	1	0	44	207.90755208333417
n1472	1102	1	0	49	208.40625000000082
n1452	1096	1	0	51	207.43098958333417
n1441	1098	1	0	75	207.90234375000082
n1461	1100	1	0	75	208.38281250000082
n1430	1097	1	0	78	207.91927083333417
n1454	1109	1	0	78	208.37760416666748
n1473	1103	1	0	51	209.09505208333417
n1474	1105	1	0	52	209.32031250000082
n1475	1107	1	0	56	209.5481770833342
n1477	1111	1	0	60	209.99218750000088
n1476	1110	1	0	61	209.77864583333422
n1465	1108	1	0	72	209.5416666666675
n1464	1106	1	0	73	209.3346354166675
n1466	1115	1	0	73	209.77864583333422
n1463	1104	1	0	75	209.08984375000082
n1462	1101	1	0	76	208.86588541666748
n1455	1112	1	0	76	209.77734375000088
n1478	1114	1	0	61	210.2513020833342
n1479	1117	1	0	61	210.7148437500009
n1480	1122	1	0	61	211.18619791666757
n1469	1119	1	0	70	211.1875000000009
n1458	1121	1	0	73	211.1796875000009
n1467	1116	1	0	75	210.25781250000088
n1468	1118	1	0	76	210.72395833333422
n1456	1113	1	0	78	210.24869791666754
n1457	1120	1	0	80	210.7148437500009
n1481	1127	1	0	61	212.09895833333422
n1499	1129	1	0	61	212.58072916666757
n1492	1132	1	0	67	213.09505208333422
n1498	1134	1	0	70	213.0351562500009
n1483	deletion
n1470	1123	1	0	71	211.65364583333422
n1497	1130	1	0	71	212.60807291666757
n1482	deletion
n1471	1126	1	0	73	212.14062500000088
n1459	1124	1	0	75	211.64973958333422
n1460	1125	1	0	76	212.10677083333422
n1503	1136	1	0	58	213.6510416666676
n1502	1135	1	0	59	213.4648437500009
n1504	1139	1	0	59	213.90755208333428
n1501	1133	1	0	61	213.25651041666757
n1500	1131	1	0	63	213.0625000000009
n1484	1137	1	0	63	213.46614583333425
n1486	1140	1	0	73	214.09895833333428
n1485	1138	1	0	75	213.89453125000094
n1506	1142	1	0	58	214.55859375000094
n1505	1141	1	0	59	214.3815104166676
n1507	1143	1	0	59	214.80208333333428
n1508	1145	1	0	59	215.29687500000094
n1495	1144	1	0	63	214.77343750000094
n1496	1150	1	0	68	215.29687500000094
n1487	1147	1	0	75	214.33723958333425
n1509	1151	1	0	59	216.22526041666762
n1548	1158	1	0	59	216.64973958333425
n1489	1149	1	0	75	215.96223958333428
n1490	1152	1	0	77	216.21744791666762
n1510	1154	1	0	77	216.63802083333425
n1531	1156	1	0	77	216.8164062500009
n1535	1159	1	0	77	216.98958333333425
n1529	deletion
n1533	deletion
n1491	1153	1	0	78	216.4166666666676
n1530	1155	1	0	78	216.7304687500009
n1532	1157	1	0	78	216.90104166666757
n1536	1160	1	0	78	217.05338541666757
n1534	deletion
n1528	deletion
n1554	1176	1	0	54	218.18229166666754
n1552	1173	1	0	56	217.71354166666757
n1551	1169	1	0	57	217.48437500000088
n1553	1174	1	0	57	217.96614583333422
n1550	1166	1	0	59	217.27343750000088
n1549	1161	1	0	61	217.06770833333422
n1520	1175	1	0	61	217.97656250000088
n1512	1171	1	0	75	217.6796875000009
n1537	1162	1	0	77	217.14192708333422
n1541	1164	1	0	77	217.30729166666754
n1543	1167	1	0	77	217.46223958333422
n1545	1170	1	0	77	217.60286458333425
n1513	1172	1	0	77	217.7929687500009
n1539	deletion
n1547	deletion
n1538	1163	1	0	78	217.21875000000088
n1542	1165	1	0	78	217.37109375000088
n1544	1168	1	0	78	217.51302083333422
n1514	1178	1	0	78	217.93489583333422
n1540	deletion
n1546	deletion
n1555	1177	1	0	56	218.38671875000085
n1556	1179	1	0	57	218.60156250000085
n1557	1181	1	0	59	218.83333333333417
n1558	1183	1	0	61	219.0260416666675
n1560	1186	1	0	61	219.48437500000088
n1559	1185	1	0	62	219.29557291666754
n1518	1187	1	0	71	219.26953125000085
n1517	1184	1	0	73	219.03125000000085
n1516	1182	1	0	74	218.81250000000082
n1515	1180	1	0	76	218.59375000000085
n1606	1194	1	0	53	221.07812500000097
n1593	deletion
n1605	1193	1	0	54	220.67708333333428
n1592	deletion
n1562	1190	1	0	59	220.14973958333428
n1561	1188	1	0	62	219.71614583333425
n1527	1192	1	0	66	220.35937500000094
n1526	1191	1	0	68	220.13802083333428
n1570	1196	1	0	68	220.62500000000094
n1525	1189	1	0	69	219.91927083333425
n1594	1195	1	0	49	221.27994791666762
n1595	1197	1	0	51	221.51822916666762
n1596	1198	1	0	53	221.71093750000097
n1597	1200	1	0	54	221.99609375000097
n1565	deletion
n1564	1199	1	0	73	221.50390625000097
n1602	1210	1	0	51	223.3255208333343
n1601	1204	1	0	52	223.04166666666765
n1600	1203	1	0	54	222.83072916666765
n1599	1202	1	0	56	222.6223958333343
n1598	1201	1	0	57	222.41015625000097
n1571	1216	1	0	66	223.30729166666765
n1566	1206	1	0	69	223.30729166666765
n1577	1208	1	0	69	223.53906250000097
n1581	1211	1	0	69	223.71093750000097
n1579	deletion
n1573	deletion
n1575	deletion
n1572	1205	1	0	71	221.96744791666762
n1574	1207	1	0	71	223.4348958333343
n1578	1209	1	0	71	223.61197916666765
n1576	deletion
n1619	1221	1	0	48	224.52083333333425
n1604	1217	1	0	49	224.1276041666676
n1620	1222	1	0	49	224.71223958333425
n1603	1212	1	0	52	223.76822916666762
n1568	1219	1	0	68	224.28645833333425
n1607	1223	1	0	68	224.4882812500009
n1583	1214	1	0	69	223.88802083333428
n1587	1218	1	0	69	224.05989583333428
n1569	1220	1	0	69	224.38541666666757
n1585	deletion
n1589	deletion
n1591	deletion
n1582	1213	1	0	71	223.78776041666762
n1586	1215	1	0	71	223.98958333333428
n1580	deletion
n1584	deletion
n1588	deletion
n1590	deletion
n1622	1226	1	0	44	225.4804687500009
n1623	1230	1	0	49	225.9023437500009
n1621	1224	1	0	51	224.95833333333425
n1615	1228	1	0	64	225.89583333333425
n1614	1225	1	0	68	225.46744791666757
n1625	1232	1	0	51	226.76302083333428
n1624	1231	1	0	52	226.29557291666757
n1626	1234	1	0	52	227.25000000000097
n1611	1233	1	0	68	226.74348958333428
n1612	1244	1	0	73	227.20572916666762
n1627	1236	1	0	54	227.65625000000097
n1628	1238	1	0	56	228.09114583333428
n1640	1241	1	0	57	228.53515625000094
n1617	1237	1	0	63	227.63671875000097
n1634	deletion
n1618	1239	1	0	64	228.06901041666762
n1638	1240	1	0	64	228.5338541666676
n1633	deletion
n1643	1245	1	0	54	229.92447916666762
n1642	1243	1	0	56	229.45442708333428
n1641	1242	1	0	59	228.99609375000094
n1639	1247	1	0	63	228.98437500000094
n1630	1248	1	0	72	229.91666666666762
n1646	1253	1	0	51	231.3424479166677
n1645	1250	1	0	52	230.88671875000102
n1647	1255	1	0	52	231.5481770833344
n1644	1246	1	0	56	230.40494791666765
n1636	1249	1	0	64	230.89453125000102
n1637	1252	1	0	66	231.32161458333437
n1631	1251	1	0	73	230.86979166666768
n1632	1260	1	0	75	231.30989583333437
n1667	1264	1	0	44	232.89322916666774
n1649	1257	1	0	51	232.30078125000108
n1648	1256	1	0	54	231.7747395833344
n1658	1262	1	0	68	233.85677083333445
n1663	1263	1	0	68	234.3437500000011
n1659	deletion
n1657	1259	1	0	69	233.39583333333442
n1660	deletion
n1651	1261	1	0	76	233.83723958333445
n1664	1265	1	0	76	234.31510416666777
n1652	deletion
n1666	1269	1	0	78	234.7799479166678
n1653	deletion
n1669	1266	1	0	60	235.23828125000117
n1672	1268	1	0	60	235.70182291666785
n1670	deletion
n1671	deletion
n1665	1267	1	0	69	234.8111979166678
n1673	1272	1	0	61	236.14062500000122
n1697	deletion
n1662	1271	1	0	66	236.60807291666788
n1678	1274	1	0	68	237.0963541666679
n1655	1270	1	0	75	236.60416666666788
n1686	deletion
n1674	deletion
n1675	1277	1	0	76	237.07552083333456
n1691	1280	1	0	56	238.50781250000125
n1690	1275	1	0	57	237.99609375000125
n1689	1273	1	0	59	237.51171875000125
n1679	1276	1	0	69	237.98046875000125
n1680	1278	1	0	71	238.52213541666794
n1687	deletion
n1676	1282	1	0	77	238.4752604166679
n1701	1285	1	0	54	240.04166666666808
n1705	1287	1	0	54	240.27473958333476
n1693	deletion
n1699	deletion
n1703	deletion
n1698	1284	1	0	56	239.89322916666808
n1702	1286	1	0	56	240.13541666666808
n1700	deletion
n1704	deletion
n1692	1281	1	0	61	239.41796875000136
n1682	1283	1	0	68	239.38932291666802
n1681	1279	1	0	69	238.9140625000013
n1683	1288	1	0	70	239.89192708333474
n1677	1296	1	0	78	239.8593750000014
n1695	1297	1	0	53	240.87890625000145
n1709	1291	1	0	54	240.4635416666681
n1711	1293	1	0	54	240.64843750000142
n1715	1295	1	0	54	240.7799479166681
n1717	1299	1	0	54	241.02604166666814
n1707	deletion
n1713	deletion
n1696	deletion
n1743	1301	1	0	55	241.38932291666816
n1747	1303	1	0	55	241.59244791666816
n1733	deletion
n1741	deletion
n1745	deletion
n1706	1289	1	0	56	240.34505208333476
n1710	1292	1	0	56	240.54036458333476
n1712	1294	1	0	56	240.72005208333476
n1740	1300	1	0	56	241.24479166666816
n1744	1302	1	0	56	241.49479166666816
n1708	deletion
n1714	deletion
n1716	deletion
n1742	deletion
n1746	deletion
n1685	1298	1	0	72	240.7565104166681
n1684	1290	1	0	73	240.32552083333476
n1726	1304	1	0	73	241.2226562500015
n1718	1315	1	0	76	241.20963541666816
n1735	1313	1	0	53	242.30208333333488
n1749	1307	1	0	55	241.77213541666816
n1753	1309	1	0	55	241.93880208333485
n1755	1311	1	0	55	242.0924479166682
n1736	1314	1	0	55	242.42447916666822
n1751	deletion
n1757	deletion
n1759	deletion
n1748	1305	1	0	56	241.6875000000015
n1752	1308	1	0	56	241.87760416666816
n1754	1310	1	0	56	242.0429687500015
n1737	1325	1	0	56	242.5833333333349
n1750	deletion
n1756	deletion
n1758	deletion
n1728	1312	1	0	70	242.12500000000153
n1727	1306	1	0	72	241.6914062500015
n1729	1317	1	0	72	242.5716145833349
n1719	1316	1	0	75	242.5638020833349
n1730	1320	1	0	73	243.5429687500016
n1731	1323	1	0	75	243.98307291666825
n1721	1319	1	0	76	243.52994791666825
n1720	1318	1	0	78	243.05729166666825
n1722	1321	1	0	78	243.97526041666825
n1723	1322	1	0	80	244.21093750000162
n1739	1328	1	0	44	245.05078125000162
n1777	deletion
n1776	1332	1	0	45	245.58203125000165
n1732	1326	1	0	72	245.06640625000162
n1766	1331	1	0	73	245.59765625000165
n1772	1330	1	0	76	246.08723958333505
n1761	deletion
n1771	1329	1	0	78	245.571614583335
n1760	deletion
n1725	1327	1	0	80	245.0143229166683
n1724	1324	1	0	81	244.49088541666828
n1778	1335	1	0	42	246.68359375000176
n1781	1337	1	0	44	247.29557291666848
n1768	1336	1	0	64	247.28385416666848
n1767	1333	1	0	69	246.65104166666842
n1763	1338	1	0	73	247.27213541666848
n1762	1334	1	0	75	246.63281250000176
n1780	1349	1	0	56	249.19921875000182
n1769	1347	1	0	63	249.21744791666848
n1764	1341	1	0	72	249.4583333333352
n1773	1343	1	0	72	249.7526041666685
n1775	1345	1	0	72	249.91406250000185
n1774	1340	1	0	73	249.19010416666848
n1788	1354	1	0	37	252.1080729166686
n1782	1357	1	0	61	252.10286458333525
n1770	1350	1	0	64	250.68229166666848
n1783	1356	1	0	64	252.09244791666856
n1784	1355	1	0	68	252.11328125000193
n1765	1351	1	0	73	250.67187500000182
n1785	1353	1	0	73	252.08072916666856
insertion	5	1	0	72	3.6614583333333326
insertion	9	1	0	76	4.954427083333331
insertion	56	1	0	48	14.065104166666679
insertion	58	1	0	49	14.161458333333345
insertion	66	1	0	76	16.768229166666682
insertion	91	1	0	53	22.057291666666657
insertion	101	1	0	52	23.339843749999993
insertion	104	1	0	54	23.42057291666666
insertion	140	1	0	66	31.321614583333318
insertion	143	1	0	68	31.406249999999982
insertion	162	1	0	71	34.49088541666666
insertion	180	1	0	66	37.8046875
insertion	210	1	0	71	42.597656250000036
insertion	206	1	0	73	42.501302083333364
insertion	228	1	0	71	47.30468750000004
insertion	233	1	0	73	47.40625000000004
insertion	237	1	0	71	49.98046875000006
insertion	241	1	0	71	50.23958333333339
insertion	320	1	0	80	64.1236979166668
insertion	326	1	0	68	64.90625000000011
insertion	322	1	0	80	64.30989583333346
insertion	327	1	0	80	65.43489583333341
insertion	356	1	0	72	73.71875000000009
insertion	355	1	0	73	73.65625000000009
insertion	357	1	0	73	73.77473958333341
insertion	395	1	0	76	79.89713541666673
insertion	406	1	0	77	81.63671875000006
insertion	404	1	0	78	81.55078125000006
insertion	407	1	0	78	81.68750000000004
insertion	429	1	0	57	88.10677083333331
insertion	444	1	0	58	90.01041666666664
insertion	446	1	0	73	90.04166666666664
insertion	442	1	0	59	89.92838541666664
insertion	504	1	0	54	102.44140624999979
insertion	559	1	0	70	112.10677083333303
insertion	598	1	0	69	117.3111979166663
insertion	698	1	0	50	136.1562499999996
insertion	702	1	0	50	136.64062499999963
insertion	732	1	0	74	143.415364583333
insertion	744	1	0	50	145.70312499999966
insertion	749	1	0	74	146.13802083333297
insertion	752	1	0	73	146.98958333333297
insertion	751	1	0	74	146.94921874999963
insertion	753	1	0	74	147.06249999999963
insertion	766	1	0	51	148.74739583333297
insertion	810	1	0	72	158.10546874999977
insertion	853	1	0	70	164.82552083333317
insertion	874	1	0	48	168.87890624999991
insertion	876	1	0	49	168.96874999999991
insertion	909	1	0	53	177.19401041666663
insertion	929	1	0	68	179.86328125
insertion	952	1	0	47	184.60416666666677
insertion	975	1	0	68	188.4296875000001
insertion	981	1	0	68	188.62239583333346
insertion	987	1	0	47	190.1406250000001
insertion	1004	1	0	57	193.35546875000026
insertion	1002	1	0	56	193.23437500000026
insertion	1016	1	0	54	195.84635416666703
insertion	1019	1	0	56	195.95182291666703
insertion	1128	1	0	68	212.6015625000009
insertion	1146	1	0	58	215.35677083333428
insertion	1148	1	0	59	215.46614583333428
insertion	1235	1	0	64	226.0273437500009
insertion	1227	1	0	66	225.82161458333425
insertion	1229	1	0	66	225.96744791666757
insertion	1254	1	0	64	231.42187500000105
insertion	1258	1	0	66	231.5442708333344
insertion	1342	1	0	73	249.6315104166685
insertion	1339	1	0	55	248.49088541666848
insertion	1348	1	0	72	250.0572916666685
insertion	1344	1	0	73	249.8346354166685
insertion	1346	1	0	73	250.0026041666685
insertion	1352	1	0	44	250.69010416666848
