xml_id	midi_id	track	channel	pitch	onset
n7	2	0	0	56	1.9991967187500004
n9	5	0	0	56	2.4118565625
n11	7	0	0	56	2.7897942187499996
n8	3	0	0	60	1.9965257812500004
n10	4	0	0	60	2.4105210937500003
n12	6	0	0	60	2.77376859375
n1	8	0	0	68	1.6372846875000004
n14	11	0	0	55	3.5283084375
n15	10	0	0	58	3.52163109375
n3	16	0	0	75	3.3119625
n2	9	0	0	77	3.1223259374999994
n16	12	0	0	55	3.8955623437499995
n18	15	0	0	55	4.268158124999999
n17	13	0	0	58	3.9009042187499996
n19	14	0	0	58	4.2614807812499995
n5	17	0	0	73	4.4310853125000005
n27	19	0	0	56	4.930550625
n28	18	0	0	63	4.929215156250001
n20	20	0	0	73	4.604696250000001
n29	23	0	0	56	5.2924626562500015
n31	26	0	0	56	5.641020000000005
n30	22	0	0	63	5.287120781250001
n32	25	0	0	63	5.631671718750004
n21	21	0	0	72	5.253734062500001
n22	28	0	0	73	5.830656562500005
n34	30	0	0	61	6.326115468750008
n35	29	0	0	65	6.323444531250009
n23	31	0	0	72	6.006938437500005
n36	34	0	0	61	6.667995468750011
n38	37	0	0	61	7.0699715625000135
n37	33	0	0	65	6.667995468750011
n39	36	0	0	65	7.0526104687500135
n24	32	0	0	70	6.638615156250011
n25	39	0	0	72	7.264950000000013
n49	41	0	0	60	7.82985328125002
n50	40	0	0	63	7.81649859375002
n40	42	0	0	70	7.462599375000015
n51	45	0	0	60	8.193100781250019
n53	49	0	0	60	8.651166562500023
n52	44	0	0	63	8.18775890625002
n54	50	0	0	63	8.644489218750023
n42	48	0	0	67	8.559019218750022
n41	43	0	0	68	8.16372046875002
n43	51	0	0	68	8.635140937500022
n44	52	0	0	70	9.014414062500023
insertion	46	0	0	70	8.218474687500018
n55	53	0	0	60	9.186689531250023
n56	54	0	0	63	9.197373281250023
n46	55	0	0	68	9.110567812500022
n63	61	0	0	77	11.26868531250004
n62	60	0	0	79	11.173867031250039
n58	56	0	0	80	10.64635687500004
n61	59	0	0	80	11.061687656250038
n60	58	0	0	82	10.946837343750039
n59	57	0	0	84	10.81863234375004
n69	67	0	0	67	11.927071406250041
n68	66	0	0	68	11.824240312500041
n67	65	0	0	70	11.70404812500004
n66	64	0	0	72	11.60255250000004
n65	63	0	0	73	11.49437953125004
n64	62	0	0	75	11.39021296875004
n75	69	0	0	49	12.415852968750041
n76	68	0	0	56	12.40784015625004
n70	74	0	0	65	12.06863109375004
n77	71	0	0	49	12.755062031250043
n79	73	0	0	49	13.154367187500048
n78	70	0	0	56	12.748384687500042
n80	72	0	0	58	13.147689843750047
n72	75	0	0	67	13.32263625000005
n93	77	0	0	48	13.834120781250052
n94	76	0	0	51	13.824772500000051
n81	78	0	0	67	13.513608281250052
n95	80	0	0	48	14.185349062500052
n97	83	0	0	49	14.583318750000055
n96	79	0	0	51	14.178671718750051
n98	84	0	0	53	14.579312343750056
n87	88	0	0	65	14.806342031250056
n86	87	0	0	67	14.712859218750056
n82	81	0	0	68	14.162646093750052
n85	86	0	0	68	14.604686250000055
n84	85	0	0	70	14.471139375000053
n83	82	0	0	72	14.346940781250053
n100	90	0	0	51	15.271085156250056
n101	89	0	0	60	15.260401406250056
n89	92	0	0	60	15.412644843750055
n90	93	0	0	61	15.539514375000056
n88	91	0	0	63	14.930540625000056
n102	95	0	0	51	15.616971562500055
n104	101	0	0	51	15.901426406250055
n103	94	0	0	58	15.619642500000054
n105	100	0	0	58	15.900090937500055
n91	97	0	0	61	15.709118906250055
n118	107	0	0	44	16.768145625000066
n119	106	0	0	56	16.758797343750068
n106	108	0	0	58	16.422259218750064
n107	109	0	0	61	16.408904531250066
n120	111	0	0	44	17.27428828125007
n122	114	0	0	44	17.666916093750075
n121	110	0	0	51	17.27161734375007
n123	115	0	0	51	17.681606250000076
n108	112	0	0	56	17.24757890625007
n109	113	0	0	60	17.23155328125007
n125	116	0	0	49	18.506925937500085
n126	deletion
n110	120	0	0	65	18.151691250000084
n127	119	0	0	49	18.855483281250084
n129	123	0	0	49	19.19469234375008
n130	124	0	0	51	19.20136968750008
n128	deletion
n112	121	0	0	67	19.00772671875008
n114	125	0	0	67	19.22807906250008
n113	122	0	0	68	19.10655140625008
n115	126	0	0	68	19.31755546875008
n116	127	0	0	70	19.43507671875008
n155	130	0	0	48	19.52321765625008
n156	129	0	0	51	19.529895000000078
n131	128	0	0	68	19.533901406250077
n132	131	0	0	70	19.623377812500078
n134	133	0	0	70	19.867768593750075
n133	132	0	0	72	19.739563593750077
n135	134	0	0	72	19.957245000000075
n136	135	0	0	73	20.069424375000075
n137	136	0	0	72	20.193622968750073
n138	137	0	0	73	20.284434843750073
n140	139	0	0	73	20.52882562500007
n139	138	0	0	75	20.39661421875007
n141	140	0	0	75	20.63432765625007
n142	141	0	0	77	20.742500625000066
n148	147	0	0	67	21.459647343750063
n147	146	0	0	68	21.348803437500063
n146	145	0	0	70	21.253985156250064
n145	144	0	0	72	21.144476718750063
n144	143	0	0	73	21.025620000000064
n143	142	0	0	75	20.885395781250065
n154	153	0	0	65	22.243567500000065
n153	152	0	0	67	22.146078281250066
n149	148	0	0	68	21.578504062500063
n152	151	0	0	68	22.049924531250063
n151	150	0	0	70	21.908364843750064
n150	149	0	0	72	21.748108593750064
n167	155	0	0	51	22.426526718750065
n169	157	0	0	51	22.749710156250067
n168	154	0	0	60	22.426526718750065
n170	156	0	0	60	22.729678125000067
n160	159	0	0	60	22.87390875000007
n161	160	0	0	61	22.99410093750007
n162	164	0	0	61	23.162370000000067
n159	158	0	0	63	22.371772500000066
n171	162	0	0	51	23.079570937500065
n173	167	0	0	51	23.358683906250064
n172	161	0	0	58	23.075564531250066
n174	168	0	0	58	23.366696718750063
n176	174	0	0	44	24.138597656250063
n177	173	0	0	56	24.133255781250064
n163	176	0	0	58	23.79404671875006
n164	175	0	0	61	23.77668562500006
n178	178	0	0	44	24.59799890625006
n180	181	0	0	44	25.014665156250057
n179	177	0	0	51	24.58865062500006
n181	182	0	0	51	25.02668437500006
n165	179	0	0	56	24.557934843750058
n166	180	0	0	60	24.55392843750006
n198	184	0	0	68	26.08170468750007
n182	183	0	0	72	25.591587656250063
n199	185	0	0	72	26.075027343750072
n183	deletion
n184	deletion
n185	188	0	0	84	25.725134531250067
n187	deletion
n200	186	0	0	68	26.455635937500073
n202	191	0	0	68	26.79885140625007
n201	187	0	0	72	26.458306875000073
n203	192	0	0	72	26.78950312500007
n193	196	0	0	77	27.100667343750064
n194	199	0	0	77	27.231543281250065
n192	195	0	0	79	27.00718453125007
n189	190	0	0	80	26.71738781250007
n191	194	0	0	80	26.907024375000066
n188	189	0	0	82	26.618563125000072
n190	193	0	0	82	26.806864218750068
n186	deletion
n205	198	0	0	67	27.561404062500063
n206	197	0	0	70	27.552055781250065
n207	201	0	0	67	27.892600312500065
n209	205	0	0	67	28.27053796875007
n208	202	0	0	70	27.899277656250064
n210	204	0	0	70	28.27454437500007
n195	200	0	0	76	27.876574687500067
n196	207	0	0	79	28.456168125000072
n227	209	0	0	64	29.038432500000074
n228	208	0	0	67	29.030419687500075
n211	210	0	0	73	28.669843125000074
n229	212	0	0	64	29.37096421875007
n231	215	0	0	64	29.74489546875007
n230	213	0	0	67	29.36829328125007
n232	216	0	0	67	29.73421171875007
n213	218	0	0	70	29.89713890625007
n212	211	0	0	72	29.336242031250073
n233	219	0	0	65	30.20963859375007
n215	221	0	0	65	30.446016562500073
n216	222	0	0	67	30.57422156250007
n214	220	0	0	68	30.18693562500007
n217	223	0	0	68	30.67438171875007
n218	224	0	0	70	30.758516250000074
n219	225	0	0	72	30.873366562500074
n220	226	0	0	74	30.985545937500074
n221	227	0	0	76	31.084370625000076
n222	228	0	0	77	31.183195312500075
n223	229	0	0	79	31.302052031250074
n224	230	0	0	80	31.390192968750075
n225	231	0	0	82	31.495695000000076
n249	233	0	0	68	32.07261750000007
n250	232	0	0	72	32.06460468750007
n236	236	0	0	84	31.696015312500077
n251	235	0	0	68	32.430523125000065
n253	240	0	0	68	32.79109968750003
n252	234	0	0	72	32.423845781250066
n254	239	0	0	72	32.78041593750003
n243	244	0	0	77	33.07288359375
n242	243	0	0	79	32.9834071875
n239	238	0	0	80	32.67624937500005
n241	242	0	0	80	32.880576093750015
n238	237	0	0	82	32.57208281250005
n240	241	0	0	82	32.77774500000003
n256	246	0	0	68	33.53896218749993
n257	245	0	0	70	33.536291249999934
n244	247	0	0	75	33.19174031249998
n258	249	0	0	68	33.89419687499991
n260	252	0	0	68	34.34558531249986
n259	250	0	0	70	33.892861406249914
n261	253	0	0	70	34.34558531249986
n245	248	0	0	74	33.886184062499915
n246	255	0	0	75	34.52854453124983
n247	256	0	0	77	34.63271109374983
n280	260	0	0	62	35.20028531249981
n263	262	0	0	65	35.19761437499981
n278	257	0	0	67	34.730200312499825
n264	263	0	0	68	35.19360796874981
n279	258	0	0	70	34.74756140624982
n262	259	0	0	75	34.72085203124983
n282	264	0	0	57	35.98153453124978
n281	261	0	0	63	35.59291312499981
n265	265	0	0	63	35.98554093749978
n266	266	0	0	67	35.98153453124978
n283	267	0	0	58	36.47298703124975
n269	270	0	0	58	36.9337237499997
n271	272	0	0	60	37.17677906249967
n267	269	0	0	62	36.48233531249975
n270	271	0	0	62	37.067270624999686
n268	268	0	0	65	36.46363874999975
n272	273	0	0	58	37.29964218749966
n273	274	0	0	60	37.37709937499966
n274	275	0	0	62	37.48260140624966
n275	276	0	0	63	37.59210984374964
n276	277	0	0	65	37.70696015624964
n311	282	0	0	65	37.98073124999963
n277	278	0	0	67	37.812462187499634
n310	280	0	0	58	38.00343421874963
n312	281	0	0	68	37.98073124999963
n287	279	0	0	74	38.14766484374963
n291	286	0	0	74	38.54563453124962
n288	283	0	0	75	38.24782499999963
n290	285	0	0	75	38.46283546874962
n289	284	0	0	77	38.35065609374962
n313	288	0	0	58	38.68051687499962
n314	289	0	0	63	38.68051687499962
n315	290	0	0	67	38.67383953124962
n293	287	0	0	75	38.80070906249962
n297	294	0	0	75	39.22138171874962
n294	291	0	0	77	38.90354015624962
n296	293	0	0	77	39.12255703124961
n295	292	0	0	79	39.017054999999615
n316	299	0	0	58	39.372289687499624
n317	300	0	0	62	39.365612343749625
n318	301	0	0	65	39.362941406249625
n303	303	0	0	74	39.91181906249963
n302	302	0	0	75	39.799639687499635
n298	295	0	0	77	39.325548281249624
n301	298	0	0	77	39.69280218749964
n300	297	0	0	79	39.59798390624963
n299	296	0	0	80	39.48446906249963
n309	309	0	0	63	40.59023718749958
n308	308	0	0	65	40.4633676562496
n307	307	0	0	67	40.373891249999616
n306	306	0	0	68	40.260376406249634
n305	305	0	0	70	40.15086796874964
n304	304	0	0	72	40.026669374999635
n344	310	0	0	46	40.76384812499957
n345	312	0	0	53	40.74648703124957
n346	313	0	0	56	40.74515156249957
n321	311	0	0	62	40.917427031249545
n325	317	0	0	62	41.33943515624952
n322	314	0	0	63	41.03361281249954
n324	316	0	0	63	41.21924296874953
n323	315	0	0	65	41.12576015624954
n347	322	0	0	46	41.4716465624995
n348	319	0	0	51	41.4836657812495
n349	320	0	0	55	41.4636337499995
n327	318	0	0	63	41.6185481249995
n331	325	0	0	63	42.04055624999948
n328	321	0	0	65	41.729392031249496
n330	324	0	0	65	41.91635765624949
n329	323	0	0	67	41.81085562499948
n350	332	0	0	46	42.207489843749464
n351	331	0	0	50	42.202147968749465
n352	330	0	0	53	42.202147968749465
n337	334	0	0	62	42.77907046874941
n336	333	0	0	63	42.66956203124942
n332	326	0	0	65	42.16341937499947
n335	329	0	0	65	42.56005359374942
n334	328	0	0	67	42.46657078124943
n333	327	0	0	68	42.35973328124945
n343	340	0	0	51	43.42944374999936
n342	339	0	0	53	43.29856781249937
n341	338	0	0	55	43.20909140624938
n340	337	0	0	56	43.09958296874938
n339	336	0	0	58	43.00342921874938
n338	335	0	0	60	42.876559687499395
n371	343	0	0	34	43.819400624999304
n374	347	0	0	34	44.149261406249266
n370	341	0	0	46	43.70455031249932
n373	346	0	0	46	44.063791406249265
n355	344	0	0	48	43.91555437499929
n354	342	0	0	50	43.57500984374934
n356	345	0	0	51	43.90887703124929
n377	351	0	0	34	44.476451249999265
n380	355	0	0	34	44.82233765624925
n376	350	0	0	46	44.389645781249264
n379	354	0	0	46	44.722177499999255
n357	349	0	0	50	44.26411171874926
n359	353	0	0	51	44.60198531249926
n358	348	0	0	53	44.253427968749264
n360	352	0	0	55	44.58863062499926
n383	359	0	0	34	45.18157874999923
n386	363	0	0	34	45.5114395312492
n382	358	0	0	46	45.06806390624924
n385	362	0	0	46	45.411279374999204
n363	360	0	0	50	45.31111921874921
n361	356	0	0	53	44.93585249999925
n364	361	0	0	53	45.292422656249215
n362	357	0	0	56	44.93852343749925
n389	367	0	0	34	45.84397124999919
n392	371	0	0	34	46.18050937499919
n388	366	0	0	46	45.735798281249195
n391	370	0	0	46	46.08569109374919
n365	364	0	0	51	45.6262898437492
n366	365	0	0	55	45.6196124999992
n367	368	0	0	55	45.97484718749919
n368	369	0	0	58	45.972176249999194
n412	375	0	0	34	46.53707953124916
n415	379	0	0	34	46.86293390624912
n393	372	0	0	46	46.32073359374919
n411	374	0	0	46	46.43024203124917
n414	378	0	0	46	46.765444687499134
n395	376	0	0	48	46.67062640624914
n394	373	0	0	50	46.31672718749919
n396	377	0	0	51	46.66528453124914
n418	383	0	0	34	47.212826718749085
n421	387	0	0	34	47.56539046874907
n417	382	0	0	46	47.10198281249909
n420	386	0	0	46	47.462559374999074
n397	380	0	0	50	46.999151718749104
n399	384	0	0	51	47.33568984374908
n398	381	0	0	53	46.997816249999104
n400	385	0	0	55	47.33568984374908
n424	391	0	0	34	47.89925765624905
n427	395	0	0	34	48.235795781249024
n423	390	0	0	46	47.79776203124906
n426	394	0	0	46	48.135635624999026
n403	392	0	0	50	48.027462656249035
n401	388	0	0	53	47.67089249999908
n404	393	0	0	53	48.01811437499904
n402	389	0	0	56	47.66955703124908
n430	399	0	0	34	48.591030468749025
n433	404	0	0	34	48.94626515624901
n429	398	0	0	46	48.48419296874902
n432	403	0	0	46	48.85411781249901
n407	400	0	0	48	48.687184218749024
n405	396	0	0	51	48.35064609374902
n408	402	0	0	51	48.689855156249024
n406	397	0	0	55	48.34663968749902
n409	401	0	0	57	48.684513281249025
n441	406	0	0	34	49.37762156249901
n440	405	0	0	46	49.252087499999014
n434	408	0	0	50	49.09450218749902
n435	409	0	0	53	49.09984406249902
n436	407	0	0	58	49.08916031249902
n463	410	0	0	63	52.13402906249872
n467	415	0	0	63	52.57339828124865
n464	411	0	0	65	52.2448729687487
n466	414	0	0	65	52.471902656248666
n465	412	0	0	67	52.358387812498684
n445	417	0	0	79	51.944392499998735
n446	413	0	0	82	51.936379687498736
n468	416	0	0	62	52.68290671874863
n469	418	0	0	65	52.800427968748615
n470	419	0	0	70	52.94465859374859
n473	423	0	0	70	53.267842031248584
n472	422	0	0	72	53.174359218748585
n471	421	0	0	74	53.06885718749859
n447	425	0	0	80	52.71228703124863
n474	424	0	0	75	53.481517031248586
n451	428	0	0	79	53.75662359374857
n455	432	0	0	79	54.19465734374852
n454	431	0	0	80	54.11052281249853
n453	430	0	0	82	53.99834343749854
n461	438	0	0	79	54.89043656249847
n460	437	0	0	80	54.77425078124848
n459	436	0	0	82	54.6687487499985
n458	435	0	0	84	54.551227499998504
n457	434	0	0	86	54.444389999998506
n456	433	0	0	87	54.32686874999851
n494	439	0	0	63	55.272380624998455
n498	444	0	0	63	55.70106609374843
n495	440	0	0	65	55.379218124998445
n497	443	0	0	65	55.61158968749843
n496	442	0	0	67	55.490062031248435
n476	445	0	0	79	55.14951749999847
n477	441	0	0	82	55.14551109374847
n499	446	0	0	62	55.82259374999843
n500	447	0	0	65	55.92809578124842
n501	448	0	0	70	56.06965546874842
n504	454	0	0	70	56.3781487499984
n503	451	0	0	72	56.294014218748416
n502	450	0	0	74	56.184505781248426
n478	452	0	0	80	55.814580937498434
n505	456	0	0	75	56.55042421874839
n482	457	0	0	79	56.74139624999837
n486	461	0	0	79	57.16874624999833
n485	460	0	0	80	57.077934374998335
n484	459	0	0	82	56.95240031249835
n492	467	0	0	79	57.837816093748316
n491	466	0	0	80	57.73364953124832
n490	465	0	0	82	57.62547656249832
n489	464	0	0	84	57.51730359374832
n488	463	0	0	86	57.411801562498326
n487	462	0	0	87	57.29962218749832
n531	473	0	0	56	58.00341421874831
n532	475	0	0	60	58.00875609374831
n533	474	0	0	65	57.99940781249831
n507	468	0	0	77	57.979375781248315
n508	469	0	0	77	58.18236703124831
n512	476	0	0	77	58.58968499999831
n509	470	0	0	79	58.28386265624831
n511	472	0	0	79	58.49353124999831
n510	471	0	0	80	58.37868093749831
n518	482	0	0	75	59.27344499999831
n517	481	0	0	77	59.15458828124831
n516	480	0	0	79	59.06110546874831
n515	479	0	0	80	58.947590624998305
n514	478	0	0	82	58.82072109374831
n513	477	0	0	84	58.707206249998315
n535	489	0	0	58	59.42568843749829
n536	488	0	0	65	59.432365781248286
n537	487	0	0	68	59.42835937499829
n524	491	0	0	70	60.038668593748255
n523	490	0	0	72	59.90645718749826
n519	483	0	0	74	59.38829531249829
n522	486	0	0	74	59.798284218748265
n521	485	0	0	75	59.68744031249828
n520	484	0	0	77	59.568583593748286
n530	497	0	0	60	60.68236453124824
n529	496	0	0	62	60.59555906249824
n528	495	0	0	63	60.47803781249824
n527	494	0	0	65	60.36185203124824
n526	493	0	0	67	60.26569828124824
n525	492	0	0	68	60.157525312498244
n571	510	0	0	46	60.810569531248234
n564	503	0	0	55	61.137759374998225
n563	499	0	0	56	60.807898593748234
n539	498	0	0	58	60.799885781248236
n542	502	0	0	58	61.12440468749823
n540	500	0	0	62	60.91740703124823
n543	504	0	0	62	61.20586828124823
n544	505	0	0	63	61.33941515624823
n541	501	0	0	65	61.03092187499823
n566	511	0	0	51	61.77878437499824
n565	506	0	0	53	61.447588124998234
n548	512	0	0	55	61.753410468748235
n545	507	0	0	56	61.41954328124823
n546	508	0	0	58	61.529051718748235
n549	513	0	0	58	61.85357062499824
n547	509	0	0	62	61.65191484374824
n550	514	0	0	63	61.95373078124824
n572	527	0	0	46	62.10597421874824
n568	519	0	0	55	62.42248031249823
n567	516	0	0	56	62.08994859374824
n551	515	0	0	58	62.10063234374824
n554	520	0	0	58	62.40511921874823
n552	517	0	0	62	62.19144421874824
n555	521	0	0	62	62.501272968748225
n556	522	0	0	63	62.63348437499823
n553	518	0	0	65	62.303623593748235
n570	528	0	0	51	63.10891124999823
n569	523	0	0	53	62.75367656249823
n560	529	0	0	55	63.07819546874823
n557	524	0	0	56	62.74699921874823
n558	525	0	0	58	62.85383671874823
n561	530	0	0	58	63.29053499999823
n559	526	0	0	62	62.94464859374823
n562	531	0	0	63	63.37600499999823
n599	549	0	0	44	63.46948781249823
n597	550	0	0	48	63.54026765624823
n598	551	0	0	53	63.63642140624823
n574	deletion
n575	533	0	0	65	63.87547031249822
n577	535	0	0	65	64.06911328124819
n576	534	0	0	68	63.95826937499821
n578	536	0	0	68	64.16393156249818
n580	538	0	0	68	64.37360015624814
n579	537	0	0	72	64.27076906249816
n581	539	0	0	72	64.47643124999814
n583	541	0	0	72	64.68743531249812
n582	540	0	0	77	64.57659140624814
n584	542	0	0	77	64.79293734374812
n586	544	0	0	77	65.01863156249809
n589	547	0	0	77	65.38454999999804
n585	543	0	0	80	64.8930974999981
n587	545	0	0	80	65.13348187499807
n590	548	0	0	80	65.51542593749802
n588	546	0	0	84	65.25233859374805
n596	557	0	0	75	66.37546781249794
n595	556	0	0	77	66.26462390624796
n594	555	0	0	79	66.16847015624798
n593	554	0	0	80	66.057626249998
n592	553	0	0	82	65.91072468749802
n591	552	0	0	84	65.69838515624802
n604	579	0	0	58	66.45158953124793
n602	577	0	0	65	66.51168562499792
n603	576	0	0	68	66.6746128124979
n600	558	0	0	75	66.52637578124792
n601	578	0	0	74	69.44036859374758
n608	581	0	0	55	71.52904171874735
n609	580	0	0	58	71.52904171874735
n605	586	0	0	64	71.17380703124736
n610	583	0	0	55	71.89629562499735
n612	585	0	0	55	72.26354953124729
n611	582	0	0	58	71.88694734374735
n613	584	0	0	58	72.2595431249973
n615	587	0	0	56	72.9433031249972
n616	588	0	0	60	72.9433031249972
n606	593	0	0	65	72.59341031249724
n617	590	0	0	56	73.33726640624718
n619	592	0	0	56	73.68181734374714
n618	589	0	0	60	73.33459546874718
n620	591	0	0	60	73.66846265624714
n630	595	0	0	43	74.44704093749712
n631	594	0	0	51	74.43368624999712
n621	600	0	0	61	74.05441312499711
n632	597	0	0	43	74.80094015624711
n634	598	0	0	43	75.18555515624708
n633	596	0	0	51	74.79960468749711
n635	599	0	0	51	75.19223249999708
n636	603	0	0	44	75.68368499999704
n637	602	0	0	51	75.69837515624704
n622	601	0	0	60	75.67166578124704
n623	604	0	0	71	76.111034999997
n624	605	0	0	72	76.152434531247
n627	608	0	0	64	76.72267968749698
n628	609	0	0	65	76.76541468749697
n625	606	0	0	67	76.41685734374698
n626	607	0	0	68	76.46226328124699
n639	610	0	0	60	77.07257249999697
n640	611	0	0	71	77.50259343749697
n641	612	0	0	72	77.60275359374697
n644	615	0	0	64	78.13159921874696
n645	616	0	0	65	78.22641749999696
n642	613	0	0	67	77.81509312499696
n643	614	0	0	68	77.89789218749696
n646	617	0	0	60	78.51354328124695
n647	618	0	0	71	79.02502781249692
n648	619	0	0	72	79.2387028124969
n652	623	0	0	65	79.8303154687469
n651	622	0	0	67	79.7061168749969
n650	621	0	0	68	79.56322171874689
n649	620	0	0	70	79.4056364062469
n667	627	0	0	46	80.3805285937469
n668	626	0	0	55	80.3711803124969
n654	624	0	0	67	80.0092682812469
n655	625	0	0	68	80.06135156249691
n656	630	0	0	70	80.14014421874691
n669	629	0	0	46	80.71840218749689
n671	634	0	0	46	81.06028218749684
n670	628	0	0	55	80.71439578124689
n672	633	0	0	55	81.03490828124684
n663	638	0	0	60	81.2939892187468
n662	637	0	0	62	81.20584828124682
n661	636	0	0	63	81.12171374999683
n660	635	0	0	65	81.01754718749685
n659	632	0	0	67	80.93474812499686
n658	631	0	0	68	80.84794265624687
n674	640	0	0	46	81.7200037499968
n675	639	0	0	55	81.70931999999681
n664	641	0	0	58	81.3888074999968
n676	645	0	0	46	82.09660593749678
n678	651	0	0	46	82.37037703124675
n677	644	0	0	53	82.08992859374678
n679	650	0	0	53	82.36369968749675
n665	643	0	0	56	82.00980046874679
n685	657	0	0	51	82.7416373437467
n680	656	0	0	55	82.7309535937467
n681	658	0	0	63	83.12358140624667
n686	659	0	0	55	83.44142296874662
n682	660	0	0	61	83.79265124999662
n687	661	0	0	56	84.15456328124662
n683	662	0	0	60	84.51647531249662
n688	664	0	0	44	84.88506468749662
n684	663	0	0	64	85.2216028124966
n689	666	0	0	65	85.53944437499655
n690	669	0	0	67	85.89868546874652
n691	671	0	0	68	86.19248859374649
n692	674	0	0	71	86.53837499999649
n693	676	0	0	72	86.83484906249645
n694	679	0	0	76	87.20210296874643
n695	680	0	0	79	87.27555374999643
n696	681	0	0	77	87.5306282812464
n698	683	0	0	79	87.86983734374637
n697	682	0	0	80	87.6094209374964
n699	684	0	0	82	87.94195265624637
n727	687	0	0	44	88.64307374999632
n728	686	0	0	53	88.62971906249632
n701	685	0	0	80	88.24777499999634
n702	690	0	0	84	88.37063812499633
n729	689	0	0	44	88.9462251562463
n731	694	0	0	44	89.26540218749625
n730	688	0	0	53	88.9475606249963
n732	693	0	0	53	89.26673765624625
n709	698	0	0	77	89.54451515624625
n708	697	0	0	79	89.44168406249625
n705	692	0	0	80	89.19462234374626
n707	696	0	0	80	89.36155593749625
n704	691	0	0	82	89.07443015624628
n706	695	0	0	82	89.27207953124625
n733	708	0	0	46	89.65936546874624
n734	707	0	0	51	89.65669453124625
n717	706	0	0	74	90.28970671874617
n716	705	0	0	75	90.19755937499619
n715	704	0	0	77	90.0907218749962
n710	699	0	0	79	89.67138468749624
n714	703	0	0	79	90.00124546874622
n711	700	0	0	80	89.75952562499624
n713	702	0	0	80	89.92512374999622
n712	701	0	0	82	89.83564734374623
n725	716	0	0	60	91.0001760937461
n724	715	0	0	62	90.90135140624612
n723	714	0	0	63	90.82255874999612
n722	713	0	0	65	90.72373406249612
n721	712	0	0	67	90.64093499999613
n720	711	0	0	68	90.55947140624613
n719	710	0	0	70	90.47533687499615
n718	709	0	0	72	90.36849937499616
n741	718	0	0	46	91.4649192187461
n742	717	0	0	54	91.4595773437461
n736	723	0	0	58	91.1043426562461
n743	719	0	0	46	91.83885046874609
n745	722	0	0	46	92.22079453124606
n744	720	0	0	54	91.82683124999609
n746	721	0	0	54	92.20743984374606
n748	725	0	0	47	92.99269546874599
n749	724	0	0	54	92.983347187496
n737	730	0	0	57	92.602738593746
n750	726	0	0	47	93.37864593749597
n752	729	0	0	47	93.76192546874593
n751	727	0	0	54	93.36796218749598
n753	728	0	0	54	93.75391265624593
n739	731	0	0	58	94.10914734374587
n773	733	0	0	50	94.57121953124586
n774	732	0	0	53	94.56187124999586
n754	734	0	0	56	94.18259812499586
n755	735	0	0	58	94.89440296874585
n775	737	0	0	50	94.97853749999585
n777	741	0	0	50	95.35380421874581
n776	736	0	0	53	94.97186015624585
n778	740	0	0	53	95.34846234374581
n756	738	0	0	56	94.98254390624585
n758	742	0	0	56	95.34979781249581
n757	739	0	0	58	95.27367609374582
n759	743	0	0	58	95.68366499999577
n779	748	0	0	51	95.88398531249575
n760	744	0	0	55	95.85994687499576
n763	747	0	0	55	96.19648499999573
n761	745	0	0	58	95.99215828124574
n764	749	0	0	58	96.32335453124571
n766	751	0	0	58	96.51165562499568
n762	746	0	0	63	96.10166671874573
n765	750	0	0	63	96.3994762499957
n781	755	0	0	46	96.80946515624565
n782	754	0	0	53	96.80545874999565
n767	752	0	0	62	96.60380296874567
n769	756	0	0	62	96.82148437499565
n768	753	0	0	65	96.71464687499567
n770	757	0	0	65	96.91763812499565
n771	758	0	0	68	97.03783031249563
n807	763	0	0	51	97.1780545312456
n783	759	0	0	67	97.1900737499956
n786	762	0	0	67	97.46518031249558
n784	760	0	0	70	97.2648599999956
n787	764	0	0	70	97.57602421874559
n785	761	0	0	75	97.37971031249558
n788	765	0	0	75	97.66550062499559
n809	770	0	0	46	98.06747671874554
n810	769	0	0	53	98.06747671874554
n789	766	0	0	70	97.76966718749559
n790	767	0	0	74	97.86448546874557
n792	771	0	0	74	98.09151515624553
n791	768	0	0	77	97.96464562499555
n793	772	0	0	77	98.19701718749552
n794	773	0	0	80	98.2971773437455
n811	778	0	0	51	98.41736953124548
n800	780	0	0	77	98.91683484374543
n795	774	0	0	79	98.41736953124548
n799	779	0	0	79	98.82869390624545
n796	775	0	0	80	98.52554249999547
n798	777	0	0	80	98.73254015624545
n797	776	0	0	82	98.63104453124545
n806	786	0	0	67	99.56453718749542
n805	785	0	0	68	99.45903515624542
n804	784	0	0	70	99.36555234374542
n803	783	0	0	72	99.24803109374541
n802	782	0	0	74	99.14653546874543
n801	781	0	0	75	99.03836249999543
n829	792	0	0	44	99.40027453124542
n830	793	0	0	48	99.50444109374543
n813	787	0	0	65	99.66603281249542
n816	790	0	0	65	100.07201531249541
n815	789	0	0	67	99.95850046874541
n814	788	0	0	68	99.84365015624542
n818	795	0	0	70	100.2963740624954
n817	794	0	0	72	100.1855301562454
n824	801	0	0	60	100.94140546874539
n823	800	0	0	62	100.83456796874539
n822	799	0	0	63	100.72238859374539
n821	798	0	0	65	100.5941835937454
n820	797	0	0	67	100.50871359374541
insertion	810	0	0	67	101.8027828124954
n819	796	0	0	68	100.4045470312454
n832	803	0	0	46	101.1564159374954
n834	806	0	0	46	101.4876121874954
n833	802	0	0	55	101.1590868749954
n835	804	0	0	55	101.4822703124954
n825	805	0	0	58	101.10967453124539
n826	807	0	0	63	101.6024624999954
n827	808	0	0	65	101.7066290624954
n836	811	0	0	46	101.8094601562454
n838	816	0	0	46	102.12062437499534
n837	809	0	0	50	101.81747296874539
n839	815	0	0	50	102.11928890624534
n828	812	0	0	65	101.89893656249538
n864	826	0	0	51	102.70155328124525
n840	821	0	0	55	102.68152124999526
n843	824	0	0	55	102.99802734374522
n841	822	0	0	58	102.78301687499524
n844	825	0	0	58	103.13958703124521
n846	828	0	0	58	103.31186249999519
n842	823	0	0	63	102.88985437499524
n845	827	0	0	63	103.2050249999952
n866	832	0	0	46	103.60967203124517
n867	831	0	0	53	103.60700109374517
n847	829	0	0	62	103.40801624999519
n849	833	0	0	62	103.62436218749517
n848	830	0	0	65	103.50149906249518
n850	834	0	0	65	103.72452234374515
n851	835	0	0	68	103.81666968749515
n868	840	0	0	51	103.95555843749513
n852	836	0	0	67	103.94220374999513
n855	839	0	0	67	104.2493615624951
n853	837	0	0	70	104.05705406249511
n856	841	0	0	70	104.3561990624951
n854	838	0	0	75	104.1598851562451
n857	842	0	0	75	104.42297249999508
n870	847	0	0	46	104.81292937499504
n871	846	0	0	53	104.81693578124504
n858	843	0	0	70	104.53248093749507
n859	844	0	0	74	104.62062187499507
n861	848	0	0	74	104.83696781249503
n860	845	0	0	77	104.71276921874505
n862	849	0	0	77	104.93312156249503
n863	850	0	0	80	105.03328171874503
n896	855	0	0	51	105.16549312499502
n877	857	0	0	77	105.64893281249495
n872	851	0	0	79	105.16282218749502
n876	856	0	0	79	105.55812093749496
n873	852	0	0	80	105.26431781249501
n875	854	0	0	80	105.47265093749498
n874	853	0	0	82	105.36714890624499
n883	863	0	0	67	106.29262874999488
n882	862	0	0	68	106.19914593749489
n881	861	0	0	70	106.09765031249489
n880	860	0	0	72	105.98547093749491
n879	859	0	0	74	105.86394328124493
n878	858	0	0	75	105.76645406249493
n898	869	0	0	44	106.11100499999489
n899	870	0	0	48	106.22451984374489
n884	864	0	0	65	106.40480812499487
n887	867	0	0	65	106.85753203124487
n886	866	0	0	67	106.72799156249488
n885	865	0	0	68	106.61447671874488
n889	872	0	0	70	107.16736078124484
n888	871	0	0	72	107.00176265624486
n895	878	0	0	60	107.78968921874481
n894	877	0	0	62	107.68151624999483
n893	876	0	0	63	107.58269156249483
n892	875	0	0	65	107.46383484374483
n891	874	0	0	67	107.38771312499485
n890	873	0	0	68	107.27553374999485
n910	880	0	0	46	107.9125523437448
n912	882	0	0	46	108.26244515624478
n911	879	0	0	55	107.90587499999481
n913	881	0	0	55	108.25042593749478
n901	883	0	0	58	107.9125523437448
n902	884	0	0	63	108.40934671874477
n903	885	0	0	65	108.50550046874477
n914	887	0	0	46	108.59364140624477
n916	893	0	0	46	108.85005140624473
n915	886	0	0	50	108.59764781249477
n917	892	0	0	50	108.85539328124473
n904	889	0	0	65	108.70047890624475
n918	898	0	0	51	109.29476249999468
n905	899	0	0	63	109.25336296874468
n919	900	0	0	44	110.05063781249459
n921	907	0	0	46	110.45662031249456
n920	903	0	0	53	110.07066984374458
n922	905	0	0	56	110.45929124999456
n908	904	0	0	58	110.45261390624457
n909	906	0	0	62	110.43525281249457
n906	901	0	0	68	110.04128953124459
n907	902	0	0	72	110.02259296874459
n934	910	0	0	51	110.8652737499945
n935	909	0	0	55	110.8572609374945
n924	911	0	0	63	110.8305515624945
n937	915	0	0	44	111.7747279687444
n939	919	0	0	46	112.29689624999438
n938	914	0	0	53	111.7854117187444
n940	917	0	0	56	112.29155437499438
n928	916	0	0	58	112.29956718749438
n926	913	0	0	68	111.7493540624944
n927	912	0	0	72	111.7359993749944
n941	922	0	0	51	112.8163935937443
n942	920	0	0	55	112.8123871874943
n931	923	0	0	63	112.7803359374943
n950	926	0	0	63	114.56051578124408
n951	927	0	0	67	114.55650937499408
n945	932	0	0	75	114.23065499999413
n952	929	0	0	63	114.93444703124406
n954	931	0	0	63	115.32707484374403
n953	928	0	0	67	114.92776968749406
n955	930	0	0	67	115.29902999999403
n957	934	0	0	62	116.08295015624394
n959	936	0	0	62	116.44486218749392
n958	935	0	0	65	116.08829203124394
n960	937	0	0	65	116.45153953124392
n946	940	0	0	82	115.88797171874394
n961	938	0	0	62	116.81745796874388
n962	939	0	0	65	116.83214812499388
n948	941	0	0	80	116.98305609374385
n970	942	0	0	63	117.5052243749938
n971	943	0	0	70	117.5078953124938
n963	944	0	0	80	117.15800249999383
n972	947	0	0	63	117.82840781249375
n974	950	0	0	63	118.2504159374937
n973	946	0	0	70	117.82840781249375
n975	949	0	0	70	118.2250420312437
n964	945	0	0	79	117.80169843749376
n965	952	0	0	80	118.41868499999367
n977	953	0	0	68	118.94352421874363
n978	954	0	0	72	118.94085328124363
n966	955	0	0	79	118.59496687499366
n979	957	0	0	68	119.3268037499936
n981	961	0	0	68	119.77017937499359
n980	958	0	0	72	119.3214618749936
n982	960	0	0	72	119.75014734374359
n967	956	0	0	77	119.2947524999936
n968	963	0	0	79	119.99453812499358
n991	965	0	0	67	120.50468718749359
n992	964	0	0	70	120.51537093749359
n983	966	0	0	77	120.18551015624358
n993	968	0	0	67	120.84122531249358
n995	973	0	0	67	121.31665218749353
n994	970	0	0	70	120.85057359374358
n996	974	0	0	70	121.30997484374353
n985	972	0	0	74	121.22316937499353
n984	967	0	0	75	120.82386421874358
n986	975	0	0	75	121.30863937499353
n987	976	0	0	77	121.65051937499354
insertion	969	0	0	77	120.89597953124357
n997	977	0	0	67	121.79608546874353
n998	978	0	0	70	121.80009187499353
n988	979	0	0	75	121.76002781249353
n1005	985	0	0	80	123.93283546874339
n1000	980	0	0	82	123.30783609374345
n1004	984	0	0	82	123.8246624999934
n1001	981	0	0	84	123.47343421874344
n1003	983	0	0	84	123.71381859374341
n1002	982	0	0	85	123.59896828124343
n1011	991	0	0	77	124.55249296874335
n1006	986	0	0	79	124.04635031249339
n1010	990	0	0	79	124.45099734374337
n1007	987	0	0	80	124.14116859374339
n1009	989	0	0	80	124.36552734374337
n1008	988	0	0	82	124.25735437499338
n1017	997	0	0	73	125.2055371874933
n1012	992	0	0	76	124.65398859374334
n1016	996	0	0	76	125.11071890624332
n1013	993	0	0	77	124.77551624999333
n1015	995	0	0	77	124.99052671874333
n1014	994	0	0	79	124.88235374999333
n1018	998	0	0	72	125.31638109374329
n1019	999	0	0	79	125.46995999999326
n1023	1003	0	0	79	125.91600656249324
n1020	1000	0	0	80	125.59015218749325
n1022	1002	0	0	80	125.81317546874324
n1021	1001	0	0	82	125.70500249999324
n1036	1004	0	0	65	126.43016203124323
n1037	1005	0	0	68	126.43951031249323
n1025	1010	0	0	77	126.06557906249323
n1038	1006	0	0	65	126.81344156249322
n1040	1008	0	0	65	127.19137921874318
n1039	1007	0	0	68	126.80542874999323
n1041	1009	0	0	68	127.19538562499318
n1043	1012	0	0	64	127.8831520312431
n1044	1013	0	0	67	127.8831520312431
n1027	1016	0	0	84	127.6654706249931
n1028	deletion
n1026	deletion
n1045	1015	0	0	64	128.27577984374307
n1047	1020	0	0	64	128.647040156243
n1046	1014	0	0	67	128.26643156249307
n1048	1019	0	0	67	128.643033749993
n1029	1024	0	0	82	128.94084328124296
n1034	1027	0	0	82	129.11178328124296
n1030	1018	0	0	84	128.49746765624303
n1033	1023	0	0	84	128.83534124999298
n1032	1022	0	0	85	128.748535781243
n1031	1021	0	0	87	128.633685468743
n1056	1025	0	0	65	129.46434703124297
n1057	1026	0	0	72	129.46434703124297
n1049	1031	0	0	82	129.8663231249929
n1058	1029	0	0	65	129.8142398437429
n1060	1033	0	0	65	130.19217749999285
n1059	1030	0	0	72	129.8088979687429
n1061	1032	0	0	72	130.18282921874285
n1050	1028	0	0	80	129.79153687499291
n1051	1035	0	0	82	130.36845937499282
n1063	1036	0	0	70	130.8986404687428
n1064	1037	0	0	73	130.8892921874928
n1052	1038	0	0	80	130.5540895312428
n1065	1041	0	0	70	131.25120421874274
n1067	1044	0	0	70	131.63047734374268
n1066	1040	0	0	73	131.26322343749274
n1068	1043	0	0	73	131.63314828124268
n1053	1039	0	0	79	131.22449484374275
n1054	1046	0	0	80	131.82144937499265
n1087	1047	0	0	68	132.40371374999256
n1088	1048	0	0	72	132.39436546874256
n1069	1049	0	0	79	132.03245343749262
n1089	1052	0	0	68	132.7429228124925
n1091	1056	0	0	68	133.16092453124247
n1090	1051	0	0	72	132.7415873437425
n1092	1055	0	0	72	133.16760187499247
n1071	1057	0	0	76	133.11017671874248
n1070	1050	0	0	77	132.7175489062425
n1072	1058	0	0	77	133.19965312499247
n1073	1059	0	0	79	133.50814640624245
insertion	1053	0	0	79	132.7776449999925
n1093	1061	0	0	68	133.66573171874245
n1094	1062	0	0	72	133.65371249999245
n1074	1060	0	0	77	133.65371249999245
n1075	1063	0	0	77	133.9728895312424
n1079	1067	0	0	77	134.42694890624236
n1076	1064	0	0	79	134.09975906249238
n1078	1066	0	0	79	134.32945968749237
n1077	1065	0	0	80	134.20526109374237
n1085	1073	0	0	75	135.1334118749923
n1084	1072	0	0	77	135.00654234374232
n1083	1071	0	0	79	134.88367921874234
n1082	1070	0	0	80	134.77817718749236
n1081	1069	0	0	82	134.65531406249238
n1080	1068	0	0	84	134.54313468749237
n1117	1075	0	0	70	135.35777062499227
n1121	1080	0	0	70	135.8265201562422
n1118	1076	0	0	72	135.47662734374225
n1120	1079	0	0	72	135.7370437499922
n1096	1074	0	0	73	135.27096515624228
n1119	1078	0	0	73	135.60349687499223
n1097	1077	0	0	77	135.60349687499223
n1127	1092	0	0	68	136.5276412499921
n1126	1090	0	0	70	136.4074490624921
n1125	1087	0	0	72	136.28325046874212
n1124	1085	0	0	73	136.18843218749214
n1123	1084	0	0	75	136.07358187499216
n1122	1081	0	0	77	135.94137046874218
n1103	1091	0	0	77	136.4995964062421
n1102	1089	0	0	79	136.3887524999921
n1101	1088	0	0	80	136.28325046874212
n1100	1086	0	0	82	136.17641296874214
n1099	1083	0	0	84	136.06556906249216
n1098	1082	0	0	85	135.94404140624218
n1128	1093	0	0	67	136.63581421874207
n1129	1097	0	0	70	137.03111296874204
n1104	1094	0	0	75	136.64649796874207
n1105	1095	0	0	75	136.78004484374205
n1109	1100	0	0	75	137.235439687492
n1106	1096	0	0	77	136.88554687499206
n1108	1099	0	0	77	137.12860218749202
n1107	1098	0	0	79	137.01775828124204
n1130	1101	0	0	63	137.36765109374198
n1131	1106	0	0	67	137.74024687499193
n1115	1108	0	0	73	137.9445735937419
n1114	1107	0	0	75	137.8257168749919
n1113	1105	0	0	77	137.70552468749193
n1112	1104	0	0	79	137.59601624999195
n1111	1103	0	0	80	137.49852703124196
n1110	1102	0	0	82	137.38768312499198
n1153	1110	0	0	68	138.19964812499185
n1157	1115	0	0	68	138.63634640624178
n1154	1111	0	0	70	138.29980828124184
n1156	1114	0	0	70	138.5508764062418
n1132	1109	0	0	72	138.08079140624187
n1155	1113	0	0	72	138.42267140624182
n1133	1112	0	0	75	138.42267140624182
n1163	1127	0	0	67	139.34280937499167
n1162	1125	0	0	68	139.2186107812417
n1161	1123	0	0	70	139.1144442187417
n1160	1120	0	0	72	139.00760671874173
n1159	1118	0	0	73	138.88207265624175
n1158	1116	0	0	75	138.76054499999177
n1139	1126	0	0	75	139.31609999999168
n1138	1124	0	0	77	139.1905659374917
n1137	1122	0	0	79	139.08506390624171
n1136	1121	0	0	80	138.98089734374173
n1135	1119	0	0	82	138.86204062499175
n1134	1117	0	0	84	138.74719031249177
n1164	1129	0	0	65	139.43762765624166
n1165	1132	0	0	68	139.7941978124916
n1140	1128	0	0	73	139.42293749999166
n1141	1130	0	0	73	139.56583265624164
n1145	1135	0	0	73	139.99852453124157
n1142	1131	0	0	75	139.66866374999162
n1144	1134	0	0	75	139.8916870312416
n1143	1133	0	0	77	139.7755012499916
n1166	1136	0	0	61	140.18415468749154
n1167	1140	0	0	65	140.55007312499148
n1151	1143	0	0	72	140.75840624999145
n1150	1142	0	0	73	140.65824609374147
n1149	1141	0	0	75	140.5327120312415
n1148	1139	0	0	77	140.4232035937415
n1147	1138	0	0	79	140.30968874999152
n1146	1137	0	0	80	140.18949656249154
n1189	1145	0	0	67	141.0148162499914
n1193	1150	0	0	67	141.44083078124135
n1190	1146	0	0	68	141.1310020312414
n1192	1149	0	0	68	141.35001890624136
n1168	1144	0	0	70	140.88928218749143
n1191	1148	0	0	70	141.24051046874138
n1169	1147	0	0	73	141.22849124999138
n1199	1161	0	0	65	142.13126812499124
n1198	1159	0	0	67	142.00840499999126
n1197	1157	0	0	68	141.88287093749128
n1196	1156	0	0	70	141.7853817187413
n1195	1153	0	0	72	141.6745378124913
n1194	1151	0	0	73	141.57838406249132
n1175	1162	0	0	73	142.12058437499124
n1174	1160	0	0	76	142.00840499999126
n1173	1158	0	0	77	141.88420640624128
n1172	1155	0	0	79	141.7626787499913
n1171	1154	0	0	80	141.6678604687413
n1170	1152	0	0	82	141.56369390624133
n1200	1163	0	0	64	142.24077656249122
n1201	1167	0	0	67	142.60535953124116
n1176	1164	0	0	72	142.25146031249122
n1177	1165	0	0	72	142.3876781249912
n1181	1170	0	0	72	142.82971828124113
n1178	1166	0	0	74	142.49585109374118
n1180	1169	0	0	74	142.72822265624114
n1179	1168	0	0	76	142.59066937499117
n1202	1171	0	0	60	142.9258720312411
n1203	1175	0	0	64	143.31849984374105
n1187	1178	0	0	70	143.55487781249101
n1186	1177	0	0	72	143.42934374999103
n1185	1176	0	0	73	143.31849984374105
n1184	1174	0	0	76	143.20632046874107
n1183	1173	0	0	77	143.0861282812411
n1182	1172	0	0	79	142.9485749999911
n1214	1181	0	0	53	143.90343515624096
n1217	1184	0	0	53	144.2479860937409
n1213	1180	0	0	65	143.79259124999098
n1216	1183	0	0	65	144.14248406249092
n1204	1179	0	0	68	143.679076406241
n1205	1182	0	0	72	144.03564656249094
n1220	1187	0	0	53	144.61523999999085
n1223	1190	0	0	53	144.9090431249908
n1219	1186	0	0	65	144.49237687499087
n1222	1189	0	0	65	144.78885093749082
n1206	1185	0	0	68	144.3561590624909
n1207	1188	0	0	72	144.69136171874084
n1226	1193	0	0	63	145.28297437499074
n1229	1196	0	0	63	145.6342026562407
n1225	1192	0	0	66	145.16678859374076
n1228	1195	0	0	66	145.5246942187407
n1208	1191	0	0	69	145.05060281249078
n1209	1194	0	0	72	145.40049562499073
n1232	1199	0	0	63	145.99745015624066
n1235	1202	0	0	63	146.3353237499906
n1231	1198	0	0	66	145.86790968749065
n1234	1201	0	0	66	146.22715078124062
n1210	1197	0	0	69	145.74638203124067
n1211	1200	0	0	72	146.10962953124064
n1260	1204	0	0	61	146.5022573437406
n1262	1208	0	0	63	146.82544078124056
n1261	1203	0	0	65	146.4955799999906
n1263	1207	0	0	66	146.81342156249056
n1237	1205	0	0	70	146.5957401562406
n1240	1209	0	0	70	146.94162656249054
n1238	1206	0	0	82	146.69990671874058
n1241	1210	0	0	82	147.04579312499055
n1266	1216	0	0	60	147.4824914062405
n1264	1212	0	0	61	147.14595328124054
n1267	1215	0	0	63	147.47047218749051
n1265	1211	0	0	65	147.14328234374054
n1243	1213	0	0	70	147.28350656249054
n1246	1217	0	0	70	147.6133673437405
n1244	1214	0	0	82	147.37832484374053
n1247	1218	0	0	82	147.70150828124048
n1268	1219	0	0	58	147.79899749999046
n1269	1220	0	0	61	147.80701031249046
n1270	1224	0	0	63	148.1515612499904
n1271	1223	0	0	66	148.1355356249904
n1249	1221	0	0	70	147.94456359374044
n1252	1225	0	0	70	148.2730889062404
n1250	1222	0	0	82	148.03938187499043
n1253	1226	0	0	82	148.35455249999038
n1274	1231	0	0	60	148.7965926562403
n1272	1228	0	0	61	148.46806734374036
n1275	1232	0	0	63	148.7939217187403
n1273	1227	0	0	65	148.46138999999036
n1255	1229	0	0	70	148.60161421874034
n1258	1233	0	0	70	148.9167848437403
n1256	1230	0	0	82	148.69509703124032
n1259	1234	0	0	82	149.0383124999903
n1302	1240	0	0	56	149.48836546874023
n1300	1236	0	0	58	149.15182734374028
n1303	1239	0	0	60	149.48168812499023
n1301	1235	0	0	61	149.14247906249028
n1277	1237	0	0	70	149.27736140624026
n1280	1241	0	0	70	149.6032157812402
n1278	1238	0	0	82	149.36683781249025
n1281	1242	0	0	82	149.6793374999902
n1306	1248	0	0	53	150.15476437499015
n1304	1244	0	0	55	149.81288437499018
n1307	1247	0	0	56	150.15075796874015
n1305	1243	0	0	58	149.80754249999018
n1283	1245	0	0	70	149.91838640624016
n1286	1249	0	0	70	150.24557624999014
n1284	1246	0	0	82	150.01053374999017
n1287	1250	0	0	82	150.35107828124012
n1308	1251	0	0	40	150.4913024999901
n1309	1252	0	0	52	150.4806187499901
n1310	1255	0	0	55	150.89060765624006
n1289	1253	0	0	70	150.64621687499007
n1292	1256	0	0	70	151.02949640624007
n1290	1254	0	0	82	150.7517189062401
n1293	1257	0	0	82	151.12698562499008
n1311	1258	0	0	58	151.23115218749007
n1312	1261	0	0	61	151.55967749999004
n1295	1259	0	0	70	151.35668624999005
n1298	1262	0	0	70	151.67586328124003
n1296	1260	0	0	82	151.44749812499006
n1299	1263	0	0	82	151.78136531249
n1337	1264	0	0	64	151.88953828124
n1338	1267	0	0	67	152.22741187499
n1314	1265	0	0	70	152.02442062499
n1317	1268	0	0	70	152.34226218748998
n1315	1266	0	0	82	152.12858718749
n1318	1269	0	0	82	152.44242234373996
n1339	1270	0	0	70	152.55460171873995
n1320	1271	0	0	73	152.66544562498993
n1340	1273	0	0	73	152.8898043749899
n1323	1274	0	0	76	153.00866109373987
n1321	1272	0	0	82	152.7829668749899
n1324	1275	0	0	82	153.11950499998986
n1341	1276	0	0	76	153.21966515623984
n1326	1277	0	0	79	153.32116078123983
n1342	1279	0	0	79	153.5335003124898
n1329	1280	0	0	79	153.64434421873977
n1327	1278	0	0	82	153.4253273437398
n1330	1281	0	0	82	153.74851078123976
n1344	1285	0	0	64	154.17051890623972
n1343	1282	0	0	76	153.85267734373974
n1332	1283	0	0	79	153.97554046873972
n1335	1286	0	0	79	154.2893756249897
n1333	1284	0	0	82	154.07169421873974
n1336	1287	0	0	82	154.3561490624897
n1369	1288	0	0	53	154.5164053124897
n1370	1289	0	0	65	154.5043860937397
n1371	1292	0	0	69	154.83958874998964
n1346	1290	0	0	75	154.61790093748968
n1349	1293	0	0	75	154.97447109373965
n1347	1291	0	0	81	154.71539015623966
n1350	1294	0	0	81	155.07196031248964
n1372	1295	0	0	72	155.17879781248962
n1352	1296	0	0	75	155.3016609374896
n1373	1298	0	0	75	155.50064578123957
n1355	1299	0	0	75	155.61816703123955
n1353	1297	0	0	81	155.3924728124896
n1356	1300	0	0	81	155.69562421873954
n1358	1302	0	0	75	155.9466923437395
n1375	1304	0	0	75	156.15368999998947
n1361	1305	0	0	75	156.26586937498945
n1374	1301	0	0	78	155.81715187498952
n1359	1303	0	0	81	156.0334978124895
n1362	1306	0	0	81	156.36469406248943
n1377	1310	0	0	65	156.77067656248937
n1376	1307	0	0	72	156.45550593748942
n1364	1308	0	0	75	156.5770335937394
n1367	1311	0	0	75	156.89353968748938
n1365	1309	0	0	81	156.68654203123938
n1368	1312	0	0	81	156.99102890623936
n1402	1313	0	0	46	157.12991765623934
n1403	1314	0	0	58	157.12056937498934
n1404	1317	0	0	62	157.4985070312393
n1379	1315	0	0	74	157.26747093748932
n1382	1318	0	0	74	157.61602828123932
n1380	1316	0	0	80	157.3716374999893
n1383	1319	0	0	80	157.7014982812393
n1405	1320	0	0	65	157.7896392187393
n1406	1323	0	0	68	158.12617734373924
n1385	1321	0	0	74	157.90315406248928
n1388	1324	0	0	74	158.23702124998923
n1386	1322	0	0	80	158.02067531248926
n1389	1325	0	0	80	158.3318395312392
n1408	1329	0	0	68	158.76319593748914
n1407	1326	0	0	71	158.4600445312392
n1391	1327	0	0	74	158.56554656248917
n1394	1330	0	0	74	158.88472359373912
n1392	1328	0	0	80	158.64968109373916
n1395	1331	0	0	80	158.9875546874891
n1410	1336	0	0	58	159.38819531248907
n1409	1332	0	0	65	159.11843062498912
n1397	1334	0	0	74	159.2225971874891
n1400	1337	0	0	74	159.52441312498908
n1398	1335	0	0	80	159.31607999998909
n1401	1338	0	0	80	159.61656046873907
n1431	1340	0	0	51	159.73408171873905
n1432	1339	0	0	63	159.72873984373905
n1433	1346	0	0	66	160.36709390623895
n1412	1341	0	0	75	159.84091921873903
n1415	1344	0	0	75	160.17745734373898
n1413	1342	0	0	78	159.93440203123902
n1416	1345	0	0	78	160.26159187498897
n1434	1349	0	0	70	160.6809290624889
n1418	1347	0	0	75	160.47526687498893
n1421	1350	0	0	75	160.77841828123888
n1435	deletion
n1419	1348	0	0	78	160.55539499998892
n1422	1351	0	0	78	160.85453999998887
n1438	1355	0	0	63	161.3019220312388
n1441	1359	0	0	63	161.64647296873875
n1437	1352	0	0	75	161.19508453123882
n1440	1358	0	0	75	161.55566109373876
n1423	1353	0	0	78	161.05486031248884
n1425	1356	0	0	80	161.42612062498878
n1424	1354	0	0	82	161.06287312498884
n1426	1357	0	0	83	161.41543687498879
n1444	1363	0	0	63	162.0030431249887
n1447	1367	0	0	63	162.31287187498864
n1443	1362	0	0	75	161.8775090624887
n1446	1366	0	0	75	162.22339546873866
n1429	1365	0	0	77	162.12857718748867
n1427	1360	0	0	78	161.77334249998873
n1430	1364	0	0	80	162.09786140623868
n1428	1361	0	0	82	161.75598140623873
n1468	1368	0	0	63	162.44241234373862
n1469	1371	0	0	66	162.77093765623857
n1449	1369	0	0	75	162.5585981249886
n1452	1372	0	0	75	162.88845890623855
n1450	1370	0	0	78	162.6280424999886
n1453	1373	0	0	78	162.98995453123854
n1470	1374	0	0	70	163.13685609373854
n1455	1375	0	0	75	163.25437734373853
n1471	1377	0	0	75	163.47072328123852
n1458	1378	0	0	75	163.6042701562385
n1456	1376	0	0	78	163.3345054687385
n1459	1379	0	0	78	163.6803918749885
n1474	1381	0	0	63	164.13845765623844
n1477	1387	0	0	63	164.51773078123838
n1473	1380	0	0	75	164.02761374998846
n1476	1386	0	0	75	164.4255834374884
n1460	1382	0	0	78	163.88738953123845
n1462	1384	0	0	80	164.29337203123842
n1461	1383	0	0	82	163.87804124998846
n1463	1385	0	0	83	164.28402374998842
n1480	1391	0	0	63	164.87162999998833
n1483	1395	0	0	63	165.21751640623827
n1479	1390	0	0	75	164.74876687498835
n1482	1394	0	0	75	165.0986596874883
n1466	1393	0	0	77	165.0065123437383
n1464	1388	0	0	78	164.65261312498836
n1467	1392	0	0	80	164.9864803124883
n1465	1389	0	0	82	164.63792296873837
n1508	1396	0	0	63	165.35106328123828
n1509	1399	0	0	70	165.68225953123823
n1485	1397	0	0	75	165.44454609373827
n1488	1400	0	0	75	165.8144709374882
n1486	1398	0	0	78	165.55004812498825
n1489	1401	0	0	78	165.8839153124882
n1510	1402	0	0	63	166.01078484373818
n1511	1405	0	0	70	166.35266484373815
n1491	1403	0	0	75	166.15501546873818
n1494	1406	0	0	75	166.49021812498813
n1492	1404	0	0	78	166.22846624998817
n1495	1407	0	0	78	166.55832703123812
n1512	1408	0	0	63	166.6865320312381
n1513	1411	0	0	70	167.03241843748808
n1497	1409	0	0	73	166.79737593748808
n1500	1412	0	0	73	167.13391406248806
n1498	1410	0	0	79	166.88551687498807
n1501	1413	0	0	79	167.24075156248804
n1514	1414	0	0	63	167.35560187498803
n1515	1417	0	0	70	167.67878531248797
n1503	1415	0	0	73	167.469116718738
n1506	1418	0	0	73	167.79230015623796
n1504	1416	0	0	79	167.561264062488
n1507	1419	0	0	79	167.89246031248794
n1540	1420	0	0	63	168.02734265623795
n1541	1423	0	0	68	168.3304940624879
n1517	1421	0	0	71	168.12082546873793
n1520	1424	0	0	71	168.46136999998788
n1518	1422	0	0	80	168.22365656248792
n1521	1425	0	0	80	168.55218187498787
n1542	1426	0	0	63	168.65367749998785
n1543	1429	0	0	68	168.9835382812378
n1523	1427	0	0	71	168.76719234373783
n1526	1430	0	0	71	169.09438218748778
n1524	1428	0	0	80	168.8940618749878
n1527	1431	0	0	80	169.17985218748777
n1544	1432	0	0	63	169.31072812498775
n1545	1435	0	0	69	169.61788593748773
n1529	1433	0	0	72	169.41756562498773
n1532	1436	0	0	72	169.7314007812377
n1530	1434	0	0	78	169.52173218748774
n1533	1437	0	0	78	169.85025749998772
n1546	1438	0	0	63	169.9277146874877
n1547	1441	0	0	69	170.26425281248768
n1535	1439	0	0	72	170.0479068749877
n1538	1442	0	0	72	170.36841937498767
n1536	1440	0	0	78	170.1694345312377
n1539	1443	0	0	78	170.47125046873765
n1572	1444	0	0	61	170.57942343748763
n1573	1447	0	0	70	170.9106196874876
n1549	1445	0	0	73	170.67557718748762
n1552	1448	0	0	73	171.0094443749876
n1550	1446	0	0	77	170.79443390623763
n1553	1449	0	0	77	171.1283010937376
n1574	1450	0	0	61	171.2204484374876
n1575	1453	0	0	70	171.54763828123757
n1555	1451	0	0	73	171.3539953124876
n1558	1454	0	0	73	171.65447578123755
n1556	1452	0	0	77	171.44080078123758
n1559	1455	0	0	77	171.73994578123754
n1576	1456	0	0	66	171.86815078123752
n1577	1459	0	0	70	172.1966760937375
n1561	deletion
n1564	1460	0	0	73	172.29149437498748
n1562	1458	0	0	76	172.0724774999875
n1565	1461	0	0	76	172.3916545312375
n1578	1462	0	0	66	172.52787234373747
n1579	1465	0	0	70	172.81900453123745
n1567	deletion
n1570	1466	0	0	73	172.94186765623743
n1568	1464	0	0	76	172.73086359373747
n1571	1467	0	0	76	173.03668593748742
n1604	1468	0	0	65	173.1355106249874
n1581	1469	0	0	69	173.2490254687374
n1605	1471	0	0	69	173.44266843748736
n1584	1472	0	0	72	173.56152515623734
n1582	1470	0	0	77	173.35452749998737
n1585	1473	0	0	77	173.66702718748732
n1606	1474	0	0	65	173.7671873437373
n1587	1475	0	0	69	173.8620056249873
n1607	1477	0	0	69	174.07167421873726
n1590	1478	0	0	72	174.17717624998724
n1588	1476	0	0	77	173.95815937498728
n1591	1479	0	0	77	174.27733640623723
n1608	1480	0	0	63	174.3895157812372
n1593	1481	0	0	69	174.4816631249872
n1609	1483	0	0	69	174.68465437498716
n1596	1484	0	0	72	174.76745343748715
n1594	1482	0	0	78	174.58182328123718
n1597	1485	0	0	78	174.89432296873716
n1610	1486	0	0	63	175.00116046873714
n1599	1487	0	0	69	175.11601078123712
n1611	1489	0	0	69	175.3003054687371
n1602	1490	0	0	72	175.42049765623707
n1600	1488	0	0	78	175.2081581249871
n1603	1491	0	0	78	175.53935437498706
n1636	deletion
n1613	1493	0	0	70	175.70228156248703
n1637	1495	0	0	70	175.901266406237
n1616	deletion
n1614	1494	0	0	77	175.79042249998702
n1617	1497	0	0	77	176.11227046873697
n1638	deletion
n1619	1499	0	0	70	176.32193906248693
n1639	1501	0	0	70	176.5222593749869
n1622	deletion
n1620	1500	0	0	77	176.39939624998692
n1623	1503	0	0	77	176.71990874998687
n1640	1504	0	0	61	176.84277187498685
n1641	1507	0	0	68	177.1619489062368
n1625	1505	0	0	71	176.95895765623683
n1628	1508	0	0	71	177.28347656248678
n1626	1506	0	0	77	177.06312421873682
n1629	1509	0	0	77	177.38764312498677
n1642	1510	0	0	61	177.47311312498675
n1643	1513	0	0	68	177.7896192187367
n1631	1511	0	0	71	177.59196984373673
n1634	1514	0	0	71	177.8657409374867
n1632	1512	0	0	77	177.69747187498672
n1635	1515	0	0	77	177.97792031248667
n1662	1517	0	0	48	178.4827274999866
n1665	1521	0	0	48	178.80858187498654
n1661	1516	0	0	60	178.3611998437366
n1664	1520	0	0	60	178.69907343748656
n1644	1519	0	0	72	178.19960812498664
n1646	1522	0	0	74	178.58155218748658
n1645	1518	0	0	76	178.18892437498664
n1647	1523	0	0	77	178.57086843748658
n1668	1527	0	0	48	179.1464554687365
n1671	1531	0	0	48	179.44693593748644
n1667	1526	0	0	60	179.0289342187365
n1670	1530	0	0	60	179.34677578123646
n1650	1528	0	0	67	179.22658359373648
n1651	1529	0	0	70	179.21723531248648
n1648	1525	0	0	76	178.89271640623653
n1649	1524	0	0	79	178.89138093748653
n1674	1533	0	0	48	179.78881593748642
n1677	1537	0	0	48	180.13870874998636
n1673	1532	0	0	60	179.67129468748644
n1676	1536	0	0	60	180.01851656248638
n1652	1534	0	0	65	179.55911531248643
n1653	1535	0	0	68	179.54976703123643
n1654	1540	0	0	70	179.8916470312364
n1655	deletion
n1680	1543	0	0	48	180.4685695312363
n1683	1547	0	0	48	180.78908203123626
n1658	1544	0	0	56	180.5794134374863
n1679	1542	0	0	60	180.34169999998633
n1682	1545	0	0	60	180.67156078123628
n1659	1546	0	0	65	180.5673942187363
n1656	1541	0	0	68	180.24421078123635
n1657	1539	0	0	72	180.24020437498635
n1702	1550	0	0	36	181.1736970312362
n1705	1554	0	0	36	181.50355781248615
n1701	1549	0	0	48	181.04816296873622
n1704	1553	0	0	48	181.38870749998617
n1684	1548	0	0	55	180.92396437498624
n1686	1552	0	0	56	181.28186999998618
n1685	1551	0	0	64	180.91060968748624
n1687	1555	0	0	65	181.2698507812362
n1708	1559	0	0	36	181.8494442187361
n1711	1563	0	0	36	182.17129218748605
n1707	1558	0	0	48	181.71723281248612
n1710	1562	0	0	48	182.06445468748606
n1690	1560	0	0	55	181.93892062498608
n1688	1557	0	0	58	181.62107906248613
n1691	1561	0	0	58	181.93357874998608
n1689	1556	0	0	67	181.60638890623613
n1714	1567	0	0	36	182.55323624998599
n1717	1570	0	0	36	182.92716749998593
n1713	1565	0	0	48	182.435714999986
n1716	1568	0	0	48	182.81365265623594
n1692	1564	0	0	53	182.28881343748603
n1693	1566	0	0	56	182.27545874998603
n1694	1569	0	0	56	182.66808656248597
n1695	1571	0	0	60	182.65740281248597
n1720	1573	0	0	36	183.24901546873588
n1723	1579	0	0	36	183.55750874998583
n1719	1572	0	0	48	183.1274878124859
n1722	1578	0	0	48	183.43998749998585
n1698	1576	0	0	53	183.33314999998586
n1696	1574	0	0	55	183.00729562498591
n1699	1577	0	0	56	183.32380171873587
n1697	1575	0	0	58	183.00462468748592
n1737	1582	0	0	36	183.90339515623577
n1740	1587	0	0	36	184.25862984373575
n1743	1591	0	0	36	184.5858196874857
n1736	1580	0	0	48	183.7898803124858
n1742	1590	0	0	48	184.44559546873572
n1745	1595	0	0	48	184.8035010937357
n1739	1584	0	0	48	184.12107656248577
n1724	1581	0	0	52	183.6696881249858
n1726	1585	0	0	53	184.00221984373576
n1725	1583	0	0	55	183.6656817187358
n1727	1586	0	0	56	183.99554249998576
n1746	1596	0	0	36	184.92102234373567
n1730	1592	0	0	50	184.65259312498569
n1728	1589	0	0	52	184.31739046873574
n1729	1588	0	0	55	184.31071312498574
n1731	1594	0	0	59	184.65125765623569
n1749	1598	0	0	36	185.4164812499856
n1748	1597	0	0	48	185.28293437498562
n1732	1600	0	0	52	185.08795593748565
n1733	1599	0	0	60	185.08261406248565
n1767	1604	0	0	65	188.68704421873525
n1768	1603	0	0	68	188.68036687498525
n1752	1602	0	0	72	187.94452359373537
n1753	1607	0	0	84	188.22764296873532
n1769	1606	0	0	65	189.10638140623522
n1771	1611	0	0	65	189.52037671873515
n1770	1605	0	0	68	189.1277489062352
n1772	1610	0	0	68	189.52838953123515
n1760	1615	0	0	77	189.8502374999851
n1761	1618	0	0	77	190.01316468748507
n1759	1614	0	0	79	189.7634320312351
n1756	1609	0	0	80	189.42555843748517
n1758	1613	0	0	80	189.67128468748513
n1755	1608	0	0	82	189.2920115624852
n1757	1612	0	0	82	189.55376343748515
n1774	1616	0	0	67	190.41380531248504
n1775	1617	0	0	70	190.39510874998504
n1776	1622	0	0	67	190.771710937485
n1778	1624	0	0	67	191.21108015623494
n1777	1621	0	0	70	190.770375468735
n1779	1625	0	0	70	191.18971265623495
n1762	1619	0	0	76	190.71562124998502
n1763	1626	0	0	76	191.31524671873493
n1764	1627	0	0	79	191.4154068749849
n1765	1628	0	0	82	191.5115606249849
n1788	1629	0	0	64	191.97763921873485
n1789	1630	0	0	67	191.97897468748485
n1780	1631	0	0	85	191.61706265623488
n1790	1633	0	0	64	192.34355765623482
n1792	1637	0	0	64	192.74152734373476
n1791	1634	0	0	67	192.32619656248482
n1793	1638	0	0	67	192.74152734373476
n1782	1639	0	0	82	192.92448656248473
n1781	1632	0	0	84	192.28746796873483
n1795	1641	0	0	63	193.4893898437347
n1796	1640	0	0	66	193.4813770312347
n1783	1642	0	0	82	193.1234714062347
n1797	1646	0	0	63	193.8619856249847
n1799	1648	0	0	63	194.34676078123465
n1798	1645	0	0	66	193.8886949999847
n1800	1649	0	0	66	194.36278640623465
n1784	1643	0	0	81	193.8499664062347
n1785	1650	0	0	81	194.6565895312346
insertion	1647	0	0	81	194.00888718748467
n1786	1651	0	0	84	194.77544624998458
insertion	1636	0	0	84	192.4357049999848
n1813	1653	0	0	63	195.3136401562345
n1814	1652	0	0	66	195.3176465624845
n1801	1656	0	0	87	194.91166406248456
n1815	1655	0	0	63	195.70626796873447
n1817	1660	0	0	63	196.2030623437344
n1816	1654	0	0	66	195.72229359373446
n1818	1659	0	0	66	196.23244265623438
n1808	1664	0	0	81	196.61572218748432
n1807	1663	0	0	82	196.51289109373434
n1804	1658	0	0	84	196.02945140623441
n1806	1661	0	0	84	196.36866046873436
n1803	1657	0	0	85	195.88789171873444
n1805	1662	0	0	85	196.2150815624844
n1820	1665	0	0	61	197.13655499998424
n1821	1666	0	0	65	197.13922593748424
n1809	1667	0	0	81	196.7599528124843
n1822	1671	0	0	61	197.50781531248418
n1824	1674	0	0	61	198.0286481249841
n1823	1670	0	0	65	197.49846703123418
n1825	1673	0	0	65	198.0406673437341
n1811	1675	0	0	77	198.25567781248407
n1810	1668	0	0	82	197.4543965624842
n1845	1676	0	0	61	199.31737546873399
n1846	1677	0	0	65	199.309362656234
n1826	1680	0	0	89	198.844619531234
n1847	1678	0	0	61	199.73938359373392
n1849	1683	0	0	61	200.31096421873383
n1848	1679	0	0	65	199.72602890623392
n1850	1685	0	0	65	200.28024843748383
n1833	1688	0	0	83	200.76368812498376
n1832	1687	0	0	84	200.60743828123378
n1829	1682	0	0	85	200.09595374998386
n1831	1686	0	0	85	200.4431756249838
n1828	1681	0	0	87	199.9236782812339
n1830	1684	0	0	87	200.24953265623384
n1851	1690	0	0	60	201.1296065624837
n1852	1691	0	0	64	201.1442967187337
n1835	1692	0	0	72	202.07778937498355
n1837	1694	0	0	74	202.4503851562335
n1836	1693	0	0	76	202.30348359373352
n1834	1689	0	0	84	201.0868715624837
n1838	1695	0	0	74	202.59862218748347
n1840	1697	0	0	76	202.82298093748346
n1841	1698	0	0	76	202.93649578123345
n1839	1696	0	0	77	202.70813062498348
n1843	1700	0	0	77	203.1755446874834
n1854	1701	0	0	77	203.2837176562334
n1842	1699	0	0	79	203.06336531248343
n1856	1703	0	0	79	203.51742468748338
n1857	1704	0	0	79	203.66031984373336
n1855	1702	0	0	80	203.4145935937334
n1859	1706	0	0	80	203.88601406248333
n1858	1705	0	0	82	203.76047999998335
n1860	1707	0	0	80	204.0315801562333
n1863	1710	0	0	81	204.35876999998325
n1862	1709	0	0	82	204.25860984373327
n1865	1712	0	0	82	204.57645140623325
n1866	1713	0	0	82	204.72068203123322
n1861	1708	0	0	84	204.14509499998329
n1864	1711	0	0	84	204.47228484373326
n1870	1716	0	0	64	204.63921843748324
n1871	1715	0	0	67	204.72869484373322
n1872	1714	0	0	70	204.76341703123322
n1873	1717	0	0	73	204.8702545312332
n1868	1718	0	0	79	206.33259281248314
n1891	1721	0	0	65	206.46346874998315
n1892	1720	0	0	68	206.46079781248315
n1893	1723	0	0	72	206.45946234373315
n1880	1727	0	0	77	206.9869724999831
n1879	1726	0	0	79	206.8841414062331
n1875	1719	0	0	80	206.45412046873315
n1878	1725	0	0	80	206.78531671873313
n1877	1724	0	0	82	206.68248562498314
n1876	1722	0	0	84	206.56763531248316
n1886	1733	0	0	67	207.5919398437331
n1885	1732	0	0	68	207.49578609373307
n1884	1731	0	0	70	207.39562593748306
n1883	1730	0	0	72	207.29813671873305
n1882	1729	0	0	73	207.20465390623306
n1881	1728	0	0	75	207.09915187498308
n1896	1736	0	0	47	208.08339234373307
n1897	1734	0	0	59	208.07537953123307
n1887	1740	0	0	65	207.71346749998307
n1900	1739	0	0	36	208.79252624998298
n1898	1737	0	0	48	208.44129796873304
n1901	1738	0	0	48	208.779171562483
n1899	1735	0	0	60	208.41859499998304
n1890	1742	0	0	67	208.87398984373297
n1924	1748	0	0	29	209.30935265623293
n1925	1747	0	0	41	209.30401078123293
n1902	1743	0	0	65	209.25459843748294
n1903	1744	0	0	72	209.97308062498288
n1905	1746	0	0	74	210.25753546873287
n1904	1745	0	0	76	210.1426851562329
n1906	1749	0	0	74	210.38440499998285
n1908	1751	0	0	76	210.6154410937328
n1909	1752	0	0	76	210.7276204687328
n1907	1750	0	0	77	210.51127453123283
n1911	1754	0	0	77	210.95465015623276
n1912	1755	0	0	77	211.07884874998274
n1910	1753	0	0	79	210.84380624998278
n1914	1757	0	0	79	211.3138912499827
n1915	1758	0	0	79	211.47014109373268
n1930	1798	0	0	79	217.22601140623195
n1913	1756	0	0	80	211.21640203123272
n1917	1760	0	0	80	211.70251265623264
n1916	1759	0	0	82	211.57564312498266
n1920	1763	0	0	82	212.13253359373257
n1918	1761	0	0	80	211.82938218748262
n1921	1764	0	0	81	212.27142234373255
n1923	1766	0	0	82	212.5425224999825
n1919	1762	0	0	84	211.9842965624826
n1922	1765	0	0	84	212.41565296873253
n1943	1795	0	0	64	212.6173087499825
n1944	1796	0	0	67	212.7695521874825
n1945	1794	0	0	70	212.8763896874825
n1946	1797	0	0	73	212.99658187498247
n1928	1768	0	0	82	212.8149581249825
n1948	1800	0	0	65	217.34887453123196
n1949	1801	0	0	68	217.35020999998196
n1950	1802	0	0	72	217.34353265623196
n1936	1807	0	0	77	217.86436546873188
n1935	1806	0	0	79	217.7601989062319
n1931	1799	0	0	80	217.32884249998196
n1934	1805	0	0	80	217.6653806249819
n1933	1804	0	0	82	217.55854312498192
n1932	1803	0	0	84	217.44769921873194
n1942	1813	0	0	67	218.48268749998186
n1941	1812	0	0	68	218.37985640623185
n1940	1811	0	0	70	218.27702531248184
n1939	1810	0	0	72	218.18354249998183
n1938	1809	0	0	73	218.08738874998184
n1937	1808	0	0	75	217.98455765623186
n1961	1815	0	0	47	218.95944984373185
n1962	1814	0	0	59	218.95143703123185
n1952	1820	0	0	65	218.60020874998185
n1965	1819	0	0	36	219.69929953123173
n1963	1817	0	0	48	219.3413939062318
n1966	1818	0	0	48	219.68594484373173
n1964	1816	0	0	60	219.3200264062318
n1955	1822	0	0	67	219.78209859373172
n1954	1821	0	0	68	219.69128671873173
n1967	1823	0	0	29	220.14000421873172
n1968	1824	0	0	41	220.14000421873172
n1969	1825	0	0	53	220.54865765623168
n1970	1826	0	0	56	220.54865765623168
n1956	1831	0	0	65	220.12798499998172
n1971	1828	0	0	53	220.91457609373168
n1973	1830	0	0	53	221.29117828123165
n1972	1827	0	0	56	220.90656328123168
n1974	1829	0	0	56	221.28316546873165
n1959	1833	0	0	68	221.5556010937316
n1958	1832	0	0	72	221.48749218748162
n1986	1834	0	0	53	221.9856220312316
n1987	1835	0	0	56	221.9776092187316
n1975	1840	0	0	65	221.6424065624816
n1988	1837	0	0	53	222.36355968748157
n1990	1839	0	0	53	222.71879437498154
n1989	1836	0	0	56	222.35287593748157
n1991	1838	0	0	56	222.71345249998154
n1978	1842	0	0	68	223.0005782812315
n1977	1841	0	0	72	222.9418176562315
n1993	1844	0	0	53	223.5534623437314
n1994	1843	0	0	56	223.5507914062314
n1979	1845	0	0	65	223.0740290624815
n1981	1847	0	0	68	223.90068421873136
n1980	1846	0	0	72	223.84860093748136
n1996	1849	0	0	53	224.4094978124813
n1997	1848	0	0	56	224.3961431249813
n1982	1850	0	0	65	223.99149609373134
n1984	1852	0	0	68	224.72066203123126
n1983	1851	0	0	72	224.64854671873127
n2008	1854	0	0	53	225.21612093748118
n2009	1853	0	0	56	225.20944359373118
n1998	1857	0	0	65	224.79811921873124
n2010	1856	0	0	53	225.65148374998114
n2012	1859	0	0	53	226.16029734373106
n2011	1855	0	0	56	225.65549015623114
n2013	1858	0	0	56	226.15762640623106
n2015	1865	0	0	48	227.16857624998093
n2016	1863	0	0	51	227.17258265623093
n2017	1864	0	0	56	227.16456984373093
n1999	1860	0	0	65	226.73588437498097
n2002	1861	0	0	66	226.80532874998096
n2000	deletion
n2001	1862	0	0	68	226.86676031248095
n2018	1868	0	0	48	227.53449468748093
n2021	1871	0	0	48	227.8830520312309
n2019	1867	0	0	51	227.54250749998093
n2022	1872	0	0	51	227.8924003124809
n2020	1866	0	0	56	227.53048828123093
n2023	1870	0	0	56	227.8750392187309
n2006	1876	0	0	66	228.12744281248087
n2024	1879	0	0	66	228.26366062498084
n2005	1875	0	0	68	228.07001765623087
n2004	1874	0	0	70	227.9551673437309
n2003	1873	0	0	72	227.8616845312309
n2035	1878	0	0	49	228.60821156248082
n2036	1877	0	0	56	228.60286968748082
n2037	1882	0	0	49	228.9367368749808
n2039	1885	0	0	49	229.31200359373074
n2038	1881	0	0	56	228.9300595312308
n2040	1884	0	0	56	229.31066812498074
n2025	1880	0	0	65	228.9193757812308
n2026	1887	0	0	66	229.5176657812307
n2042	1888	0	0	45	230.00778281248066
n2043	1889	0	0	53	229.99843453123066
n2028	1891	0	0	63	230.13598781248064
n2027	1890	0	0	65	229.66456734373068
n2044	1895	0	0	45	230.3296307812306
n2046	1901	0	0	45	230.76365812498054
n2045	1894	0	0	53	230.3202824999806
n2047	1900	0	0	53	230.75297437498054
n2029	1893	0	0	63	230.2989149999806
n2031	1899	0	0	63	230.57669249998057
n2033	1903	0	0	63	231.06814499998052
insertion	1897	0	0	63	230.4324618749806
n2032	1902	0	0	72	230.72492953123054
n2057	1904	0	0	46	231.50751421873048
n2058	1905	0	0	53	231.50751421873048
n2048	1906	0	0	63	231.1923435937305
n2059	1908	0	0	46	231.83336859373043
n2061	1912	0	0	46	232.24068656248036
n2060	1909	0	0	53	231.84939421873042
n2062	1911	0	0	53	232.23133828123036
n2049	1907	0	0	61	231.78796265623043
n2050	1910	0	0	63	231.84138140623043
n2064	1916	0	0	43	232.98854906248027
n2065	1915	0	0	51	232.97652984373028
n2051	1917	0	0	65	232.6106114062303
n2066	1918	0	0	43	233.48534343748022
n2068	1923	0	0	43	234.03155015623014
n2067	1919	0	0	51	233.48534343748022
n2069	1922	0	0	51	234.00751171873014
n2053	1921	0	0	61	233.7283987499802
n2055	1924	0	0	61	234.2973084374801
insertion	1913	0	0	61	231.9308578124804
n2052	1920	0	0	63	233.35713843748024
n2054	1925	0	0	70	233.94741562498015
n2076	1927	0	0	44	234.61915640623005
n2077	1926	0	0	51	234.59511796873005
n2078	1930	0	0	56	235.27353609373
n2070	1928	0	0	60	234.49495781248007
n2079	1929	0	0	60	235.26819421873
n2071	1935	0	0	68	234.87556640623004
n2080	1931	0	0	56	235.68218953122997
n2082	1933	0	0	56	236.08416562497993
n2081	1932	0	0	60	235.67150578122997
n2083	1934	0	0	60	236.07081093747993
n2085	1937	0	0	55	237.02567109372978
n2086	1938	0	0	58	237.03769031247978
n2073	1943	0	0	75	236.8453828124798
n2072	1936	0	0	77	236.58229546872985
n2087	1939	0	0	55	237.40761515622975
n2089	1942	0	0	55	237.7802109374797
n2088	1940	0	0	58	237.41829890622975
n2090	1941	0	0	58	237.7815464062297
n2075	1944	0	0	73	237.94847999997967
n2098	1945	0	0	56	238.4906803124796
n2099	1946	0	0	63	238.4906803124796
n2091	1947	0	0	73	238.15547765622964
n2100	1949	0	0	56	238.85526328122955
n2102	1953	0	0	56	239.2158398437295
n2101	1950	0	0	63	238.85793421872955
n2103	1952	0	0	63	239.2251881249795
n2092	1948	0	0	72	238.81920562497956
n2093	1955	0	0	73	239.38277343747947
n2105	1956	0	0	61	239.9022707812294
n2106	1957	0	0	65	239.8969289062294
n2094	1958	0	0	72	239.56306171872944
n2107	1961	0	0	61	240.27620203122936
n2109	1964	0	0	61	240.66749437497933
n2108	1959	0	0	65	240.26151187497936
n2110	1963	0	0	65	240.63544312497933
n2095	1962	0	0	70	240.24147984372937
n2096	1966	0	0	72	240.8664792187293
n2119	1967	0	0	60	241.40600859372927
n2120	1968	0	0	63	241.41669234372927
n2111	1969	0	0	70	241.0614576562293
n2121	1971	0	0	60	241.76658515622924
n2123	1976	0	0	60	242.2259864062292
n2122	1972	0	0	63	241.76391421872924
n2124	1977	0	0	63	242.2473539062292
n2113	1975	0	0	67	242.1525356249792
n2112	1970	0	0	68	241.73854031247924
n2114	1978	0	0	68	242.2219799999792
n2115	1979	0	0	70	242.58122109372914
insertion	1973	0	0	70	241.80664921872923
n2125	1980	0	0	60	242.71743890622912
n2126	1981	0	0	63	242.71743890622912
n2116	1982	0	0	68	242.66268468747913
n2133	1988	0	0	77	244.86754359372893
n2132	1987	0	0	79	244.75669968747894
n2128	1983	0	0	80	244.25723437497896
n2131	1986	0	0	80	244.66855874997896
n2130	1985	0	0	82	244.54703109372898
n2129	1984	0	0	84	244.42950984372897
n2139	1994	0	0	67	245.50055578122897
n2138	1993	0	0	68	245.40173109372896
n2137	1992	0	0	70	245.28554531247894
n2136	1991	0	0	72	245.19339796872893
n2135	1990	0	0	73	245.09056687497895
n2134	1989	0	0	75	244.98239390622894
n2145	1996	0	0	49	245.98399546872898
n2146	1995	0	0	56	245.97865359372898
n2140	2001	0	0	65	245.63143171872898
n2147	1998	0	0	49	246.32453999997895
n2149	2000	0	0	49	246.70648406247892
n2148	1997	0	0	56	246.32453999997895
n2150	1999	0	0	58	246.70247765622892
n2142	2002	0	0	67	246.8480437499789
n2163	2003	0	0	48	247.37021203122887
n2164	2004	0	0	51	247.36887656247887
n2151	2005	0	0	67	247.04969953122887
n2165	2006	0	0	48	247.73479499997887
n2167	2010	0	0	49	248.1768351562288
n2166	2007	0	0	51	247.74147234372887
n2168	2011	0	0	53	248.1728287499788
n2157	2015	0	0	65	248.39585203122877
n2156	2014	0	0	67	248.2956918749788
n2152	2008	0	0	68	247.72544671872888
n2155	2013	0	0	68	248.1835124999788
n2154	2012	0	0	70	248.06064937497882
n2153	2009	0	0	72	247.91374781247885
n2170	2017	0	0	51	248.85658874997873
n2171	2016	0	0	60	248.84056312497873
n2159	2019	0	0	60	249.0275287499787
n2160	2020	0	0	61	249.13837265622868
n2158	2018	0	0	63	248.51070234372875
n2172	2022	0	0	51	249.20247515622867
n2174	2028	0	0	51	249.47491078122863
n2173	2021	0	0	58	249.21850078122867
n2175	2027	0	0	58	249.47624624997863
n2161	2024	0	0	61	249.30263531247866
n2183	2034	0	0	44	250.28554031247856
n2184	2033	0	0	56	250.28019843747856
n2176	2036	0	0	58	249.94766671872856
n2177	2035	0	0	61	249.90760265622856
n2182	2044	0	0	67	251.69045343747842
n2185	2038	0	0	44	250.73425781247852
n2187	2041	0	0	44	251.2096846874785
n2186	2037	0	0	51	250.73959968747852
n2188	2042	0	0	51	251.2030073437285
n2178	2039	0	0	56	250.72758046872852
n2179	2040	0	0	60	250.70354203122852
n2190	2045	0	0	56	252.08441671872842
n2191	2046	0	0	59	252.08441671872842
n2180	2043	0	0	68	251.61833812497844
n2192	2048	0	0	56	252.4823864062284
n2194	2049	0	0	56	252.84029203122836
n2193	2047	0	0	59	252.4783799999784
n2195	2050	0	0	59	252.83628562497836
n2204	2053	0	0	55	253.60418015622827
n2205	2054	0	0	58	253.61219296872827
n2196	deletion
n2197	2059	0	0	75	253.39851796872827
n2206	2056	0	0	55	253.98745968747824
n2208	2057	0	0	55	254.3346815624782
n2207	2055	0	0	58	253.98345328122824
n2209	2058	0	0	58	254.3653973437282
n2199	2060	0	0	73	254.54034374997818
n2211	2061	0	0	56	255.05850562497812
n2212	2062	0	0	63	255.06117656247812
n2200	2063	0	0	73	254.72730937497815
n2213	2065	0	0	56	255.44712703122812
n2215	2068	0	0	56	255.8384193749781
n2216	2067	0	0	59	255.8330774999781
n2214	2064	0	0	63	255.44712703122812
n2202	2069	0	0	63	255.8103745312281
n2201	2066	0	0	71	255.42442406247812
n2225	2070	0	0	56	256.6356942187283
n2226	2071	0	0	59	256.6316878124783
n2217	2074	0	0	64	256.2644339062282
n2227	deletion
n2228	2072	0	0	56	257.03900578122847
n2230	2076	0	0	56	257.4476592187288
n2229	2073	0	0	59	257.03767031247844
n2231	2075	0	0	59	257.4383109374788
n2220	2078	0	0	64	257.68270171872905
n2219	2077	0	0	68	257.40225328122875
n2233	2079	0	0	54	258.1421029687293
n2234	2080	0	0	58	258.1421029687293
n2221	2081	0	0	64	257.80556484372914
n2235	2083	0	0	54	258.54942093747934
n2237	2086	0	0	54	258.91533937497957
n2236	2082	0	0	58	258.55342734372937
n2238	2085	0	0	58	258.90465562497957
n2222	2084	0	0	63	258.49867312497935
n2223	2087	0	0	63	259.0622409374797
n2247	2088	0	0	52	259.7566846874803
n2248	2089	0	0	56	259.7606910937303
n2239	2092	0	0	68	259.38542437498006
n2249	2091	0	0	52	260.14263515623054
n2251	2095	0	0	52	260.48718609373077
n2250	2090	0	0	56	260.14797703123054
n2252	2096	0	0	56	260.4965343749808
n2243	2098	0	0	62	260.64343593748094
n2242	2097	0	0	63	260.47917328123077
n2241	2094	0	0	64	260.31758156248065
n2240	2093	0	0	66	260.12660953123054
n2254	2099	0	0	51	261.33253781248135
n2255	2100	0	0	55	261.3205185937313
n2244	2101	0	0	62	260.8958395312311
n2245	2104	0	0	63	261.74252671873154
n2256	2103	0	0	51	261.8052937499816
n2258	2106	0	0	51	262.168541249982
n2257	2102	0	0	55	261.7785843749816
n2259	2105	0	0	55	262.151180156232
n2284	2109	0	0	51	262.47302812498236
n2285	2111	0	0	58	262.56651093748246
n2286	2110	0	0	61	262.67067749998256
n2261	2107	0	0	79	262.81624359373274
n2265	2114	0	0	79	263.21554874998293
n2262	2108	0	0	80	262.9123973437328
n2264	2113	0	0	80	263.12340140623286
n2263	2112	0	0	82	263.0272476562328
n2287	2119	0	0	51	263.3677921874831
n2288	2118	0	0	56	263.3571084374831
n2289	2117	0	0	60	263.35043109373305
n2267	2115	0	0	80	263.4866489062331
n2271	2122	0	0	80	263.89663781248333
n2268	2116	0	0	82	263.5828026562331
n2270	2121	0	0	82	263.7951421874833
n2269	2120	0	0	84	263.6856337499832
n2290	2129	0	0	51	264.0355265624835
n2291	2130	0	0	55	264.04621031248354
n2292	2131	0	0	58	264.0395329687335
n2277	2128	0	0	79	264.6084426562338
n2276	2127	0	0	80	264.5136243749838
n2272	2123	0	0	82	264.01950093748343
n2275	2126	0	0	82	264.4014449999838
n2274	2125	0	0	84	264.30128484373375
n2273	2124	0	0	85	264.1704089062336
n2283	2137	0	0	68	265.2721706249845
n2282	2136	0	0	70	265.15464937498433
n2281	2135	0	0	72	265.0464764062342
n2280	2134	0	0	73	264.9262842187341
n2279	2133	0	0	75	264.82745953123407
n2278	2132	0	0	77	264.70593187498395
n2318	2140	0	0	51	265.4297559374846
n2319	2142	0	0	58	265.4297559374846
n2320	2139	0	0	61	265.4164012499846
n2295	2138	0	0	67	265.5886767187346
n2299	2145	0	0	67	265.99866562498477
n2296	2141	0	0	68	265.70486249998464
n2298	2144	0	0	68	265.8864862499847
n2297	2143	0	0	70	265.7956743749846
n2321	2149	0	0	51	266.1362189062348
n2322	2148	0	0	56	266.1201932812348
n2323	2150	0	0	60	266.1175223437348
n2301	2146	0	0	68	266.2483982812348
n2305	2153	0	0	68	266.646367968735
n2302	2147	0	0	70	266.3405456249848
n2304	2152	0	0	70	266.54487234373494
n2303	2151	0	0	72	266.4473831249849
n2324	2162	0	0	51	266.8026178124851
n2325	2159	0	0	55	266.79059859373507
n2326	2160	0	0	58	266.78525671873507
n2311	2161	0	0	67	267.36752109373526
n2310	2158	0	0	68	267.26736093748525
n2306	2154	0	0	70	266.7612182812351
n2309	2157	0	0	70	267.1698717187352
n2308	2156	0	0	72	267.0536859374851
n2307	2155	0	0	73	266.92815187498513
n2317	2168	0	0	56	268.0205653124856
n2316	2167	0	0	58	267.9017085937355
n2315	2166	0	0	60	267.8055548437355
n2314	2165	0	0	61	267.6893690624854
n2313	2164	0	0	63	267.5945507812354
n2312	2163	0	0	65	267.4756940624854
n2352	2169	0	0	51	268.1274028124857
n2353	2172	0	0	51	268.481302031236
n2332	2173	0	0	53	268.56410109373604
n2329	2170	0	0	55	268.25961421873586
n2333	2174	0	0	56	268.6736095312361
n2330	2171	0	0	58	268.33840687498594
n2354	2175	0	0	51	268.7964726562362
n2355	2178	0	0	51	269.11965609373647
n2335	2176	0	0	55	268.8846135937363
n2338	2179	0	0	56	269.2385128124865
n2336	2177	0	0	58	269.00347031248634
n2339	2180	0	0	60	269.3186409374865
n2356	2181	0	0	51	269.45085234373664
n2357	2184	0	0	51	269.76869390623705
n2344	2185	0	0	55	269.8715249999872
n2341	2182	0	0	58	269.55902531248677
n2345	2186	0	0	58	269.9610014062373
n2342	2183	0	0	61	269.6618564062369
n2358	2187	0	0	51	270.0918773437375
n2359	2190	0	0	51	270.40838343748766
n2347	2188	0	0	56	270.19737937498763
n2348	2189	0	0	60	270.28685578123765
n2350	2191	0	0	60	270.50453718748764
n2351	2192	0	0	63	270.60736828123765
n2384	2193	0	0	51	270.74759249998766
n2361	2194	0	0	51	270.81169499998765
n2385	2196	0	0	51	271.06676953123764
n2364	2197	0	0	53	271.16692968748765
n2362	2195	0	0	55	270.93989999998763
n2365	2198	0	0	56	271.27510265623766
n2386	2199	0	0	51	271.3725918749877
n2387	2202	0	0	51	271.6717368749877
n2367	2200	0	0	55	271.4780939062377
n2370	2203	0	0	56	271.79727093748767
n2368	2201	0	0	58	271.5702412499877
n2371	2204	0	0	60	271.86671531248766
n2388	2205	0	0	51	271.9922493749877
n2389	2208	0	0	51	272.30608453123773
n2376	2209	0	0	55	272.40758015623777
n2373	2206	0	0	58	272.1124415624877
n2377	2210	0	0	58	272.49839203123776
n2374	2207	0	0	61	272.2005824999877
n2390	2211	0	0	51	272.60122312498777
n2391	2214	0	0	51	272.91772921873786
n2382	2215	0	0	53	273.02456671873784
n2379	2212	0	0	56	272.7240862499878
n2380	2213	0	0	60	272.8068853124878
n2383	2216	0	0	62	273.13541062498786
n2396	2219	0	0	51	273.36644671873796
n2392	2217	0	0	55	273.36511124998793
n2393	2218	0	0	63	273.3477501562379
n2417	2220	0	0	56	276.78524671873936
n2421	2225	0	0	56	277.23262874998966
n2418	2221	0	0	58	276.90810984373934
n2420	2224	0	0	58	277.12979765623953
n2419	2222	0	0	60	277.0202892187395
n2399	2227	0	0	72	276.59561015623933
n2400	2223	0	0	75	276.58492640623933
n2422	2226	0	0	55	277.3541564062398
n2423	2228	0	0	58	277.4583229687399
n2424	2229	0	0	63	277.59053437498994
n2427	2233	0	0	63	277.9123823437404
n2426	2232	0	0	65	277.7988674999902
n2425	2231	0	0	67	277.7000428124901
n2401	2234	0	0	73	277.3514854687398
n2428	2237	0	0	68	278.0899996874904
n2405	2238	0	0	72	278.35041609374053
insertion	2235	0	0	72	278.0873287499904
n2409	2242	0	0	72	278.781772499991
n2408	2241	0	0	73	278.6896251562409
n2407	2240	0	0	75	278.57744578124084
n2415	2248	0	0	72	279.4628615624917
n2414	2247	0	0	73	279.3600304687415
n2413	2246	0	0	75	279.2531929687414
n2412	2245	0	0	77	279.15036187499135
n2411	2244	0	0	79	279.0315051562412
n2410	2243	0	0	80	278.9179903124911
n2448	2249	0	0	56	279.87151499999175
n2452	2254	0	0	56	280.29352312499213
n2449	2250	0	0	58	279.9877007812418
n2451	2253	0	0	58	280.21339499999203
n2450	2252	0	0	60	280.0918673437419
n2430	2256	0	0	72	279.7352971874917
n2431	2251	0	0	75	279.7192715624917
n2453	2255	0	0	55	280.4137153124922
n2454	2257	0	0	58	280.51387546874224
n2455	2258	0	0	63	280.6474223437424
n2458	2263	0	0	63	280.9906378124926
n2457	2261	0	0	65	280.8610973437426
n2456	2260	0	0	67	280.7622726562425
n2432	2262	0	0	73	280.4257345312422
n2459	2266	0	0	68	281.14154578124266
n2436	2267	0	0	72	281.3418660937429
n2440	2271	0	0	72	281.77188703124335
n2439	2270	0	0	73	281.6743978124932
n2438	2269	0	0	75	281.5702312499931
n2446	2277	0	0	72	282.46633078124364
n2445	2276	0	0	73	282.3675060937436
n2444	2275	0	0	75	282.2579976562436
n2443	2274	0	0	77	282.1605084374936
n2442	2273	0	0	79	282.0416517187436
n2441	2272	0	0	80	281.9268014062435
n2485	2284	0	0	49	282.48102093749367
n2486	2285	0	0	53	282.52642687499366
n2487	2286	0	0	58	282.6546318749937
n2461	2278	0	0	70	282.5945357812437
n2462	2279	0	0	82	282.88967437499394
n2466	2283	0	0	82	283.3009987499943
n2463	2280	0	0	84	283.01253749999404
n2465	2282	0	0	84	283.2141932812442
n2464	2281	0	0	85	283.11536859374417
n2472	2292	0	0	80	283.90997249999435
n2471	2291	0	0	82	283.8191606249943
n2470	2290	0	0	84	283.7176649999943
n2469	2289	0	0	85	283.6255176562443
n2468	2288	0	0	87	283.5226865624943
n2467	2287	0	0	89	283.4118426562443
n2489	2300	0	0	51	283.85254734374433
n2490	2303	0	0	58	283.95938484374443
n2491	2301	0	0	61	284.0996090624946
n2478	2298	0	0	75	284.6645123437449
n2477	2297	0	0	77	284.5456556249949
n2473	2293	0	0	79	284.0355065624945
n2476	2296	0	0	79	284.43881812499484
n2475	2295	0	0	80	284.3319806249948
n2474	2294	0	0	82	284.22113671874473
n2484	2307	0	0	65	285.29752453124524
n2483	2306	0	0	67	285.20137078124515
n2482	2305	0	0	68	285.0985396874951
n2481	2304	0	0	70	284.9917021874951
n2480	2302	0	0	72	284.87551640624497
n2479	2299	0	0	73	284.7686789062449
n2525	2321	0	0	51	285.40035562499537
n2518	2312	0	0	60	285.72754546874563
n2517	2309	0	0	61	285.39367828124534
n2493	2308	0	0	63	285.41771671874545
n2496	2313	0	0	63	285.73822921874563
n2494	2310	0	0	67	285.53523796874555
n2497	2314	0	0	67	285.8263701562457
n2498	2315	0	0	68	285.9892973437457
n2495	2311	0	0	70	285.6514237499956
n2520	2320	0	0	56	286.3645640624958
n2519	2316	0	0	58	286.0507289062457
n2502	2322	0	0	60	286.35521578124576
n2499	2317	0	0	61	286.0293614062457
n2500	2318	0	0	63	286.18961765624573
n2503	2323	0	0	63	286.46472421874586
n2501	2319	0	0	67	286.26573937499575
n2504	2324	0	0	68	286.5475232812459
n2526	2338	0	0	51	286.693089374996
n2522	2329	0	0	60	287.0136018749961
n2521	2326	0	0	61	286.682405624996
n2505	2325	0	0	63	286.674392812496
n2508	2330	0	0	63	287.0229501562461
n2506	2327	0	0	67	286.783901249996
n2509	2331	0	0	67	287.11643296874615
n2510	2332	0	0	68	287.23528968749616
n2507	2328	0	0	70	286.9054289062461
n2524	2337	0	0	56	287.72006484374623
n2523	2333	0	0	58	287.3661656249962
n2514	2339	0	0	60	287.72273578124623
n2511	2334	0	0	61	287.3835267187462
n2512	2335	0	0	63	287.48902874999624
n2515	2340	0	0	63	287.8362506249963
n2513	2336	0	0	67	287.5905243749962
n2516	2341	0	0	68	287.9511009374964
n2552	2362	0	0	49	288.07663499999643
n2551	2361	0	0	53	288.19282078124644
n2528	2342	0	0	58	288.3584189062465
n2531	2345	0	0	58	288.67626046874676
n2529	2343	0	0	61	288.46392093749654
n2532	2346	0	0	61	288.78042703124686
n2530	2344	0	0	65	288.58678406249663
n2533	2347	0	0	65	288.8672324999969
n2534	2348	0	0	65	289.00478578124694
n2537	2351	0	0	65	289.3186209374972
n2535	2349	0	0	70	289.12097156249706
n2538	2352	0	0	70	289.41878109374727
n2536	2350	0	0	73	289.21311890624713
n2540	2354	0	0	70	289.6297851562475
n2543	2357	0	0	70	289.9930326562476
n2539	2353	0	0	73	289.50558656249734
n2541	2355	0	0	73	289.73662265624756
n2544	2358	0	0	73	290.11188937499765
n2542	2356	0	0	77	289.8528084374976
n2550	2366	0	0	68	290.88245484374806
n2549	2365	0	0	70	290.79564937499805
n2548	2364	0	0	72	290.68346999999795
n2547	2363	0	0	73	290.5833098437477
n2546	2360	0	0	75	290.46578859374773
n2545	2359	0	0	77	290.2694746874977
n2556	2391	0	0	51	291.0266854687482
n2555	2392	0	0	58	291.1255101562483
n2557	2389	0	0	61	291.24169593749843
n2554	2368	0	0	67	291.47673843749857
n2553	2367	0	0	68	291.0346982812482
n2561	2394	0	0	48	296.37924421875204
n2562	2393	0	0	51	296.37390234375204
n2558	2399	0	0	57	296.020003125002
n2563	2396	0	0	48	296.7358143750022
n2565	2397	0	0	48	297.1124165625025
n2564	2395	0	0	51	296.7424917187522
n2566	2398	0	0	51	297.11375203125255
n2568	2400	0	0	49	297.853601718753
n2569	2401	0	0	53	297.853601718753
n2559	2406	0	0	58	297.4930251562529
n2570	2403	0	0	49	298.2315393750031
n2572	2405	0	0	49	298.6094770312534
n2571	2402	0	0	53	298.23955218750314
n2573	2404	0	0	53	298.61748984375345
n2583	deletion
n2584	2407	0	0	48	299.3733651562536
n2574	2413	0	0	54	299.03282062500364
n2585	deletion
n2587	deletion
n2586	2409	0	0	48	299.7539737500036
n2588	2411	0	0	48	300.13725328125383
n2589	deletion
n2590	2415	0	0	49	300.6647634375042
n2575	2414	0	0	53	300.6781181250042
n2576	2416	0	0	64	301.18426078125424
n2577	2417	0	0	65	301.22699578125423
n2580	2420	0	0	57	301.7892281250044
n2581	2421	0	0	58	301.8306276562544
n2578	2418	0	0	60	301.49141859375436
n2579	2419	0	0	61	301.5354890625044
n2592	2422	0	0	53	302.1511401562544
n2593	2423	0	0	76	302.7280626562548
n2594	2424	0	0	77	302.8482548437548
n2597	2427	0	0	69	303.3450492187548
n2598	2428	0	0	70	303.4465448437548
n2595	2425	0	0	72	303.0512460937548
n2596	2426	0	0	73	303.1514062500048
n2599	2429	0	0	65	303.7216514062548
n2600	2430	0	0	76	304.2050910937551
n2601	2431	0	0	77	304.39072125000524
n2605	2435	0	0	70	304.94761171875547
n2604	2434	0	0	72	304.81540031250546
n2603	2433	0	0	73	304.68318890625545
n2602	2432	0	0	75	304.5416292187554
n2620	2439	0	0	51	305.4644381250056
n2621	2438	0	0	60	305.45776078125556
n2607	2436	0	0	72	305.0945132812555
n2608	2437	0	0	73	305.1666285937555
n2609	2442	0	0	75	305.24141484375554
n2622	2441	0	0	51	305.7983053125056
n2624	2446	0	0	51	306.13350796875585
n2623	2440	0	0	60	305.7956343750056
n2625	2445	0	0	60	306.1214887500058
n2616	2450	0	0	65	306.3765632812562
n2615	2449	0	0	67	306.2977706250061
n2614	2448	0	0	68	306.222984375006
n2613	2447	0	0	70	306.12549515625585
n2612	2444	0	0	72	306.03468328125575
n2611	2443	0	0	73	305.92651031250574
n2627	2452	0	0	51	306.75850734375626
n2628	2451	0	0	60	306.75049453125627
n2617	2453	0	0	63	306.46203328125625
n2629	2458	0	0	51	307.1244257812564
n2631	2464	0	0	51	307.4062096875067
n2630	2457	0	0	58	307.1257612500064
n2632	2463	0	0	58	307.41288703125673
n2618	2459	0	0	61	307.2005475000065
n2638	2471	0	0	56	307.86160453125717
n2633	2470	0	0	60	307.8629400000072
n2634	2472	0	0	68	308.22885843750737
n2639	2473	0	0	60	308.5734093750077
n2635	2474	0	0	66	308.8992637500079
n2640	2475	0	0	61	309.2785368750079
n2636	2476	0	0	65	309.58970109375787
n2641	2477	0	0	49	309.9836643750079
n2637	2478	0	0	69	310.2667837500079
n2642	2480	0	0	70	310.5953090625083
n2643	2483	0	0	72	310.9478728125087
n2644	2485	0	0	73	311.23099218750895
n2645	2488	0	0	76	311.5434918750092
n2646	2490	0	0	77	311.8332885937592
n2648	2494	0	0	84	312.22324546875933
n2651	2497	0	0	84	312.77345859375936
n2650	2496	0	0	85	312.53307421875934
n2652	2498	0	0	87	312.84023203125935
n2680	2501	0	0	49	313.5707334375094
n2681	2500	0	0	58	313.5734043750094
n2654	2499	0	0	85	313.1487253125093
n2655	2504	0	0	89	313.29429140625933
n2682	2503	0	0	49	313.9139489062594
n2684	2509	0	0	49	314.2504870312597
n2683	2502	0	0	58	313.9059360937594
n2685	2507	0	0	58	314.2424742187597
n2662	2512	0	0	82	314.47351031251
n2661	2511	0	0	84	314.3973885937599
n2663	2513	0	0	84	314.56165125001
n2658	2506	0	0	85	314.1596751562596
n2660	2510	0	0	85	314.31058312500977
n2657	2505	0	0	87	314.04081843750953
n2659	2508	0	0	87	314.23179046875964
n2687	2519	0	0	51	314.9342470312602
n2688	2517	0	0	60	314.9235632812602
n2670	2522	0	0	79	315.1666185937603
n2669	2521	0	0	80	315.0904968750103
n2668	2520	0	0	82	315.0050268750103
n2667	2518	0	0	84	314.8901765625102
n2664	2514	0	0	85	314.6551340625101
n2666	2516	0	0	85	314.8167257812602
n2665	2515	0	0	87	314.72457843751016
n2689	2524	0	0	51	315.26677875001036
n2691	2530	0	0	51	315.6073232812607
n2690	2523	0	0	60	315.26143687501036
n2692	2529	0	0	60	315.59263312501065
n2678	2534	0	0	65	315.863733281261
n2677	2533	0	0	67	315.78226968751085
n2676	2532	0	0	68	315.6994706250108
n2675	2531	0	0	70	315.62067796876073
n2674	2528	0	0	72	315.5325370312606
n2673	2527	0	0	73	315.45240890626053
n2672	2526	0	0	75	315.36560343751046
n2671	2525	0	0	77	315.25876593751036
n2698	2536	0	0	51	316.3084443750113
n2699	2535	0	0	59	316.29909609376125
n2693	2541	0	0	63	315.9585515625111
n2700	2537	0	0	51	316.67703375001145
n2702	2540	0	0	51	317.0576423437617
n2701	2538	0	0	59	316.6636790625114
n2703	2539	0	0	59	317.0456231250117
n2705	2542	0	0	52	317.7627698437622
n2706	2543	0	0	59	317.7560925000122
n2694	2548	0	0	62	317.4155479687621
n2707	2545	0	0	52	318.1607395312623
n2709	2546	0	0	52	318.53467078126266
n2708	2544	0	0	59	318.1567331250123
n2710	2547	0	0	59	318.53467078126266
n2696	2549	0	0	63	318.89391187501303
n2730	2551	0	0	55	319.3546485937634
n2731	2550	0	0	58	319.34262937501336
n2711	2552	0	0	61	318.95934984376305
n2712	2553	0	0	63	319.6310906250135
n2732	2555	0	0	55	319.7232379687635
n2734	2559	0	0	55	320.10651750001387
n2733	2554	0	0	58	319.7205670312635
n2735	2558	0	0	58	320.09984015626384
n2713	2556	0	0	61	319.7045414062635
n2715	2560	0	0	61	320.0851500000138
n2714	2557	0	0	63	320.01437015626374
n2716	2561	0	0	63	320.389636875014
n2736	2565	0	0	56	320.5886217187642
n2717	2562	0	0	60	320.56191234376416
n2720	2566	0	0	60	320.86907015626446
n2718	2563	0	0	63	320.6714207812643
n2721	2567	0	0	63	321.01062984376455
n2723	2569	0	0	63	321.2069437500146
n2719	2564	0	0	68	320.77558734376436
n2722	2568	0	0	68	321.0960998437646
n2738	2573	0	0	51	321.5034178125148
n2739	2572	0	0	58	321.49674046876476
n2724	2570	0	0	67	321.29241375001465
n2726	2574	0	0	67	321.5314626562648
n2725	2571	0	0	70	321.40726406251474
n2727	2575	0	0	70	321.6302873437648
n2728	2576	0	0	73	321.7344539062648
n2764	2580	0	0	56	321.8452978125148
n2740	2577	0	0	72	321.8506396875148
n2743	2581	0	0	72	322.1524556250148
n2741	2578	0	0	75	321.9561417187648
n2744	2582	0	0	75	322.2606285937648
n2742	2579	0	0	80	322.0656501562648
n2745	2583	0	0	80	322.3474340625148
n2766	2588	0	0	51	322.7547520312649
n2767	2587	0	0	58	322.7614293750149
n2746	2584	0	0	75	322.4596134375148
n2747	2585	0	0	79	322.54241250001485
n2749	2589	0	0	79	322.77611953126495
n2748	2586	0	0	82	322.6492500000149
n2750	2590	0	0	82	322.8709378125151
n2751	2591	0	0	85	322.9844526562651
n2768	2596	0	0	56	323.10731578126513
n2757	2598	0	0	82	323.60277468751536
n2752	2592	0	0	84	323.0952965625151
n2756	2597	0	0	84	323.49860812501527
n2753	2593	0	0	85	323.20213406251514
n2755	2595	0	0	85	323.4011189062652
n2754	2594	0	0	87	323.29962328126516
n2763	2604	0	0	72	324.2304450000155
n2762	2603	0	0	73	324.1356267187654
n2761	2602	0	0	75	324.0274537500154
n2760	2601	0	0	77	323.90726156251543
n2759	2600	0	0	79	323.80443046876536
n2758	2599	0	0	80	323.71228312501535
n2786	2610	0	0	49	324.21575484376547
n2787	2611	0	0	53	324.36666281251553
n2770	2605	0	0	70	324.35330812501553
n2773	2608	0	0	70	324.7512778125156
n2772	2607	0	0	72	324.6137245312656
n2771	2606	0	0	73	324.52157718751556
n2775	2612	0	0	75	324.98097843751566
n2774	2609	0	0	77	324.86345718751556
n2781	2618	0	0	65	325.5819393750161
n2780	2617	0	0	67	325.492462968766
n2779	2616	0	0	68	325.38562546876597
n2778	2615	0	0	70	325.286800781266
n2777	2614	0	0	72	325.1786278125159
n2776	2613	0	0	73	325.08113859376573
n2789	2620	0	0	51	325.76089218751616
n2791	2622	0	0	51	326.10410765626636
n2790	2619	0	0	60	325.75955671876613
n2792	2621	0	0	60	326.09743031251634
n2782	2623	0	0	63	325.7234990625161
n2783	2624	0	0	68	326.2096096875165
n2784	2625	0	0	70	326.2977506250166
n2793	2628	0	0	51	326.41794281251674
n2795	2634	0	0	51	326.71441687501704
n2794	2627	0	0	55	326.41927828126677
n2796	2632	0	0	55	326.71441687501704
n2785	2629	0	0	70	326.4620132812668
n2821	2643	0	0	56	327.26596546876755
n2797	2638	0	0	60	327.25528171876755
n2800	2641	0	0	60	327.54774937501776
n2798	2639	0	0	63	327.35143546876765
n2801	2642	0	0	63	327.68263171876777
n2803	2645	0	0	63	327.87761015626796
n2799	2640	0	0	68	327.4636148437677
n2802	2644	0	0	68	327.7627598437678
n2823	2650	0	0	51	328.1874389062681
n2824	2648	0	0	58	328.1874389062681
n2804	2646	0	0	67	327.96975750001803
n2806	2649	0	0	67	328.1914453125181
n2805	2647	0	0	70	328.0739240625181
n2807	2651	0	0	70	328.2835926562682
n2808	2652	0	0	73	328.3824173437682
n2825	2656	0	0	56	328.51062234376826
n2809	2653	0	0	72	328.51596421876826
n2812	2657	0	0	72	328.80843187501847
n2810	2654	0	0	75	328.6201307812683
n2813	2658	0	0	75	328.90859203126865
n2811	2655	0	0	80	328.7136135937684
n2814	2659	0	0	80	329.00073937501867
n2827	2664	0	0	51	329.39069625001906
n2828	2663	0	0	58	329.3920317187691
n2815	2660	0	0	75	329.1155896875187
n2816	2661	0	0	79	329.1863695312688
n2818	2665	0	0	79	329.4093928125191
n2817	2662	0	0	82	329.298548906269
n2819	2666	0	0	82	329.5055465625192
n2820	2667	0	0	85	329.60437125001926
n2853	2672	0	0	56	329.7205570312693
n2834	2674	0	0	82	330.24539625001944
n2829	2668	0	0	84	329.7205570312693
n2833	2673	0	0	84	330.13722328126937
n2830	2669	0	0	85	329.82739453126936
n2832	2671	0	0	85	330.0490823437694
n2831	2670	0	0	87	329.9328965625194
n2840	2680	0	0	72	330.8303315625198
n2839	2679	0	0	73	330.7395196875197
n2838	2678	0	0	75	330.6487078125196
n2837	2677	0	0	77	330.54320578126953
n2836	2676	0	0	79	330.43636828126944
n2835	2675	0	0	80	330.34021453126945
n2855	2685	0	0	49	330.80095125001975
n2856	2687	0	0	53	330.9117951562699
n2841	2681	0	0	70	330.9425109375199
n2844	2684	0	0	70	331.41526687501994
n2843	2683	0	0	72	331.2924037500199
n2842	2682	0	0	73	331.1722115625199
n2846	2688	0	0	75	331.71574734377
n2845	2686	0	0	77	331.59154875001997
n2852	2694	0	0	65	332.32338562502014
n2851	2693	0	0	67	332.2299028125201
n2850	2692	0	0	68	332.1324135937701
n2849	2691	0	0	70	332.03492437502007
n2848	2690	0	0	72	331.92140953127006
n2847	2689	0	0	73	331.82392031252
n2867	2696	0	0	51	332.52370593752016
n2869	2698	0	0	51	332.86425046877025
n2868	2695	0	0	60	332.52237046877013
n2870	2697	0	0	60	332.8549021875202
n2858	2699	0	0	63	332.4649453125201
n2859	2700	0	0	68	333.02050031252026
n2860	2701	0	0	70	333.10196390627027
n2871	2704	0	0	51	333.20479500002034
n2873	2709	0	0	51	333.4932562500204
n2872	2703	0	0	55	333.2034595312703
n2874	2708	0	0	55	333.49993359377044
n2861	2705	0	0	70	333.26222015627036
n2875	2716	0	0	56	333.9366318750209
n2862	2715	0	0	68	333.9352964062709
n2876	2718	0	0	49	334.69250718752113
n2878	2724	0	0	51	335.1719404687714
n2877	2717	0	0	58	334.68983625002113
n2879	2722	0	0	61	335.18395968752145
n2865	2721	0	0	63	335.1746114062714
n2866	2723	0	0	67	335.1385537500214
n2863	2719	0	0	73	334.6844943750211
n2864	2720	0	0	77	334.65644953127105
n2890	2727	0	0	56	335.55789093752185
n2891	2725	0	0	60	335.55789093752185
n2881	2728	0	0	68	335.52049781252174
n2893	2731	0	0	49	336.5701762500229
n2895	2736	0	0	51	337.192504687523
n2894	2732	0	0	58	336.5862018750229
n2896	2734	0	0	58	337.19784656252307
n2885	2733	0	0	61	337.175143593773
n2883	2730	0	0	73	336.5434668750229
n2884	2729	0	0	77	336.50206734377286
n2897	2740	0	0	44	337.90564500002364
n2898	2737	0	0	56	337.8989676562736
n2887	2738	0	0	60	337.8896193750236
n2888	2739	0	0	68	337.87092281252353
insertion	0	0	0	68	1.5077442187500003
insertion	1	0	0	67	1.5771885937500003
insertion	27	0	0	72	5.408648437500002
insertion	24	0	0	73	5.3325267187500005
insertion	38	0	0	70	6.796200468750011
insertion	35	0	0	72	6.712065937500011
insertion	47	0	0	68	8.30127375000002
insertion	96	0	0	63	15.611629687500056
insertion	104	0	0	60	16.06568906250006
insertion	99	0	0	61	15.860026875000054
insertion	103	0	0	61	16.009599375000057
insertion	105	0	0	61	16.20057140625006
insertion	98	0	0	63	15.775892343750055
insertion	102	0	0	63	15.929471250000056
insertion	117	0	0	56	18.506925937500085
insertion	118	0	0	56	18.859489687500083
insertion	163	0	0	63	23.064880781250068
insertion	165	0	0	63	23.210446875000063
insertion	171	0	0	60	23.517604687500057
insertion	166	0	0	61	23.309271562500065
insertion	170	0	0	61	23.43347015625006
insertion	172	0	0	61	23.60574562500006
insertion	169	0	0	63	23.354677500000065
insertion	203	0	0	77	27.920645156250064
insertion	206	0	0	76	28.026147187500065
insertion	214	0	0	73	29.40435093750007
insertion	217	0	0	72	29.483143593750068
insertion	254	0	0	74	34.0344210937499
insertion	251	0	0	75	33.943609218749906
insertion	420	0	0	82	52.69759687499863
insertion	427	0	0	79	53.452136718748584
insertion	429	0	0	80	53.88883499999855
insertion	426	0	0	82	53.448130312498584
insertion	449	0	0	82	55.809239062498435
insertion	453	0	0	79	56.52905671874839
insertion	458	0	0	80	56.86425937499836
insertion	455	0	0	82	56.518372968748395
insertion	532	0	0	60	63.76061999999823
insertion	559	0	0	74	67.11665296874784
insertion	560	0	0	75	67.37172749999782
insertion	562	0	0	75	67.6828917187478
insertion	564	0	0	75	67.88988937499776
insertion	566	0	0	75	68.03144906249776
insertion	568	0	0	75	68.18636343749775
insertion	570	0	0	75	68.31857484374773
insertion	572	0	0	75	68.4454443749977
insertion	561	0	0	74	67.54266749999782
insertion	563	0	0	74	67.80441937499778
insertion	565	0	0	74	67.95799828124775
insertion	567	0	0	74	68.12760281249776
insertion	569	0	0	74	68.25981421874774
insertion	571	0	0	74	68.41205765624771
insertion	573	0	0	74	68.53224984374769
insertion	574	0	0	72	68.78331796874765
insertion	575	0	0	72	69.02370234374763
insertion	642	0	0	55	81.8909437499968
insertion	654	0	0	55	82.56401999999672
insertion	647	0	0	56	82.18875328124676
insertion	649	0	0	56	82.33565484374675
insertion	653	0	0	56	82.47320812499673
insertion	655	0	0	56	82.6281224999967
insertion	646	0	0	58	82.08992859374678
insertion	648	0	0	58	82.26220406249676
insertion	652	0	0	58	82.39842187499674
insertion	665	0	0	67	85.48469015624656
insertion	667	0	0	64	85.58351484374654
insertion	668	0	0	65	85.65295921874653
insertion	670	0	0	70	86.1377343749965
insertion	672	0	0	67	86.2592620312465
insertion	673	0	0	68	86.3353837499965
insertion	675	0	0	74	86.78944312499645
insertion	677	0	0	71	86.90429343749643
insertion	678	0	0	72	86.95504124999643
insertion	791	0	0	53	99.66870374999542
insertion	814	0	0	65	102.05518640624535
insertion	818	0	0	65	102.20342343749533
insertion	820	0	0	65	102.3596732812453
insertion	813	0	0	67	101.98574203124537
insertion	817	0	0	67	102.13798546874534
insertion	819	0	0	67	102.29289984374532
insertion	868	0	0	53	106.38344062499488
insertion	896	0	0	63	109.1077968749947
insertion	891	0	0	65	108.85138687499473
insertion	895	0	0	65	108.99428203124472
insertion	897	0	0	65	109.1785767187447
insertion	888	0	0	67	108.61634437499477
insertion	890	0	0	67	108.77660062499474
insertion	894	0	0	67	108.93285046874472
insertion	908	0	0	58	110.8532545312445
insertion	918	0	0	62	112.27152234374438
insertion	921	0	0	58	112.7976970312443
insertion	924	0	0	75	114.10244999999414
insertion	925	0	0	74	114.16121062499413
insertion	933	0	0	84	115.65292921874398
insertion	951	0	0	79	117.93123890624373
insertion	948	0	0	80	117.86446546874375
insertion	962	0	0	77	119.4363121874936
insertion	959	0	0	79	119.3722096874936
insertion	971	0	0	75	120.97343671874356
insertion	1011	0	0	83	127.51189171874313
insertion	1017	0	0	83	128.36124984374305
insertion	1034	0	0	80	129.9210773437429
insertion	1045	0	0	79	131.38208015624272
insertion	1042	0	0	80	131.30061656249273
insertion	1054	0	0	77	132.8591085937425
insertion	1333	0	0	67	159.12243703123912
insertion	1343	0	0	63	160.039904062489
insertion	1457	0	0	73	171.9763237499875
insertion	1463	0	0	73	172.61868421873746
insertion	1492	0	0	61	175.60746328123705
insertion	1496	0	0	73	176.03748421873698
insertion	1498	0	0	61	176.21643703123695
insertion	1502	0	0	73	176.6250904687369
insertion	1538	0	0	67	179.8996598437364
insertion	1593	0	0	53	184.65793499998568
insertion	1601	0	0	55	185.08929140623565
insertion	1620	0	0	77	190.767704531235
insertion	1623	0	0	76	190.867864687485
insertion	1635	0	0	85	192.35157046873482
insertion	1644	0	0	82	193.9194107812347
insertion	1669	0	0	81	197.55055031248418
insertion	1672	0	0	82	197.64536859373416
insertion	1741	0	0	68	208.78451343748299
insertion	1767	0	0	81	212.6774048437325
insertion	1770	0	0	82	213.04599421873246
insertion	1772	0	0	82	213.17954109373244
insertion	1774	0	0	82	213.33445546873241
insertion	1776	0	0	82	213.4746796874824
insertion	1778	0	0	82	213.60154921873237
insertion	1780	0	0	82	213.73108968748235
insertion	1769	0	0	84	212.94449859373248
insertion	1771	0	0	84	213.09941296873245
insertion	1773	0	0	84	213.24631453123243
insertion	1775	0	0	84	213.3825323437324
insertion	1777	0	0	84	213.5094018749824
insertion	1779	0	0	84	213.65763890623236
insertion	1791	0	0	81	214.7754262499822
insertion	1792	0	0	81	215.05854562498217
insertion	1782	0	0	82	213.88600406248233
insertion	1784	0	0	82	214.0329056249823
insertion	1786	0	0	82	214.17446531248228
insertion	1788	0	0	82	214.32403781248226
insertion	1790	0	0	82	214.46559749998224
insertion	1793	0	0	82	215.6100942187321
insertion	1781	0	0	84	213.78450843748234
insertion	1783	0	0	84	213.93541640623232
insertion	1785	0	0	84	214.0809824999823
insertion	1787	0	0	84	214.24658062498227
insertion	1789	0	0	84	214.37345015623225
insertion	1869	0	0	66	226.94555296873094
insertion	1886	0	0	65	229.08764484373077
insertion	1883	0	0	66	228.9954974999808
insertion	1892	0	0	65	230.23748343748062
insertion	1896	0	0	65	230.3576756249806
insertion	1898	0	0	62	230.49122249998058
insertion	1914	0	0	65	232.39693640623034
insertion	1954	0	0	72	238.95809437497954
insertion	1951	0	0	73	238.86728249997955
insertion	1965	0	0	70	240.36567843747935
insertion	1960	0	0	72	240.27887296872936
insertion	1974	0	0	68	241.88944828122922
insertion	2023	0	0	63	249.20915249997867
insertion	2031	0	0	60	249.6525281249786
insertion	2026	0	0	61	249.45220781247863
insertion	2030	0	0	61	249.5790773437286
insertion	2032	0	0	61	249.7406690624786
insertion	2025	0	0	63	249.36807328122865
insertion	2029	0	0	63	249.50963296872862
insertion	2051	0	0	68	251.7612332812284
insertion	2052	0	0	74	253.1808365624783
insertion	2230	0	0	75	277.3488145312398
insertion	2236	0	0	75	278.0739740624904
insertion	2239	0	0	73	278.4692728124907
insertion	2259	0	0	75	280.4163862499922
insertion	2264	0	0	72	281.12952656249263
insertion	2268	0	0	73	281.47140656249303
insertion	2265	0	0	75	281.12151374999263
insertion	2369	0	0	68	291.74516765624884
insertion	2370	0	0	67	291.929462343749
insertion	2372	0	0	67	292.2806906249992
insertion	2374	0	0	67	292.5531262499994
insertion	2376	0	0	67	292.7280726562496
insertion	2371	0	0	68	292.1324535937491
insertion	2373	0	0	68	292.42358578124936
insertion	2375	0	0	68	292.6452735937495
insertion	2377	0	0	68	292.7948460937497
insertion	2378	0	0	67	292.88565796874974
insertion	2379	0	0	68	292.9537668749998
insertion	2380	0	0	67	293.0459142187499
insertion	2381	0	0	68	293.10467484375
insertion	2382	0	0	67	293.19415125000006
insertion	2383	0	0	68	293.2635956250001
insertion	2384	0	0	67	293.3423882812502
insertion	2385	0	0	68	293.3958070312503
insertion	2386	0	0	67	293.4772706250003
insertion	2387	0	0	65	293.73368062500055
insertion	2388	0	0	65	294.0034453125007
insertion	2390	0	0	67	294.397408593751
insertion	2408	0	0	44	299.3706942187536
insertion	2410	0	0	44	299.7566446875036
insertion	2412	0	0	44	300.13191140625383
insertion	2454	0	0	60	306.9241054687563
insertion	2455	0	0	61	307.04162671875633
insertion	2468	0	0	60	307.6933354687571
insertion	2461	0	0	61	307.3487845312566
insertion	2465	0	0	61	307.49568609375683
insertion	2467	0	0	61	307.618549218757
insertion	2456	0	0	63	307.10973562500635
insertion	2460	0	0	63	307.27266281250655
insertion	2462	0	0	63	307.4035387500067
insertion	2466	0	0	63	307.5344146875069
insertion	2469	0	0	61	307.75610250000716
insertion	2481	0	0	69	310.6513987500084
insertion	2479	0	0	72	310.53788390625823
insertion	2482	0	0	70	310.7221785937585
insertion	2484	0	0	75	311.16555421875887
insertion	2486	0	0	72	311.284410937509
insertion	2487	0	0	73	311.3485134375091
insertion	2489	0	0	79	311.7731925000092
insertion	2491	0	0	76	311.88537187500924
insertion	2492	0	0	77	311.9414615625093
insertion	2493	0	0	81	312.16982671875934
insertion	2495	0	0	82	312.4676362500093
insertion	2626	0	0	72	326.3778787500167
insertion	2631	0	0	70	326.6195985937669
insertion	2635	0	0	70	326.7745129687671
insertion	2637	0	0	70	326.9160726562672
insertion	2630	0	0	72	326.54748328126686
insertion	2633	0	0	72	326.706404062517
insertion	2636	0	0	72	326.8546410937671
insertion	2713	0	0	68	333.79507218752076
insertion	2707	0	0	70	333.4144635937704
insertion	2711	0	0	70	333.57605531252057
insertion	2712	0	0	70	333.71627953127074
insertion	2714	0	0	70	333.83914265627084
insertion	2702	0	0	72	333.1780856250203
insertion	2706	0	0	72	333.35837390627034
insertion	2710	0	0	72	333.5159592187705
insertion	2726	0	0	63	335.5485426562718
insertion	2735	0	0	67	337.159117968773
