xml_id	midi_id	track	channel	pitch	onset
n25	2	0	0	45	1.5331181250000003
n27	11	0	0	52	1.9297523437500004
n28	9	0	0	57	1.9230750000000003
n17	1	0	0	60	1.5184279687500004
n29	8	0	0	60	1.9230750000000003
n19	10	0	0	64	1.9097203125000004
n18	deletion
n1	0	0	0	69	1.5104151562500003
n20	6	0	0	69	1.8963656250000005
n2	3	0	0	70	1.6145817187500004
n3	4	0	0	71	1.6893679687500005
n4	5	0	0	72	1.7881926562500006
n5	7	0	0	73	1.9110557812500004
n6	12	0	0	74	1.9791646875000004
n7	13	0	0	75	2.087337656250001
n8	14	0	0	76	2.1848268750000006
n31	16	0	0	45	2.2956707812500006
n21	15	0	0	69	2.2876579687500005
n22	deletion
n9	17	0	0	77	2.2836515625000007
n10	18	0	0	78	2.4011728125000005
n11	19	0	0	79	2.4959910937500003
n12	20	0	0	80	2.5881384375000005
n33	24	0	0	53	2.6949759374999998
n34	23	0	0	57	2.7016532812499996
n35	21	0	0	62	2.6842921875
n23	22	0	0	74	2.6736084375000004
n24	deletion
n13	25	0	0	81	2.6802857812500003
n14	26	0	0	82	2.777775
n15	27	0	0	83	2.8699223437500003
n16	28	0	0	84	2.9714179687500004
n61	29	0	0	33	3.0488751562500003
n62	31	0	0	45	3.0689071875
n53	30	0	0	76	3.0568879687500004
n54	32	0	0	81	3.0795909375
n37	33	0	0	85	3.0635653125
n38	34	0	0	86	3.1663964062499996
n39	35	0	0	87	3.2745693749999996
n40	36	0	0	88	3.3707231249999996
n64	39	0	0	52	3.4548576562499993
n65	38	0	0	57	3.465541406249999
n66	37	0	0	60	3.465541406249999
n55	40	0	0	81	3.461534999999999
n56	deletion
n44	44	0	0	86	3.752667187499998
n43	43	0	0	87	3.647165156249998
n42	42	0	0	88	3.5456695312499984
n41	41	0	0	89	3.4428384374999994
n68	46	0	0	57	3.846149999999998
n69	49	0	0	60	3.8928914062499977
n70	48	0	0	64	3.860840156249998
n57	45	0	0	76	3.831459843749998
n58	deletion
n48	52	0	0	82	4.119921093749998
n47	51	0	0	83	4.033115624999998
n46	50	0	0	84	3.946310156249998
n45	47	0	0	85	3.840808124999998
n59	54	0	0	72	4.229429531249997
n60	53	0	0	76	4.224087656249997
n90	deletion
n50	56	0	0	80	4.317570468749997
n49	55	0	0	81	4.214739374999997
n52	58	0	0	81	4.493852343749997
n51	57	0	0	83	4.409717812499997
n97	59	0	0	40	4.594012499999997
n89	61	0	0	71	4.618050937499998
n76	64	0	0	77	4.8811382812499975
n75	63	0	0	78	4.783649062499997
n74	62	0	0	79	4.704856406249998
n73	60	0	0	80	4.598018906249997
n99	66	0	0	52	4.997324062499998
n100	65	0	0	59	4.9999949999999975
n101	67	0	0	62	5.013349687499997
n91	68	0	0	68	5.002665937499997
n92	69	0	0	71	5.018691562499997
n78	71	0	0	75	5.081458593749997
n77	70	0	0	76	4.982633906249998
n80	73	0	0	76	5.269759687499997
n79	72	0	0	77	5.162922187499997
n103	76	0	0	45	5.377932656249996
n93	75	0	0	69	5.344545937499997
n84	79	0	0	72	5.637013593749996
n94	deletion
n83	78	0	0	73	5.554214531249996
n82	77	0	0	74	5.4660735937499965
n81	74	0	0	75	5.3525587499999965
n105	80	0	0	52	5.746522031249997
n106	81	0	0	57	5.762547656249997
n107	84	0	0	60	5.7718959374999965
n95	85	0	0	64	5.7665540624999965
n96	82	0	0	69	5.765218593749997
n85	83	0	0	71	5.735838281249997
n86	86	0	0	72	5.827985624999996
n88	88	0	0	72	6.026970468749996
n87	87	0	0	74	5.929481249999996
n133	89	0	0	52	6.117782343749996
n134	deletion
n125	90	0	0	64	6.121788749999996
n126	91	0	0	68	6.140485312499996
n109	92	0	0	71	6.1298015624999955
n111	94	0	0	71	6.320773593749996
n110	93	0	0	72	6.224619843749996
n112	95	0	0	72	6.420933749999995
n136	101	0	0	53	6.497055468749995
n137	103	0	0	59	6.493049062499995
n127	96	0	0	63	6.506403749999994
n128	97	0	0	69	6.5050682812499945
n113	98	0	0	71	6.509074687499994
n115	100	0	0	71	6.708059531249994
n114	99	0	0	72	6.602557499999994
n116	102	0	0	72	6.786852187499994
n138	106	0	0	52	6.903037968749993
n129	105	0	0	64	6.887012343749994
n130	107	0	0	68	6.917728124999993
n117	104	0	0	71	6.8736576562499945
n120	110	0	0	74	7.178144531249993
n119	109	0	0	75	7.076648906249994
n118	108	0	0	76	6.980495156249993
n131	111	0	0	62	7.2716273437499925
n132	112	0	0	68	7.290323906249992
n124	116	0	0	70	7.534714687499992
n123	115	0	0	71	7.451915624999993
n122	114	0	0	72	7.351755468749992
n121	113	0	0	73	7.283646562499992
n166	117	0	0	45	7.668261562499992
n158	118	0	0	60	7.673603437499992
n159	119	0	0	64	7.7203448437499915
n142	120	0	0	69	7.6522359374999915
n143	121	0	0	70	7.753731562499992
n144	122	0	0	71	7.855227187499991
n145	123	0	0	72	7.9540518749999904
n168	128	0	0	52	8.052876562499987
n169	126	0	0	57	8.047534687499988
n170	127	0	0	60	8.051541093749988
n160	124	0	0	64	8.03150906249999
n161	125	0	0	69	8.042192812499989
n146	129	0	0	73	8.03685093749999
n147	130	0	0	74	8.131669218749986
n148	131	0	0	75	8.229158437499985
n149	132	0	0	76	8.338666874999985
n172	134	0	0	45	8.430814218749985
n162	133	0	0	69	8.430814218749985
n163	deletion
n150	135	0	0	77	8.430814218749985
n151	136	0	0	78	8.541658124999987
n152	137	0	0	79	8.657843906249987
n153	138	0	0	80	8.735301093749987
n174	140	0	0	53	8.848815937499987
n175	143	0	0	57	8.867512499999988
n176	139	0	0	62	8.839467656249987
n164	141	0	0	74	8.835461249999987
n165	deletion
n154	142	0	0	81	8.824777499999987
n155	144	0	0	82	8.915589374999987
n156	145	0	0	83	9.015749531249986
n157	146	0	0	84	9.130599843749986
n202	147	0	0	33	9.222747187499985
n203	148	0	0	45	9.233430937499985
n194	149	0	0	76	9.209392499999986
n195	150	0	0	81	9.226753593749985
n178	151	0	0	85	9.214734374999985
n179	152	0	0	86	9.330920156249984
n180	153	0	0	87	9.435086718749986
n181	154	0	0	88	9.528569531249987
n205	157	0	0	52	9.612704062499988
n206	156	0	0	57	9.622052343749989
n207	155	0	0	60	9.623387812499988
n196	158	0	0	81	9.612704062499988
n197	deletion
n185	162	0	0	86	9.910513593749988
n184	161	0	0	87	9.796998749999988
n183	160	0	0	88	9.719541562499987
n182	159	0	0	89	9.604691249999988
n209	164	0	0	57	9.995983593749987
n210	166	0	0	60	10.009338281249986
n211	165	0	0	64	10.002660937499986
n198	163	0	0	76	9.991977187499987
n199	deletion
n189	170	0	0	82	10.276432031249984
n188	169	0	0	83	10.177607343749985
n187	168	0	0	84	10.100150156249985
n186	167	0	0	85	9.995983593749987
n200	172	0	0	72	10.384604999999985
n201	171	0	0	76	10.375256718749984
n191	174	0	0	80	10.479423281249986
n190	173	0	0	81	10.368579374999984
n193	176	0	0	81	10.643685937499987
n192	175	0	0	83	10.551538593749987
n238	177	0	0	47	10.747852499999986
n230	180	0	0	71	10.759871718749986
n231	178	0	0	76	10.775897343749985
n214	179	0	0	79	10.745181562499987
n215	181	0	0	80	10.842670781249986
n216	182	0	0	81	10.930811718749986
n217	183	0	0	82	11.010939843749986
n240	187	0	0	59	11.125790156249986
n241	185	0	0	64	11.125790156249986
n242	186	0	0	67	11.127125624999985
n232	184	0	0	76	11.109764531249986
n233	deletion
n221	191	0	0	82	11.395554843749984
n218	188	0	0	83	11.108429062499987
n220	190	0	0	83	11.316762187499986
n219	189	0	0	84	11.213931093749986
n244	192	0	0	47	11.507734218749983
n234	193	0	0	75	11.515747031249983
n225	197	0	0	78	11.786847187499982
n235	deletion
n224	196	0	0	79	11.732092968749981
n223	195	0	0	80	11.598546093749983
n222	194	0	0	81	11.515747031249983
n246	198	0	0	59	11.90971031249998
n247	199	0	0	66	11.91104578124998
n236	202	0	0	69	11.916387656249979
n248	200	0	0	71	11.93641968749998
n237	deletion
n226	201	0	0	77	11.91238124999998
n227	203	0	0	78	11.989838437499978
n229	205	0	0	78	12.182145937499978
n228	204	0	0	79	12.10869515624998
n274	208	0	0	52	12.303673593749975
n275	206	0	0	64	12.310350937499976
n266	209	0	0	68	12.298331718749976
n267	207	0	0	71	12.303673593749975
n252	212	0	0	75	12.490639218749974
n250	210	0	0	76	12.282306093749977
n253	213	0	0	76	12.586792968749974
n251	211	0	0	77	12.391814531249974
n276	219	0	0	40	12.696301406249972
n277	220	0	0	52	12.693630468749973
n268	215	0	0	65	12.697636874999972
n269	214	0	0	69	12.692294999999973
n256	218	0	0	73	12.889944374999974
n254	216	0	0	74	12.689624062499973
n257	221	0	0	74	12.995446406249973
n255	217	0	0	76	12.803138906249973
n270	222	0	0	64	13.096942031249975
n271	223	0	0	69	13.103619374999974
n260	226	0	0	71	13.297262343749974
n258	224	0	0	72	13.098277499999975
n261	227	0	0	72	13.394751562499977
n259	225	0	0	74	13.197102187499974
n279	235	0	0	40	13.489569843749978
n280	233	0	0	52	13.512272812499976
n272	228	0	0	62	13.497582656249977
n273	229	0	0	68	13.497582656249977
n264	232	0	0	70	13.675199999999975
n262	230	0	0	71	13.500253593749976
n265	237	0	0	71	13.768682812499975
n263	231	0	0	72	13.593736406249976
n305	238	0	0	45	13.886204062499974
n297	234	0	0	60	13.856823749999975
n298	deletion
n281	236	0	0	69	13.862165624999975
n282	239	0	0	70	13.955648437499974
n283	240	0	0	71	14.050466718749975
n284	241	0	0	72	14.165317031249975
n307	242	0	0	52	14.286844687499974
n308	244	0	0	57	14.290851093749973
n309	245	0	0	60	14.293522031249973
n299	243	0	0	64	14.269483593749975
n300	246	0	0	69	14.294857499999972
n285	247	0	0	73	14.270819062499974
n286	248	0	0	74	14.37097921874997
n287	249	0	0	75	14.47381031249997
n288	250	0	0	76	14.57397046874997
n311	252	0	0	45	14.67680156249997
n301	251	0	0	69	14.66344687499997
n302	deletion
n289	253	0	0	77	14.656769531249969
n290	254	0	0	78	14.77562624999997
n291	255	0	0	79	14.894482968749971
n292	256	0	0	80	14.983959374999971
n313	260	0	0	53	15.077442187499969
n314	261	0	0	57	15.105487031249968
n315	257	0	0	62	15.07210031249997
n303	258	0	0	74	15.06141656249997
n304	259	0	0	77	15.080113124999968
n293	262	0	0	81	15.07076484374997
n294	263	0	0	82	15.158905781249967
n295	264	0	0	83	15.269749687499967
n296	265	0	0	84	15.372580781249967
n341	266	0	0	33	15.468734531249968
n342	267	0	0	45	15.478082812499968
n333	269	0	0	76	15.459386249999968
n334	268	0	0	81	15.476747343749969
n317	270	0	0	85	15.460721718749967
n318	271	0	0	86	15.563552812499966
n319	272	0	0	87	15.667719374999965
n320	273	0	0	88	15.773221406249966
n344	275	0	0	52	15.857355937499966
n345	277	0	0	57	15.870710624999965
n346	274	0	0	60	15.866704218749966
n335	276	0	0	81	15.858691406249966
n336	deletion
n324	281	0	0	86	16.151159062499968
n323	280	0	0	87	16.049663437499966
n322	279	0	0	88	15.961522499999964
n321	278	0	0	89	15.842665781249966
n348	283	0	0	57	16.255325624999966
n349	285	0	0	60	16.275357656249962
n350	286	0	0	64	16.267344843749964
n337	282	0	0	76	16.259332031249965
n329	292	0	0	81	16.63326328124996
n338	deletion
n328	289	0	0	82	16.53310312499996
n327	288	0	0	83	16.44362671874996
n326	287	0	0	84	16.35815671874996
n325	284	0	0	85	16.252654687499966
n339	290	0	0	72	16.64528249999996
n340	291	0	0	76	16.64928890624996
n370	deletion
n330	293	0	0	80	16.74677812499996
n332	295	0	0	81	16.91371171874996
n331	294	0	0	83	16.828241718749958
n377	296	0	0	40	17.020549218749956
n369	298	0	0	71	17.040581249999956
n356	301	0	0	77	17.319694218749962
n355	300	0	0	78	17.21552765624996
n354	299	0	0	79	17.13406406249996
n353	297	0	0	80	17.027226562499955
n379	304	0	0	52	17.434544531249962
n380	302	0	0	59	17.44255734374996
n381	306	0	0	62	17.458582968749962
n371	303	0	0	68	17.430538124999963
n372	deletion
n358	307	0	0	75	17.528027343749958
n357	305	0	0	76	17.41584796874996
n360	309	0	0	76	17.70430921874996
n359	308	0	0	77	17.61349734374996
n383	311	0	0	45	17.801798437499958
n373	312	0	0	69	17.781766406249957
n364	315	0	0	72	18.08358234374996
n374	deletion
n363	314	0	0	73	17.990099531249957
n362	313	0	0	74	17.90195859374996
n361	310	0	0	75	17.788443749999956
n385	316	0	0	52	18.187748906249958
n386	318	0	0	57	18.198432656249956
n387	319	0	0	60	18.205109999999955
n375	321	0	0	64	18.17572968749996
n376	317	0	0	69	18.18374249999996
n365	320	0	0	71	18.17840062499996
n366	322	0	0	72	18.282567187499954
n368	324	0	0	72	18.464190937499954
n367	323	0	0	74	18.381391874999952
n413	325	0	0	52	18.573699374999954
n414	329	0	0	59	18.613763437499955
n405	327	0	0	64	18.571028437499955
n406	326	0	0	68	18.569692968749955
n389	328	0	0	71	18.572363906249954
n391	331	0	0	71	18.760664999999957
n390	330	0	0	72	18.68053687499996
n392	332	0	0	72	18.874179843749957
n416	339	0	0	53	18.951637031249955
n417	343	0	0	59	18.943624218749957
n407	334	0	0	63	18.943624218749957
n408	333	0	0	69	18.947630624999956
n393	335	0	0	71	18.942288749999957
n395	337	0	0	71	19.150621874999953
n394	336	0	0	72	19.067822812499955
n396	338	0	0	72	19.23342093749995
n418	344	0	0	52	19.382993437499948
n409	340	0	0	64	19.33892296874995
n410	341	0	0	68	19.35094218749995
n397	342	0	0	71	19.34560031249995
n400	347	0	0	74	19.639403437499947
n399	346	0	0	75	19.545920624999948
n398	345	0	0	76	19.445760468749945
n411	348	0	0	62	19.763602031249945
n412	350	0	0	68	19.787640468749945
n404	353	0	0	70	20.013334687499942
n403	352	0	0	71	19.92652921874994
n402	351	0	0	72	19.823698124999943
n401	349	0	0	73	19.739563593749946
n446	354	0	0	45	20.148217031249942
n438	deletion
n439	deletion
n422	355	0	0	69	20.142875156249943
n423	356	0	0	70	20.251048124999944
n424	357	0	0	71	20.352543749999942
n425	358	0	0	72	20.45403937499994
n448	361	0	0	52	20.562212343749938
n449	360	0	0	57	20.559541406249938
n450	362	0	0	60	20.559541406249938
n440	359	0	0	64	20.52882562499994
n442	368	0	0	69	20.934808124999943
n441	deletion
n426	363	0	0	73	20.538173906249938
n427	364	0	0	74	20.62631484374994
n428	365	0	0	75	20.73982968749994
n429	366	0	0	76	20.83064156249994
n452	367	0	0	45	20.936143593749943
n443	deletion
n430	369	0	0	77	20.92278890624994
n431	370	0	0	78	21.03763921874995
n432	371	0	0	79	21.14981859374995
n433	372	0	0	80	21.25398515624995
n454	376	0	0	53	21.35681624999995
n455	377	0	0	57	21.38619656249995
n456	373	0	0	62	21.35948718749995
n444	374	0	0	74	21.33678421874995
n445	375	0	0	77	21.376848281249952
n434	378	0	0	81	21.332777812499952
n435	379	0	0	82	21.43827984374995
n436	380	0	0	83	21.53443359374995
n437	381	0	0	84	21.651954843749948
n482	382	0	0	33	21.746773124999947
n483	384	0	0	45	21.761463281249945
n474	385	0	0	76	21.754785937499946
n475	383	0	0	81	21.757456874999946
n458	386	0	0	85	21.752114999999947
n459	387	0	0	86	21.845597812499946
n460	388	0	0	87	21.956441718749947
n461	389	0	0	88	22.052595468749946
n485	390	0	0	52	22.156762031249947
n486	391	0	0	57	22.176794062499948
n487	392	0	0	60	22.179464999999947
n476	393	0	0	81	22.162103906249946
n477	deletion
n465	397	0	0	86	22.451900624999944
n464	396	0	0	87	22.347734062499946
n463	395	0	0	88	22.251580312499943
n462	394	0	0	89	22.14607828124995
n489	399	0	0	57	22.550725312499942
n490	402	0	0	60	22.57743468749994
n491	401	0	0	64	22.573428281249942
n478	400	0	0	76	22.56007359374994
n470	408	0	0	81	22.932669374999943
n479	deletion
n469	405	0	0	82	22.832509218749944
n468	404	0	0	83	22.748374687499943
n467	403	0	0	84	22.657562812499943
n466	398	0	0	85	22.549389843749942
n480	407	0	0	72	22.931333906249943
n481	406	0	0	76	22.932669374999943
n471	409	0	0	80	23.03149406249994
n473	411	0	0	81	23.19575671874994
n472	410	0	0	83	23.10895124999994
n517	412	0	0	38	23.31995531249994
n518	413	0	0	50	23.33731640624994
n510	415	0	0	74	23.35067109374994
n511	deletion
n494	414	0	0	82	23.31461343749994
n495	416	0	0	83	23.422786406249944
n496	417	0	0	84	23.541643124999943
n497	deletion
n520	422	0	0	50	23.723266874999943
n521	420	0	0	53	23.73528609374994
n522	419	0	0	58	23.724602343749943
n523	418	0	0	62	23.720595937499944
n512	424	0	0	77	23.732615156249942
n513	deletion
n498	421	0	0	86	23.728608749999943
n499	426	0	0	87	23.820756093749942
n500	427	0	0	88	23.930264531249943
n501	428	0	0	89	24.026418281249946
n525	429	0	0	40	24.113223749999946
n526	430	0	0	52	24.119901093749945
n514	431	0	0	80	24.125242968749944
n515	425	0	0	86	23.788704843749944
n502	432	0	0	88	24.107881874999947
n503	433	0	0	89	24.222732187499943
n504	434	0	0	90	24.344259843749942
n505	435	0	0	91	24.448426406249943
n528	439	0	0	52	24.524548124999942
n529	437	0	0	59	24.52855453124994
n530	436	0	0	62	24.520541718749943
n516	440	0	0	86	24.519206249999943
n506	438	0	0	92	24.517870781249943
n507	441	0	0	93	24.64073390624994
n508	442	0	0	94	24.71685562499994
n509	444	0	0	95	24.81167390624994
n556	443	0	0	41	24.90649218749994
n557	445	0	0	53	24.90515671874994
n548	447	0	0	84	24.90248578124994
n549	deletion
n535	450	0	0	90	25.216320937499937
n534	449	0	0	91	25.118831718749938
n533	448	0	0	92	25.003981406249938
n532	446	0	0	93	24.90382124999994
n559	454	0	0	57	25.337848593749936
n560	452	0	0	60	25.352538749999937
n561	451	0	0	65	25.339184062499935
n550	457	0	0	81	25.399280156249933
n553	deletion
n551	453	0	0	84	25.357880624999936
n539	460	0	0	86	25.639664531249927
n538	459	0	0	87	25.53549796874993
n537	458	0	0	88	25.46071171874993
n536	456	0	0	89	25.352538749999937
n563	464	0	0	36	25.750508437499924
n564	463	0	0	48	25.753179374999924
n552	462	0	0	76	25.750508437499924
n543	467	0	0	82	26.037634218749922
n542	466	0	0	83	25.940144999999923
n541	465	0	0	84	25.86001687499992
n540	461	0	0	85	25.743831093749925
n566	470	0	0	52	26.151149062499922
n567	468	0	0	57	26.16183281249992
n568	469	0	0	64	26.16183281249992
n554	472	0	0	72	26.15515546874992
n555	deletion
n547	475	0	0	78	26.44495218749992
n546	474	0	0	79	26.34612749999992
n545	473	0	0	80	26.240625468749922
n544	471	0	0	81	26.145807187499923
n594	476	0	0	38	26.55846703124992
n586	478	0	0	70	26.57849906249992
n573	482	0	0	74	26.849599218749923
n587	deletion
n572	481	0	0	75	26.760122812499922
n571	480	0	0	76	26.66797546874992
n570	479	0	0	77	26.55579609374992
n596	485	0	0	50	26.95910765624992
n597	494	0	0	53	26.971126874999918
n598	488	0	0	58	26.968455937499918
n599	484	0	0	62	26.96177859374992
n588	486	0	0	65	26.96177859374992
n589	483	0	0	70	26.971126874999918
n574	487	0	0	73	26.95243031249992
n575	489	0	0	74	27.048584062499913
n577	491	0	0	74	27.271607343749917
n576	490	0	0	77	27.148744218749915
n600	496	0	0	52	27.37176749999992
n601	497	0	0	57	27.37176749999992
n602	492	0	0	60	27.382451249999917
n590	498	0	0	64	27.405154218749917
n591	493	0	0	69	27.39847687499992
n578	495	0	0	71	27.379780312499918
n579	499	0	0	72	27.482611406249912
n581	501	0	0	72	27.665570624999912
n580	500	0	0	76	27.574758749999912
n603	511	0	0	52	27.769737187499913
n592	503	0	0	62	27.813807656249914
n593	deletion
n582	502	0	0	70	27.777749999999912
n583	504	0	0	71	27.868561874999916
n585	506	0	0	71	28.064875781249917
n584	505	0	0	76	27.964715624999915
n626	510	0	0	45	28.23448031249992
n627	508	0	0	57	28.23180937499992
n620	507	0	0	60	28.25985421874992
n622	516	0	0	64	28.687204218749923
n621	deletion
n604	509	0	0	69	28.25985421874992
n624	deletion
n605	512	0	0	70	28.36535624999992
n606	513	0	0	71	28.46685187499992
n607	514	0	0	72	28.573689374999923
n628	519	0	0	40	28.660494843749923
n629	515	0	0	52	28.659159374999923
n623	518	0	0	68	28.708571718749923
n608	517	0	0	73	28.664501249999923
n609	520	0	0	74	28.77668062499992
n610	521	0	0	75	28.891530937499923
n611	522	0	0	76	28.970323593749924
n630	525	0	0	33	29.12123156249993
n631	527	0	0	45	29.134586249999927
n625	523	0	0	72	29.151947343749924
n615	529	0	0	78	29.58463921874993
n614	528	0	0	79	29.477801718749927
n613	526	0	0	80	29.321551874999923
n612	524	0	0	81	29.131915312499927
n619	533	0	0	74	30.001305468749926
n618	532	0	0	75	29.899809843749928
n617	531	0	0	76	29.79831421874993
n616	530	0	0	77	29.70082499999993
n655	534	0	0	36	30.102801093749925
n656	536	0	0	48	30.118826718749922
n649	537	0	0	64	30.12283312499992
n650	deletion
n635	539	0	0	71	30.313805156249916
n634	538	0	0	72	30.216315937499918
n636	540	0	0	72	30.447352031249913
n633	535	0	0	73	30.113484843749923
n658	543	0	0	48	30.528815624999915
n659	541	0	0	55	30.523473749999916
n660	542	0	0	60	30.528815624999915
n651	544	0	0	64	30.540834843749913
n652	546	0	0	70	30.563537812499913
n637	545	0	0	73	30.531486562499914
n638	547	0	0	74	30.61962749999991
n639	548	0	0	75	30.721123124999913
n640	549	0	0	76	30.82662515624991
n662	550	0	0	41	30.92678531249991
n653	551	0	0	69	30.92812078124991
n641	552	0	0	77	30.92544984374991
n642	553	0	0	78	31.021603593749912
n643	554	0	0	79	31.12977656249991
n644	555	0	0	80	31.21257562499991
n664	557	0	0	48	31.35012890624991
n665	556	0	0	57	31.33810968749991
n666	559	0	0	60	31.36882546874991
n654	deletion
n648	562	0	0	74	31.65060937499991
n646	560	0	0	76	31.434263437499908
n647	561	0	0	77	31.55979749999991
n645	558	0	0	81	31.32475499999991
n691	565	0	0	36	31.753440468749904
n684	deletion
n685	564	0	0	70	31.746763124999905
n670	568	0	0	71	31.933728749999904
n669	567	0	0	72	31.866955312499904
n671	569	0	0	72	32.07528843749991
n668	566	0	0	73	31.770801562499905
n693	575	0	0	48	32.1540810937499
n694	573	0	0	55	32.1647648437499
n695	571	0	0	60	32.1487392187499
n686	574	0	0	64	32.1527456249999
n687	570	0	0	70	32.136719999999904
n672	572	0	0	73	32.140726406249904
n673	576	0	0	74	32.22619640624989
n674	577	0	0	75	32.33971124999989
n675	578	0	0	76	32.43052312499987
n697	581	0	0	37	32.55472171874987
n688	580	0	0	65	32.55872812499987
n689	579	0	0	68	32.55338624999987
n676	582	0	0	77	32.54403796874987
n677	583	0	0	78	32.68826859374986
n678	584	0	0	79	32.805789843749864
n679	585	0	0	80	32.90327906249986
n699	587	0	0	49	33.04083234374985
n700	586	0	0	56	33.03148406249985
n701	590	0	0	59	33.08757374999985
n690	589	0	0	71	33.04617421874985
n683	593	0	0	76	33.30659062499982
n682	592	0	0	77	33.25050093749983
n681	591	0	0	78	33.112947656249844
n680	588	0	0	79	33.02881312499985
n724	595	0	0	38	33.4347956249998
n719	596	0	0	72	33.4454793749998
n705	598	0	0	73	33.60440015624978
n704	597	0	0	74	33.540297656249784
n706	599	0	0	74	33.721921406249784
n703	594	0	0	75	33.413428124999804
n726	602	0	0	50	33.83677171874977
n727	601	0	0	57	33.84478453124977
n728	604	0	0	60	33.85012640624977
n720	600	0	0	66	33.828758906249774
n721	deletion
n707	603	0	0	75	33.80472046874978
n708	605	0	0	76	33.90621609374976
n709	606	0	0	77	33.997027968749755
n710	607	0	0	78	34.103865468749746
n730	609	0	0	43	34.22272218749974
n722	608	0	0	70	34.22405765624974
n711	610	0	0	79	34.21203843749974
n712	611	0	0	80	34.33089515624974
n713	612	0	0	81	34.42170703124973
n714	613	0	0	82	34.51251890624973
n732	616	0	0	50	34.642059374999725
n733	615	0	0	55	34.646065781249725
n734	614	0	0	58	34.635382031249726
n723	618	0	0	74	34.646065781249725
n718	621	0	0	75	34.9465462499997
n716	619	0	0	78	34.73687765624972
n717	620	0	0	79	34.83169593749971
n715	617	0	0	81	34.63004015624973
n758	622	0	0	38	35.030680781249686
n752	623	0	0	72	35.05204828124968
n738	626	0	0	73	35.244355781249666
n736	624	0	0	74	35.034687187499685
n739	627	0	0	74	35.34985781249967
n737	625	0	0	75	35.156214843749666
n760	632	0	0	50	35.45402437499966
n761	629	0	0	57	35.46203718749966
n762	631	0	0	60	35.47004999999966
n753	630	0	0	66	35.440669687499664
n754	628	0	0	72	35.436663281249665
n740	633	0	0	75	35.44868249999966
n741	634	0	0	76	35.53415249999966
n742	635	0	0	77	35.64098999999966
n743	636	0	0	78	35.72378906249966
n764	638	0	0	39	35.83463296874966
n755	639	0	0	67	35.83997484374966
n756	637	0	0	70	35.83463296874966
n744	640	0	0	79	35.83329749999966
n745	641	0	0	80	35.97886359374965
n746	642	0	0	81	36.09772031249965
n747	643	0	0	82	36.171171093749656
n766	645	0	0	51	36.30471796874964
n767	644	0	0	58	36.290027812499645
n768	646	0	0	61	36.30872437499964
n757	648	0	0	73	36.296705156249644
n751	651	0	0	78	36.581159999999635
n750	650	0	0	79	36.494354531249634
n749	649	0	0	80	36.38083968749964
n748	647	0	0	81	36.284685937499646
n791	653	0	0	40	36.69200390624963
n786	652	0	0	74	36.69066843749963
n788	deletion
n772	656	0	0	75	36.87362765624963
n771	655	0	0	76	36.78682218749963
n773	657	0	0	76	36.95776218749963
n770	654	0	0	77	36.69066843749963
n793	660	0	0	52	37.073947968749636
n794	661	0	0	59	37.09130906249963
n795	659	0	0	62	37.084631718749634
n787	658	0	0	68	37.06059328124964
n774	662	0	0	77	37.06593515624964
n775	663	0	0	78	37.17277265624962
n776	664	0	0	79	37.288958437499616
n777	665	0	0	80	37.36775109374961
n797	667	0	0	45	37.49194968749961
n789	666	0	0	72	37.478594999999615
n778	668	0	0	81	37.474588593749615
n779	669	0	0	82	37.574748749999614
n780	670	0	0	83	37.665560624999614
n781	671	0	0	84	37.77106265624961
n799	674	0	0	52	37.884577499999615
n800	675	0	0	57	37.90460953124961
n801	672	0	0	60	37.892590312499614
n802	673	0	0	64	37.89659671874961
n790	677	0	0	76	37.89526124999961
n785	680	0	0	80	38.170367812499606
n784	679	0	0	81	38.07554953124961
n783	678	0	0	82	37.9606992187496
n782	676	0	0	83	37.86053906249961
n826	681	0	0	40	38.273198906249604
n820	682	0	0	74	38.305250156249606
n807	686	0	0	76	38.5683374999996
n806	685	0	0	77	38.5055704687496
n805	684	0	0	78	38.3947265624996
n804	683	0	0	79	38.305250156249606
n828	690	0	0	52	38.6978779687496
n829	689	0	0	59	38.7005489062496
n830	687	0	0	62	38.7005489062496
n821	688	0	0	68	38.6885296874996
n822	deletion
n808	691	0	0	77	38.6938715624996
n809	692	0	0	78	38.8127282812496
n810	693	0	0	79	38.9355914062496
n811	694	0	0	80	39.007706718749596
n832	700	0	0	45	39.1038604687496
n833	697	0	0	57	39.1078668749996
n823	695	0	0	72	39.1212215624996
n812	696	0	0	81	39.1132087499996
n813	698	0	0	82	39.200014218749594
n814	699	0	0	83	39.32421281249959
n815	701	0	0	84	39.41636015624959
n834	708	0	0	43	39.53388140624958
n835	705	0	0	55	39.52853953124958
n824	703	0	0	76	39.53388140624958
n825	702	0	0	81	39.549907031249575
n816	704	0	0	85	39.53121046874958
n817	706	0	0	86	39.658079999999565
n818	707	0	0	87	39.76758843749957
n819	709	0	0	88	39.85973578124957
n859	710	0	0	41	39.986605312499556
n860	711	0	0	53	39.98259890624956
n852	714	0	0	81	39.97859249999956
n839	716	0	0	86	40.40060062499954
n838	715	0	0	87	40.26171187499954
n837	713	0	0	88	40.13083593749955
n836	712	0	0	89	39.97859249999956
n861	721	0	0	47	40.50076078124953
n862	730	0	0	59	40.49274796874953
n853	718	0	0	77	40.50610265624953
n844	724	0	0	81	40.926775312499515
n854	deletion
n843	722	0	0	82	40.82394421874952
n842	720	0	0	83	40.73980968749952
n841	719	0	0	84	40.640984999999525
n840	717	0	0	85	40.50610265624953
n855	723	0	0	74	40.91876249999952
n856	deletion
n847	727	0	0	78	41.21657203124951
n846	726	0	0	79	41.13911484374951
n845	725	0	0	80	41.014916249999516
n863	731	0	0	52	41.3594671874995
n864	729	0	0	64	41.3581317187495
n857	728	0	0	68	41.3567962499995
n858	deletion
n850	734	0	0	75	41.54776828124948
n849	733	0	0	76	41.45962734374949
n851	735	0	0	76	41.64258656249948
n848	732	0	0	77	41.3501189062495
n888	737	0	0	39	41.810855624999476
n889	736	0	0	51	41.814862031249476
n881	738	0	0	79	41.821539374999475
n868	742	0	0	84	42.152735624999465
n867	741	0	0	85	42.03254343749946
n866	740	0	0	86	41.936389687499464
n865	739	0	0	87	41.816197499999475
n890	748	0	0	45	42.26892140624946
n891	758	0	0	57	42.25957312499946
n882	745	0	0	75	42.28094062499946
n873	749	0	0	79	42.68291671874942
n883	deletion
n872	747	0	0	80	42.55871812499944
n871	746	0	0	81	42.45321609374945
n870	744	0	0	82	42.304979062499456
n869	743	0	0	83	42.27159234374946
n884	751	0	0	72	42.69092953124942
n877	759	0	0	75	43.07955093749939
n885	deletion
n876	753	0	0	76	42.95668781249941
n875	752	0	0	77	42.87121781249942
n874	750	0	0	78	42.78975421874942
n892	757	0	0	50	43.08355734374939
n893	755	0	0	62	43.08489281249939
n886	756	0	0	66	43.08088640624939
n887	754	0	0	72	43.059518906249394
n879	761	0	0	73	43.33061906249937
n878	760	0	0	74	43.21443328124938
n880	762	0	0	74	43.43345015624936
n918	764	0	0	43	43.52159109374936
n919	765	0	0	55	43.52826843749936
n910	763	0	0	79	43.52826843749936
n898	772	0	0	82	43.936921874999314
n911	deletion
n897	769	0	0	83	43.82874890624933
n896	768	0	0	84	43.760639999999334
n895	767	0	0	85	43.62442218749935
n894	766	0	0	86	43.52693296874936
n920	776	0	0	51	43.95161203124931
n921	774	0	0	63	43.94894109374931
n912	770	0	0	73	43.96496671874931
n913	771	0	0	79	43.94359921874931
n901	777	0	0	79	44.282808281249295
n900	775	0	0	80	44.1666224999993
n899	773	0	0	81	44.0691332812493
n922	780	0	0	50	44.37495562499928
n923	778	0	0	62	44.37094921874928
n914	781	0	0	69	44.38697484374928
n915	779	0	0	74	44.37762656249928
n902	782	0	0	78	44.38296843749928
n903	783	0	0	79	44.50182515624926
n904	784	0	0	80	44.580617812499256
n905	785	0	0	81	44.688790781249246
n925	792	0	0	45	44.78360906249924
n926	787	0	0	57	44.77960265624924
n916	786	0	0	72	44.802305624999235
n917	deletion
n906	788	0	0	82	44.77559624999924
n907	789	0	0	83	44.89712390624922
n909	791	0	0	83	45.0987796874992
n908	790	0	0	84	44.990606718749206
n951	795	0	0	41	45.21362999999919
n952	796	0	0	53	45.22564921874919
n943	793	0	0	77	45.20561718749919
n944	794	0	0	81	45.21496546874919
n930	801	0	0	81	45.54883265624919
n929	799	0	0	82	45.41261484374919
n928	798	0	0	84	45.341834999999186
n927	797	0	0	86	45.21095906249919
n954	805	0	0	49	45.66234749999918
n955	806	0	0	61	45.65166374999918
n945	803	0	0	71	45.65433468749918
n934	808	0	0	77	45.95080874999916
n946	deletion
n933	807	0	0	78	45.85064859374917
n932	804	0	0	79	45.76384312499917
n931	802	0	0	80	45.63163171874918
n956	810	0	0	48	46.06165265624915
n957	809	0	0	60	46.05764624999915
n947	812	0	0	67	46.07100093749915
n948	deletion
n935	811	0	0	76	46.05497531249915
n936	813	0	0	77	46.16982562499914
n937	814	0	0	78	46.27933406249914
n938	815	0	0	79	46.40086171874914
n959	821	0	0	43	46.501021874999125
n960	817	0	0	55	46.497015468749126
n949	816	0	0	70	46.48900265624913
n950	deletion
n939	818	0	0	80	46.498350937499126
n940	819	0	0	81	46.63056234374911
n942	822	0	0	81	46.81752796874911
n941	820	0	0	82	46.73072249999911
n985	825	0	0	39	46.953745781249104
n986	824	0	0	51	46.955081249999104
n977	828	0	0	75	46.9657649999991
n978	823	0	0	79	46.93504921874911
n964	830	0	0	80	47.343702656249086
n963	829	0	0	81	47.24487796874909
n962	827	0	0	82	47.09664093749909
n961	826	0	0	84	46.941726562499106
n988	838	0	0	51	47.48526234374908
n989	835	0	0	63	47.47724953124908
n979	833	0	0	70	47.48793328124908
n980	831	0	0	75	47.494610624999076
n968	837	0	0	76	47.81512312499906
n967	836	0	0	77	47.72297578124906
n966	834	0	0	78	47.606789999999066
n965	832	0	0	79	47.47724953124908
n981	840	0	0	67	47.92062515624906
n982	deletion
n972	843	0	0	72	48.249150468749065
n971	842	0	0	73	48.14231296874906
n970	841	0	0	74	48.04482374999906
n969	839	0	0	75	47.91928968749906
n990	848	0	0	39	48.364000781249054
n991	847	0	0	51	48.354652499999055
n983	845	0	0	61	48.36934265624905
n984	844	0	0	67	48.37735546874905
n976	852	0	0	67	48.740602968749045
n975	850	0	0	68	48.596372343749046
n974	849	0	0	69	48.49621218749905
n973	846	0	0	70	48.357323437499055
n1016	854	0	0	38	48.80604093749904
n1017	855	0	0	50	48.80604093749904
n1008	856	0	0	57	48.80203453124904
n1009	853	0	0	62	48.79802812499904
n992	857	0	0	66	48.80203453124904
n993	858	0	0	67	48.928904062499036
n994	859	0	0	68	48.989000156249034
n995	860	0	0	69	49.11319874999903
n1019	865	0	0	39	49.21602984374902
n1020	871	0	0	45	49.21335890624902
n1010	861	0	0	61	49.175965781249026
n999	866	0	0	67	49.51784578124899
n1011	deletion
n998	864	0	0	68	49.394982656249
n997	863	0	0	69	49.31752546874901
n996	862	0	0	70	49.21602984374902
n1021	867	0	0	38	49.61533499999897
n1022	870	0	0	50	49.63136062499897
n1012	869	0	0	57	49.62067687499897
n1013	deletion
n1000	868	0	0	66	49.589961093748975
n1001	872	0	0	67	49.72217249999896
n1002	873	0	0	68	49.799629687498964
n1003	874	0	0	69	49.91314453124896
n1024	879	0	0	39	50.00662734374896
n1025	883	0	0	45	50.00529187499896
n1014	875	0	0	61	49.99193718749896
n1007	880	0	0	67	50.309778749998934
n1015	deletion
n1006	878	0	0	68	50.18825109374894
n1005	877	0	0	69	50.11747124999894
n1004	876	0	0	70	50.00929828124896
n1049	881	0	0	38	50.407267968748926
n1050	885	0	0	50	50.43664828124892
n1042	884	0	0	57	50.43130640624892
n1043	deletion
n1026	882	0	0	66	50.404597031248926
n1027	886	0	0	67	50.519447343748915
n1028	887	0	0	68	50.58622078124892
n1029	888	0	0	69	50.71309031249892
n1052	893	0	0	41	50.79856031249891
n1053	895	0	0	47	50.809244062498905
n1044	889	0	0	63	50.805237656248906
n1033	894	0	0	69	51.1097245312489
n1032	892	0	0	70	51.009564374998895
n1031	891	0	0	71	50.924094374998894
n1030	890	0	0	72	50.802566718748906
n1054	897	0	0	40	51.22323937499888
n1055	899	0	0	52	51.24861328124888
n1045	898	0	0	59	51.23125218749888
n1046	deletion
n1034	896	0	0	68	51.208549218748885
n1035	900	0	0	69	51.328741406248874
n1036	901	0	0	70	51.43157249999887
n1037	902	0	0	71	51.542416406248876
n1057	907	0	0	41	51.64257656249887
n1058	908	0	0	47	51.63322828124887
n1047	903	0	0	63	51.63857015624887
n1041	909	0	0	69	51.93237328124884
n1048	deletion
n1040	906	0	0	70	51.84423234374886
n1039	905	0	0	71	51.74540765624886
n1038	904	0	0	72	51.63189281249887
n1081	991	0	0	40	52.105984218748844
n1082	994	0	0	52	52.11399703124884
n1073	910	0	0	59	52.11933890624884
n1074	911	0	0	64	52.152725624998844
n1059	912	0	0	68	52.096635937498846
n1075	913	0	0	80	52.642842656248824
n1076	deletion
n1063	916	0	0	86	52.828472812498816
n1061	915	0	0	88	52.636165312498825
n1064	917	0	0	88	52.928632968748815
n1062	914	0	0	89	52.73365453124882
n1077	918	0	0	76	53.03413499999881
n1078	919	0	0	81	53.03680593749881
n1067	922	0	0	83	53.226442499998804
n1065	921	0	0	84	53.03279953124881
n1068	923	0	0	84	53.34262828124881
n1066	920	0	0	86	53.14230796874881
n1079	924	0	0	72	53.444123906248805
n1080	925	0	0	76	53.445459374998805
n1071	928	0	0	79	53.6377668749988
n1069	927	0	0	81	53.43076921874881
n1072	929	0	0	81	53.7325851562488
n1070	926	0	0	83	53.56431609374881
n1099	931	0	0	69	53.8220615624988
n1100	930	0	0	72	53.8220615624988
n1085	934	0	0	76	54.01570453124881
n1083	933	0	0	77	53.816719687498804
n1086	935	0	0	77	54.11052281249881
n1084	932	0	0	79	53.92756359374881
n1088	936	0	0	81	54.218695781248805
n1103	939	0	0	84	54.4136742187488
n1101	937	0	0	86	54.2293795312488
n1104	940	0	0	86	54.5138343749988
n1102	938	0	0	88	54.3228623437488
n1105	941	0	0	74	54.6220073437488
n1106	942	0	0	77	54.6246782812488
n1093	945	0	0	81	54.815650312498796
n1091	943	0	0	83	54.6153299999988
n1094	946	0	0	83	54.9478617187488
n1092	944	0	0	84	54.7194965624988
n1107	deletion
n1108	947	0	0	74	55.0159706249988
n1097	950	0	0	77	55.22697468749879
n1098	951	0	0	79	55.33781859374879
n1095	948	0	0	80	55.0186415624988
n1096	949	0	0	81	55.16153671874879
n1127	953	0	0	68	55.44732703124878
n1128	952	0	0	71	55.428630468748786
n1113	956	0	0	75	55.63963453124876
n1111	954	0	0	76	55.437978749998784
n1114	957	0	0	76	55.73712374999876
n1112	955	0	0	77	55.555499999998766
n1116	958	0	0	81	55.84529671874876
n1131	961	0	0	83	56.02558499999875
n1129	959	0	0	84	55.85063859374876
n1132	962	0	0	84	56.125745156248755
n1130	960	0	0	86	55.933437656248756
n1133	963	0	0	72	56.25662109374875
n1134	964	0	0	76	56.25528562499875
n1121	967	0	0	79	56.45026406249876
n1119	965	0	0	81	56.24994374999875
n1122	968	0	0	81	56.527721249998756
n1120	966	0	0	83	56.36078765624875
n1135	970	0	0	69	56.63722968749875
n1136	969	0	0	72	56.630552343748754
n1125	973	0	0	76	56.84155640624875
n1123	972	0	0	77	56.63722968749875
n1126	974	0	0	77	56.93637468749875
n1124	971	0	0	79	56.74673812499875
n1155	976	0	0	65	57.03920578124875
n1156	975	0	0	69	57.03386390624875
n1141	979	0	0	72	57.26089359374875
n1139	978	0	0	74	57.03119296874875
n1142	980	0	0	74	57.34769906249875
n1140	977	0	0	76	57.146043281248744
n1157	982	0	0	62	57.47590406249874
n1158	981	0	0	65	57.451865624998746
n1145	985	0	0	69	57.66153421874874
n1143	984	0	0	71	57.459878437498745
n1146	987	0	0	71	57.76169437499874
n1144	983	0	0	72	57.58274156249874
n1159	deletion
n1160	986	0	0	62	57.86318999999874
n1149	990	0	0	63	58.091555156248724
n1150	992	0	0	64	58.189044374998716
n1148	989	0	0	65	57.99673687499874
n1147	988	0	0	68	57.86853187499874
n1151	993	0	0	65	58.3025592187487
n1152	995	0	0	66	58.40271937499868
n1153	996	0	0	67	58.49219578124867
n1154	997	0	0	68	58.58167218749866
n1187	998	0	0	45	58.68717421874865
n1179	1000	0	0	60	58.71655453124865
n1180	999	0	0	64	58.70854171874865
n1163	1001	0	0	69	58.69919343749865
n1164	1002	0	0	70	58.844759531248634
n1165	1003	0	0	71	58.952932499998624
n1166	1004	0	0	72	59.04641531249861
n1189	1005	0	0	52	59.10384046874861
n1190	1007	0	0	57	59.125207968748605
n1191	1006	0	0	60	59.122537031248605
n1181	1008	0	0	64	59.1358917187486
n1182	deletion
n1167	1009	0	0	73	59.1452399999986
n1168	1010	0	0	74	59.2587548437486
n1169	1011	0	0	75	59.365592343748595
n1170	1012	0	0	76	59.46975890624859
n1193	1013	0	0	45	59.545880624998595
n1183	1014	0	0	69	59.56591265624859
n1185	1022	0	0	74	59.94518578124859
n1184	deletion
n1171	1015	0	0	77	59.551222499998595
n1172	1016	0	0	78	59.6740856249986
n1173	1017	0	0	79	59.78760046874859
n1174	1018	0	0	80	59.870399531248594
n1195	1021	0	0	53	59.966553281248586
n1196	1020	0	0	57	59.98524984374858
n1197	1019	0	0	62	59.96388234374859
n1186	deletion
n1175	1023	0	0	81	59.96521781249859
n1176	1024	0	0	82	60.042674999998574
n1177	1025	0	0	83	60.16153171874857
n1178	1026	0	0	84	60.28172390624857
n1223	1027	0	0	33	60.37253578124857
n1224	1028	0	0	45	60.38188406249857
n1215	1030	0	0	76	60.37654218749857
n1216	1029	0	0	81	60.37387124999857
n1199	1031	0	0	85	60.37253578124857
n1200	1032	0	0	86	60.47269593749857
n1201	1033	0	0	87	60.58086890624857
n1202	1034	0	0	88	60.67168078124857
n1226	1036	0	0	52	60.77317640624857
n1227	1037	0	0	57	60.781189218748565
n1228	1035	0	0	60	60.77317640624857
n1217	1038	0	0	81	60.777182812498566
n1218	deletion
n1206	1042	0	0	86	61.07899874999856
n1205	1041	0	0	87	60.95747109374856
n1204	1040	0	0	88	60.88134937499856
n1203	1039	0	0	89	60.77184093749857
n1230	1043	0	0	57	61.17248156249856
n1231	1045	0	0	60	61.18182984374856
n1232	1044	0	0	64	61.18182984374856
n1219	1046	0	0	76	61.18717171874856
n1220	deletion
n1210	1050	0	0	82	61.476968437498556
n1209	1049	0	0	83	61.392833906248555
n1208	1048	0	0	84	61.302022031248555
n1207	1047	0	0	85	61.17381703124856
n1221	1052	0	0	72	61.58914781249855
n1222	1051	0	0	76	61.571786718748555
n1252	deletion
n1212	1054	0	0	80	61.67862421874855
n1211	1053	0	0	81	61.571786718748555
n1214	1056	0	0	81	61.844222343748555
n1213	1055	0	0	83	61.77210703124855
n1259	1057	0	0	40	61.96040812499855
n1251	1060	0	0	71	61.97509828124855
n1238	1062	0	0	77	62.28492703124855
n1237	1061	0	0	78	62.174083124998546
n1236	1059	0	0	79	62.096625937498544
n1235	1058	0	0	80	61.96174359374855
n1261	1064	0	0	52	62.402448281248546
n1262	1063	0	0	59	62.39577093749855
n1263	1066	0	0	62	62.411796562498544
n1253	1067	0	0	68	62.39443546874855
n1254	1065	0	0	71	62.410461093748545
n1240	1069	0	0	75	62.48257640624853
n1239	1068	0	0	76	62.38642265624855
n1242	1071	0	0	76	62.66553562499852
n1241	1070	0	0	77	62.590749374998516
n1265	1072	0	0	45	62.77237312499851
n1255	1074	0	0	69	62.78572781249851
n1246	1077	0	0	72	63.09021468749851
n1256	deletion
n1245	1076	0	0	73	62.976699843748506
n1244	1075	0	0	74	62.887223437498506
n1243	1073	0	0	75	62.76970218749851
n1267	1078	0	0	52	63.17835562499851
n1268	1080	0	0	57	63.18903937499851
n1269	1081	0	0	60	63.19838765624851
n1257	1082	0	0	64	63.17568468749851
n1258	1079	0	0	69	63.17835562499851
n1247	1083	0	0	71	63.18369749999851
n1248	1084	0	0	72	63.28385765624849
n1250	1086	0	0	72	63.47616515624849
n1249	1085	0	0	74	63.39603703124849
n1295	1087	0	0	52	63.58567359374849
n1299	1105	0	0	59	63.96361124999848
n1296	deletion
n1287	1088	0	0	64	63.58700906249849
n1288	1089	0	0	68	63.608376562498485
n1292	deletion
n1271	1090	0	0	71	63.57632531249849
n1273	1092	0	0	71	63.78732937499848
n1272	1091	0	0	72	63.69785296874848
n1274	1094	0	0	72	63.88081218749848
n1298	1101	0	0	53	63.97563046874848
n1289	1095	0	0	63	63.96761765624848
n1290	1096	0	0	69	63.991656093748475
n1275	1097	0	0	71	64.00100437499847
n1277	1099	0	0	71	64.18663453124844
n1276	1098	0	0	72	64.07846156249846
n1278	1100	0	0	72	64.27878187499844
n1300	1104	0	0	52	64.39763859374843
n1291	1102	0	0	64	64.35757453124843
n1279	1103	0	0	71	64.38027749999843
n1282	1108	0	0	74	64.68476437499838
n1281	1107	0	0	75	64.5899460937484
n1280	1106	0	0	76	64.48577953124841
n1293	1109	0	0	62	64.78492453124836
n1294	1110	0	0	68	64.80095015624836
n1286	1114	0	0	70	65.06537296874835
n1285	1113	0	0	71	64.97856749999835
n1284	1112	0	0	72	64.87172999999835
n1283	1111	0	0	73	64.78759546874836
n1328	1115	0	0	45	65.19357796874834
n1320	deletion
n1321	deletion
n1304	1116	0	0	69	65.20159078124834
n1305	1117	0	0	70	65.30308640624834
n1306	1118	0	0	71	65.41393031249834
n1307	1119	0	0	72	65.50874859374834
n1330	1122	0	0	52	65.62359890624833
n1331	1123	0	0	57	65.62760531249833
n1332	1121	0	0	60	65.61825703124833
n1322	1125	0	0	64	65.63828906249833
n1324	1130	0	0	69	66.02023312499833
n1323	deletion
n1308	1124	0	0	73	65.61692156249833
n1309	1126	0	0	74	65.71975265624832
n1310	1127	0	0	75	65.82659015624832
n1311	1128	0	0	76	65.95078874999832
n1334	1129	0	0	45	66.01355578124833
n1325	deletion
n1312	1131	0	0	77	66.00153656249833
n1313	1132	0	0	78	66.13374796874832
n1314	1133	0	0	79	66.25260468749833
n1315	1134	0	0	80	66.34608749999833
n1336	1137	0	0	53	66.44758312499833
n1337	1138	0	0	57	66.47295703124833
n1338	1135	0	0	62	66.44357671874833
n1326	1136	0	0	74	66.41953828124834
n1327	deletion
n1316	1139	0	0	81	66.43823484374833
n1317	1140	0	0	82	66.53038218749832
n1318	1141	0	0	83	66.63454874999832
n1319	1142	0	0	84	66.75741187499833
n1364	1143	0	0	33	66.84288187499833
n1365	1144	0	0	45	66.85223015624832
n1356	1146	0	0	76	66.85223015624832
n1357	1145	0	0	81	66.84688828124833
n1340	1147	0	0	85	66.85356562499832
n1341	1148	0	0	86	66.94971937499831
n1342	1149	0	0	87	67.06456968749832
n1343	1150	0	0	88	67.16873624999832
n1367	1151	0	0	52	67.28225109374831
n1368	1154	0	0	57	67.29961218749831
n1369	1153	0	0	60	67.29560578124831
n1358	1152	0	0	81	67.26756093749832
n1359	deletion
n1347	1158	0	0	86	67.58139609374828
n1346	1157	0	0	87	67.46120390624829
n1345	1156	0	0	88	67.3824112499983
n1344	1155	0	0	89	67.26221906249832
n1371	1159	0	0	57	67.66285968749828
n1372	1162	0	0	60	67.68422718749828
n1373	1163	0	0	64	67.68289171874828
n1360	1161	0	0	76	67.68022078124828
n1352	1169	0	0	81	68.05148109374828
n1361	deletion
n1351	1166	0	0	82	67.95265640624828
n1350	1165	0	0	83	67.86718640624828
n1349	1164	0	0	84	67.78705828124828
n1348	1160	0	0	85	67.67354343749828
n1362	1168	0	0	72	68.05682296874828
n1363	1167	0	0	76	68.05682296874828
n1353	1170	0	0	80	68.13962203124827
n1355	1172	0	0	81	68.35596796874827
n1354	1171	0	0	83	68.26782703124827
n1399	1173	0	0	38	68.48283749999827
n1400	1174	0	0	50	68.49752765624827
n1392	deletion
n1393	deletion
n1376	1175	0	0	82	68.48016656249827
n1377	1176	0	0	83	68.60302968749826
n1378	1177	0	0	84	68.70185437499826
n1379	1178	0	0	85	68.80468546874826
n1402	1181	0	0	50	68.91285843749826
n1403	1180	0	0	53	68.91285843749826
n1404	1179	0	0	58	68.89683281249826
n1405	1182	0	0	62	68.92621312499826
n1394	deletion
n1395	deletion
n1380	1183	0	0	86	68.92220671874826
n1381	1184	0	0	87	69.01836046874824
n1382	1185	0	0	88	69.13721718749824
n1383	1186	0	0	89	69.21467437499824
n1407	1187	0	0	40	69.32284734374824
n1408	1188	0	0	52	69.34555031249823
n1396	1189	0	0	80	69.34955671874823
n1397	deletion
n1384	1190	0	0	88	69.32952468749824
n1385	1191	0	0	89	69.45238781249822
n1386	1192	0	0	90	69.5445351562482
n1387	1193	0	0	91	69.6647273437482
n1410	1197	0	0	52	69.75153281249818
n1411	1195	0	0	59	69.76622296874818
n1412	1196	0	0	62	69.76088109374818
n1398	deletion
n1388	1194	0	0	92	69.75286828124818
n1389	1198	0	0	93	69.86237671874817
n1390	1199	0	0	94	69.95719499999815
n1391	1202	0	0	95	70.06670343749813
n1438	1200	0	0	41	70.17354093749813
n1439	1201	0	0	53	70.19357296874813
n1430	deletion
n1431	deletion
n1417	1206	0	0	90	70.5180918749981
n1416	1205	0	0	91	70.41659624999811
n1415	1204	0	0	92	70.31376515624811
n1414	1203	0	0	93	70.19490843749813
n1441	1209	0	0	57	70.6195874999981
n1442	1211	0	0	60	70.6516387499981
n1443	1207	0	0	65	70.6169165624981
n1432	1210	0	0	81	70.6329421874981
n1435	deletion
n1433	1208	0	0	84	70.6396195312481
n1421	1215	0	0	86	70.93876453124807
n1420	1214	0	0	87	70.81990781249807
n1419	1213	0	0	88	70.73977968749809
n1418	1212	0	0	89	70.6289357812481
n1445	1218	0	0	36	71.02556999999805
n1446	1219	0	0	48	71.03358281249805
n1434	1216	0	0	76	71.01889265624806
n1425	1222	0	0	82	71.32872140624805
n1424	1221	0	0	83	71.22455484374805
n1423	1220	0	0	84	71.12840109374805
n1422	1217	0	0	85	71.02156359374806
n1448	1225	0	0	52	71.44490718749805
n1449	1224	0	0	57	71.45291999999804
n1450	1223	0	0	64	71.44757812499805
n1436	1227	0	0	72	71.44223624999805
n1437	deletion
n1429	1230	0	0	78	71.73069749999803
n1428	1229	0	0	79	71.63855015624803
n1427	1228	0	0	80	71.53037718749803
n1426	1226	0	0	81	71.44757812499805
n1476	1231	0	0	38	71.85356062499802
n1477	1232	0	0	50	71.87359265624802
n1468	1233	0	0	70	71.86023796874802
n1455	1237	0	0	74	72.16873124999802
n1469	deletion
n1454	1236	0	0	75	72.04853906249802
n1453	1235	0	0	76	71.95906265624802
n1452	1234	0	0	77	71.85756703124802
n1479	1238	0	0	50	72.28491703124801
n1480	1247	0	0	53	72.28758796874801
n1481	1243	0	0	58	72.28091062499801
n1482	1240	0	0	62	72.27957515624801
n1470	1242	0	0	65	72.28358156249801
n1471	1239	0	0	70	72.29827171874801
n1456	1241	0	0	73	72.27823968749802
n1457	1244	0	0	74	72.387748124998
n1459	1246	0	0	74	72.594745781248
n1458	1245	0	0	77	72.487908281248
n1483	1251	0	0	52	72.68555765624798
n1484	1250	0	0	57	72.68689312499798
n1485	1248	0	0	60	72.69357046874798
n1472	1249	0	0	64	72.71894437499797
n1473	1252	0	0	69	72.74031187499797
n1460	1253	0	0	71	72.70692515624798
n1461	1254	0	0	72	72.82177546874796
n1463	1256	0	0	72	73.00874109374796
n1462	1255	0	0	76	72.90056812499796
n1486	1263	0	0	52	73.11424312499794
n1487	deletion
n1474	1258	0	0	62	73.13293968749794
n1475	1259	0	0	68	73.16766187499793
n1464	1257	0	0	70	73.11424312499794
n1465	1260	0	0	71	73.23443531249792
n1467	1262	0	0	71	73.41338812499791
n1466	1261	0	0	76	73.31723437499791
n1511	1265	0	0	45	73.5616251562479
n1512	1264	0	0	57	73.5669670312479
n1504	1266	0	0	60	73.5736443749979
n1488	1267	0	0	69	73.5696379687479
n1489	1268	0	0	70	73.66044984374788
n1490	1269	0	0	71	73.7592745312479
n1491	1270	0	0	72	73.87546031249789
n1514	1283	0	0	41	73.98229781249789
n1515	1276	0	0	53	73.99431703124789
n1505	1272	0	0	62	74.00232984374789
n1506	1271	0	0	69	73.97962687499789
n1492	1273	0	0	73	73.97962687499789
n1493	1274	0	0	74	74.09581265624787
n1494	1275	0	0	75	74.20932749999787
n1495	1277	0	0	76	74.33085515624786
n1507	1278	0	0	69	74.46440203124786
n1508	1279	0	0	74	74.47909218749786
n1496	1280	0	0	77	74.42967984374786
n1497	1281	0	0	78	74.56055578124784
n1498	1282	0	0	79	74.68475437499785
n1499	1284	0	0	80	74.76888890624784
n1516	1287	0	0	40	74.85168796874783
n1517	1285	0	0	52	74.85569437499782
n1509	1288	0	0	74	74.90510671874782
n1510	1286	0	0	76	74.88908109374782
n1500	1289	0	0	81	74.87706187499782
n1501	1290	0	0	82	74.9865703124978
n1502	1291	0	0	83	75.1107689062478
n1503	1292	0	0	84	75.15083296874779
n1542	1294	0	0	33	75.29105718749777
n1543	1293	0	0	45	75.28571531249777
n1534	deletion
n1535	1295	0	0	76	75.31776656249777
n1518	1296	0	0	81	75.28170890624777
n1519	1297	0	0	82	75.40056562499775
n1520	1298	0	0	83	75.52342874999775
n1521	1299	0	0	84	75.60756328124774
n1545	1313	0	0	29	75.72775546874773
n1546	1306	0	0	41	75.72508453124773
n1536	1301	0	0	74	75.72374906249773
n1537	1300	0	0	81	75.72641999999773
n1522	1302	0	0	85	75.71440078124773
n1523	1303	0	0	86	75.85061859374771
n1524	1304	0	0	87	75.9708107812477
n1525	1305	0	0	88	76.0776482812477
n1538	1308	0	0	81	76.23923999999771
n1539	1307	0	0	86	76.22054343749771
n1526	1309	0	0	89	76.19249859374771
n1527	1310	0	0	90	76.32738093749771
n1528	1311	0	0	91	76.4502440624977
n1529	1312	0	0	92	76.5450623437477
n1547	1315	0	0	28	76.65457078124768
n1548	1323	0	0	40	76.65323531249769
n1540	1317	0	0	86	76.67994468749768
n1541	1314	0	0	88	76.67593828124768
n1530	1316	0	0	93	76.65724171874768
n1531	1318	0	0	94	76.80147234374766
n1532	1319	0	0	95	76.92700640624766
n1533	1320	0	0	96	77.04986953124765
n1573	1372	0	0	33	77.25286078124765
n1574	1371	0	0	45	77.23282874999765
n1565	1328	0	0	84	77.25018984374765
n1566	1324	0	0	88	77.23549968749765
n1552	1329	0	0	90	77.72161031249763
n1551	1327	0	0	91	77.61877921874763
n1550	1326	0	0	92	77.47054218749763
n1549	1325	0	0	93	77.23683515624765
n1567	1332	0	0	81	77.87251828124761
n1568	1330	0	0	86	77.8925503124976
n1556	1335	0	0	86	78.18368249999757
n1555	1334	0	0	87	78.07818046874759
n1554	1333	0	0	88	77.98603312499759
n1553	1331	0	0	89	77.85515718749761
n1569	1336	0	0	77	78.29853281249756
n1572	deletion
n1570	deletion
n1560	1340	0	0	82	78.60168421874754
n1559	1339	0	0	83	78.51354328124754
n1558	1338	0	0	84	78.43074421874753
n1557	1337	0	0	85	78.29853281249756
n1571	1341	0	0	74	78.70852171874752
n1564	1345	0	0	78	79.0383824999975
n1563	1344	0	0	79	78.9502415624975
n1562	1343	0	0	80	78.8113528124975
n1561	1342	0	0	81	78.72187640624752
n1591	1347	0	0	69	79.17192937499748
n1592	1346	0	0	74	79.18394859374747
n1578	1351	0	0	74	79.48709999999745
n1577	1350	0	0	75	79.36690781249746
n1576	1349	0	0	76	79.27476046874746
n1575	1348	0	0	77	79.15456828124748
n1593	1352	0	0	65	79.60195031249744
n1596	deletion
n1594	deletion
n1582	1356	0	0	70	79.9318110937474
n1581	1355	0	0	71	79.8396637499974
n1580	1354	0	0	72	79.73683265624742
n1579	1353	0	0	73	79.60862765624744
n1595	1357	0	0	62	80.05200328124738
n1586	1361	0	0	66	80.42192812499732
n1585	1360	0	0	67	80.31509062499734
n1584	1359	0	0	68	80.18020828124736
n1583	1358	0	0	69	80.06535796874738
n1597	1362	0	0	57	80.5875262499973
n1598	1363	0	0	62	80.6008809374973
n1590	1367	0	0	62	81.1016817187473
n1589	1366	0	0	63	80.9080387499973
n1588	1365	0	0	64	80.7424406249973
n1587	1364	0	0	65	80.5821843749973
n1602	1369	0	0	52	81.4929740624973
n1603	1370	0	0	57	81.4996514062473
n1601	1368	0	0	61	81.4769484374973
insertion	423	0	0	84	23.75798906249994
insertion	455	0	0	88	25.369899843749934
insertion	477	0	0	50	26.57048624999992
insertion	563	0	0	48	31.757446874999903
insertion	800	0	0	83	45.57153562499919
insertion	851	0	0	65	48.74995124999904
insertion	1093	0	0	71	63.83674171874848
insertion	1120	0	0	72	65.56350281249834
insertion	1322	0	0	95	77.25018984374765
insertion	1321	0	0	96	77.26220906249765
