xml_id	midi_id	track	channel	pitch	onset
n3	1	1	0	58	1.6692708333333333
n2	0	1	0	62	0.5
n5	2	1	0	63	2.1158854166666665
n6	3	1	0	60	2.907552083333334
n7	4	1	0	57	4.074218750000001
n9	5	1	0	62	4.500000000000001
n10	6	1	0	58	5.32421875
n11	7	1	0	55	6.477864583333333
n13	8	1	0	60	6.872395833333332
n14	9	1	0	60	7.270833333333332
n15	10	1	0	60	7.660156249999999
n16	11	1	0	60	8.042968749999998
n17	12	1	0	60	8.40234375
n18	13	1	0	60	8.749999999999998
n25	16	1	0	57	9.710937499999996
n24	15	1	0	58	9.529947916666664
n23	14	1	0	60	9.134114583333332
n27	18	1	0	55	10.07942708333333
n26	17	1	0	58	9.894531249999996
n28	19	1	0	58	10.260416666666663
n29	20	1	0	60	10.440104166666663
n20	21	1	0	67	9.890624999999996
n31	23	1	0	61	10.785156249999993
n30	22	1	0	62	10.618489583333327
n32	24	1	0	62	10.963541666666659
n22	25	1	0	65	10.960937499999993
n38	28	1	0	55	11.743489583333325
n37	26	1	0	62	11.380208333333325
n33	27	1	0	70	11.358072916666659
n40	29	1	0	55	12.29557291666666
n41	30	1	0	57	12.485677083333327
n42	32	1	0	58	12.648437499999993
n34	31	1	0	67	12.12760416666666
n44	34	1	0	58	13.005208333333327
n43	33	1	0	60	12.830729166666659
n45	36	1	0	60	13.183593749999995
n36	35	1	0	64	13.15104166666666
n51	39	1	0	53	13.927083333333332
n50	37	1	0	60	13.58333333333333
n46	38	1	0	69	13.557291666666664
n53	40	1	0	53	14.475260416666666
n54	41	1	0	55	14.649739583333332
n55	43	1	0	57	14.815104166666664
n47	42	1	0	65	14.308593749999998
n57	45	1	0	57	15.148437499999996
n56	44	1	0	58	14.999999999999996
n58	48	1	0	58	15.339843749999996
n49	46	1	0	62	15.338541666666663
n66	49	1	0	57	15.88020833333333
n68	52	1	0	57	16.22005208333333
n67	51	1	0	58	16.065104166666664
n59	47	1	0	67	15.695312499999996
n60	50	1	0	67	16.050781249999996
n70	55	1	0	53	16.588541666666664
n72	58	1	0	53	16.90625
n69	54	1	0	55	16.42317708333333
n71	57	1	0	55	16.765624999999996
n61	53	1	0	67	16.39973958333333
n62	56	1	0	67	16.738281249999996
n74	61	1	0	50	17.278645833333332
n76	64	1	0	50	17.619791666666668
n73	60	1	0	52	17.096354166666664
n75	63	1	0	52	17.48046875
n63	59	1	0	67	17.102864583333332
n64	62	1	0	67	17.451822916666668
n91	65	1	0	49	17.819010416666668
n92	67	1	0	57	18.18489583333334
n83	69	1	0	64	18.365885416666675
n82	68	1	0	65	18.18619791666667
n81	66	1	0	67	17.807291666666668
n93	70	1	0	50	18.550781250000007
n94	74	1	0	60	18.912760416666668
n85	73	1	0	62	18.738281250000004
n86	75	1	0	64	18.89453125
n84	71	1	0	65	18.554687500000007
n87	76	1	0	66	19.0625
n78	72	1	0	74	18.531250000000007
n96	81	1	0	55	19.575520833333332
n95	77	1	0	58	19.242187499999996
n89	79	1	0	66	19.397135416666664
n88	78	1	0	67	19.229166666666664
n90	80	1	0	67	19.58203125
n80	82	1	0	70	19.563802083333332
n111	86	1	0	58	20.15625
n113	89	1	0	58	20.459635416666664
n110	84	1	0	60	19.9921875
n102	88	1	0	60	20.311197916666664
n112	deletion
n101	83	1	0	67	19.97265625
n97	85	1	0	75	19.94140625
n115	93	1	0	55	21.15364583333333
n114	90	1	0	57	20.654947916666664
n104	91	1	0	60	20.839843749999996
n105	92	1	0	62	21.003906249999996
n106	94	1	0	63	21.17447916666666
n98	95	1	0	72	20.647135416666664
n117	100	1	0	53	21.70052083333333
n116	96	1	0	57	21.32682291666666
n108	98	1	0	63	21.51432291666666
n107	97	1	0	65	21.35416666666666
n109	99	1	0	65	21.69010416666666
n100	101	1	0	69	21.687499999999993
n131	105	1	0	57	22.25520833333333
n133	107	1	0	57	22.56901041666666
n130	103	1	0	58	22.096354166666664
n122	106	1	0	58	22.41536458333333
n132	deletion
n121	102	1	0	65	22.096354166666664
n118	104	1	0	74	22.078124999999996
n134	108	1	0	55	22.77994791666666
n135	111	1	0	57	23.105468749999993
n124	109	1	0	58	22.94010416666666
n136	112	1	0	58	23.265624999999993
n125	110	1	0	60	23.10807291666666
n126	113	1	0	62	23.317708333333325
n119	114	1	0	70	22.76302083333333
n138	120	1	0	58	23.98958333333332
n137	119	1	0	60	23.457031249999993
n128	116	1	0	62	23.631510416666657
n127	115	1	0	63	23.477864583333325
n129	117	1	0	63	23.81249999999999
n120	118	1	0	67	23.803385416666657
n157	126	1	0	57	24.162760416666654
n146	122	1	0	62	24.339843749999986
n148	125	1	0	62	24.667968749999986
n147	123	1	0	63	24.507812499999986
n139	121	1	0	72	24.16145833333332
n140	124	1	0	72	24.507812499999986
n158	132	1	0	55	25.197916666666654
n150	129	1	0	58	25.015624999999986
n152	133	1	0	58	25.358072916666654
n149	128	1	0	60	24.867187499999986
n151	131	1	0	60	25.20052083333332
n141	127	1	0	72	24.855468749999986
n142	130	1	0	72	25.190104166666654
n160	140	1	0	52	25.90624999999999
n159	134	1	0	54	25.55078124999999
n154	137	1	0	55	25.713541666666657
n156	141	1	0	55	26.057291666666657
n153	136	1	0	57	25.53515624999999
n155	139	1	0	57	25.893229166666657
n143	135	1	0	72	25.54296874999999
n144	138	1	0	72	25.891927083333325
n177	143	1	0	50	26.261718749999986
n171	142	1	0	54	26.24739583333332
n178	145	1	0	54	26.600260416666647
n172	144	1	0	62	26.60156249999998
n163	148	1	0	69	26.787760416666643
n162	147	1	0	70	26.591145833333314
n161	146	1	0	72	26.252604166666654
n179	157	1	0	55	26.975260416666643
n185	deletion
n180	152	1	0	62	27.386718749999975
n181	154	1	0	64	27.545572916666643
n165	150	1	0	67	27.169270833333307
n173	151	1	0	67	27.359374999999975
n164	149	1	0	70	26.988281249999975
n166	153	1	0	70	27.354166666666643
n167	155	1	0	72	27.515624999999975
n186	162	1	0	53	28.0442708333333
n183	159	1	0	64	27.859374999999968
n182	156	1	0	65	27.69921874999997
n184	161	1	0	65	28.0364583333333
n176	164	1	0	69	28.2044270833333
n169	160	1	0	73	27.843749999999968
n168	158	1	0	74	27.680989583333307
n170	163	1	0	74	28.035156249999968
n209	167	1	0	58	28.408854166666632
n203	169	1	0	62	28.414062499999968
n198	168	1	0	65	28.959635416666632
n188	166	1	0	67	28.764322916666632
n197	deletion
n196	165	1	0	69	28.576822916666636
n187	170	1	0	74	28.4114583333333
n210	173	1	0	55	29.118489583333297
n206	175	1	0	58	29.660156249999968
n205	172	1	0	60	29.494791666666632
n199	179	1	0	64	29.136718749999964
n189	171	1	0	67	29.294270833333297
n190	174	1	0	69	29.468749999999964
n191	176	1	0	70	29.6419270833333
n211	182	1	0	52	30.1731770833333
n208	181	1	0	55	30.1809895833333
n207	177	1	0	57	29.819010416666636
n202	184	1	0	67	30.345052083333304
n193	180	1	0	70	30.006510416666636
n192	178	1	0	72	29.835937499999968
n194	183	1	0	72	30.171874999999968
n234	187	1	0	57	30.546874999999968
n228	189	1	0	60	30.546874999999968
n223	188	1	0	64	31.113281249999968
n213	186	1	0	65	30.910156249999968
n222	deletion
n221	185	1	0	67	30.714843749999968
n212	190	1	0	72	30.549479166666636
n235	193	1	0	53	31.25781249999997
n231	194	1	0	57	31.778645833333307
n230	192	1	0	58	31.602864583333304
n224	201	1	0	62	31.28124999999997
n214	191	1	0	65	31.43749999999997
n215	195	1	0	67	31.610677083333304
n216	196	1	0	69	31.78385416666664
n236	199	1	0	50	32.30468749999998
n233	200	1	0	53	32.30338541666664
n232	197	1	0	55	31.97656249999997
n227	204	1	0	65	32.477864583333314
n218	202	1	0	69	32.13802083333331
n217	198	1	0	70	31.96484374999997
n219	203	1	0	70	32.30208333333331
n256	205	1	0	55	32.65885416666665
n257	209	1	0	55	33.00390624999998
n255	206	1	0	58	32.665364583333314
n249	207	1	0	64	32.652343749999986
n250	212	1	0	65	33.20182291666664
n238	208	1	0	69	32.83593749999998
n240	211	1	0	69	33.18229166666664
n239	210	1	0	70	33.01953124999998
n258	213	1	0	55	33.35546874999998
n259	217	1	0	55	33.70833333333331
n252	220	1	0	62	33.87369791666665
n251	215	1	0	64	33.36328124999998
n242	216	1	0	65	33.54947916666664
n244	219	1	0	65	33.868489583333314
n241	214	1	0	67	33.36328124999998
n243	218	1	0	67	33.70572916666664
n260	221	1	0	55	34.05338541666664
n261	225	1	0	55	34.39322916666664
n253	223	1	0	61	34.04687499999998
n246	224	1	0	62	34.21484374999997
n248	227	1	0	62	34.56380208333331
n254	deletion
n245	222	1	0	64	34.04687499999998
n247	226	1	0	64	34.39192708333331
n275	233	1	0	52	35.292968749999964
n274	232	1	0	53	35.13281249999997
n273	230	1	0	55	34.74348958333331
n269	229	1	0	57	34.74999999999997
n262	228	1	0	61	34.73828124999997
n263	231	1	0	69	35.096354166666636
n277	236	1	0	50	35.64713541666663
n278	238	1	0	51	35.82161458333329
n276	235	1	0	53	35.45442708333329
n279	239	1	0	53	36.00130208333329
n264	234	1	0	62	35.44401041666663
n265	237	1	0	72	35.79166666666663
n281	242	1	0	53	36.324218749999964
n280	240	1	0	55	36.17838541666663
n282	244	1	0	55	36.52083333333329
n266	241	1	0	71	36.14973958333329
n267	243	1	0	74	36.304687499999964
n272	246	1	0	74	36.64583333333329
n268	245	1	0	77	36.47526041666663
n293	249	1	0	47	37.02473958333329
n292	247	1	0	48	36.83072916666663
n294	251	1	0	48	37.19010416666663
n295	252	1	0	50	37.3645833333333
n286	250	1	0	67	37.210937499999964
n283	248	1	0	75	36.84505208333329
n297	255	1	0	48	37.7395833333333
n298	257	1	0	50	37.9192708333333
n296	254	1	0	51	37.562499999999964
n299	258	1	0	51	38.09114583333331
n287	253	1	0	60	37.5481770833333
n288	256	1	0	70	37.8645833333333
n301	261	1	0	51	38.38671874999998
n300	260	1	0	53	38.24869791666664
n302	263	1	0	53	38.532552083333314
n289	259	1	0	69	38.22656249999998
n290	262	1	0	72	38.403645833333314
n291	264	1	0	75	38.567708333333314
n284	265	1	0	81	38.72526041666665
n313	266	1	0	46	38.917968749999986
n314	267	1	0	53	39.09374999999999
n315	269	1	0	55	39.29036458333333
n316	271	1	0	57	39.45833333333333
n311	270	1	0	74	39.291666666666664
n304	272	1	0	81	39.455729166666664
n303	268	1	0	82	38.914062499999986
n318	275	1	0	57	39.80078125000001
n317	273	1	0	58	39.64453125
n319	279	1	0	58	39.98437500000001
n306	276	1	0	78	39.80859375000001
n308	278	1	0	78	40.152343750000014
n305	274	1	0	79	39.63671875
n307	277	1	0	79	39.98958333333334
n321	280	1	0	52	40.49218750000002
n322	281	1	0	54	40.666666666666686
n323	282	1	0	55	40.830729166666686
n312	283	1	0	74	40.83723958333335
n309	291	1	0	79	40.34375000000002
n342	286	1	0	55	41.199218750000014
n341	284	1	0	57	41.03776041666668
n343	288	1	0	57	41.359375000000014
n330	287	1	0	70	41.199218750000014
n332	290	1	0	70	41.539062500000014
n329	285	1	0	72	41.02213541666668
n331	289	1	0	72	41.363281250000014
n344	294	1	0	50	41.92317708333336
n345	297	1	0	52	42.115885416666686
n346	299	1	0	54	42.31250000000002
n339	295	1	0	62	41.736979166666686
n333	292	1	0	72	41.73177083333335
n334	298	1	0	72	42.26953125000002
n325	293	1	0	78	41.730468750000014
n326	296	1	0	81	42.26692708333336
n348	303	1	0	54	42.59765625000003
n347	300	1	0	55	42.44270833333336
n349	306	1	0	55	42.78515625000003
n340	308	1	0	58	42.77734375000003
n336	304	1	0	69	42.62109375000003
n338	deletion
n335	302	1	0	70	42.43489583333336
n337	305	1	0	70	42.786458333333364
n328	307	1	0	72	42.94791666666669
n327	301	1	0	74	42.42578125000002
n363	313	1	0	48	43.55598958333337
n362	312	1	0	55	43.18750000000003
n359	310	1	0	63	43.17968750000003
n353	311	1	0	65	43.3658854166667
n355	314	1	0	65	43.73828125000004
n352	309	1	0	67	43.212239583333364
n354	315	1	0	67	43.54036458333337
n350	317	1	0	70	43.184895833333364
n364	322	1	0	48	44.09375000000004
n365	321	1	0	50	44.27473958333338
n366	324	1	0	51	44.45312500000004
n360	320	1	0	60	43.89843750000004
n357	323	1	0	62	44.46614583333337
n356	316	1	0	63	43.89453125000004
n368	326	1	0	51	44.76953125000003
n367	325	1	0	53	44.598958333333364
n369	328	1	0	53	44.98307291666669
n361	330	1	0	57	44.96875000000003
n358	327	1	0	60	44.6276041666667
n351	329	1	0	69	44.6276041666667
n384	334	1	0	46	45.70442708333337
n383	332	1	0	53	45.339843750000036
n379	336	1	0	62	45.3424479166667
n377	331	1	0	65	45.345052083333364
n371	333	1	0	69	45.5260416666667
n373	337	1	0	69	45.87500000000003
n372	335	1	0	70	45.70833333333337
n385	339	1	0	46	46.235677083333364
n386	340	1	0	48	46.42187500000003
n387	343	1	0	50	46.61718750000003
n380	338	1	0	58	46.0690104166667
n378	342	1	0	62	46.071614583333364
n375	344	1	0	66	46.60286458333336
n374	341	1	0	67	46.0729166666667
n389	346	1	0	50	46.96354166666671
n388	345	1	0	51	46.785156250000036
n390	348	1	0	51	47.13802083333337
n382	349	1	0	55	47.13411458333337
n376	347	1	0	67	46.7682291666667
n404	351	1	0	50	47.696614583333385
n406	355	1	0	50	48.02994791666672
n405	352	1	0	51	47.86197916666672
n397	350	1	0	60	47.50520833333338
n398	353	1	0	60	47.85937500000006
n392	354	1	0	70	48.02994791666672
n408	358	1	0	46	48.40234375000006
n410	363	1	0	46	48.7356770833334
n407	356	1	0	48	48.218750000000064
n409	360	1	0	48	48.56770833333339
n399	357	1	0	60	48.214843750000064
n400	361	1	0	60	48.56640625000006
n393	359	1	0	69	48.20963541666673
n394	362	1	0	72	48.7395833333334
n412	366	1	0	43	49.09765625000008
n414	371	1	0	43	49.42708333333342
n411	364	1	0	45	48.91536458333341
n413	368	1	0	45	49.286458333333414
n401	365	1	0	60	48.92317708333341
n402	369	1	0	60	49.26171875000008
n395	367	1	0	66	48.91015625000007
n396	370	1	0	69	49.425781250000085
n429	373	1	0	42	49.63151041666675
n430	378	1	0	50	49.97656250000009
n421	376	1	0	57	50.13671875000011
n420	375	1	0	58	49.96484375000009
n415	374	1	0	62	49.593750000000085
n416	377	1	0	66	50.13541666666677
n431	379	1	0	43	50.29427083333344
n432	383	1	0	53	50.6757812500001
n423	382	1	0	55	50.49479166666677
n424	384	1	0	57	50.673177083333435
n422	381	1	0	58	50.30859375000011
n425	385	1	0	58	50.838541666666764
n417	380	1	0	67	50.30078125000011
n434	389	1	0	48	51.376302083333435
n433	386	1	0	52	51.04036458333343
n427	388	1	0	58	51.2031250000001
n426	387	1	0	60	51.033854166666764
n428	390	1	0	60	51.384114583333435
n418	391	1	0	70	51.5546875000001
n454	392	1	0	53	51.733072916666764
n455	395	1	0	57	52.0859375000001
n446	393	1	0	60	51.7343750000001
n448	398	1	0	64	52.25520833333343
n447	396	1	0	65	52.102864583333435
n438	399	1	0	67	52.23958333333343
n437	397	1	0	69	52.0742187500001
n436	394	1	0	70	51.880208333333435
n456	401	1	0	50	52.43750000000009
n457	404	1	0	60	52.78645833333342
n449	400	1	0	65	52.42187500000009
n439	402	1	0	69	52.42317708333343
n440	403	1	0	69	52.59114583333342
n441	405	1	0	71	52.77083333333342
n442	406	1	0	72	52.96354166666675
n459	410	1	0	55	53.503906250000085
n458	407	1	0	59	53.126302083333414
n453	412	1	0	65	53.665364583333414
n444	409	1	0	72	53.31770833333342
n443	408	1	0	74	53.14322916666675
n445	411	1	0	74	53.50130208333342
n478	417	1	0	55	54.21223958333341
n477	413	1	0	60	53.87109375000008
n469	420	1	0	62	54.39322916666674
n468	416	1	0	63	54.21484375000007
n467	415	1	0	65	54.03125000000007
n462	419	1	0	71	54.37500000000008
n461	418	1	0	72	54.20963541666674
n460	414	1	0	74	53.85156250000008
n479	421	1	0	48	54.56510416666674
n480	424	1	0	57	54.93359375000007
n471	423	1	0	60	54.75781250000007
n470	422	1	0	63	54.58723958333341
n472	426	1	0	66	54.936197916666735
n473	427	1	0	67	55.104166666666735
n463	425	1	0	72	54.56119791666674
n482	431	1	0	50	55.63541666666673
n481	428	1	0	54	55.2942708333334
n475	430	1	0	67	55.453125000000064
n474	429	1	0	69	55.2864583333334
n476	432	1	0	69	55.64322916666673
n465	433	1	0	72	55.81510416666673
n499	435	1	0	55	56.011718750000064
n500	439	1	0	58	56.34895833333339
n496	440	1	0	66	56.524739583333385
n495	437	1	0	67	56.35156250000006
n494	434	1	0	69	56.0013020833334
n486	441	1	0	69	56.513020833333385
n485	438	1	0	70	56.35156250000006
n484	436	1	0	72	56.17447916666672
n501	445	1	0	52	56.692708333333385
n502	447	1	0	62	57.049479166666714
n497	442	1	0	67	56.69140625000005
n487	443	1	0	70	56.67968750000005
n488	444	1	0	74	56.864583333333385
n489	446	1	0	76	57.05208333333338
n490	448	1	0	77	57.229166666666714
n504	452	1	0	57	57.782552083333385
n503	450	1	0	61	57.39713541666672
n505	453	1	0	61	57.96093750000005
n492	451	1	0	77	57.579427083333385
n491	449	1	0	79	57.40494791666672
n493	457	1	0	79	57.76171875000005
n521	459	1	0	57	58.64713541666672
n519	455	1	0	61	58.294270833333385
n518	454	1	0	62	58.134114583333385
n520	456	1	0	62	58.48567708333338
n527	deletion
n508	460	1	0	76	58.653645833333385
n507	458	1	0	77	58.50130208333338
n522	462	1	0	50	58.895833333333385
n523	464	1	0	62	59.26302083333338
n524	466	1	0	64	59.44140625000004
n516	470	1	0	69	58.860677083333385
n510	463	1	0	74	59.052083333333385
n509	461	1	0	77	58.856770833333385
n511	465	1	0	77	59.244791666666714
n512	467	1	0	79	59.408854166666714
n526	473	1	0	62	59.98437500000005
n525	468	1	0	65	59.60937500000005
n517	474	1	0	65	59.959635416666714
n514	471	1	0	79	59.75390625000005
n513	469	1	0	81	59.596354166666714
n515	472	1	0	81	59.967447916666714
n543	478	1	0	55	60.546875000000064
n544	480	1	0	57	60.7395833333334
n545	481	1	0	58	60.924479166666735
n542	475	1	0	67	60.36588541666673
n539	477	1	0	70	60.36197916666673
n531	479	1	0	74	60.7278645833334
n530	476	1	0	81	60.35677083333339
n547	483	1	0	55	61.28515625000008
n546	482	1	0	60	61.12369791666674
n548	485	1	0	60	61.47135416666674
n549	488	1	0	62	61.66406250000008
n540	484	1	0	67	61.09375000000007
n533	486	1	0	74	61.27734375000008
n534	487	1	0	76	61.45442708333341
n535	489	1	0	77	61.626302083333414
n551	494	1	0	60	62.18880208333341
n550	490	1	0	64	61.80989583333341
n541	495	1	0	64	62.166666666666735
n537	492	1	0	77	61.97395833333341
n536	491	1	0	79	61.80208333333341
n538	493	1	0	79	62.16015625000007
n565	497	1	0	53	62.717447916666764
n566	501	1	0	55	62.928385416666764
n567	502	1	0	57	63.1171875000001
n564	496	1	0	65	62.54296875000009
n561	499	1	0	69	62.53645833333343
n553	500	1	0	72	62.92317708333343
n552	498	1	0	79	62.53515625000009
n569	504	1	0	53	63.46744791666677
n568	503	1	0	58	63.282552083333435
n570	506	1	0	58	63.641927083333435
n571	508	1	0	60	63.81640625000011
n562	510	1	0	65	63.26432291666677
n555	505	1	0	72	63.45963541666677
n556	507	1	0	74	63.63932291666677
n557	509	1	0	76	63.81250000000011
n575	517	1	0	57	64.52864583333343
n574	515	1	0	58	64.34895833333344
n573	513	1	0	60	64.1718750000001
n572	511	1	0	62	64.0039062500001
n563	516	1	0	62	64.33333333333344
n559	514	1	0	76	64.16666666666677
n558	512	1	0	77	63.99218750000011
n560	520	1	0	77	64.34635416666677
n591	518	1	0	58	64.72135416666676
n593	522	1	0	61	65.09505208333339
n592	521	1	0	62	64.9075520833334
n594	524	1	0	62	65.25651041666671
n585	519	1	0	67	64.70572916666676
n586	523	1	0	67	65.07161458333339
n577	525	1	0	77	65.24348958333339
n595	526	1	0	55	65.43359375000004
n597	531	1	0	57	65.77994791666673
n596	530	1	0	58	65.61328125000006
n598	535	1	0	58	65.95703125000006
n587	528	1	0	67	65.42968750000004
n588	532	1	0	67	65.78125000000006
n579	529	1	0	74	65.58984375000006
n581	534	1	0	74	65.92838541666673
n578	527	1	0	76	65.43229166666671
n580	533	1	0	76	65.76953125000006
n599	536	1	0	52	66.1302083333334
n602	543	1	0	57	66.68750000000009
n601	542	1	0	61	66.51953125000007
n600	539	1	0	64	66.33984375000007
n589	537	1	0	67	66.13541666666673
n590	541	1	0	67	66.50000000000007
n582	538	1	0	73	66.13671875000006
n583	540	1	0	74	66.30859375000007
n584	546	1	0	76	66.49609375000007
n616	547	1	0	50	67.0468750000001
n617	550	1	0	53	67.24088541666677
n618	551	1	0	57	67.3906250000001
n615	545	1	0	62	66.86067708333343
n608	548	1	0	65	67.2382812500001
n607	544	1	0	67	66.85286458333343
n604	549	1	0	74	67.2343750000001
n620	554	1	0	60	67.79557291666677
n622	558	1	0	60	68.13411458333343
n619	552	1	0	62	67.6093750000001
n621	555	1	0	62	67.97395833333343
n609	553	1	0	69	67.7968750000001
n610	557	1	0	70	67.98567708333343
n611	559	1	0	72	68.14192708333343
n605	556	1	0	77	67.59635416666677
n625	565	1	0	55	68.69661458333343
n623	561	1	0	58	68.31770833333341
n626	566	1	0	58	68.86067708333343
n624	563	1	0	62	68.49479166666676
n613	562	1	0	72	68.49479166666676
n612	560	1	0	74	68.32421875000009
n606	564	1	0	74	68.68098958333343
n614	deletion
n639	570	1	0	51	69.06250000000009
n640	569	1	0	55	69.26953125000007
n641	571	1	0	57	69.47265625000007
n642	573	1	0	58	69.63151041666674
n632	572	1	0	67	69.43750000000007
n631	568	1	0	74	69.07942708333341
n627	567	1	0	79	69.06250000000009
n644	575	1	0	58	70.00520833333341
n646	580	1	0	58	70.3333333333334
n643	574	1	0	60	69.80989583333341
n645	578	1	0	60	70.16927083333341
n633	576	1	0	67	69.99218750000009
n634	579	1	0	69	70.17317708333341
n635	581	1	0	70	70.3528645833334
n628	577	1	0	75	69.79296875000007
n649	586	1	0	53	70.87630208333341
n647	583	1	0	57	70.5208333333334
n650	588	1	0	57	71.05989583333341
n648	585	1	0	60	70.69010416666673
n637	584	1	0	70	70.69010416666673
n636	582	1	0	72	70.52343750000007
n630	587	1	0	72	70.86979166666674
n638	deletion
n664	589	1	0	50	71.25000000000009
n665	590	1	0	53	71.43489583333341
n666	593	1	0	55	71.62369791666674
n667	595	1	0	57	71.8059895833334
n656	594	1	0	65	71.64322916666674
n655	592	1	0	72	71.26562500000009
n651	591	1	0	77	71.25390625000009
n669	598	1	0	57	72.20052083333339
n671	601	1	0	57	72.54947916666671
n668	596	1	0	58	72.02213541666673
n670	600	1	0	58	72.39062500000006
n658	597	1	0	65	72.19661458333339
n659	603	1	0	67	72.37369791666673
n660	602	1	0	69	72.56510416666671
n652	599	1	0	74	72.01171875000006
n674	608	1	0	51	73.12239583333339
n672	604	1	0	55	72.73958333333339
n675	609	1	0	55	73.32031250000006
n673	606	1	0	58	72.91927083333339
n662	607	1	0	69	72.91015625000006
n661	605	1	0	70	72.73697916666671
n654	610	1	0	70	73.11458333333339
n663	deletion
n689	612	1	0	48	73.49088541666673
n690	613	1	0	55	73.68619791666673
n691	615	1	0	57	73.86718750000006
n692	617	1	0	58	74.03255208333339
n683	616	1	0	70	74.03125000000006
n676	611	1	0	75	73.47786458333339
n677	614	1	0	75	73.84244791666673
n696	627	1	0	58	74.7252604166667
n693	620	1	0	60	74.21744791666671
n695	625	1	0	60	74.5651041666667
n694	deletion
n685	621	1	0	67	74.3932291666667
n687	626	1	0	67	74.7135416666667
n684	618	1	0	69	74.22395833333337
n686	623	1	0	69	74.56380208333337
n678	619	1	0	75	74.21875000000004
n679	624	1	0	75	74.56380208333337
n698	630	1	0	53	75.06250000000004
n699	632	1	0	55	75.26692708333337
n697	628	1	0	57	74.90755208333337
n700	633	1	0	57	75.43489583333337
n688	634	1	0	65	74.91145833333337
n680	629	1	0	75	74.90625000000004
n681	631	1	0	75	75.2565104166667
n714	637	1	0	57	75.79296875000001
n713	635	1	0	58	75.6236979166667
n715	638	1	0	58	75.97526041666667
n716	639	1	0	60	76.14583333333334
n702	640	1	0	74	75.97916666666667
n701	636	1	0	75	75.6119791666667
n703	641	1	0	75	76.14973958333334
n724	652	1	0	58	76.34895833333334
n718	644	1	0	60	76.52083333333336
n717	643	1	0	62	76.34244791666667
n719	646	1	0	62	76.70312500000003
n720	648	1	0	64	76.89583333333334
n705	645	1	0	70	76.53515625000003
n704	642	1	0	77	76.34895833333334
n706	647	1	0	77	76.71223958333336
n707	649	1	0	79	76.88932291666669
n725	656	1	0	57	77.43880208333331
n722	653	1	0	64	77.25520833333331
n721	650	1	0	65	77.07161458333333
n723	655	1	0	65	77.42838541666664
n712	658	1	0	72	77.62239583333331
n709	654	1	0	79	77.24609374999999
n708	651	1	0	81	77.07291666666666
n710	657	1	0	81	77.42447916666664
n743	665	1	0	62	77.80468749999997
n737	666	1	0	69	78.36328124999996
n734	660	1	0	70	77.80338541666664
n736	662	1	0	70	78.18359374999997
n735	661	1	0	72	78.01041666666664
n727	664	1	0	74	78.18229166666664
n726	659	1	0	81	77.80338541666664
n744	670	1	0	58	78.56510416666661
n741	671	1	0	62	78.56249999999994
n738	667	1	0	67	78.57031249999994
n728	668	1	0	74	78.74088541666661
n729	669	1	0	76	78.91145833333329
n730	672	1	0	77	79.10416666666663
n745	675	1	0	55	79.64453124999996
n742	674	1	0	64	79.29296874999996
n739	678	1	0	70	79.82031249999994
n732	676	1	0	77	79.45703124999996
n731	673	1	0	79	79.29427083333329
n733	677	1	0	79	79.64973958333329
n763	684	1	0	60	80.02343749999994
n757	685	1	0	67	80.59505208333327
n754	680	1	0	69	80.03906249999994
n756	682	1	0	69	80.40364583333327
n755	681	1	0	70	80.22656249999994
n747	683	1	0	72	80.3893229166666
n746	679	1	0	79	80.03515624999994
n764	689	1	0	57	80.77473958333327
n761	690	1	0	60	80.7721354166666
n758	686	1	0	65	80.78515624999993
n748	687	1	0	72	80.96354166666659
n749	688	1	0	74	81.14453124999993
n750	691	1	0	76	81.33333333333326
n765	695	1	0	53	81.84895833333327
n762	693	1	0	62	81.50911458333326
n759	696	1	0	69	82.0416666666666
n752	694	1	0	76	81.6822916666666
n751	692	1	0	77	81.51171874999993
n753	697	1	0	77	81.86848958333327
n781	698	1	0	58	82.2174479166666
n782	700	1	0	58	82.56380208333327
n778	705	1	0	67	82.22395833333327
n767	699	1	0	74	82.38802083333327
n768	701	1	0	76	82.55598958333327
n769	702	1	0	77	82.73046874999994
n783	703	1	0	58	82.9127604166666
n784	708	1	0	58	83.25130208333326
n770	704	1	0	79	82.91015624999993
n773	710	1	0	79	83.45312499999991
n771	707	1	0	81	83.1002604166666
n772	709	1	0	82	83.26822916666659
n785	711	1	0	58	83.62239583333324
n786	717	1	0	58	83.98828124999989
n780	713	1	0	60	83.63151041666657
n777	716	1	0	72	84.18098958333321
n776	715	1	0	74	83.99999999999989
n775	714	1	0	76	83.8164062499999
n774	712	1	0	77	83.63151041666657
n802	723	1	0	55	84.91666666666653
n801	722	1	0	57	84.73307291666653
n800	deletion
n794	720	1	0	65	84.36979166666654
n788	721	1	0	72	84.70963541666653
n787	718	1	0	77	84.35026041666654
n804	725	1	0	53	85.25651041666654
n803	724	1	0	57	85.08072916666653
n805	728	1	0	57	85.47265624999989
n806	730	1	0	59	85.64322916666654
n791	729	1	0	74	85.61458333333321
n790	727	1	0	75	85.44531249999989
n789	726	1	0	77	85.0872395833332
n808	734	1	0	59	85.99999999999991
n807	732	1	0	60	85.80208333333323
n809	738	1	0	60	86.14843749999991
n796	733	1	0	67	85.98177083333324
n798	737	1	0	67	86.31640624999991
n797	735	1	0	68	86.14322916666659
n793	736	1	0	72	86.13932291666659
n792	731	1	0	75	85.77994791666656
n825	745	1	0	57	87.04947916666659
n824	744	1	0	59	86.86979166666659
n823	741	1	0	60	86.66145833333326
n818	742	1	0	62	86.85807291666659
n817	739	1	0	65	86.49999999999991
n811	743	1	0	67	86.85286458333326
n810	740	1	0	74	86.50130208333324
n827	747	1	0	55	87.42447916666659
n826	746	1	0	59	87.24479166666659
n828	750	1	0	59	87.63281249999991
n829	752	1	0	60	87.79427083333323
n814	751	1	0	75	87.7734374999999
n813	749	1	0	77	87.60937499999991
n812	748	1	0	79	87.23567708333326
n831	757	1	0	60	88.15364583333321
n830	755	1	0	62	87.98437499999989
n832	763	1	0	62	88.33463541666654
n819	756	1	0	69	88.14843749999989
n821	760	1	0	69	88.4856770833332
n820	758	1	0	71	88.32291666666654
n816	759	1	0	74	88.31901041666654
n815	754	1	0	77	87.98046874999989
n847	764	1	0	55	88.83463541666656
n849	768	1	0	59	89.19010416666654
n848	767	1	0	60	89.02604166666656
n841	765	1	0	63	89.01171874999989
n840	761	1	0	67	88.66666666666654
n834	766	1	0	72	89.01562499999989
n833	762	1	0	75	88.66015624999987
n851	771	1	0	55	89.53906249999989
n850	769	1	0	60	89.38802083333321
n852	772	1	0	60	89.74479166666654
n853	775	1	0	62	89.91796874999987
n837	774	1	0	77	89.89713541666654
n836	773	1	0	79	89.73697916666654
n835	770	1	0	80	89.37760416666654
n855	779	1	0	62	90.26822916666654
n854	777	1	0	63	90.08723958333321
n856	784	1	0	63	90.41796874999989
n845	782	1	0	70	90.59244791666654
n843	778	1	0	71	90.25520833333321
n844	780	1	0	72	90.42447916666654
n839	781	1	0	75	90.41927083333321
n838	776	1	0	79	90.06901041666654
n870	786	1	0	63	91.32552083333319
n863	785	1	0	67	90.98697916666654
n862	783	1	0	68	90.80078124999987
n864	787	1	0	68	91.16927083333319
n857	792	1	0	77	90.7903645833332
n872	790	1	0	60	92.0494791666665
n871	788	1	0	62	91.49869791666652
n866	789	1	0	67	91.66666666666652
n867	791	1	0	68	91.85937499999983
n873	794	1	0	59	92.20963541666649
n874	796	1	0	62	92.76692708333314
n861	797	1	0	72	92.75390624999982
n860	795	1	0	74	92.58854166666649
n859	793	1	0	75	92.41406249999983
n891	798	1	0	55	92.95052083333314
n892	801	1	0	59	93.30078124999982
n886	803	1	0	65	93.46484374999982
n885	802	1	0	67	93.29947916666649
n884	800	1	0	68	93.10156249999982
n875	799	1	0	71	92.92317708333314
n876	805	1	0	74	93.28385416666649
n894	808	1	0	56	94.00130208333314
n893	804	1	0	60	93.64713541666647
n887	806	1	0	63	93.64973958333314
n888	809	1	0	63	94.18489583333314
n878	807	1	0	67	93.81380208333314
n879	810	1	0	72	94.00520833333314
n895	811	1	0	53	94.34244791666647
n896	814	1	0	55	94.70052083333314
n889	812	1	0	62	94.37239583333314
n890	815	1	0	65	94.88151041666647
n882	816	1	0	71	94.70182291666647
n881	813	1	0	72	94.53776041666647
n910	818	1	0	48	95.08463541666649
n905	821	1	0	62	95.61848958333313
n904	820	1	0	63	95.43229166666647
n903	817	1	0	65	95.25520833333316
n897	819	1	0	72	95.05859374999982
n911	823	1	0	48	96.02734374999979
n912	824	1	0	50	96.21354166666644
n913	827	1	0	51	96.37499999999977
n908	826	1	0	60	95.83593749999979
n906	828	1	0	63	95.82291666666646
n900	829	1	0	67	96.41666666666644
n899	825	1	0	69	96.21484374999977
n898	822	1	0	70	96.03255208333312
n915	831	1	0	51	96.73567708333312
n914	830	1	0	53	96.55989583333312
n916	834	1	0	53	96.96223958333312
n909	835	1	0	57	96.95833333333312
n907	833	1	0	60	96.93619791666644
n901	832	1	0	69	96.57682291666644
n930	836	1	0	46	97.66927083333309
n929	837	1	0	53	97.33593749999977
n925	841	1	0	62	97.3489583333331
n922	838	1	0	65	97.34374999999977
n918	840	1	0	67	97.51953124999977
n919	839	1	0	69	97.70703124999976
n920	842	1	0	70	97.88541666666642
n931	843	1	0	46	98.25911458333309
n932	845	1	0	48	98.45442708333309
n933	846	1	0	50	98.62760416666642
n926	844	1	0	58	98.08854166666642
n923	847	1	0	62	98.08723958333309
n921	850	1	0	67	98.08333333333309
n935	849	1	0	50	98.98958333333309
n934	848	1	0	51	98.80729166666642
n936	852	1	0	51	99.20312499999976
n928	853	1	0	55	99.19010416666642
n924	851	1	0	58	99.16927083333309
n950	855	1	0	45	99.92578124999973
n949	854	1	0	51	99.55598958333309
n945	856	1	0	60	99.56119791666642
n942	857	1	0	63	99.55598958333309
n938	858	1	0	65	99.74869791666642
n939	859	1	0	67	99.9244791666664
n940	860	1	0	69	100.09635416666639
n952	861	1	0	45	100.46614583333304
n953	863	1	0	46	100.63932291666637
n954	865	1	0	48	100.82291666666637
n946	862	1	0	57	100.29687499999972
n943	864	1	0	60	100.29817708333304
n941	868	1	0	65	100.29427083333304
n956	867	1	0	48	101.17317708333303
n955	866	1	0	50	101.0039062499997
n957	871	1	0	50	101.39192708333303
n948	870	1	0	53	101.38411458333303
n944	869	1	0	57	101.3828124999997
n977	874	1	0	48	101.95833333333303
n979	879	1	0	48	102.28124999999969
n978	876	1	0	50	102.12890624999969
n970	872	1	0	58	101.75130208333303
n971	875	1	0	58	102.11718749999969
n964	873	1	0	62	101.75130208333303
n965	877	1	0	62	102.12239583333302
n959	878	1	0	69	102.28255208333302
n981	883	1	0	45	102.64843749999969
n983	889	1	0	45	102.98828124999969
n980	880	1	0	46	102.46093749999969
n982	885	1	0	46	102.81770833333303
n972	881	1	0	58	102.47265624999969
n973	886	1	0	58	102.82161458333303
n966	882	1	0	62	102.47265624999969
n967	887	1	0	62	102.82421874999969
n961	888	1	0	65	103.00260416666636
n960	884	1	0	67	102.46354166666636
n985	893	1	0	41	103.35286458333303
n987	898	1	0	41	103.70442708333302
n984	890	1	0	43	103.18098958333303
n986	896	1	0	43	103.53645833333302
n974	891	1	0	58	103.18880208333303
n975	895	1	0	58	103.52343749999969
n968	892	1	0	62	103.1914062499997
n969	897	1	0	62	103.54427083333302
n963	899	1	0	69	103.69401041666634
n962	894	1	0	70	103.17838541666636
n1006	904	1	0	36	104.06901041666634
n1007	907	1	0	38	104.28645833333302
n1005	900	1	0	40	103.8867187499997
n1008	910	1	0	40	104.44661458333302
n997	909	1	0	55	104.42838541666634
n996	905	1	0	57	104.25651041666634
n995	903	1	0	58	103.88411458333303
n991	906	1	0	60	104.24218749999967
n990	902	1	0	62	103.88802083333303
n988	901	1	0	67	103.88151041666636
n1010	914	1	0	36	104.79557291666636
n1009	911	1	0	41	104.61848958333303
n1011	916	1	0	41	104.99479166666636
n1012	918	1	0	43	105.16927083333303
n999	915	1	0	55	104.78645833333303
n998	912	1	0	57	104.6093749999997
n1000	917	1	0	57	104.98177083333303
n1001	919	1	0	59	105.15104166666636
n989	913	1	0	65	104.60286458333303
n1014	923	1	0	38	105.71223958333304
n1013	920	1	0	44	105.3437499999997
n1003	922	1	0	59	105.51953124999972
n1002	921	1	0	60	105.34635416666637
n1004	926	1	0	60	105.69140624999972
n994	924	1	0	65	105.87369791666637
n1032	928	1	0	42	106.24869791666637
n1031	925	1	0	43	106.08203124999972
n1033	930	1	0	43	106.44401041666637
n1034	933	1	0	45	106.62239583333303
n1023	932	1	0	57	106.61848958333303
n1022	931	1	0	59	106.45572916666637
n1016	929	1	0	62	106.43880208333304
n1015	927	1	0	63	106.06770833333304
n1036	deletion
n1035	934	1	0	47	106.80468749999969
n1037	938	1	0	47	107.173177083333
n1025	936	1	0	50	107.00260416666634
n1038	940	1	0	50	107.36328124999967
n1024	935	1	0	55	106.80729166666636
n1026	939	1	0	55	107.16796874999967
n1027	941	1	0	57	107.337239583333
n1040	945	1	0	47	107.86718749999964
n1039	943	1	0	55	107.53124999999966
n1028	942	1	0	59	107.51432291666633
n1029	944	1	0	60	107.69010416666632
n1030	947	1	0	62	107.85807291666632
n1020	946	1	0	67	108.0416666666663
n1056	950	1	0	48	108.2291666666663
n1059	955	1	0	51	108.78255208333296
n1058	953	1	0	55	108.6080729166663
n1057	949	1	0	60	108.42317708333297
n1049	951	1	0	60	108.58723958333297
n1044	952	1	0	63	108.59114583333297
n1043	948	1	0	65	108.23567708333297
n1045	954	1	0	65	108.74609374999963
n1060	956	1	0	48	108.96874999999962
n1050	957	1	0	55	109.14713541666629
n1051	958	1	0	57	109.34765624999963
n1052	961	1	0	59	109.52343749999963
n1046	959	1	0	67	108.96484374999962
n1041	960	1	0	75	108.96354166666629
n1061	967	1	0	56	110.24348958333293
n1054	963	1	0	59	109.87239583333294
n1053	962	1	0	60	109.70312499999963
n1055	966	1	0	60	110.07552083333294
n1047	964	1	0	63	110.06770833333294
n1042	965	1	0	72	110.06380208333294
n1077	970	1	0	50	110.64453124999957
n1069	973	1	0	53	110.81119791666623
n1078	974	1	0	56	111.00781249999956
n1068	969	1	0	60	110.45833333333292
n1065	972	1	0	68	110.45572916666625
n1062	971	1	0	77	110.45442708333292
n1070	976	1	0	53	111.36979166666622
n1071	977	1	0	55	111.54296874999955
n1072	980	1	0	56	111.71614583333289
n1079	975	1	0	58	111.20312499999956
n1066	978	1	0	65	111.19791666666623
n1063	979	1	0	74	111.18359374999956
n1080	986	1	0	55	112.45052083333287
n1074	982	1	0	56	112.08593749999956
n1073	981	1	0	58	111.91536458333289
n1075	985	1	0	58	112.27734374999956
n1067	983	1	0	62	112.26171874999956
n1064	984	1	0	70	112.24609374999956
n1097	990	1	0	48	112.81901041666619
n1089	991	1	0	51	113.01171874999952
n1098	992	1	0	55	113.19270833333286
n1088	987	1	0	58	112.66145833333286
n1084	988	1	0	67	112.64843749999953
n1081	989	1	0	75	112.64062499999953
n1090	994	1	0	51	113.56249999999952
n1091	995	1	0	53	113.72916666666619
n1092	998	1	0	55	113.91536458333286
n1099	993	1	0	56	113.40234374999952
n1085	997	1	0	63	113.38671874999952
n1082	996	1	0	72	113.38151041666619
n1100	1004	1	0	53	114.65364583333286
n1094	1000	1	0	55	114.29036458333286
n1093	999	1	0	56	114.12109374999953
n1095	1003	1	0	56	114.49088541666619
n1087	1001	1	0	60	114.48958333333286
n1083	1002	1	0	68	114.47395833333286
n1125	1007	1	0	47	114.8502604166662
n1114	1008	1	0	55	115.03645833333287
n1116	1012	1	0	55	115.38671874999955
n1115	1011	1	0	56	115.23437499999955
n1107	1005	1	0	65	114.84765624999953
n1108	1009	1	0	65	115.20703124999955
n1101	1006	1	0	74	114.83984374999953
n1102	1010	1	0	74	115.20312499999955
n1127	1019	1	0	50	115.93359374999955
n1118	1016	1	0	51	115.72786458333287
n1120	1021	1	0	51	116.10156249999955
n1117	1015	1	0	53	115.56249999999955
n1119	1020	1	0	53	115.92057291666622
n1109	1013	1	0	65	115.57291666666622
n1110	1017	1	0	65	115.92187499999955
n1103	1014	1	0	74	115.56640624999955
n1104	1018	1	0	74	115.91666666666622
n1128	1025	1	0	41	116.28906249999956
n1129	1029	1	0	44	116.65104166666623
n1122	1026	1	0	48	116.45442708333289
n1124	1031	1	0	48	116.8177083333329
n1121	1024	1	0	50	116.27994791666622
n1123	1030	1	0	50	116.64453124999956
n1111	1022	1	0	65	116.28906249999956
n1112	1027	1	0	65	116.62890624999956
n1105	1023	1	0	74	116.28255208333289
n1106	1028	1	0	74	116.62499999999956
n1152	1033	1	0	43	117.01953124999956
n1146	1032	1	0	47	117.0169270833329
n1153	1038	1	0	55	117.36067708333289
n1147	1037	1	0	59	117.35677083333289
n1139	1035	1	0	65	116.99479166666623
n1140	1039	1	0	65	117.36458333333289
n1131	1036	1	0	72	117.17447916666623
n1133	1041	1	0	72	117.52864583333287
n1130	1034	1	0	74	116.99088541666623
n1132	1040	1	0	74	117.36197916666622
n1154	1043	1	0	55	117.71614583333287
n1155	1048	1	0	55	118.0690104166662
n1148	1042	1	0	59	117.7096354166662
n1149	1047	1	0	59	118.05989583333287
n1141	1045	1	0	65	117.70833333333287
n1142	1049	1	0	65	118.0690104166662
n1135	1046	1	0	69	117.87499999999955
n1137	1051	1	0	69	118.2447916666662
n1134	1044	1	0	71	117.6979166666662
n1136	1050	1	0	71	118.05859374999955
n1156	1052	1	0	57	118.42317708333287
n1157	1056	1	0	59	118.79036458333285
n1150	1053	1	0	60	118.4166666666662
n1151	1057	1	0	62	118.77604166666617
n1143	1055	1	0	65	118.60156249999952
n1145	1058	1	0	65	118.95833333333285
n1138	1054	1	0	67	118.4244791666662
n1144	1062	1	0	67	118.77083333333285
n1176	1059	1	0	51	119.13932291666617
n1172	1061	1	0	55	119.50781249999949
n1167	1064	1	0	62	119.65624999999947
n1165	1060	1	0	63	119.30989583333283
n1166	1063	1	0	65	119.49479166666616
n1178	1065	1	0	51	120.03906249999947
n1179	1069	1	0	53	120.23177083333282
n1180	1071	1	0	55	120.40234374999947
n1173	1066	1	0	60	119.85026041666615
n1168	1068	1	0	63	119.85026041666615
n1160	1067	1	0	67	120.04166666666615
n1161	1070	1	0	69	120.22656249999949
n1162	1072	1	0	71	120.39322916666615
n1182	1074	1	0	55	120.73828124999947
n1181	1073	1	0	56	120.57031249999947
n1183	1076	1	0	56	120.92838541666615
n1175	1075	1	0	65	120.92447916666615
n1170	1077	1	0	68	120.91666666666615
n1163	1078	1	0	72	120.5638020833328
n1201	1082	1	0	50	121.69531249999946
n1200	1079	1	0	56	121.31510416666615
n1198	1086	1	0	62	121.31640624999947
n1189	1080	1	0	65	121.30078124999947
n1186	1083	1	0	69	121.84374999999946
n1185	1081	1	0	71	121.68489583333279
n1202	1084	1	0	50	122.23567708333277
n1203	1088	1	0	51	122.4088541666661
n1204	1090	1	0	53	122.59765624999945
n1193	1089	1	0	65	122.58593749999945
n1192	1087	1	0	67	122.3971354166661
n1191	1085	1	0	68	122.22005208333277
n1187	1091	1	0	71	122.04427083333277
n1206	1094	1	0	53	122.95052083333279
n1205	1093	1	0	55	122.79427083333279
n1207	1096	1	0	55	123.11848958333279
n1199	1097	1	0	61	122.77473958333279
n1194	1092	1	0	64	122.76692708333279
n1196	1098	1	0	64	123.13541666666613
n1195	1095	1	0	65	122.95572916666612
n1197	1099	1	0	65	123.31249999999947
n1188	1100	1	0	70	122.75130208333279
n1225	1103	1	0	48	123.86197916666612
n1224	1101	1	0	55	123.51432291666613
n1222	1108	1	0	60	123.5130208333328
n1213	1102	1	0	64	123.5130208333328
n1210	1105	1	0	67	124.05338541666612
n1209	1104	1	0	69	123.85937499999945
n1226	1107	1	0	48	124.39843749999943
n1227	1110	1	0	50	124.57682291666609
n1228	1113	1	0	51	124.73697916666609
n1217	1112	1	0	63	124.75390624999942
n1216	1111	1	0	65	124.56640624999943
n1215	1109	1	0	67	124.39973958333276
n1211	1106	1	0	69	124.2252604166661
n1230	1118	1	0	51	125.12499999999942
n1229	1116	1	0	53	124.96093749999942
n1231	1120	1	0	53	125.3281249999994
n1223	1119	1	0	59	124.97005208333275
n1218	1115	1	0	62	124.93880208333275
n1220	1121	1	0	62	125.31901041666607
n1219	1117	1	0	63	125.14192708333275
n1221	1123	1	0	63	125.50260416666606
n1212	1122	1	0	68	124.95052083333275
n1253	1127	1	0	46	126.01692708333272
n1252	1124	1	0	53	125.68619791666606
n1249	1126	1	0	58	125.67708333333273
n1242	1125	1	0	62	125.67838541666606
n1234	1129	1	0	65	126.21354166666605
n1233	1128	1	0	67	126.04557291666605
n1254	1137	1	0	58	126.3958333333327
n1250	1140	1	0	62	126.3958333333327
n1235	1130	1	0	67	126.4192708333327
n1243	1131	1	0	74	126.58593749999936
n1244	1133	1	0	75	126.75651041666603
n1236	1132	1	0	77	126.58203124999936
n1245	1136	1	0	77	126.92838541666602
n1237	1134	1	0	79	126.74609374999936
n1238	1135	1	0	80	126.91536458333269
n1255	1144	1	0	55	127.45182291666602
n1251	1145	1	0	58	127.45052083333269
n1247	1142	1	0	77	127.28515624999936
n1246	1138	1	0	79	127.11067708333269
n1248	1143	1	0	79	127.44921874999936
n1240	1141	1	0	80	127.26562499999936
n1239	1139	1	0	82	127.10416666666602
n1241	1146	1	0	82	127.44531249999936
n1275	1149	1	0	60	127.88151041666603
n1272	1148	1	0	63	127.86458333333269
n1265	1151	1	0	72	128.24218749999935
n1257	1152	1	0	75	128.2317708333327
n1264	1147	1	0	79	127.84505208333269
n1256	1150	1	0	82	127.83984374999936
n1276	1159	1	0	56	128.615885416666
n1273	1161	1	0	60	128.60416666666598
n1266	1153	1	0	72	128.7747395833327
n1267	1155	1	0	74	128.96223958333272
n1258	1154	1	0	75	128.7786458333327
n1268	1157	1	0	75	129.13020833333272
n1259	1156	1	0	77	128.95703124999937
n1260	1158	1	0	79	129.12239583333272
n1277	1166	1	0	53	129.63020833333272
n1274	1165	1	0	56	129.61588541666606
n1270	1163	1	0	75	129.4596354166661
n1269	1160	1	0	77	129.3007812499994
n1271	1168	1	0	77	129.63671874999937
n1262	1164	1	0	79	129.44661458333275
n1261	1162	1	0	80	129.2773437499994
n1263	1167	1	0	80	129.62239583333272
n1297	1170	1	0	58	130.00520833333272
n1294	1169	1	0	62	129.9999999999994
n1287	1174	1	0	70	130.39192708333272
n1279	1173	1	0	74	130.39843749999937
n1286	1171	1	0	77	130.01432291666606
n1278	1172	1	0	80	130.00260416666606
n1298	1179	1	0	55	130.7669270833327
n1295	1182	1	0	58	130.74609374999935
n1288	1175	1	0	70	130.95182291666603
n1289	1177	1	0	72	131.13281249999937
n1280	1176	1	0	74	130.94921874999937
n1290	1180	1	0	74	131.30208333333272
n1281	1178	1	0	75	131.12109374999937
n1282	1181	1	0	77	131.28515624999937
n1299	1188	1	0	51	131.82161458333275
n1296	1187	1	0	55	131.8111979166661
n1292	1185	1	0	74	131.6236979166661
n1291	1183	1	0	75	131.46223958333275
n1293	1190	1	0	75	131.80078124999943
n1284	1186	1	0	77	131.6197916666661
n1283	1184	1	0	79	131.45833333333275
n1285	1189	1	0	79	131.78906249999943
n1324	1192	1	0	56	132.17968749999946
n1325	1195	1	0	56	132.53645833333286
n1318	1191	1	0	60	132.17057291666615
n1319	1194	1	0	60	132.52473958333286
n1307	1193	1	0	73	132.35026041666617
n1309	1198	1	0	73	132.69921874999952
n1308	1196	1	0	75	132.52473958333286
n1301	1197	1	0	82	132.52343749999952
n1326	1200	1	0	56	132.8893229166662
n1327	1205	1	0	56	133.2617187499995
n1320	1199	1	0	60	132.88411458333286
n1321	1204	1	0	60	133.24869791666615
n1311	1203	1	0	70	133.06901041666617
n1313	1208	1	0	70	133.41666666666615
n1310	1201	1	0	72	132.88281249999952
n1312	1206	1	0	72	133.2460937499995
n1303	1207	1	0	79	133.24348958333283
n1302	1202	1	0	80	132.87499999999952
n1328	1210	1	0	56	133.6184895833328
n1329	1215	1	0	56	133.9895833333328
n1322	1209	1	0	60	133.61197916666615
n1323	1214	1	0	60	133.98437499999946
n1315	1213	1	0	67	133.76953124999946
n1317	1218	1	0	67	134.1380208333328
n1314	1212	1	0	68	133.6028645833328
n1316	1216	1	0	68	133.97265624999946
n1305	1217	1	0	75	133.9622395833328
n1304	1211	1	0	77	133.60416666666615
n1354	1227	1	0	56	134.69921874999946
n1353	1222	1	0	58	134.34374999999946
n1342	1223	1	0	60	134.51562499999946
n1344	1228	1	0	60	134.87499999999946
n1341	1221	1	0	62	134.33854166666612
n1343	1226	1	0	62	134.69010416666612
n1335	1219	1	0	65	134.33072916666612
n1336	1224	1	0	65	134.68619791666612
n1330	1220	1	0	74	134.32291666666612
n1331	1225	1	0	74	134.67968749999946
n1356	1237	1	0	53	135.4414062499995
n1355	1232	1	0	55	135.08463541666615
n1346	1233	1	0	56	135.2473958333328
n1348	1238	1	0	56	135.59505208333283
n1345	1231	1	0	58	135.0598958333328
n1347	1236	1	0	58	135.4218749999995
n1337	1229	1	0	67	135.0559895833328
n1338	1234	1	0	68	135.4062499999995
n1332	1230	1	0	75	135.0481770833328
n1333	1235	1	0	77	135.40104166666615
n1358	1243	1	0	50	136.17187499999946
n1357	1241	1	0	51	135.78906249999946
n1350	1242	1	0	53	135.96874999999946
n1352	1246	1	0	53	136.32161458333277
n1349	1240	1	0	55	135.7825520833328
n1351	1245	1	0	55	136.15885416666612
n1339	1239	1	0	70	135.77994791666615
n1340	1244	1	0	71	136.14453124999946
n1334	1249	1	0	79	135.77213541666615
n1389	1247	1	0	48	136.50781249999943
n1383	1248	1	0	51	136.5143229166661
n1390	1253	1	0	60	136.87239583333275
n1384	1254	1	0	63	136.8632812499994
n1371	1250	1	0	72	136.5104166666661
n1372	1252	1	0	74	136.70182291666606
n1374	1258	1	0	74	137.0781249999994
n1373	1255	1	0	75	136.8867187499994
n1360	1251	1	0	77	136.7031249999994
n1362	1257	1	0	77	137.0781249999994
n1361	1256	1	0	79	136.8789062499994
n1391	1261	1	0	60	137.25130208333275
n1392	1266	1	0	60	137.60677083333277
n1385	1260	1	0	63	137.2460937499994
n1386	1265	1	0	63	137.60546874999943
n1376	1264	1	0	70	137.43880208333275
n1378	1270	1	0	70	137.78124999999943
n1375	1262	1	0	72	137.2460937499994
n1377	1267	1	0	72	137.61328124999943
n1364	1263	1	0	74	137.44531249999943
n1366	1269	1	0	74	137.78124999999943
n1363	1259	1	0	75	137.2526041666661
n1365	1268	1	0	75	137.61458333333277
n1393	1274	1	0	60	137.97916666666606
n1394	1277	1	0	60	138.3242187499994
n1387	1273	1	0	63	137.97526041666606
n1388	1278	1	0	63	138.3124999999994
n1382	1281	1	0	67	138.49348958333275
n1380	deletion
n1379	1272	1	0	68	137.97526041666606
n1381	1279	1	0	68	138.3242187499994
n1368	1276	1	0	70	138.14192708333275
n1370	1282	1	0	70	138.4882812499994
n1367	1271	1	0	72	137.9687499999994
n1369	1280	1	0	72	138.3085937499994
n1414	1287	1	0	58	139.06640624999946
n1413	1284	1	0	60	138.69531249999946
n1402	1285	1	0	62	138.86588541666612
n1404	1288	1	0	62	139.23697916666615
n1401	1283	1	0	63	138.6966145833328
n1403	1286	1	0	63	139.0677083333328
n1398	1292	1	0	66	138.69401041666612
n1395	1293	1	0	69	138.68098958333277
n1416	1295	1	0	55	139.80729166666617
n1415	1290	1	0	57	139.4414062499995
n1406	1291	1	0	58	139.6093749999995
n1408	1297	1	0	58	140.00130208333286
n1405	1289	1	0	60	139.43098958333283
n1407	1294	1	0	60	139.80989583333283
n1399	1298	1	0	67	139.80598958333283
n1396	1296	1	0	70	139.7890624999995
n1418	1302	1	0	52	140.5520833333329
n1417	1299	1	0	54	140.17578124999955
n1410	1301	1	0	55	140.35546874999955
n1412	1304	1	0	55	140.69140624999955
n1409	1300	1	0	57	140.1770833333329
n1411	1303	1	0	57	140.53515624999955
n1400	1307	1	0	69	140.17578124999955
n1397	1308	1	0	72	140.16796874999955
n1440	1306	1	0	50	140.88020833333286
n1435	1305	1	0	54	140.8736979166662
n1441	1310	1	0	54	141.22395833333286
n1436	1311	1	0	57	141.22786458333286
n1426	1309	1	0	62	141.04687499999952
n1428	1313	1	0	62	141.41666666666617
n1427	1312	1	0	63	141.22395833333286
n1443	1318	1	0	50	141.9531249999995
n1438	1317	1	0	54	141.9492187499995
n1442	1315	1	0	55	141.59635416666617
n1437	1314	1	0	58	141.58854166666617
n1430	1316	1	0	62	141.76041666666615
n1432	1320	1	0	62	142.12760416666615
n1431	1319	1	0	63	141.9453124999995
n1420	1321	1	0	70	141.57682291666617
n1444	1325	1	0	51	142.32161458333283
n1439	1324	1	0	55	142.3242187499995
n1433	1322	1	0	60	142.32682291666615
n1434	1327	1	0	61	142.69531249999946
n1424	1328	1	0	67	142.86197916666612
n1423	1326	1	0	69	142.67187499999946
n1422	1323	1	0	70	142.50260416666615
n1459	1332	1	0	38	143.4270833333328
n1458	1329	1	0	50	143.08072916666612
n1453	1330	1	0	57	143.07812499999946
n1446	1331	1	0	62	143.06640624999946
n1445	1333	1	0	66	143.06119791666612
n1455	1337	1	0	62	143.89583333333283
n1447	1334	1	0	69	144.1015624999995
n1448	1335	1	0	70	144.30598958333283
n1449	1336	1	0	72	144.47786458333283
n1457	1340	1	0	58	145.0234374999995
n1451	1339	1	0	72	144.82942708333283
n1450	1338	1	0	74	144.66276041666617
n1452	1341	1	0	74	145.02604166666615
n1470	1343	1	0	63	145.4531249999995
n1463	1344	1	0	67	145.8463541666662
n1462	1342	1	0	74	145.4374999999995
n1471	1348	1	0	60	146.24869791666623
n1464	1345	1	0	67	146.43619791666623
n1465	1346	1	0	69	146.62890624999957
n1466	1347	1	0	70	146.79557291666623
n1473	1352	1	0	57	147.33984374999955
n1468	1350	1	0	70	147.14062499999955
n1467	1349	1	0	72	146.98437499999957
n1469	1351	1	0	72	147.34374999999955
n1487	1354	1	0	62	147.7604166666662
n1479	1355	1	0	66	148.18359374999955
n1478	1353	1	0	72	147.7447916666662
n1491	1358	1	0	50	148.76041666666623
n1492	1359	1	0	52	148.97135416666626
n1493	1362	1	0	54	149.16666666666626
n1488	1357	1	0	58	148.57031249999955
n1481	1356	1	0	66	148.7434895833329
n1482	1360	1	0	67	148.95052083333292
n1483	1363	1	0	69	149.12760416666626
n1475	1361	1	0	74	148.5651041666662
n1495	1367	1	0	54	149.48046874999963
n1494	1364	1	0	55	149.3151041666663
n1489	1369	1	0	55	149.67708333333294
n1496	deletion
n1485	1366	1	0	69	149.48567708333297
n1484	1365	1	0	70	149.31380208333294
n1477	1368	1	0	70	149.6874999999996
n1486	deletion
n1514	1374	1	0	48	150.473958333333
n1513	1371	1	0	55	150.10937499999966
n1510	1370	1	0	60	150.110677083333
n1502	1375	1	0	63	150.49869791666634
n1501	1373	1	0	70	150.10807291666632
n1497	1372	1	0	75	150.09765624999966
n1515	1377	1	0	48	151.06901041666632
n1516	1380	1	0	50	151.27343749999963
n1517	deletion
n1511	1378	1	0	57	150.876302083333
n1504	1376	1	0	64	151.07031249999966
n1505	1381	1	0	65	151.26302083333297
n1506	1383	1	0	67	151.4453124999996
n1498	1379	1	0	72	150.872395833333
n1519	deletion
n1518	1385	1	0	53	151.60546874999963
n1512	1389	1	0	53	151.9869791666663
n1520	deletion
n1508	1386	1	0	67	151.79687499999963
n1507	1384	1	0	69	151.6236979166663
n1500	1388	1	0	69	151.9830729166663
n1509	deletion
n1539	1394	1	0	46	152.75130208333297
n1538	1393	1	0	53	152.39192708333294
n1534	1391	1	0	58	152.39192708333294
n1526	1395	1	0	62	152.75130208333297
n1525	1392	1	0	69	152.3815104166663
n1521	1390	1	0	74	152.3736979166663
n1540	1399	1	0	46	153.33723958333297
n1541	1401	1	0	48	153.52604166666632
n1542	1403	1	0	50	153.71874999999963
n1535	1398	1	0	55	153.15234374999966
n1528	1400	1	0	62	153.35416666666632
n1529	1402	1	0	64	153.50651041666632
n1530	1404	1	0	66	153.68489583333297
n1522	1397	1	0	70	153.13671874999966
n1544	1408	1	0	50	154.0377604166663
n1543	1405	1	0	51	153.86718749999963
n1545	1410	1	0	51	154.2617187499996
n1537	1409	1	0	58	154.24869791666626
n1532	1407	1	0	66	154.04296874999963
n1531	1406	1	0	67	153.86458333333297
n1524	1411	1	0	67	154.2265624999996
n1533	deletion
n1573	1414	1	0	50	154.79817708333292
n1575	1419	1	0	50	155.15104166666623
n1574	1418	1	0	51	154.98307291666623
n1563	1417	1	0	55	154.98697916666623
n1562	1413	1	0	57	154.6249999999996
n1553	1416	1	0	70	154.96093749999957
n1546	1412	1	0	72	154.6002604166663
n1547	1415	1	0	72	154.95703124999957
n1565	1424	1	0	46	155.49348958333292
n1567	1429	1	0	46	155.8515624999996
n1564	1423	1	0	48	155.3398437499996
n1566	1428	1	0	48	155.6874999999996
n1554	1421	1	0	63	155.32552083333292
n1556	1425	1	0	63	155.6874999999996
n1557	1427	1	0	67	155.6874999999996
n1555	1422	1	0	69	155.33072916666626
n1548	1420	1	0	72	155.32682291666626
n1549	1426	1	0	72	155.6874999999996
n1569	1434	1	0	43	156.23567708333297
n1571	1439	1	0	43	156.59505208333297
n1568	1433	1	0	45	156.0611979166663
n1570	1438	1	0	45	156.42317708333297
n1558	1430	1	0	63	156.05989583333294
n1560	1436	1	0	63	156.41406249999963
n1559	1432	1	0	66	156.06249999999963
n1561	1435	1	0	67	156.42187499999963
n1550	1431	1	0	72	156.0585937499996
n1551	1437	1	0	72	156.41145833333297
n1587	1440	1	0	42	156.85156249999966
n1580	1442	1	0	62	156.84765624999966
n1581	1443	1	0	69	156.84244791666632
n1576	1441	1	0	72	156.84114583333297
n1589	1444	1	0	38	158.15494791666637
n1583	1445	1	0	62	158.15104166666637
n1584	1447	1	0	66	158.15234374999972
n1578	1446	1	0	74	158.14843749999972
n1590	1449	1	0	43	158.67447916666643
n1585	1450	1	0	62	158.66796874999974
n1586	1451	1	0	67	158.6692708333331
n1579	1448	1	0	70	158.6627604166664
n1605	1452	1	0	48	159.9791666666665
n1598	1455	1	0	63	159.97656249999983
n1599	1453	1	0	69	159.97656249999983
n1592	1454	1	0	72	159.9635416666665
n1606	1460	1	0	50	160.46874999999986
n1600	1458	1	0	62	160.45312499999986
n1601	1456	1	0	67	160.45703124999986
n1594	1459	1	0	69	160.9023437499999
n1593	1457	1	0	70	160.44921874999986
n1607	1461	1	0	38	161.3320312499999
n1602	1465	1	0	60	161.3320312499999
n1603	1462	1	0	66	161.33333333333323
n1596	1464	1	0	67	161.73437499999994
n1595	1463	1	0	69	161.3203124999999
n1619	1466	1	0	43	162.15104166666663
n1620	1469	1	0	50	162.34374999999994
n1621	1471	1	0	52	162.5403645833333
n1622	1472	1	0	54	162.71744791666663
n1616	1467	1	0	58	162.14843749999997
n1617	1468	1	0	62	162.15494791666663
n1608	1470	1	0	67	162.13671874999997
n1627	1474	1	0	54	163.0989583333333
n1626	1473	1	0	55	162.9127604166666
n1628	1476	1	0	55	163.29036458333331
n1609	1475	1	0	69	163.0911458333333
n1610	1477	1	0	70	163.28124999999997
n1611	1478	1	0	72	163.45703125
n1629	1487	1	0	55	163.64322916666669
n1623	1480	1	0	57	163.84375000000003
n1624	1482	1	0	58	164.03515625000003
n1625	1485	1	0	60	164.21875000000003
n1613	1481	1	0	72	163.82942708333337
n1612	1479	1	0	74	163.64453125000003
n1614	1483	1	0	74	164.03385416666669
n1615	1484	1	0	75	164.20833333333337
n1657	1491	1	0	53	164.75260416666669
n1648	1488	1	0	61	164.57161458333337
n1647	1486	1	0	62	164.39973958333337
n1649	1493	1	0	62	164.74218750000003
n1639	1489	1	0	64	164.57552083333337
n1640	1492	1	0	65	164.74869791666669
n1641	1494	1	0	67	164.95312500000009
n1630	1490	1	0	69	164.3854166666667
n1658	1509	1	0	53	165.12630208333343
n1651	1499	1	0	57	165.5091145833334
n1652	1501	1	0	59	165.69791666666674
n1643	1496	1	0	67	165.32161458333343
n1642	1495	1	0	69	165.13671875000009
n1644	1502	1	0	69	165.5013020833334
n1631	1497	1	0	70	165.31770833333343
n1632	1498	1	0	72	165.5052083333334
n1633	1500	1	0	74	165.67968750000009
n1654	1506	1	0	59	166.06250000000009
n1653	1503	1	0	60	165.87500000000009
n1655	1510	1	0	60	166.23437500000006
n1646	1508	1	0	68	166.2434895833334
n1635	1505	1	0	74	166.05859375000009
n1634	1504	1	0	75	165.86588541666674
n1636	1507	1	0	75	166.2434895833334
n1637	1511	1	0	77	166.42447916666674
n1685	1515	1	0	47	166.81380208333346
n1686	1517	1	0	48	167.02473958333346
n1687	1519	1	0	50	167.1796875000001
n1677	1512	1	0	62	166.61848958333343
n1668	1513	1	0	67	166.61979166666677
n1660	1516	1	0	67	166.8007812500001
n1661	1518	1	0	69	166.99348958333346
n1659	1514	1	0	71	166.60677083333343
n1662	1520	1	0	71	167.1835937500001
n1689	1523	1	0	50	167.5351562500001
n1688	1521	1	0	51	167.3476562500001
n1690	1525	1	0	51	167.75390625000009
n1679	1527	1	0	62	167.94010416666674
n1672	1528	1	0	70	167.91015625000009
n1664	1524	1	0	71	167.54947916666677
n1663	1522	1	0	72	167.36848958333346
n1665	1526	1	0	72	167.73697916666677
n1691	1541	1	0	51	168.11458333333343
n1681	1533	1	0	58	168.30338541666677
n1683	1538	1	0	58	168.67057291666683
n1680	1529	1	0	60	168.11458333333343
n1682	1535	1	0	60	168.4869791666668
n1674	1532	1	0	67	168.29166666666677
n1676	1537	1	0	67	168.65755208333348
n1673	1530	1	0	69	168.11328125000009
n1675	1536	1	0	69	168.4791666666668
n1666	1531	1	0	72	168.10416666666677
n1667	1534	1	0	72	168.47395833333346
n1698	1542	1	0	57	168.90494791666686
n1695	1539	1	0	66	168.8880208333335
n1692	1540	1	0	72	168.88932291666686
n1703	1545	1	0	51	170.3255208333336
n1700	1547	1	0	60	170.32421875000026
n1696	1546	1	0	69	170.3138020833336
n1693	1543	1	0	78	170.30468750000026
n1704	1550	1	0	50	170.8971354166669
n1701	1549	1	0	62	170.8893229166669
n1697	1548	1	0	70	170.88281250000026
n1694	1551	1	0	79	170.8776041666669
n1723	1553	1	0	49	172.51562500000028
n1708	1555	1	0	79	172.74218750000034
n1707	1554	1	0	81	172.52083333333363
n1706	1552	1	0	82	172.29557291666694
n1724	1558	1	0	50	172.93229166666703
n1719	1559	1	0	57	173.17578125000034
n1720	1561	1	0	58	173.35156250000034
n1721	1563	1	0	60	173.537760416667
n1712	1564	1	0	72	173.529947916667
n1711	1562	1	0	74	173.350260416667
n1710	1560	1	0	76	173.15625000000034
n1709	1557	1	0	78	172.94791666666703
n1725	1571	1	0	50	174.25390625000037
n1722	1565	1	0	62	173.71744791666703
n1716	1572	1	0	66	174.2708333333337
n1715	1570	1	0	67	174.09635416666703
n1714	1568	1	0	69	173.89973958333368
n1713	1566	1	0	70	173.71223958333368
n1742	1574	1	0	51	174.4492187500004
n1735	1573	1	0	55	174.6328125000004
n1736	1576	1	0	57	174.82291666666706
n1727	1575	1	0	59	174.65104166666708
n1737	1579	1	0	59	175.03385416666703
n1728	1577	1	0	60	174.8255208333337
n1729	1578	1	0	62	175.01562500000037
n1726	1610	1	0	67	174.44010416666706
n1743	1586	1	0	48	175.19010416666703
n1739	1583	1	0	59	175.38932291666703
n1738	1581	1	0	60	175.21484375000037
n1740	1584	1	0	60	175.60546875000037
n1731	1582	1	0	62	175.38281250000037
n1730	1580	1	0	63	175.20572916666703
n1732	1585	1	0	63	175.6028645833337
n1744	1587	1	0	45	176.1679687500004
n1745	1588	1	0	47	176.35026041666708
n1746	1589	1	0	48	176.52083333333377
n1741	1590	1	0	60	176.02213541666706
n1733	1591	1	0	63	176.01432291666706
n1763	1595	1	0	50	176.7122395833338
n1756	1592	1	0	57	176.95963541666714
n1757	1594	1	0	59	177.13932291666717
n1748	1593	1	0	60	176.95703125000048
n1758	1598	1	0	60	177.33854166666717
n1749	1596	1	0	62	177.14583333333383
n1750	1597	1	0	63	177.33723958333383
n1764	1605	1	0	47	177.49348958333385
n1760	1602	1	0	60	177.69531250000048
n1759	1600	1	0	62	177.51041666666717
n1761	1604	1	0	62	177.88281250000048
n1752	1601	1	0	63	177.70182291666714
n1751	1599	1	0	65	177.51041666666717
n1753	1603	1	0	65	177.89192708333383
n1765	1606	1	0	43	178.47656250000045
n1766	1607	1	0	45	178.66406250000045
n1767	1608	1	0	47	178.84505208333377
n1762	1609	1	0	62	178.3138020833338
n1754	1611	1	0	65	178.31119791666714
n1785	1612	1	0	48	179.05989583333377
n1786	1615	1	0	48	179.4661458333338
n1780	1613	1	0	65	179.4544270833338
n1775	1614	1	0	68	179.45182291666714
n1769	1616	1	0	74	179.65104166666714
n1787	1619	1	0	48	179.83203125000045
n1788	1623	1	0	48	180.22265625000048
n1782	1621	1	0	62	180.23046875000048
n1781	1618	1	0	63	179.85026041666714
n1777	1622	1	0	65	180.23046875000048
n1776	1617	1	0	67	179.84635416666714
n1771	1624	1	0	70	180.4257812500005
n1770	1620	1	0	72	180.04687500000048
n1789	1627	1	0	48	180.61197916666717
n1790	1630	1	0	48	181.01041666666723
n1784	1629	1	0	58	181.03385416666723
n1783	1625	1	0	60	180.61979166666717
n1778	1626	1	0	63	180.6250000000005
n1773	1632	1	0	67	181.21744791666723
n1772	1628	1	0	69	180.8203125000005
n1812	1639	1	0	45	182.17317708333394
n1811	1637	1	0	46	181.8945312500006
n1810	1636	1	0	48	181.43229166666723
n1803	1633	1	0	57	181.44791666666723
n1798	1634	1	0	62	181.44921875000057
n1791	1635	1	0	66	181.44010416666723
n1792	1638	1	0	72	181.9062500000006
n1793	1640	1	0	74	182.17447916666728
n1794	1641	1	0	75	182.28125000000063
n1813	1643	1	0	46	182.39713541666728
n1814	1645	1	0	48	183.01041666666734
n1806	1646	1	0	58	183.01562500000068
n1801	1644	1	0	63	183.01692708333402
n1796	1651	1	0	67	183.009114583334
n1795	1642	1	0	74	182.38671875000063
n1816	1652	1	0	38	184.67447916666748
n1815	1649	1	0	50	183.73828125000074
n1807	1647	1	0	57	183.7213541666674
n1808	1650	1	0	58	184.1523437500008
n1809	1654	1	0	60	184.66145833333414
n1802	1648	1	0	62	183.72005208333405
n1797	1653	1	0	66	184.6523437500008
n1825	1656	1	0	43	185.88020833333422
n1822	1657	1	0	59	187.4153645833342
n1817	1658	1	0	67	185.87369791666754
insertion	87	1	0	67	20.10546875
insertion	319	1	0	63	44.11718750000004
insertion	318	1	0	65	44.01171875000004
insertion	372	1	0	60	49.60026041666675
insertion	622	1	0	58	74.38020833333337
insertion	663	1	0	65	77.79817708333331
insertion	706	1	0	62	82.2252604166666
insertion	719	1	0	60	84.36979166666654
insertion	753	1	0	76	87.99348958333321
insertion	908	1	0	57	104.39453124999967
insertion	937	1	0	45	106.97916666666634
insertion	968	1	0	79	110.46614583333292
insertion	1114	1	0	69	124.55598958333276
insertion	1275	1	0	68	138.1315104166661
insertion	1382	1	0	52	151.4609374999996
insertion	1387	1	0	52	151.79687499999963
insertion	1396	1	0	60	153.35807291666632
insertion	1544	1	0	77	170.39322916666694
insertion	1556	1	0	77	173.05729166666703
insertion	1567	1	0	46	173.89583333333368
insertion	1569	1	0	48	174.07942708333368
insertion	1631	1	0	63	181.02213541666723
insertion	1655	1	0	62	185.88281250000088
