xml_id	midi_id	track	channel	pitch	onset
n2	0	1	0	60	0.5
n3	1	1	0	61	1.4552083333333332
n4	2	1	0	60	2.40625
n6	3	1	0	59	3.3552083333333336
n7	4	1	0	64	4.305208333333334
n8	5	1	0	65	5.263541666666667
n9	6	1	0	58	6.264583333333334
n11	7	1	0	57	7.233333333333334
n12	8	1	0	56	8.196875
n13	9	1	0	55	9.248958333333334
n18	10	1	0	53	11.126041666666667
n19	11	1	0	53	11.542708333333334
n20	12	1	0	55	11.760416666666666
n21	13	1	0	56	12.046875
n22	14	1	0	56	12.472916666666666
n23	15	1	0	58	12.689583333333335
n15	17	1	0	65	12.046875
n25	18	1	0	47	13.137500000000003
n26	19	1	0	48	13.377083333333337
n27	20	1	0	50	13.590625000000005
n24	16	1	0	60	12.94166666666667
n16	21	1	0	68	12.937500000000004
n28	22	1	0	51	13.845833333333339
n17	23	1	0	67	13.836458333333338
n33	24	1	0	48	15.022916666666681
n34	25	1	0	50	15.247916666666681
n35	26	1	0	51	15.447916666666682
n29	27	1	0	66	14.794791666666677
n36	28	1	0	53	15.718750000000016
n30	29	1	0	71	15.691666666666682
n37	30	1	0	51	16.836458333333354
n38	31	1	0	53	17.055208333333354
n39	32	1	0	55	17.265625000000018
n31	33	1	0	72	16.608333333333352
n40	34	1	0	56	17.516666666666683
n32	35	1	0	65	17.51458333333335
n46	36	1	0	55	18.687500000000014
n47	37	1	0	57	18.914583333333347
n48	38	1	0	59	19.130208333333346
n41	39	1	0	64	18.45729166666668
n49	41	1	0	60	19.40000000000001
n42	40	1	0	63	19.367708333333344
n52	43	1	0	57	20.941666666666677
n51	42	1	0	59	20.71875000000001
n43	50	1	0	62	20.28125000000001
n53	44	1	0	59	21.204166666666676
n45	46	1	0	59	21.52812500000001
n44	45	1	0	60	21.430208333333344
n66	53	1	0	55	22.431250000000016
n54	47	1	0	60	21.618750000000013
n65	52	1	0	60	22.028125000000014
n55	54	1	0	60	22.44479166666668
n56	55	1	0	62	22.64791666666668
n72	60	1	0	48	22.909375000000015
n68	58	1	0	58	23.384375000000016
n67	56	1	0	60	22.946875000000013
n58	59	1	0	62	23.38020833333335
n57	57	1	0	64	22.930208333333347
n59	61	1	0	64	23.570833333333347
n73	67	1	0	49	23.830208333333346
n61	64	1	0	52	24.047916666666676
n62	65	1	0	53	24.288541666666674
n63	66	1	0	55	24.51458333333334
n69	62	1	0	56	23.851041666666678
n60	63	1	0	65	23.851041666666678
n70	69	1	0	65	24.288541666666674
n74	70	1	0	48	24.755208333333343
n64	68	1	0	56	24.770833333333343
n71	71	1	0	63	25.20833333333334
n95	78	1	0	47	25.659375000000008
n85	72	1	0	53	25.872916666666676
n86	74	1	0	55	26.106250000000006
n87	76	1	0	56	26.330208333333342
n75	73	1	0	62	25.669791666666676
n76	75	1	0	63	26.12083333333334
n77	77	1	0	65	26.319791666666674
n96	84	1	0	52	26.581250000000008
n88	79	1	0	58	26.581250000000008
n81	83	1	0	62	27.23125000000001
n80	82	1	0	64	27.028125000000006
n79	81	1	0	65	26.79583333333334
n78	80	1	0	67	26.57395833333334
n97	89	1	0	53	27.503125000000008
n89	86	1	0	56	27.71250000000001
n90	87	1	0	58	27.94062500000001
n82	85	1	0	60	27.494791666666675
n91	88	1	0	60	28.15416666666668
n98	94	1	0	46	28.392708333333346
n94	93	1	0	55	29.06666666666668
n93	92	1	0	56	28.850000000000016
n92	91	1	0	58	28.61354166666668
n83	90	1	0	61	28.397916666666678
n116	98	1	0	45	29.305208333333347
n108	99	1	0	53	29.30104166666668
n100	95	1	0	60	29.530208333333345
n101	96	1	0	62	29.74687500000001
n102	97	1	0	64	29.971875000000008
n117	103	1	0	44	30.19895833333334
n110	100	1	0	53	30.431250000000006
n111	101	1	0	55	30.66354166666667
n112	102	1	0	56	30.87604166666667
n103	104	1	0	65	30.235416666666673
n118	116	1	0	43	31.159375
n113	112	1	0	58	31.159375
n106	106	1	0	62	31.821875000000002
n105	105	1	0	64	31.602083333333336
n115	114	1	0	55	32.696875000000006
n114	110	1	0	56	32.47916666666667
n107	107	1	0	64	32.05520833333334
n134	118	1	0	41	32.97916666666667
n130	119	1	0	56	32.98645833333334
n119	120	1	0	65	32.975
n120	121	1	0	65	33.43958333333334
n121	122	1	0	67	33.67291666666667
n136	124	1	0	53	34.385416666666686
n137	126	1	0	55	34.60520833333336
n122	123	1	0	68	33.94166666666668
n123	125	1	0	68	34.38020833333335
n124	127	1	0	70	34.596875000000026
n138	128	1	0	56	34.87395833333336
n139	130	1	0	56	35.330208333333374
n140	132	1	0	58	35.54166666666671
n131	129	1	0	60	35.32291666666671
n132	131	1	0	61	35.56250000000004
n125	134	1	0	72	34.87395833333336
n142	136	1	0	48	36.233333333333384
n141	133	1	0	60	35.80104166666671
n133	139	1	0	63	35.80104166666671
n129	138	1	0	67	36.452083333333384
n128	137	1	0	68	36.233333333333384
n127	135	1	0	70	35.996875000000045
n160	143	1	0	49	36.74687500000005
n150	141	1	0	61	37.19687500000005
n151	142	1	0	63	37.41145833333338
n143	140	1	0	65	36.74687500000005
n162	145	1	0	49	38.118750000000055
n163	147	1	0	51	38.34791666666673
n152	144	1	0	65	37.680208333333375
n153	146	1	0	65	38.118750000000055
n154	148	1	0	67	38.34791666666673
n164	149	1	0	53	38.60416666666673
n165	151	1	0	53	39.044791666666725
n166	153	1	0	55	39.2770833333334
n146	150	1	0	56	39.056250000000055
n147	152	1	0	58	39.256250000000065
n155	155	1	0	68	38.613541666666734
n168	157	1	0	44	39.941666666666734
n167	154	1	0	56	39.5395833333334
n148	161	1	0	60	39.50312500000006
n159	159	1	0	63	40.21979166666673
n158	158	1	0	65	39.9802083333334
n157	156	1	0	66	39.736458333333395
n182	165	1	0	46	40.504166666666734
n170	162	1	0	58	40.96770833333339
n171	163	1	0	60	41.17083333333339
n176	160	1	0	61	40.515625000000064
n183	166	1	0	46	41.8802083333334
n184	168	1	0	48	42.08229166666674
n172	164	1	0	61	41.45833333333339
n173	167	1	0	61	41.87187500000007
n174	169	1	0	63	42.10520833333341
n185	170	1	0	49	42.37291666666675
n186	172	1	0	49	42.816666666666755
n187	173	1	0	51	43.041666666666764
n177	171	1	0	53	42.820833333333425
n178	174	1	0	55	43.043750000000095
n175	180	1	0	65	42.37291666666675
n189	177	1	0	41	43.73333333333344
n188	175	1	0	53	43.30833333333343
n179	176	1	0	56	43.29687500000009
n180	178	1	0	56	43.73333333333344
n181	179	1	0	58	43.93958333333344
n209	181	1	0	48	44.21145833333344
n210	183	1	0	48	44.638541666666775
n211	185	1	0	50	44.86979166666677
n201	186	1	0	55	44.66666666666678
n200	182	1	0	60	44.20729166666677
n191	184	1	0	64	44.65312500000011
n192	187	1	0	65	44.864583333333435
n213	192	1	0	50	45.67708333333345
n212	189	1	0	52	45.198958333333444
n214	193	1	0	52	45.90729166666679
n203	191	1	0	58	45.68125000000012
n202	188	1	0	60	45.210416666666774
n196	199	1	0	67	45.185416666666775
n193	190	1	0	72	45.185416666666775
n216	196	1	0	40	46.391666666666794
n217	198	1	0	41	46.63020833333346
n218	200	1	0	43	46.84687500000013
n215	195	1	0	53	46.153125000000124
n204	194	1	0	56	46.157291666666794
n198	202	1	0	65	46.63020833333346
n194	197	1	0	73	46.153125000000124
n219	205	1	0	44	47.084375000000136
n206	201	1	0	48	47.31562500000013
n207	204	1	0	50	47.55000000000014
n208	206	1	0	51	47.754166666666805
n199	203	1	0	63	47.544791666666804
n195	207	1	0	72	47.080208333333466
n242	208	1	0	41	48.2197916666668
n243	212	1	0	43	48.45416666666681
n244	215	1	0	44	48.67812500000014
n233	214	1	0	53	47.9916666666668
n224	209	1	0	62	48.02083333333347
n225	210	1	0	63	48.45000000000014
n226	213	1	0	65	48.65625000000015
n220	211	1	0	71	48.004166666666805
n245	216	1	0	46	48.93541666666682
n235	219	1	0	55	49.36875000000017
n230	221	1	0	62	49.59687500000017
n229	220	1	0	64	49.3645833333335
n228	218	1	0	65	49.11562500000016
n227	217	1	0	67	48.90416666666682
n221	224	1	0	76	48.90937500000015
n246	225	1	0	44	50.0552083333335
n247	226	1	0	46	50.2833333333335
n248	227	1	0	48	50.48750000000017
n236	223	1	0	56	49.84791666666683
n231	222	1	0	60	49.8364583333335
n222	228	1	0	77	49.83125000000017
n249	232	1	0	49	50.74166666666684
n241	233	1	0	55	51.41666666666685
n240	231	1	0	56	51.19479166666685
n239	229	1	0	58	50.95000000000018
n232	230	1	0	58	51.187500000000185
n223	234	1	0	70	50.74166666666684
n267	235	1	0	48	51.89583333333352
n268	237	1	0	50	52.14166666666686
n269	238	1	0	52	52.35312500000019
n259	236	1	0	53	51.66770833333352
n253	241	1	0	60	51.658333333333516
n250	239	1	0	69	51.66354166666685
n270	240	1	0	53	52.59687500000019
n260	247	1	0	53	52.815625000000196
n261	243	1	0	55	53.06875000000019
n262	244	1	0	56	53.25937500000019
n254	242	1	0	60	53.059375000000195
n251	245	1	0	68	52.60104166666686
n273	252	1	0	50	54.22708333333352
n272	249	1	0	52	54.017708333333516
n263	246	1	0	58	53.54166666666685
n257	251	1	0	58	54.22187500000018
n256	250	1	0	60	54.00833333333352
n255	248	1	0	61	53.53958333333352
n252	256	1	0	67	53.546875000000185
n274	254	1	0	52	54.48333333333351
n265	255	1	0	55	55.11770833333351
n264	253	1	0	56	54.90729166666684
n258	257	1	0	60	54.47395833333351
n289	260	1	0	53	55.397916666666845
n281	259	1	0	56	55.402083333333515
n276	258	1	0	65	55.834375000000186
n277	261	1	0	67	56.04166666666685
n291	263	1	0	51	56.99687500000018
n290	262	1	0	53	56.792708333333515
n278	275	1	0	68	56.328125000000185
n294	267	1	0	48	57.91458333333352
n292	264	1	0	50	57.24895833333352
n293	265	1	0	50	57.70312500000019
n285	268	1	0	63	57.91875000000019
n284	266	1	0	65	57.68854166666686
n295	270	1	0	46	58.180208333333525
n296	271	1	0	48	58.60520833333352
n297	273	1	0	50	58.83125000000019
n288	274	1	0	60	58.81354166666686
n286	269	1	0	62	58.19270833333353
n287	272	1	0	62	58.59895833333352
n312	281	1	0	51	59.07291666666686
n304	279	1	0	56	59.731250000000216
n302	276	1	0	58	59.07708333333353
n303	277	1	0	58	59.52083333333354
n299	278	1	0	67	59.515625000000206
n300	280	1	0	68	59.72812500000022
n314	284	1	0	53	60.66041666666689
n305	282	1	0	55	59.98958333333355
n313	283	1	0	55	60.442708333333556
n301	293	1	0	70	59.99791666666688
n317	288	1	0	50	61.58125000000022
n315	285	1	0	52	60.89687500000022
n316	286	1	0	52	61.34166666666689
n308	289	1	0	65	61.58125000000022
n307	287	1	0	67	61.35104166666689
n318	291	1	0	48	61.81770833333355
n319	292	1	0	50	62.25833333333357
n320	295	1	0	52	62.47395833333357
n311	296	1	0	62	62.4697916666669
n309	290	1	0	64	61.82916666666688
n310	294	1	0	64	62.24687500000024
n335	302	1	0	53	62.69895833333357
n328	301	1	0	58	63.34375000000025
n326	297	1	0	60	62.709375000000236
n327	300	1	0	60	63.12395833333357
n322	298	1	0	67	62.9041666666669
n323	299	1	0	68	63.1385416666669
n324	303	1	0	72	63.348958333333584
n337	305	1	0	48	64.36041666666692
n336	304	1	0	50	64.13020833333358
n329	306	1	0	56	63.714583333333586
n325	320	1	0	77	63.703125000000256
n340	311	1	0	45	65.29895833333356
n338	307	1	0	47	64.62500000000026
n339	308	1	0	47	65.0572916666669
n331	310	1	0	72	65.30312500000022
n330	309	1	0	74	65.07708333333356
n341	313	1	0	43	65.57083333333355
n342	315	1	0	45	65.97187500000018
n343	317	1	0	47	66.21041666666683
n334	316	1	0	69	66.18750000000017
n332	312	1	0	71	65.55000000000022
n333	314	1	0	71	65.97604166666684
n366	318	1	0	48	66.45312500000017
n353	319	1	0	67	66.44895833333351
n354	321	1	0	67	66.90937500000011
n355	323	1	0	69	67.14062500000011
n345	322	1	0	75	66.90937500000011
n363	329	1	0	55	67.4000000000001
n357	326	1	0	69	67.87916666666673
n356	324	1	0	71	67.42291666666677
n358	328	1	0	71	68.10416666666674
n346	325	1	0	74	67.4187500000001
n347	327	1	0	79	67.86875000000008
n364	333	1	0	56	68.34687500000007
n349	331	1	0	71	68.56354166666674
n359	330	1	0	72	68.35729166666674
n350	334	1	0	72	68.78750000000007
n351	332	1	0	74	69.00625000000007
n365	337	1	0	55	69.28437500000007
n361	335	1	0	70	69.70833333333339
n352	336	1	0	75	69.28854166666673
n386	344	1	0	54	70.18125000000005
n375	338	1	0	69	70.18333333333338
n376	341	1	0	71	70.6479166666667
n367	339	1	0	72	70.42083333333338
n377	343	1	0	72	70.86145833333337
n368	340	1	0	74	70.64375000000004
n369	342	1	0	75	70.85000000000004
n387	350	1	0	59	71.10208333333335
n381	349	1	0	69	71.78125000000003
n380	347	1	0	71	71.56875000000004
n379	346	1	0	72	71.33020833333336
n378	345	1	0	74	71.10625000000002
n370	348	1	0	77	71.10208333333335
n388	354	1	0	60	72.04687500000003
n382	351	1	0	67	72.06458333333336
n371	352	1	0	75	72.26875000000003
n372	353	1	0	77	72.48020833333337
n373	355	1	0	79	72.69062500000004
n389	358	1	0	53	72.9479166666667
n385	359	1	0	62	73.62916666666669
n384	357	1	0	63	73.40520833333338
n383	356	1	0	65	73.16770833333337
n374	360	1	0	80	72.9635416666667
n406	365	1	0	52	73.89687500000004
n399	361	1	0	60	73.88750000000003
n391	362	1	0	79	74.12291666666668
n392	363	1	0	81	74.35937499999997
n393	364	1	0	83	74.5802083333333
n407	369	1	0	51	74.8458333333333
n400	366	1	0	72	75.08124999999993
n401	367	1	0	74	75.32187499999993
n402	368	1	0	75	75.5291666666666
n394	370	1	0	84	74.8583333333333
n408	375	1	0	50	75.8218749999999
n403	373	1	0	77	75.81666666666658
n397	372	1	0	81	76.51354166666654
n396	371	1	0	83	76.30312499999988
n405	376	1	0	74	77.44374999999988
n404	374	1	0	75	77.25833333333321
n398	380	1	0	83	76.80104166666653
n422	378	1	0	48	77.73749999999986
n419	382	1	0	72	78.19062499999986
n420	383	1	0	74	78.41770833333315
n418	379	1	0	75	77.75520833333319
n410	381	1	0	79	78.19583333333318
n409	377	1	0	84	77.74270833333318
n425	386	1	0	70	79.38020833333313
n424	384	1	0	72	79.14895833333313
n421	398	1	0	75	78.68645833333314
n411	385	1	0	84	78.69583333333314
n428	390	1	0	67	80.30833333333308
n426	387	1	0	69	79.63854166666644
n427	388	1	0	69	80.08229166666644
n414	391	1	0	82	80.29791666666641
n413	389	1	0	84	80.09687499999977
n429	393	1	0	65	80.56874999999977
n430	394	1	0	67	80.9916666666664
n431	396	1	0	69	81.2062499999997
n417	397	1	0	79	81.2062499999997
n415	392	1	0	81	80.5489583333331
n416	395	1	0	81	80.98541666666641
n446	401	1	0	58	81.93541666666634
n445	399	1	0	70	81.48749999999968
n442	402	1	0	70	81.961458333333
n443	404	1	0	72	82.16249999999965
n432	400	1	0	77	81.48958333333302
n433	403	1	0	79	81.94062499999967
n434	405	1	0	81	82.16249999999965
n448	408	1	0	68	83.10937499999962
n447	406	1	0	70	82.89374999999961
n444	420	1	0	73	82.44583333333298
n435	407	1	0	82	82.45104166666631
n451	412	1	0	65	84.04166666666623
n449	409	1	0	67	83.36979166666629
n450	410	1	0	67	83.80208333333292
n437	413	1	0	80	84.03229166666623
n436	411	1	0	82	83.80729166666625
n452	415	1	0	63	84.29687499999955
n453	416	1	0	65	84.73020833333287
n454	418	1	0	67	84.95312499999949
n440	419	1	0	77	84.94166666666615
n438	414	1	0	79	84.28749999999955
n439	417	1	0	79	84.72187499999953
n470	423	1	0	56	85.67395833333279
n469	421	1	0	68	85.22604166666613
n466	424	1	0	68	85.66458333333279
n467	426	1	0	70	85.91041666666612
n455	422	1	0	75	85.22187499999947
n456	425	1	0	77	85.66458333333279
n457	427	1	0	79	85.9052083333328
n472	429	1	0	67	86.92604166666608
n471	428	1	0	68	86.69583333333274
n468	441	1	0	72	86.24999999999946
n458	430	1	0	80	86.25416666666612
n475	434	1	0	63	87.9020833333327
n473	431	1	0	65	87.20104166666607
n474	432	1	0	65	87.66770833333271
n461	435	1	0	79	87.89062499999936
n460	433	1	0	80	87.66041666666605
n478	440	1	0	60	88.80833333333267
n476	436	1	0	61	88.16041666666601
n477	438	1	0	61	88.610416666666
n464	442	1	0	75	88.81666666666601
n462	437	1	0	77	88.13749999999935
n463	439	1	0	77	88.58437499999933
n493	443	1	0	58	89.06041666666599
n494	444	1	0	60	89.49270833333267
n495	447	1	0	61	89.72083333333268
n488	446	1	0	68	89.72499999999934
n487	445	1	0	70	89.50833333333267
n479	449	1	0	73	89.07291666666599
n497	450	1	0	51	90.38958333333267
n496	448	1	0	63	89.99687499999933
n489	458	1	0	67	89.97395833333267
n481	452	1	0	73	90.626041666666
n480	451	1	0	75	90.39895833333267
n498	454	1	0	56	90.88854166666597
n499	455	1	0	58	91.33229166666592
n500	457	1	0	60	91.55624999999921
n484	459	1	0	70	91.56562499999922
n482	453	1	0	72	90.8999999999993
n483	456	1	0	72	91.33749999999925
n501	463	1	0	61	91.82916666666586
n492	461	1	0	64	92.48541666666586
n491	460	1	0	65	92.26979166666585
n485	462	1	0	68	91.83124999999919
n521	466	1	0	60	93.41770833333246
n520	464	1	0	61	93.17291666666581
n511	468	1	0	65	92.76145833333251
n503	465	1	0	70	93.1822916666658
n504	467	1	0	72	93.39687499999913
n524	474	1	0	56	94.2927083333324
n522	469	1	0	58	93.66145833333246
n523	471	1	0	58	94.0812499999991
n512	470	1	0	67	94.07395833333244
n513	473	1	0	68	94.30416666666574
n505	472	1	0	73	93.6572916666658
n527	481	1	0	53	95.17708333333236
n525	475	1	0	55	94.5458333333324
n526	478	1	0	55	94.97708333333236
n514	476	1	0	70	94.52604166666573
n509	480	1	0	70	95.18749999999902
n507	477	1	0	72	94.74999999999903
n508	479	1	0	73	94.96770833333235
n529	484	1	0	48	95.87812499999897
n528	482	1	0	52	95.437499999999
n518	486	1	0	67	96.09999999999896
n516	483	1	0	68	95.66562499999898
n517	485	1	0	70	95.8989583333323
n510	488	1	0	79	95.43958333333234
n548	487	1	0	53	96.3072916666656
n550	494	1	0	63	97.00312499999893
n549	491	1	0	65	96.77708333333226
n539	489	1	0	68	96.3260416666656
n531	490	1	0	72	96.55208333333226
n533	493	1	0	72	97.0072916666656
n532	492	1	0	73	96.78645833333226
n551	495	1	0	61	97.23958333333226
n562	498	1	0	61	97.57187499999888
n564	501	1	0	61	97.77499999999888
n561	496	1	0	63	97.46249999999888
n563	499	1	0	63	97.67499999999889
n543	503	1	0	65	97.85104166666555
n541	497	1	0	67	97.46354166666555
n542	500	1	0	68	97.63229166666555
n534	504	1	0	77	97.2354166666656
n553	508	1	0	48	98.52708333333223
n554	510	1	0	50	98.73958333333222
n552	506	1	0	60	98.15312499999891
n545	511	1	0	67	98.54583333333223
n544	507	1	0	72	98.12604166666557
n536	509	1	0	76	98.54583333333223
n537	512	1	0	77	98.76666666666556
n560	517	1	0	48	99.0624999999989
n556	515	1	0	50	99.54687499999889
n555	513	1	0	52	99.07395833333224
n557	516	1	0	52	99.72499999999889
n547	514	1	0	70	99.54270833333223
n546	520	1	0	72	99.0812499999989
n538	522	1	0	79	99.0812499999989
n594	524	1	0	49	100.00312499999889
n586	521	1	0	52	100.23958333333222
n585	519	1	0	53	100.01458333333223
n587	523	1	0	53	100.47291666666555
n588	525	1	0	55	100.68645833333221
n576	518	1	0	68	100.01458333333223
n577	527	1	0	70	100.47291666666555
n567	526	1	0	77	100.47812499999888
n595	532	1	0	48	100.92395833333221
n589	529	1	0	56	100.92083333333221
n579	530	1	0	60	101.14166666666554
n580	531	1	0	62	101.36874999999887
n581	534	1	0	63	101.58124999999886
n578	528	1	0	72	100.9302083333322
n568	535	1	0	75	101.36874999999887
n596	542	1	0	47	101.83645833333219
n590	537	1	0	53	102.07187499999883
n591	540	1	0	55	102.3041666666655
n592	541	1	0	56	102.51874999999883
n582	536	1	0	65	101.85833333333218
n569	538	1	0	74	101.85833333333218
n570	539	1	0	75	102.3041666666655
n571	543	1	0	77	102.51874999999883
n597	549	1	0	52	102.7666666666655
n593	546	1	0	58	102.7666666666655
n584	547	1	0	67	103.24479166666548
n575	550	1	0	74	103.45416666666546
n574	548	1	0	76	103.24062499999881
n573	545	1	0	77	103.01666666666549
n572	544	1	0	79	102.78333333333217
n620	556	1	0	53	103.71979166666544
n612	553	1	0	56	103.94062499999878
n613	554	1	0	58	104.17291666666542
n614	555	1	0	60	104.38229166666542
n606	552	1	0	68	103.73333333333211
n598	551	1	0	72	103.7239583333321
n621	561	1	0	46	104.63958333333208
n615	557	1	0	61	104.65416666666542
n601	560	1	0	67	105.30624999999873
n600	559	1	0	68	105.0947916666654
n599	558	1	0	70	104.88124999999874
n608	deletion
n622	566	1	0	45	105.56666666666538
n616	563	1	0	60	105.78854166666535
n617	564	1	0	62	106.023958333332
n618	565	1	0	64	106.25416666666531
n602	562	1	0	65	105.57083333333205
n609	567	1	0	72	105.57083333333205
n623	571	1	0	44	106.4718749999986
n619	568	1	0	65	106.49791666666528
n603	573	1	0	65	106.6979166666653
n604	570	1	0	67	106.93749999999864
n605	572	1	0	68	107.1572916666653
n611	569	1	0	72	106.92812499999863
n641	584	1	0	43	107.41458333333196
n636	579	1	0	62	108.09374999999856
n635	576	1	0	64	107.87708333333192
n624	575	1	0	70	107.44687499999863
n630	578	1	0	70	108.09374999999856
n629	577	1	0	72	107.8656249999986
n628	574	1	0	73	107.43541666666529
n637	581	1	0	64	108.35729166666523
n626	583	1	0	67	109.03020833333187
n625	582	1	0	68	108.80624999999854
n631	580	1	0	72	108.35729166666523
n642	585	1	0	41	109.30416666666517
n643	589	1	0	53	109.78229166666515
n644	590	1	0	55	110.00208333333181
n638	586	1	0	65	109.3062499999985
n627	587	1	0	68	109.30416666666517
n645	591	1	0	56	110.27604166666514
n646	deletion
n647	594	1	0	58	110.94687499999844
n639	592	1	0	60	110.69270833333178
n640	593	1	0	61	110.92187499999844
n669	601	1	0	60	111.20312499999844
n659	595	1	0	63	111.20312499999844
n660	597	1	0	63	111.60104166666507
n661	599	1	0	65	111.84479166666503
n650	598	1	0	77	111.8333333333317
n649	596	1	0	78	111.60520833333173
n673	606	1	0	54	112.72395833333167
n672	604	1	0	56	112.51770833333167
n671	602	1	0	58	112.30937499999833
n662	608	1	0	66	112.08124999999835
n654	607	1	0	70	112.73020833333166
n653	605	1	0	72	112.532291666665
n652	603	1	0	73	112.285416666665
n651	600	1	0	75	112.08124999999835
n675	612	1	0	49	113.4406249999983
n676	615	1	0	51	113.66145833333164
n674	609	1	0	53	112.985416666665
n665	614	1	0	63	113.66145833333164
n664	611	1	0	65	113.4312499999983
n655	610	1	0	68	113.001041666665
n656	613	1	0	70	113.42604166666497
n657	616	1	0	72	113.6656249999983
n677	617	1	0	53	113.9145833333316
n678	621	1	0	53	114.40416666666492
n679	623	1	0	55	114.60624999999821
n667	620	1	0	56	114.37395833333159
n668	622	1	0	58	114.61041666666488
n666	618	1	0	61	113.9552083333316
n658	619	1	0	73	113.92291666666495
n700	629	1	0	56	114.87395833333153
n690	624	1	0	60	114.87916666666486
n691	625	1	0	60	115.30937499999811
n692	628	1	0	61	115.52395833333142
n681	627	1	0	73	115.54270833333142
n680	626	1	0	75	115.32291666666478
n704	636	1	0	51	116.41770833333136
n703	633	1	0	53	116.20104166666471
n702	631	1	0	54	115.98333333333136
n693	637	1	0	63	115.78124999999804
n685	635	1	0	66	116.42395833333136
n684	634	1	0	68	116.20833333333137
n683	632	1	0	70	115.9916666666647
n682	630	1	0	72	115.77708333333138
n706	641	1	0	46	117.1510416666646
n707	645	1	0	48	117.3697916666646
n705	638	1	0	49	116.696874999998
n696	643	1	0	60	117.3572916666646
n695	640	1	0	61	117.14374999999794
n686	639	1	0	65	116.69270833333134
n687	642	1	0	67	117.13645833333128
n688	644	1	0	69	117.35520833333126
n708	646	1	0	49	117.63958333333127
n709	650	1	0	49	118.07083333333125
n710	652	1	0	51	118.28124999999793
n698	649	1	0	53	118.06666666666459
n699	651	1	0	55	118.29583333333126
n697	647	1	0	58	117.6447916666646
n689	648	1	0	70	117.63958333333127
n731	659	1	0	53	118.5531249999979
n723	653	1	0	56	118.56249999999791
n724	654	1	0	56	119.0145833333312
n725	657	1	0	58	119.23333333333119
n713	656	1	0	70	119.24479166666453
n712	655	1	0	72	119.0145833333312
n735	665	1	0	48	120.13749999999777
n734	662	1	0	49	119.89583333333114
n733	660	1	0	51	119.68541666666451
n726	666	1	0	60	119.46770833333119
n717	667	1	0	63	120.14166666666443
n716	663	1	0	65	119.91458333333114
n715	661	1	0	67	119.68020833333118
n714	658	1	0	68	119.46770833333119
n736	668	1	0	46	120.34687499999777
n737	669	1	0	48	120.57395833333106
n739	674	1	0	48	121.00520833333103
n738	670	1	0	49	120.7874999999977
n728	671	1	0	58	120.79583333333103
n729	673	1	0	60	121.00729166666436
n718	672	1	0	61	120.3552083333311
n743	680	1	0	41	121.89374999999764
n742	678	1	0	43	121.68333333333096
n741	676	1	0	44	121.45208333333098
n740	675	1	0	46	121.24062499999768
n730	683	1	0	61	121.24374999999768
n720	677	1	0	65	121.45624999999764
n722	681	1	0	68	121.90833333333097
n721	679	1	0	70	121.69270833333097
n763	682	1	0	39	122.15833333333097
n764	686	1	0	46	122.62499999999763
n756	687	1	0	61	122.82291666666427
n755	685	1	0	63	122.63020833333096
n744	684	1	0	67	122.16249999999764
n766	690	1	0	44	123.56041666666424
n765	688	1	0	48	123.11979166666424
n757	689	1	0	60	123.11041666666425
n759	694	1	0	60	123.8145833333309
n758	691	1	0	61	123.5802083333309
n751	693	1	0	63	123.10624999999759
n745	692	1	0	68	123.11979166666424
n768	697	1	0	46	124.52083333333088
n767	695	1	0	49	124.07499999999757
n760	700	1	0	58	124.07916666666424
n752	701	1	0	65	124.06354166666424
n747	696	1	0	67	124.28645833333088
n748	698	1	0	68	124.52499999999755
n749	699	1	0	70	124.73854166666422
n770	703	1	0	48	125.39895833333088
n769	702	1	0	51	124.97708333333088
n762	705	1	0	55	125.62187499999753
n761	704	1	0	56	125.40416666666421
n753	706	1	0	63	124.98854166666422
n750	707	1	0	72	124.97708333333088
n797	711	1	0	46	126.3104166666642
n796	708	1	0	53	125.87708333333087
n784	712	1	0	55	126.3260416666642
n783	709	1	0	56	125.8666666666642
n785	714	1	0	56	126.54062499999753
n779	716	1	0	62	125.87708333333087
n771	710	1	0	68	126.09062499999753
n772	713	1	0	70	126.3260416666642
n773	719	1	0	72	126.53124999999753
n799	724	1	0	49	127.46041666666419
n798	721	1	0	51	127.23749999999751
n789	723	1	0	53	127.46041666666419
n788	722	1	0	55	127.24687499999752
n787	720	1	0	56	127.00520833333086
n786	715	1	0	58	126.81874999999754
n780	717	1	0	67	126.78645833333087
n774	718	1	0	73	126.80312499999754
n800	725	1	0	48	127.71770833333083
n790	726	1	0	51	127.72083333333083
n801	727	1	0	53	128.17291666666415
n791	728	1	0	56	128.1687499999975
n781	732	1	0	68	127.71770833333083
n775	729	1	0	72	127.91666666666416
n776	730	1	0	73	128.17291666666415
n777	731	1	0	75	128.37708333333077
n803	735	1	0	51	128.83541666666414
n804	738	1	0	53	129.0749999999975
n793	734	1	0	55	128.85208333333082
n805	740	1	0	55	129.29062499999748
n794	737	1	0	56	129.0677083333308
n795	739	1	0	58	129.27291666666414
n782	736	1	0	61	128.62187499999743
n778	733	1	0	77	128.62395833333076
n830	746	1	0	51	130.1749999999976
n829	745	1	0	53	129.97499999999755
n828	747	1	0	55	129.74791666666422
n827	742	1	0	56	129.53333333333086
n814	744	1	0	60	129.53333333333086
n817	deletion
n806	741	1	0	75	129.74270833333088
n807	743	1	0	77	129.97499999999755
n808	748	1	0	79	130.18749999999758
n831	749	1	0	50	130.45937499999755
n819	750	1	0	53	130.66874999999757
n820	753	1	0	55	130.9218749999976
n821	754	1	0	56	131.1562499999976
n815	752	1	0	59	130.44583333333088
n809	751	1	0	80	130.44999999999754
n833	756	1	0	50	131.88645833333103
n822	755	1	0	51	131.44479166666432
n832	deletion
n816	762	1	0	58	131.44062499999765
n812	758	1	0	77	132.10833333333105
n811	757	1	0	79	131.89583333333104
n835	760	1	0	48	132.76874999999774
n834	759	1	0	52	132.32916666666438
n826	764	1	0	52	132.98437499999773
n825	763	1	0	53	132.78645833333107
n824	761	1	0	55	132.5479166666644
n813	765	1	0	79	132.3479166666644
n856	770	1	0	51	133.877083333331
n851	766	1	0	53	133.24270833333105
n855	768	1	0	53	133.673958333331
n854	deletion
n845	772	1	0	56	133.24270833333105
n837	767	1	0	72	133.44166666666436
n838	769	1	0	74	133.661458333331
n839	771	1	0	75	133.877083333331
n859	778	1	0	48	134.75416666666436
n857	773	1	0	50	134.10520833333103
n858	775	1	0	50	134.53333333333103
n846	774	1	0	71	134.32499999999771
n847	776	1	0	72	134.55520833333102
n848	777	1	0	74	134.7562499999977
n840	781	1	0	77	134.11041666666438
n861	780	1	0	43	135.19270833333104
n862	782	1	0	45	135.41354166666437
n860	779	1	0	47	134.99166666666437
n863	785	1	0	47	135.61770833333105
n849	787	1	0	67	134.9718749999977
n843	784	1	0	74	135.62395833333105
n842	783	1	0	75	135.41979166666437
n865	788	1	0	44	136.09895833333104
n866	790	1	0	46	136.30937499999771
n864	786	1	0	48	135.87395833333105
n867	791	1	0	48	136.53333333333103
n850	789	1	0	66	136.3416666666644
n844	793	1	0	75	135.83645833333105
n889	797	1	0	48	137.44791666666453
n887	792	1	0	49	136.7874999999977
n888	795	1	0	49	137.22395833333113
n877	800	1	0	65	136.78333333333103
n869	794	1	0	68	137.0010416666644
n870	796	1	0	70	137.23333333333113
n871	798	1	0	72	137.45312499999787
n892	804	1	0	44	138.378124999998
n890	799	1	0	46	137.73541666666455
n891	802	1	0	46	138.16979166666457
n879	801	1	0	67	137.9531249999979
n880	803	1	0	68	138.17916666666457
n881	805	1	0	70	138.37499999999798
n872	808	1	0	73	137.72187499999788
n894	807	1	0	39	138.81041666666462
n895	809	1	0	41	139.03541666666464
n893	806	1	0	43	138.60729166666462
n896	812	1	0	43	139.25208333333137
n882	811	1	0	63	138.60312499999796
n875	813	1	0	70	139.25833333333136
n874	810	1	0	72	139.04270833333132
n898	816	1	0	41	139.72187499999802
n899	817	1	0	43	139.92395833333134
n897	814	1	0	44	139.50937499999802
n900	820	1	0	45	140.15729166666466
n886	819	1	0	63	140.14270833333134
n885	818	1	0	65	139.946874999998
n884	815	1	0	66	139.73645833333134
n876	822	1	0	72	139.50937499999802
n917	823	1	0	45	140.57083333333134
n916	821	1	0	46	140.38333333333134
n918	824	1	0	46	140.80729166666467
n919	825	1	0	48	141.01354166666468
n910	832	1	0	61	140.371874999998
n902	826	1	0	65	140.80729166666467
n921	828	1	0	46	141.47083333333134
n922	831	1	0	48	141.6979166666647
n920	827	1	0	49	141.249999999998
n923	833	1	0	49	141.94583333333142
n904	830	1	0	68	141.71562499999803
n903	829	1	0	70	141.256249999998
n926	840	1	0	49	142.88749999999814
n924	834	1	0	51	142.21874999999807
n925	837	1	0	51	142.67395833333146
n912	835	1	0	58	142.46458333333146
n913	836	1	0	60	142.67395833333146
n914	839	1	0	61	142.88020833333147
n905	838	1	0	67	142.2208333333314
n929	845	1	0	46	143.75104166666483
n927	841	1	0	48	143.1208333333315
n928	842	1	0	48	143.53437499999816
n915	846	1	0	63	143.1083333333315
n907	843	1	0	67	143.3083333333315
n908	844	1	0	68	143.53437499999816
n909	847	1	0	70	143.74166666666483
n953	848	1	0	44	143.98541666666483
n955	854	1	0	55	144.62916666666484
n954	851	1	0	56	144.41354166666483
n940	849	1	0	63	144.20416666666483
n941	852	1	0	65	144.42291666666483
n942	853	1	0	67	144.64062499999818
n930	850	1	0	72	143.98541666666483
n958	859	1	0	51	145.51458333333147
n956	855	1	0	53	144.8624999999982
n957	857	1	0	53	145.29999999999816
n943	862	1	0	68	144.87395833333153
n932	856	1	0	72	145.07291666666484
n933	858	1	0	74	145.29374999999817
n934	860	1	0	75	145.49687499999814
n959	861	1	0	50	145.73749999999814
n947	866	1	0	68	146.40312499999823
n946	865	1	0	70	146.19166666666484
n945	863	1	0	72	145.94374999999815
n935	864	1	0	77	145.73645833333146
n960	867	1	0	51	146.62916666666487
n961	870	1	0	55	147.08020833333157
n952	873	1	0	58	146.63333333333154
n948	868	1	0	67	146.66770833333155
n949	872	1	0	67	147.32604166666488
n937	869	1	0	70	146.8791666666649
n938	871	1	0	75	147.10624999999823
n987	876	1	0	53	148.01145833333155
n986	874	1	0	56	147.54479166666488
n982	878	1	0	60	147.55208333333155
n978	879	1	0	65	147.57395833333155
n965	880	1	0	72	148.22395833333152
n964	877	1	0	74	148.00729166666488
n963	875	1	0	75	147.79062499999822
n989	883	1	0	46	148.87395833333153
n983	884	1	0	58	148.42708333333152
n988	deletion
n968	885	1	0	72	148.8906249999982
n966	881	1	0	74	148.45729166666487
n969	886	1	0	74	149.08749999999824
n967	882	1	0	75	148.6687499999982
n990	888	1	0	48	149.32083333333156
n984	891	1	0	57	149.31458333333157
n992	895	1	0	58	149.997916666665
n991	893	1	0	60	149.77499999999827
n979	deletion
n971	890	1	0	72	149.54062499999827
n972	892	1	0	74	149.77499999999827
n970	889	1	0	75	149.34479166666492
n973	894	1	0	75	149.997916666665
n993	897	1	0	56	150.24062499999835
n995	902	1	0	56	150.88020833333172
n994	901	1	0	58	150.68541666666502
n985	899	1	0	62	150.24270833333168
n977	903	1	0	72	150.88958333333173
n976	900	1	0	74	150.69999999999837
n975	898	1	0	75	150.46354166666504
n974	896	1	0	77	150.23854166666501
n1019	907	1	0	46	151.61249999999848
n1020	909	1	0	48	151.83020833333185
n1018	905	1	0	55	151.1427083333317
n1003	906	1	0	60	151.38333333333173
n1004	908	1	0	62	151.62187499999848
n1014	904	1	0	63	151.14999999999839
n1005	910	1	0	63	151.85520833333186
n996	921	1	0	70	151.16770833333172
n1022	915	1	0	48	152.56249999999866
n1021	913	1	0	50	152.0937499999986
n1023	918	1	0	50	152.74895833333207
n1015	917	1	0	56	152.0843749999986
n1009	916	1	0	60	152.75312499999873
n1008	914	1	0	62	152.55312499999866
n1007	912	1	0	63	152.31666666666533
n1006	911	1	0	65	152.09791666666527
n1026	926	1	0	50	153.68541666666553
n1024	919	1	0	51	152.99999999999875
n1025	924	1	0	51	153.44791666666546
n1016	925	1	0	55	152.99999999999875
n1010	920	1	0	58	153.00937499999876
n1000	927	1	0	65	153.67499999999887
n999	923	1	0	67	153.46458333333214
n998	922	1	0	68	153.2239583333321
n1029	933	1	0	46	154.57187499999895
n1027	928	1	0	48	153.94270833333223
n1028	929	1	0	48	154.38645833333226
n1017	931	1	0	54	153.9374999999989
n1012	930	1	0	57	154.38645833333226
n1013	934	1	0	58	154.61562499999897
n1001	932	1	0	63	153.9374999999989
n1052	937	1	0	45	154.85104166666565
n1049	945	1	0	53	154.83437499999897
n1041	935	1	0	60	154.85104166666565
n1031	936	1	0	63	155.05208333333235
n1033	939	1	0	63	155.478124999999
n1032	938	1	0	65	155.27604166666566
n1053	946	1	0	46	155.73541666666566
n1042	944	1	0	58	155.71666666666565
n1034	941	1	0	62	155.73541666666566
n1037	943	1	0	68	156.3791666666657
n1036	942	1	0	70	156.16979166666567
n1035	940	1	0	72	155.94895833333234
n1050	948	1	0	51	156.64895833333236
n1054	deletion
n1044	950	1	0	63	157.10208333333242
n1045	951	1	0	65	157.3020833333324
n1038	947	1	0	67	156.64895833333236
n1039	949	1	0	70	157.09062499999908
n1055	953	1	0	51	157.99479166666583
n1056	957	1	0	53	158.20520833333248
n1046	952	1	0	67	157.5760416666658
n1047	954	1	0	67	158.00937499999915
n1048	956	1	0	68	158.22499999999914
n1040	955	1	0	75	157.56666666666578
n1085	958	1	0	55	158.47812499999918
n1086	960	1	0	55	158.89583333333258
n1087	966	1	0	56	159.09999999999926
n1077	961	1	0	58	158.8916666666659
n1078	965	1	0	60	159.11562499999926
n1065	964	1	0	70	158.4656249999992
n1060	963	1	0	75	159.10416666666592
n1059	962	1	0	77	158.8885416666659
n1058	959	1	0	79	158.66354166666588
n1089	972	1	0	46	159.76458333333267
n1082	975	1	0	56	159.99583333333268
n1088	968	1	0	58	159.34999999999923
n1081	973	1	0	58	159.776041666666
n1080	969	1	0	60	159.55729166666592
n1079	967	1	0	62	159.35520833333257
n1069	976	1	0	65	159.99062499999934
n1068	974	1	0	67	159.78645833333266
n1067	970	1	0	68	159.56145833333258
n1061	971	1	0	74	159.3354166666659
n1090	977	1	0	48	160.21458333333268
n1083	979	1	0	55	160.22187499999936
n1072	982	1	0	60	160.67083333333275
n1071	980	1	0	62	160.43333333333274
n1073	983	1	0	62	160.8697916666661
n1070	978	1	0	63	160.22604166666602
n1063	981	1	0	67	160.65937499999941
n1091	986	1	0	48	161.56145833333292
n1092	989	1	0	50	161.7781249999996
n1074	984	1	0	63	161.12708333333282
n1075	985	1	0	63	161.55208333333292
n1076	988	1	0	65	161.7718749999996
n1064	987	1	0	72	161.12291666666616
n1122	990	1	0	51	162.03020833333292
n1123	991	1	0	51	162.41979166666627
n1124	996	1	0	53	162.65312499999962
n1114	994	1	0	55	162.44166666666626
n1115	997	1	0	56	162.66249999999962
n1101	998	1	0	67	162.02083333333292
n1096	995	1	0	72	162.65729166666628
n1095	993	1	0	74	162.44479166666628
n1094	992	1	0	75	162.23333333333292
n1126	1003	1	0	43	163.330208333333
n1119	1007	1	0	53	163.53958333333298
n1125	999	1	0	55	162.89374999999964
n1118	1004	1	0	55	163.330208333333
n1117	1001	1	0	56	163.10416666666634
n1116	1000	1	0	58	162.90520833333298
n1105	1008	1	0	61	163.548958333333
n1104	1006	1	0	63	163.34374999999966
n1103	1002	1	0	65	163.108333333333
n1097	1005	1	0	70	162.89374999999964
n1127	1009	1	0	44	163.76249999999968
n1120	1011	1	0	51	163.78333333333302
n1108	1014	1	0	56	164.21666666666636
n1107	1012	1	0	58	164.00104166666634
n1109	1015	1	0	58	164.43333333333302
n1106	1010	1	0	60	163.78333333333302
n1099	1013	1	0	63	164.21666666666636
n1128	1017	1	0	44	165.14999999999975
n1129	1021	1	0	46	165.3541666666664
n1110	1016	1	0	60	164.70624999999967
n1111	1018	1	0	60	165.1541666666664
n1112	1020	1	0	62	165.37499999999974
n1100	1019	1	0	68	164.69687499999966
n1160	1022	1	0	48	165.6124999999998
n1161	1025	1	0	48	166.05833333333317
n1162	1029	1	0	50	166.25104166666654
n1149	1024	1	0	51	166.04062499999984
n1150	1030	1	0	53	166.25104166666654
n1143	1028	1	0	63	165.6124999999998
n1133	1027	1	0	68	166.2552083333332
n1132	1026	1	0	70	166.03437499999984
n1131	1023	1	0	72	165.8072916666665
n1164	1036	1	0	39	166.9291666666666
n1154	1039	1	0	50	167.15729166666662
n1163	1032	1	0	51	166.49062499999988
n1153	1037	1	0	51	166.9229166666666
n1152	1033	1	0	53	166.6968749999999
n1151	1031	1	0	55	166.49791666666655
n1147	1040	1	0	58	167.14166666666662
n1146	1038	1	0	60	166.9447916666666
n1145	1035	1	0	62	166.73020833333325
n1134	1034	1	0	67	166.4833333333332
n1165	1042	1	0	41	167.39374999999998
n1167	1045	1	0	43	167.85000000000008
n1168	1047	1	0	47	167.85520833333342
n1166	1043	1	0	48	167.3770833333333
n1156	1048	1	0	50	167.84791666666675
n1157	1049	1	0	51	168.05729166666677
n1155	1041	1	0	56	167.37499999999997
n1136	1044	1	0	65	167.5822916666667
n1138	1052	1	0	67	168.0500000000001
n1137	1046	1	0	68	167.84375000000009
n1169	1051	1	0	44	168.30520833333344
n1170	1056	1	0	45	168.77187500000016
n1171	1057	1	0	48	168.3093750000001
n1158	1050	1	0	53	168.30520833333344
n1159	1055	1	0	54	168.7645833333335
n1142	1059	1	0	60	169.00208333333353
n1141	1058	1	0	62	168.78854166666684
n1140	1054	1	0	63	168.52395833333344
n1139	1053	1	0	65	168.31354166666677
n1189	1060	1	0	43	169.3250000000002
n1190	1061	1	0	50	169.3250000000002
n1178	1062	1	0	55	169.33020833333353
n1179	1064	1	0	55	169.8875000000002
n1180	1065	1	0	57	170.13020833333354
n1172	1063	1	0	59	169.34791666666686
n1182	1067	1	0	57	171.08645833333358
n1181	1066	1	0	59	170.6093750000002
n1183	1068	1	0	59	171.3020833333336
n1185	1071	1	0	59	171.78541666666695
n1173	1069	1	0	79	170.59479166666688
n1184	1070	1	0	60	171.5552083333336
n1186	1073	1	0	60	172.03020833333363
n1187	1074	1	0	62	172.2218750000003
n1176	1075	1	0	72	171.98854166666698
n1174	1072	1	0	80	171.53854166666693
n1188	1078	1	0	63	172.47395833333363
n1177	1076	1	0	70	172.92291666666702
n1175	1077	1	0	79	172.47395833333363
n1209	1079	1	0	60	173.62812500000035
n1210	1083	1	0	62	173.85208333333372
n1211	1084	1	0	63	174.07812500000043
n1199	1080	1	0	69	173.41562500000035
n1200	1081	1	0	70	173.85833333333372
n1201	1085	1	0	72	174.07395833333376
n1195	1082	1	0	78	173.40312500000036
n1212	1086	1	0	65	174.34479166666713
n1205	1090	1	0	69	174.99791666666718
n1204	1089	1	0	71	174.79270833333385
n1203	1088	1	0	72	174.55833333333385
n1202	1087	1	0	74	174.33750000000046
n1196	1091	1	0	83	174.3302083333338
n1214	1093	1	0	63	175.4718750000005
n1215	1094	1	0	65	175.70208333333383
n1206	1092	1	0	67	175.29270833333382
n1216	1095	1	0	67	175.9375000000005
n1197	1096	1	0	84	175.24583333333382
n1218	1099	1	0	55	176.39583333333385
n1219	1100	1	0	56	176.62812500000055
n1220	1101	1	0	58	176.84479166666722
n1207	1097	1	0	68	176.18020833333387
n1198	1098	1	0	77	176.17500000000052
n1235	1104	1	0	60	177.10104166666724
n1224	1102	1	0	67	177.3125000000006
n1225	1103	1	0	69	177.53229166666728
n1226	1105	1	0	71	177.7375000000007
n1221	1106	1	0	76	177.08229166666723
n1237	1107	1	0	60	178.23020833333405
n1238	1109	1	0	62	178.4572916666674
n1239	1110	1	0	63	178.6760416666674
n1227	1111	1	0	72	178.01145833333405
n1222	1108	1	0	75	178.00520833333402
n1241	1113	1	0	62	179.1562500000008
n1242	1115	1	0	63	179.37500000000082
n1240	1112	1	0	65	178.94791666666742
n1243	1116	1	0	65	179.59895833333417
n1230	1117	1	0	69	179.59895833333417
n1229	1114	1	0	71	179.40312500000084
n1223	1121	1	0	74	178.94270833333408
n1247	1125	1	0	65	180.4677083333342
n1244	1118	1	0	67	179.81770833333417
n1246	1123	1	0	67	180.26250000000087
n1245	1120	1	0	68	180.02291666666753
n1231	1119	1	0	71	179.81770833333417
n1233	1124	1	0	71	180.25937500000086
n1232	1122	1	0	72	180.02916666666752
n1234	1126	1	0	74	180.4583333333342
n1264	1132	1	0	62	181.37187500000087
n1261	1127	1	0	63	180.70416666666753
n1263	1130	1	0	63	181.15625000000085
n1262	1128	1	0	65	180.9770833333342
n1252	1129	1	0	67	180.6989583333342
n1249	1131	1	0	72	181.13229166666753
n1250	1133	1	0	74	181.34791666666752
n1267	1137	1	0	58	182.29375000000093
n1265	1134	1	0	60	181.63645833333422
n1266	1136	1	0	60	182.0760416666676
n1254	1135	1	0	67	182.06250000000094
n1251	1148	1	0	75	181.65208333333422
n1270	1142	1	0	55	183.2072916666677
n1268	1138	1	0	57	182.54687500000094
n1269	1140	1	0	57	182.987500000001
n1255	1139	1	0	60	182.5510416666676
n1257	1143	1	0	70	183.1947916666677
n1256	1141	1	0	72	182.96979166666767
n1271	1144	1	0	53	183.47187500000103
n1272	1146	1	0	55	183.90625000000102
n1273	1150	1	0	57	184.10416666666768
n1258	1145	1	0	69	183.46562500000104
n1259	1147	1	0	70	183.8947916666677
n1260	1149	1	0	72	184.1135416666677
n1288	1152	1	0	58	184.3645833333344
n1290	1155	1	0	63	185.00104166666782
n1278	1151	1	0	65	184.37500000000108
n1289	1153	1	0	65	184.78125000000108
n1279	1156	1	0	70	184.77708333333442
n1275	1154	1	0	74	184.78125000000108
n1276	1157	1	0	75	184.99583333333447
n1293	1161	1	0	60	185.91875000000118
n1291	1158	1	0	62	185.25416666666783
n1292	1160	1	0	62	185.7145833333345
n1281	1159	1	0	68	185.70729166666783
n1277	1172	1	0	77	185.25937500000117
n1296	1166	1	0	57	186.8218750000013
n1294	1163	1	0	59	186.14479166666786
n1295	1164	1	0	59	186.59687500000123
n1282	1162	1	0	67	186.14270833333453
n1284	1167	1	0	72	186.82708333333466
n1283	1165	1	0	74	186.60625000000124
n1297	1168	1	0	55	187.08333333333465
n1298	1170	1	0	57	187.5135416666681
n1299	1174	1	0	59	187.7343750000014
n1285	1169	1	0	71	187.088541666668
n1286	1171	1	0	72	187.52395833333475
n1287	1173	1	0	74	187.73020833333473
n1316	1181	1	0	56	188.59270833333477
n1315	1178	1	0	58	188.38229166666807
n1314	1176	1	0	60	187.9843750000014
n1305	1175	1	0	67	187.96562500000138
n1301	1177	1	0	74	188.16875000000138
n1302	1179	1	0	76	188.38229166666807
n1303	1180	1	0	79	188.59270833333477
n1319	1185	1	0	53	189.51770833333487
n1317	1182	1	0	55	188.8697916666681
n1318	1184	1	0	55	189.31041666666817
n1307	1183	1	0	61	189.3218750000015
n1304	1201	1	0	70	188.8697916666681
n1322	1190	1	0	50	190.45833333333493
n1320	1187	1	0	52	189.76562500000153
n1321	1188	1	0	52	190.22916666666825
n1308	1186	1	0	60	189.7791666666682
n1310	1191	1	0	65	190.45833333333493
n1309	1189	1	0	67	190.23750000000157
n1323	1192	1	0	48	190.70208333333494
n1324	1194	1	0	50	191.13437500000163
n1325	1197	1	0	52	191.35937500000162
n1311	1193	1	0	64	190.70729166666828
n1312	1195	1	0	65	191.1479166666683
n1313	1196	1	0	67	191.35937500000162
n1341	1198	1	0	53	191.5916666666683
n1342	1200	1	0	55	191.81666666666828
n1343	1202	1	0	56	192.05729166666828
n1344	1203	1	0	58	192.26458333333497
n1334	1199	1	0	60	191.6072916666683
n1335	1205	1	0	65	192.06875000000161
n1327	1204	1	0	68	192.06875000000161
n1351	1206	1	0	48	192.63437500000165
n1345	1209	1	0	60	192.62395833333497
n1336	1208	1	0	64	193.12291666666835
n1328	1207	1	0	67	192.64270833333498
n1352	1211	1	0	49	193.5906250000017
n1347	1215	1	0	58	194.06041666666837
n1330	1212	1	0	64	193.83854166666836
n1329	1210	1	0	65	193.61458333333502
n1331	1213	1	0	65	194.0781250000017
n1337	deletion
n1332	1214	1	0	67	194.2750000000017
n1353	1217	1	0	48	194.5104166666684
n1349	1219	1	0	56	194.9729166666684
n1340	1221	1	0	63	195.1739583333351
n1339	1218	1	0	65	194.97708333333506
n1338	1222	1	0	67	194.71979166666839
n1333	1216	1	0	68	194.51875000000172
n1383	1223	1	0	47	195.41770833333507
n1371	1225	1	0	53	196.07604166666846
n1370	1228	1	0	55	195.89583333333508
n1362	1227	1	0	62	195.4229166666684
n1354	1224	1	0	65	195.64375000000175
n1355	1226	1	0	67	195.88645833333507
n1356	1229	1	0	68	196.12708333333512
n1384	1234	1	0	52	196.35208333333512
n1372	1230	1	0	55	196.34791666666845
n1375	1233	1	0	55	197.01458333333514
n1374	1232	1	0	56	196.79895833333512
n1373	1231	1	0	58	196.55312500000178
n1364	1235	1	0	61	196.79895833333512
n1357	1236	1	0	70	196.3739583333351
n1376	1239	1	0	53	197.27708333333513
n1385	deletion
n1377	1238	1	0	55	197.7187500000018
n1378	1241	1	0	56	197.8958333333351
n1366	1237	1	0	60	197.71041666666846
n1358	1240	1	0	68	197.49062500000178
n1359	1242	1	0	70	197.71458333333513
n1360	1243	1	0	72	197.91041666666843
n1386	1249	1	0	46	198.1854166666684
n1382	1248	1	0	49	198.80937500000175
n1381	1247	1	0	51	198.61354166666843
n1380	1245	1	0	53	198.38125000000176
n1379	1244	1	0	58	198.1854166666684
n1368	1250	1	0	66	198.6270833333351
n1361	1246	1	0	73	198.1916666666684
n1412	1252	1	0	45	199.0916666666684
n1402	1255	1	0	48	199.07812500000173
n1396	1254	1	0	65	199.53750000000176
n1387	1251	1	0	72	199.29375000000175
n1388	1253	1	0	74	199.54166666666842
n1389	1256	1	0	76	199.76250000000178
n1413	1262	1	0	44	200.00312500000177
n1404	1258	1	0	50	200.24791666666846
n1405	1259	1	0	52	200.4906250000018
n1406	1261	1	0	53	200.69270833333513
n1398	1257	1	0	65	200.26458333333514
n1399	1260	1	0	67	200.48645833333515
n1400	1263	1	0	68	200.71354166666845
n1390	1264	1	0	77	200.01979166666845
n1414	1269	1	0	43	201.0343750000018
n1407	1266	1	0	55	201.03020833333514
n1401	1274	1	0	70	201.02291666666846
n1393	1267	1	0	74	201.78750000000178
n1392	1265	1	0	76	201.5187500000018
n1409	1268	1	0	45	202.35208333333512
n1410	1272	1	0	46	202.65520833333514
n1411	1270	1	0	48	202.9437500000018
n1394	1271	1	0	76	202.0937500000018
n1447	1279	1	0	41	203.38020833333516
n1438	1276	1	0	48	203.77395833333517
n1437	1273	1	0	49	203.3729166666685
n1439	1277	1	0	49	204.0708333333352
n1440	1281	1	0	51	204.2895833333352
n1428	1280	1	0	70	204.3052083333352
n1427	1278	1	0	72	204.06979166666852
n1426	1275	1	0	73	203.78750000000184
n1415	1282	1	0	77	203.38020833333516
n1449	1283	1	0	41	204.79895833333524
n1450	1285	1	0	43	205.0625000000019
n1451	1287	1	0	45	205.28541666666857
n1441	1289	1	0	53	204.5427083333352
n1429	1290	1	0	69	204.54791666666856
n1419	1288	1	0	72	205.28541666666857
n1418	1286	1	0	73	205.05729166666856
n1417	1284	1	0	75	204.8125000000019
n1452	1300	1	0	46	205.5781250000019
n1443	1291	1	0	53	205.87604166666858
n1444	1292	1	0	55	206.1260416666686
n1445	1295	1	0	56	206.34375000000196
n1432	1296	1	0	68	206.36666666666864
n1431	1293	1	0	70	206.13541666666862
n1430	1294	1	0	72	205.8854166666686
n1420	1297	1	0	73	205.58958333333524
n1456	1308	1	0	46	207.37604166666873
n1455	1305	1	0	48	207.11562500000207
n1454	1303	1	0	49	206.83854166666873
n1446	1299	1	0	58	206.59583333333538
n1436	1309	1	0	61	207.38541666666873
n1435	1304	1	0	63	207.1083333333354
n1434	1301	1	0	65	206.8489583333354
n1433	1298	1	0	67	206.59583333333538
n1422	1302	1	0	70	206.8489583333354
n1423	1306	1	0	72	207.1114583333354
n1424	1307	1	0	73	207.38125000000207
n1477	1333	1	0	48	207.69479166666875
n1474	1313	1	0	55	208.59791666666882
n1473	1312	1	0	56	208.33125000000217
n1472	1310	1	0	58	207.9802083333355
n1468	1334	1	0	60	207.69479166666875
n1457	1311	1	0	64	207.69479166666875
n1458	1314	1	0	72	208.32187500000217
n1475	1316	1	0	56	208.87395833333548
n1478	1321	1	0	56	210.19062500000214
insertion	1319	1	0	56	210.01250000000212
n1462	1318	1	0	65	209.7322916666688
n1464	1322	1	0	65	210.41145833333547
n1460	1315	1	0	67	209.1354166666688
n1461	1317	1	0	68	209.46041666666878
n1476	1320	1	0	55	210.11875000000214
n1479	1332	1	0	55	210.2854166666688
n1466	1324	1	0	62	211.13541666666885
n1465	1323	1	0	64	210.75729166666886
n1467	1326	1	0	64	211.77500000000217
n1470	1328	1	0	64	212.1114583333355
n1469	1327	1	0	65	211.94791666666885
insertion	1325	1	0	65	211.60000000000218
n1483	1339	1	0	41	214.4802083333356
n1484	1338	1	0	57	214.5645833333356
n1481	1336	1	0	60	214.6583333333356
n1482	1337	1	0	65	214.7437500000023
insertion	49	1	0	57	21.795833333333345
insertion	48	1	0	59	21.71354166666668
insertion	51	1	0	59	21.908333333333346
insertion	115	1	0	62	32.70208333333334
insertion	109	1	0	64	32.397916666666674
insertion	113	1	0	64	32.58541666666667
insertion	117	1	0	64	32.80729166666667
insertion	108	1	0	65	32.280208333333334
insertion	111	1	0	65	32.49791666666667
insertion	505	1	0	61	98.03124999999889
insertion	502	1	0	63	97.92395833333222
insertion	533	1	0	73	101.4520833333322
insertion	588	1	0	72	109.31145833333183
insertion	664	1	0	47	120.1583333333311
insertion	887	1	0	63	149.32812499999824
insertion	1220	1	0	68	194.9885416666684
insertion	1331	1	0	62	212.79375000000218
insertion	1330	1	0	64	212.4989583333355
insertion	1329	1	0	65	212.3114583333355
insertion	1335	1	0	64	213.3697916666689
