xml_id	midi_id	track	channel	pitch	onset
n4	3	1	0	66	1.1419270833333333
n1	0	1	0	67	0.5
n3	2	1	0	67	0.9856770833333334
n5	4	1	0	67	1.3046875
n2	1	1	0	69	0.8346354166666667
n6	5	1	0	69	1.5
n9	8	1	0	67	2.1171875
n8	7	1	0	69	1.9635416666666665
n10	9	1	0	69	2.2682291666666665
n7	6	1	0	71	1.8411458333333333
n11	10	1	0	71	2.4596354166666665
n14	13	1	0	62	3.4453125
n13	12	1	0	67	3.0963541666666665
n12	11	1	0	69	2.78125
n16	15	1	0	71	4.520833333333333
n15	14	1	0	72	3.8020833333333335
n19	18	1	0	66	5.479166666666666
n18	17	1	0	67	5.144531249999999
n17	16	1	0	69	4.830729166666666
n21	20	1	0	74	6.515625
n20	19	1	0	76	5.860677083333333
n26	25	1	0	69	7.455729166666667
n25	24	1	0	71	7.299479166666667
n24	23	1	0	72	7.153645833333334
n23	22	1	0	74	7.005208333333334
n22	21	1	0	76	6.872395833333334
n37	30	1	0	62	8.402343749999998
n31	31	1	0	66	8.399739583333332
n30	29	1	0	67	8.23828125
n29	28	1	0	69	8.0859375
n28	27	1	0	71	7.93359375
n27	26	1	0	72	7.79296875
n40	36	1	0	61	8.988281249999996
n39	34	1	0	62	8.851562499999996
n41	37	1	0	62	9.119791666666663
n38	33	1	0	64	8.71614583333333
n42	38	1	0	64	9.298177083333329
n32	32	1	0	67	8.725260416666664
n34	39	1	0	67	9.308593749999995
n33	35	1	0	69	9.015624999999996
n45	44	1	0	62	9.886718749999995
n44	42	1	0	64	9.734374999999995
n46	45	1	0	64	10.02604166666666
n43	41	1	0	66	9.609374999999995
n59	47	1	0	66	10.19791666666666
n35	40	1	0	69	9.617187499999995
n48	46	1	0	69	10.20572916666666
n36	43	1	0	71	9.914062499999995
n62	56	1	0	57	11.102864583333329
n61	51	1	0	62	10.82291666666666
n60	48	1	0	64	10.535156249999993
n49	49	1	0	71	10.520833333333327
n52	53	1	0	71	10.950520833333329
n54	55	1	0	71	11.260416666666663
n50	50	1	0	73	10.67447916666666
n53	54	1	0	73	11.106770833333329
n51	52	1	0	74	10.825520833333327
n77	64	1	0	66	12.007812499999996
n63	61	1	0	67	11.416666666666663
n55	57	1	0	73	11.423177083333329
n58	60	1	0	73	11.858072916666663
n66	63	1	0	73	12.166666666666664
n56	58	1	0	74	11.566406249999996
n65	62	1	0	74	12.02864583333333
n57	59	1	0	76	11.714843749999996
n80	73	1	0	61	12.927083333333332
n79	68	1	0	62	12.624999999999998
n78	65	1	0	64	12.330729166666664
n67	66	1	0	74	12.334635416666664
n70	70	1	0	74	12.755208333333332
n72	72	1	0	74	13.104166666666666
n68	67	1	0	76	12.47395833333333
n71	71	1	0	76	12.949218749999998
n69	69	1	0	78	12.628906249999998
n89	80	1	0	69	13.888020833333332
n81	78	1	0	71	13.29296875
n73	74	1	0	76	13.305989583333334
n76	77	1	0	76	13.725260416666666
n74	75	1	0	78	13.451822916666668
n83	79	1	0	78	13.888020833333332
n75	76	1	0	79	13.59765625
n94	89	1	0	64	14.84765625
n93	88	1	0	66	14.67578125
n92	86	1	0	67	14.545572916666666
n91	83	1	0	69	14.380208333333332
n90	81	1	0	71	14.265624999999998
n87	87	1	0	74	14.657552083333334
n86	85	1	0	76	14.53515625
n85	84	1	0	78	14.374999999999998
n84	82	1	0	79	14.235677083333332
n88	94	1	0	79	14.83203125
n112	95	1	0	61	15.770833333333336
n98	93	1	0	62	15.62760416666667
n97	92	1	0	64	15.477864583333337
n96	91	1	0	66	15.307291666666671
n95	90	1	0	67	15.16666666666667
n101	96	1	0	78	15.894531250000002
n115	104	1	0	64	16.64583333333333
n114	100	1	0	66	16.345052083333336
n113	97	1	0	67	16.054687500000004
n106	103	1	0	73	16.640624999999996
n104	101	1	0	74	16.355468750000004
n102	98	1	0	76	16.05729166666667
n103	99	1	0	79	16.213541666666668
n105	102	1	0	79	16.497395833333332
n107	105	1	0	79	16.81380208333333
n117	109	1	0	61	17.268229166666657
n116	106	1	0	62	16.946614583333325
n125	112	1	0	62	17.567708333333325
n126	113	1	0	64	17.70703124999999
n110	110	1	0	69	17.27473958333332
n108	107	1	0	71	16.957031249999993
n119	114	1	0	78	17.565104166666657
n109	108	1	0	79	17.105468749999993
n111	111	1	0	79	17.419270833333325
n128	117	1	0	62	18.00260416666665
n130	120	1	0	62	18.325520833333318
n132	122	1	0	62	18.644531249999986
n127	116	1	0	66	17.88411458333332
n129	119	1	0	67	18.167968749999982
n131	121	1	0	69	18.493489583333318
n120	115	1	0	74	17.86848958333332
n121	118	1	0	76	18.165364583333314
n122	123	1	0	78	18.481770833333318
n146	129	1	0	55	19.45833333333331
n134	126	1	0	62	18.936197916666647
n136	128	1	0	62	19.26171874999998
n133	125	1	0	71	18.802083333333314
n144	131	1	0	71	19.479166666666643
n135	127	1	0	72	19.11458333333331
n123	124	1	0	79	18.792968749999982
n124	130	1	0	81	19.07942708333331
n149	135	1	0	54	20.063802083333304
n148	133	1	0	55	19.916666666666636
n150	136	1	0	55	20.2161458333333
n147	132	1	0	57	19.78124999999997
n151	137	1	0	57	20.386718749999968
n145	145	1	0	72	20.406249999999968
n139	134	1	0	74	19.78385416666664
n140	138	1	0	79	20.088541666666636
n154	143	1	0	55	20.959635416666632
n153	140	1	0	57	20.820312499999964
n155	144	1	0	57	21.101562499999968
n152	139	1	0	59	20.692708333333297
n169	147	1	0	59	21.27343749999997
n156	146	1	0	74	21.290364583333304
n143	142	1	0	76	20.9739583333333
n142	141	1	0	78	20.71354166666663
n172	155	1	0	50	22.1966145833333
n171	152	1	0	55	21.871093749999968
n170	148	1	0	57	21.5716145833333
n162	149	1	0	66	21.566406249999968
n163	153	1	0	67	21.882812499999968
n159	154	1	0	69	22.2122395833333
n158	151	1	0	71	21.8841145833333
n157	150	1	0	72	21.5677083333333
n192	163	1	0	59	23.10937499999996
n173	160	1	0	60	22.520833333333293
n165	156	1	0	66	22.540364583333293
n168	159	1	0	66	22.946614583333293
n181	162	1	0	66	23.26171874999996
n166	157	1	0	67	22.666666666666625
n180	161	1	0	67	23.11718749999996
n167	158	1	0	69	22.81249999999996
n195	173	1	0	54	23.988281249999957
n194	167	1	0	55	23.69401041666663
n193	164	1	0	57	23.416666666666625
n182	165	1	0	67	23.423177083333293
n185	169	1	0	67	23.84374999999996
n187	172	1	0	67	24.132812499999954
n183	166	1	0	69	23.555989583333293
n186	170	1	0	69	24.00520833333329
n184	168	1	0	71	23.70572916666663
n176	171	1	0	74	23.70312499999996
n210	181	1	0	62	24.889322916666615
n196	179	1	0	64	24.278645833333286
n188	174	1	0	69	24.29687499999995
n191	178	1	0	69	24.731770833333282
n189	176	1	0	71	24.425781249999954
n204	182	1	0	71	24.910156249999947
n178	175	1	0	72	24.311197916666618
n190	177	1	0	72	24.59765624999995
n179	180	1	0	81	24.58984374999995
n215	192	1	0	57	25.80468749999994
n214	189	1	0	59	25.635416666666604
n213	187	1	0	60	25.519531249999936
n212	185	1	0	62	25.386718749999936
n211	183	1	0	64	25.252604166666604
n208	190	1	0	67	25.65755208333327
n207	188	1	0	69	25.531249999999936
n206	186	1	0	71	25.373697916666604
n205	184	1	0	72	25.24739583333327
n209	201	1	0	72	25.80468749999994
n198	191	1	0	79	25.24739583333327
n233	204	1	0	54	26.67187499999993
n219	200	1	0	55	26.519531249999932
n218	196	1	0	57	26.394531249999932
n217	195	1	0	59	26.269531249999936
n216	193	1	0	60	26.136718749999936
n222	202	1	0	71	26.84765624999993
n220	220	1	0	74	26.69921874999993
n203	199	1	0	76	26.523437499999932
n202	198	1	0	78	26.4088541666666
n201	197	1	0	79	26.274739583333268
n200	194	1	0	81	26.130208333333268
n235	209	1	0	50	27.578124999999925
n234	206	1	0	52	27.30078124999993
n236	211	1	0	52	27.722656249999922
n227	210	1	0	66	27.587239583333258
n225	207	1	0	67	27.30598958333326
n223	203	1	0	69	27.00390624999993
n224	205	1	0	72	27.141927083333265
n226	208	1	0	72	27.436197916666593
n228	212	1	0	72	27.738281249999922
n253	222	1	0	43	28.43880208333325
n240	219	1	0	45	28.295572916666583
n254	223	1	0	45	28.580729166666583
n239	217	1	0	47	28.14453124999992
n238	215	1	0	48	27.996093749999922
n237	213	1	0	50	27.86588541666659
n231	218	1	0	62	28.16796874999992
n229	214	1	0	64	27.884114583333258
n247	224	1	0	71	28.447916666666583
n230	216	1	0	72	28.013020833333254
n232	221	1	0	72	28.283854166666583
n256	228	1	0	43	28.87760416666658
n258	232	1	0	43	29.20703124999992
n260	236	1	0	43	29.54427083333325
n255	227	1	0	47	28.736979166666583
n257	231	1	0	48	29.058593749999915
n259	235	1	0	50	29.381510416666583
n250	233	1	0	62	29.389322916666583
n249	229	1	0	64	29.06770833333325
n248	225	1	0	65	28.761718749999915
n244	234	1	0	71	29.36848958333325
n243	230	1	0	72	29.058593749999915
n242	226	1	0	74	28.748697916666583
n262	240	1	0	43	29.83593749999991
n264	244	1	0	43	30.138020833333243
n279	247	1	0	50	30.5234374999999
n261	239	1	0	52	29.701822916666575
n278	246	1	0	52	30.360677083333236
n263	243	1	0	53	29.99218749999991
n252	241	1	0	59	30.013020833333243
n251	237	1	0	60	29.696614583333243
n246	242	1	0	67	29.98828124999991
n245	238	1	0	69	29.67838541666658
n265	245	1	0	72	30.352864583333236
n266	248	1	0	74	30.509114583333233
n284	256	1	0	45	31.329427083333236
n282	253	1	0	47	31.0039062499999
n280	249	1	0	48	30.6757812499999
n281	250	1	0	52	30.8242187499999
n283	254	1	0	52	31.139322916666572
n285	257	1	0	52	31.46354166666657
n277	255	1	0	66	31.308593749999904
n276	251	1	0	67	30.99479166666657
n269	258	1	0	74	31.458333333333236
n267	252	1	0	76	30.673177083333233
n288	263	1	0	42	31.9101562499999
n286	259	1	0	43	31.614583333333236
n303	269	1	0	48	32.32942708333323
n302	267	1	0	50	32.18098958333323
n287	261	1	0	52	31.765624999999904
n289	265	1	0	52	32.041666666666565
n272	264	1	0	69	31.89322916666657
n271	262	1	0	71	31.742187499999904
n290	268	1	0	71	32.182291666666565
n270	260	1	0	72	31.602864583333236
n273	266	1	0	72	32.03645833333323
n291	270	1	0	72	32.32812499999989
n308	277	1	0	43	33.08463541666657
n306	274	1	0	45	32.791666666666565
n304	271	1	0	47	32.483072916666565
n305	272	1	0	50	32.61848958333323
n307	276	1	0	50	32.908854166666565
n309	279	1	0	50	33.246093749999915
n301	290	1	0	64	33.059895833333236
n300	273	1	0	66	32.764322916666565
n294	278	1	0	72	33.226562499999915
n292	275	1	0	74	32.467447916666565
n312	284	1	0	40	33.691406249999915
n310	281	1	0	42	33.38541666666658
n327	291	1	0	47	34.09114583333325
n326	288	1	0	48	33.97786458333325
n311	283	1	0	50	33.542968749999915
n313	287	1	0	50	33.830729166666586
n297	285	1	0	67	33.644531249999915
n296	282	1	0	69	33.50260416666658
n314	289	1	0	69	33.932291666666586
n295	280	1	0	71	33.36979166666658
n298	286	1	0	71	33.783854166666586
n315	292	1	0	71	34.07552083333325
n332	299	1	0	42	34.8463541666666
n330	298	1	0	43	34.54296874999992
n328	293	1	0	45	34.256510416666586
n329	294	1	0	48	34.38020833333325
n331	296	1	0	48	34.67578124999992
n333	301	1	0	48	34.992187499999936
n325	307	1	0	62	34.851562499999936
n324	295	1	0	64	34.51302083333325
n318	300	1	0	71	35.0026041666666
n316	297	1	0	72	34.236979166666586
n336	306	1	0	38	35.46744791666662
n334	302	1	0	40	35.14973958333328
n354	314	1	0	47	35.77343749999996
n335	305	1	0	48	35.307291666666615
n337	310	1	0	48	35.62369791666662
n321	308	1	0	66	35.434895833333286
n320	304	1	0	67	35.291666666666615
n338	311	1	0	67	35.74218749999996
n319	303	1	0	69	35.13802083333328
n322	309	1	0	69	35.56901041666662
n339	313	1	0	69	35.88020833333329
n356	318	1	0	43	36.35416666666663
n355	315	1	0	45	36.04296874999996
n357	323	1	0	45	36.666666666666636
n345	316	1	0	60	36.06640624999996
n349	321	1	0	60	36.6614583333333
n346	317	1	0	62	36.19531249999996
n348	320	1	0	62	36.4817708333333
n347	319	1	0	64	36.34895833333329
n340	322	1	0	71	36.04947916666662
n359	328	1	0	42	37.24479166666664
n358	325	1	0	43	36.98177083333331
n375	332	1	0	43	37.559895833333314
n376	335	1	0	55	37.69661458333332
n350	324	1	0	59	36.96874999999997
n370	333	1	0	59	37.544270833333314
n351	326	1	0	60	37.08333333333331
n353	330	1	0	60	37.39322916666664
n352	329	1	0	62	37.26692708333331
n342	327	1	0	64	36.955729166666636
n361	334	1	0	67	37.695312499999986
n343	331	1	0	69	37.25911458333331
n379	342	1	0	50	38.13932291666667
n378	339	1	0	52	37.99348958333334
n381	344	1	0	52	38.477864583333336
n377	338	1	0	53	37.86197916666667
n380	343	1	0	53	38.29557291666667
n382	347	1	0	53	38.634114583333336
n371	336	1	0	60	37.856770833333336
n372	340	1	0	62	38.16015625000001
n373	346	1	0	67	38.486979166666664
n362	337	1	0	69	37.85546875
n363	341	1	0	71	38.15625000000001
n364	345	1	0	72	38.48046875
n365	348	1	0	74	38.638020833333336
n385	356	1	0	48	39.06770833333333
n384	351	1	0	50	38.93098958333333
n408	359	1	0	50	39.397135416666664
n383	349	1	0	52	38.791666666666664
n386	357	1	0	52	39.225260416666664
n409	363	1	0	52	39.513020833333336
n374	353	1	0	57	38.78515625
n397	360	1	0	59	39.424479166666664
n403	361	1	0	66	39.505208333333336
n405	366	1	0	66	39.65755208333334
n387	deletion
n369	355	1	0	67	39.233072916666664
n402	358	1	0	67	39.39583333333333
n404	362	1	0	67	39.58854166666667
n368	354	1	0	69	39.08333333333333
n367	352	1	0	71	38.93619791666666
n366	350	1	0	72	38.795572916666664
n412	370	1	0	47	39.98177083333334
n411	368	1	0	48	39.852864583333336
n414	373	1	0	48	40.29036458333334
n410	365	1	0	50	39.69531250000001
n413	372	1	0	50	40.136718750000014
n415	375	1	0	50	40.446614583333336
n398	364	1	0	60	39.723958333333336
n399	369	1	0	62	39.99479166666668
n388	367	1	0	64	39.83854166666667
n400	374	1	0	64	40.28776041666668
n407	deletion
n389	deletion
n390	371	1	0	67	39.95703125000001
n406	deletion
n392	376	1	0	71	40.44791666666667
n418	383	1	0	45	40.89973958333334
n417	380	1	0	47	40.76822916666667
n431	388	1	0	47	41.18229166666668
n416	379	1	0	48	40.64322916666667
n419	385	1	0	48	41.04036458333334
n432	390	1	0	48	41.34635416666668
n401	377	1	0	54	40.59244791666667
n421	387	1	0	55	41.238281250000014
n420	389	1	0	62	41.29817708333335
n396	384	1	0	64	41.04036458333334
n395	382	1	0	66	40.89583333333334
n394	381	1	0	67	40.743489583333336
n393	378	1	0	69	40.60546875000001
n435	395	1	0	43	41.80078125000003
n434	393	1	0	45	41.64843750000002
n436	397	1	0	45	41.92317708333337
n433	391	1	0	47	41.490885416666686
n437	400	1	0	47	42.074218750000036
n438	401	1	0	49	42.22526041666671
n422	392	1	0	55	41.514322916666686
n423	394	1	0	57	41.65625000000002
n424	396	1	0	59	41.817708333333364
n425	398	1	0	61	41.945312500000036
n426	399	1	0	62	42.089843750000036
n439	402	1	0	50	42.385416666666714
n440	404	1	0	52	42.522135416666714
n441	406	1	0	54	42.67968750000004
n459	412	1	0	54	42.97526041666672
n442	409	1	0	55	42.81640625000006
n427	403	1	0	59	42.38671875000005
n428	405	1	0	61	42.52864583333338
n429	407	1	0	62	42.68359375000004
n430	408	1	0	64	42.80468750000006
n453	411	1	0	66	42.977864583333385
n443	410	1	0	69	42.981770833333385
n461	418	1	0	47	43.613281250000064
n462	422	1	0	52	43.90494791666672
n460	413	1	0	59	43.33072916666673
n455	417	1	0	63	43.6067708333334
n454	414	1	0	64	43.343750000000064
n456	423	1	0	64	43.895833333333385
n444	415	1	0	67	43.32161458333339
n448	421	1	0	67	43.88541666666672
n445	416	1	0	69	43.4388020833334
n447	420	1	0	69	43.72656250000006
n446	419	1	0	71	43.589843750000064
n464	428	1	0	45	44.51692708333338
n486	432	1	0	50	44.81770833333338
n463	425	1	0	57	44.235677083333385
n458	429	1	0	61	44.53125000000004
n457	424	1	0	62	44.23307291666672
n475	434	1	0	62	44.83984375000005
n449	426	1	0	66	44.220052083333385
n465	433	1	0	66	44.79817708333338
n450	427	1	0	67	44.350260416666714
n452	431	1	0	67	44.63411458333338
n451	430	1	0	69	44.49348958333338
n487	436	1	0	52	45.1575520833334
n488	444	1	0	54	45.406250000000064
n478	441	1	0	57	45.4114583333334
n477	438	1	0	59	45.25130208333339
n480	443	1	0	59	45.71354166666673
n479	440	1	0	60	45.554687500000064
n481	445	1	0	60	45.846354166666714
n476	437	1	0	61	45.11067708333339
n466	435	1	0	67	45.10416666666673
n467	439	1	0	69	45.402343750000064
n468	442	1	0	74	45.69791666666673
n491	453	1	0	49	46.32682291666672
n514	475	1	0	50	46.61718750000005
n490	448	1	0	55	46.02343750000004
n484	455	1	0	55	46.309895833333385
n483	450	1	0	57	46.15494791666672
n502	460	1	0	57	46.595052083333385
n482	446	1	0	59	45.98958333333338
n485	458	1	0	59	46.45312500000006
n503	461	1	0	59	46.752604166666714
n469	449	1	0	64	46.07942708333338
n471	452	1	0	64	46.239583333333385
n473	456	1	0	64	46.368489583333385
n470	447	1	0	66	45.99739583333338
n472	451	1	0	66	46.157552083333385
n492	462	1	0	66	46.563802083333385
n506	467	1	0	54	47.201822916666714
n505	465	1	0	55	47.01953125000005
n508	470	1	0	55	47.50520833333338
n504	464	1	0	57	46.89453125000005
n507	468	1	0	57	47.30468750000005
n509	471	1	0	57	47.63541666666671
n493	463	1	0	67	46.881510416666714
n494	466	1	0	69	47.178385416666714
n495	469	1	0	71	47.486979166666714
n512	480	1	0	52	48.0494791666667
n511	476	1	0	54	47.88541666666671
n529	486	1	0	54	48.37630208333336
n510	473	1	0	55	47.78515625000004
n513	484	1	0	55	48.21744791666669
n530	487	1	0	55	48.51562500000003
n496	474	1	0	61	47.84375000000004
n498	478	1	0	61	48.003906250000036
n500	481	1	0	61	48.15234375000003
n497	472	1	0	62	47.79427083333338
n499	477	1	0	62	47.917968750000036
n519	485	1	0	62	48.36328125000002
n533	493	1	0	50	48.94270833333336
n532	491	1	0	52	48.79427083333336
n534	495	1	0	52	49.06770833333336
n531	489	1	0	54	48.66145833333336
n535	497	1	0	54	49.23177083333336
n536	498	1	0	55	49.35937500000003
n520	488	1	0	62	48.65494791666669
n521	490	1	0	64	48.79687500000002
n522	492	1	0	66	48.94270833333336
n523	494	1	0	67	49.07161458333336
n524	496	1	0	69	49.23177083333336
n550	508	1	0	50	50.10416666666671
n544	511	1	0	54	50.10026041666671
n537	499	1	0	57	49.52473958333336
n538	501	1	0	59	49.64973958333336
n539	503	1	0	60	49.79036458333336
n540	505	1	0	62	49.911458333333364
n525	500	1	0	66	49.51822916666669
n526	502	1	0	67	49.64713541666669
n527	504	1	0	69	49.80208333333336
n528	506	1	0	71	49.9322916666667
n541	507	1	0	72	50.08463541666671
n551	510	1	0	48	50.36979166666671
n555	517	1	0	48	50.99479166666671
n552	512	1	0	50	50.52734375000004
n554	515	1	0	50	50.83984375000004
n553	513	1	0	52	50.69661458333337
n546	516	1	0	67	50.70963541666671
n545	509	1	0	69	50.41406250000004
n543	518	1	0	69	51.00651041666671
n542	514	1	0	71	50.69270833333337
n556	519	1	0	47	51.317708333333385
n577	527	1	0	47	51.88802083333339
n557	521	1	0	48	51.45182291666672
n559	524	1	0	48	51.72526041666672
n558	523	1	0	50	51.60416666666672
n549	522	1	0	66	51.595052083333385
n548	520	1	0	67	51.313802083333385
n560	525	1	0	67	51.90885416666673
n572	deletion
n561	526	1	0	79	52.04166666666673
n578	528	1	0	48	52.20182291666673
n579	530	1	0	50	52.500000000000064
n580	536	1	0	55	52.795572916666735
n564	532	1	0	74	52.500000000000064
n563	531	1	0	76	52.347656250000064
n566	534	1	0	76	52.795572916666735
n562	529	1	0	78	52.203125000000064
n565	533	1	0	78	52.628906250000064
n567	535	1	0	78	52.94401041666674
n581	540	1	0	45	53.11718750000007
n594	543	1	0	47	53.740885416666735
n570	539	1	0	72	53.46093750000007
n569	538	1	0	74	53.29166666666674
n582	542	1	0	74	53.75390625000007
n568	537	1	0	76	53.12630208333341
n571	541	1	0	76	53.592447916666735
n583	544	1	0	76	53.90494791666674
n595	545	1	0	48	54.05989583333341
n596	548	1	0	50	54.361979166666735
n597	553	1	0	52	54.662760416666735
n586	549	1	0	71	54.3684895833334
n585	547	1	0	72	54.21093750000007
n588	551	1	0	72	54.658854166666735
n584	546	1	0	74	54.06640625000007
n587	550	1	0	74	54.498697916666735
n589	552	1	0	74	54.80859375000007
n598	557	1	0	42	54.9505208333334
n613	560	1	0	43	55.582031250000064
n614	562	1	0	45	55.726562500000064
n592	556	1	0	69	55.2903645833334
n600	561	1	0	69	55.726562500000064
n591	555	1	0	71	55.1184895833334
n599	559	1	0	71	55.585937500000064
n590	554	1	0	72	54.980468750000064
n593	558	1	0	72	55.4270833333334
n617	572	1	0	45	56.631510416666735
n615	569	1	0	47	55.88020833333339
n612	568	1	0	61	56.503906250000064
n611	565	1	0	62	56.20312500000006
n605	570	1	0	64	56.4817708333334
n603	566	1	0	66	56.17187500000006
n601	563	1	0	67	55.87760416666673
n602	564	1	0	71	56.02734375000006
n604	567	1	0	71	56.332031250000064
n606	571	1	0	71	56.6263020833334
n620	578	1	0	40	57.05208333333339
n619	576	1	0	42	56.91536458333339
n636	581	1	0	42	57.34375000000006
n618	574	1	0	43	56.769531250000064
n621	579	1	0	43	57.2083333333334
n637	584	1	0	43	57.47916666666672
n609	577	1	0	61	57.06770833333339
n607	573	1	0	62	56.77604166666673
n623	583	1	0	67	57.49869791666672
n622	582	1	0	69	57.36718750000006
n608	575	1	0	71	56.91406250000006
n610	580	1	0	71	57.222656250000064
n640	592	1	0	43	58.40885416666673
n638	591	1	0	45	57.649739583333385
n635	594	1	0	59	58.29166666666673
n634	587	1	0	61	57.96744791666672
n628	590	1	0	62	58.26041666666673
n626	588	1	0	64	57.93619791666672
n624	585	1	0	66	57.64713541666672
n625	586	1	0	69	57.786458333333385
n627	589	1	0	69	58.08984375000006
n629	593	1	0	69	58.40494791666673
n643	600	1	0	38	58.80859375000006
n642	598	1	0	40	58.68489583333339
n659	604	1	0	40	59.12369791666672
n641	595	1	0	42	58.53385416666673
n644	602	1	0	42	58.981770833333385
n660	606	1	0	42	59.26041666666672
n632	599	1	0	59	58.83984375000006
n630	596	1	0	61	58.55989583333339
n646	605	1	0	66	59.28125000000006
n645	603	1	0	67	59.13151041666672
n631	597	1	0	69	58.69531250000006
n633	601	1	0	69	58.973958333333385
n663	614	1	0	42	60.151041666666714
n661	612	1	0	43	59.42578125000006
n658	611	1	0	57	60.061197916666714
n653	616	1	0	59	60.32421875000006
n657	deletion
n651	613	1	0	61	60.02083333333338
n649	609	1	0	62	59.72656250000005
n647	607	1	0	64	59.42968750000006
n648	608	1	0	67	59.575520833333385
n650	610	1	0	67	59.86718750000005
n652	615	1	0	67	60.158854166666714
n666	deletion
n665	618	1	0	38	60.473958333333385
n680	625	1	0	38	60.87890625000007
n664	617	1	0	40	60.32682291666672
n667	622	1	0	40	60.746093750000064
n681	626	1	0	40	61.02994791666675
n655	621	1	0	57	60.60807291666673
n668	624	1	0	66	60.88411458333341
n654	619	1	0	67	60.47135416666672
n656	623	1	0	67	60.742187500000064
n669	627	1	0	74	61.02994791666675
n683	630	1	0	38	61.309895833333414
n685	634	1	0	38	61.58072916666674
n687	637	1	0	38	61.897135416666735
n682	628	1	0	42	61.15885416666675
n684	632	1	0	43	61.45182291666674
n686	639	1	0	45	61.73437500000007
n675	638	1	0	64	61.881510416666735
n674	636	1	0	66	61.73437500000007
n673	635	1	0	67	61.59114583333341
n672	633	1	0	69	61.46614583333341
n671	631	1	0	71	61.32031250000008
n670	629	1	0	72	61.171875000000085
n689	643	1	0	38	62.191406250000064
n691	647	1	0	38	62.48307291666672
n688	641	1	0	47	62.033854166666735
n704	648	1	0	47	62.62890625000006
n690	645	1	0	48	62.34505208333339
n692	649	1	0	55	62.62109375000006
n705	651	1	0	55	62.77213541666673
n679	646	1	0	57	62.46484375000006
n693	650	1	0	57	62.75651041666673
n678	644	1	0	59	62.33203125000006
n677	642	1	0	60	62.1809895833334
n676	640	1	0	62	62.03906250000007
n711	662	1	0	45	63.65104166666675
n710	660	1	0	47	63.509114583333414
n709	658	1	0	48	63.35416666666674
n708	656	1	0	50	63.21093750000007
n707	654	1	0	52	63.058593750000064
n706	652	1	0	53	62.92447916666673
n695	655	1	0	55	63.0598958333334
n697	659	1	0	55	63.36328125000008
n699	663	1	0	55	63.660156250000085
n694	653	1	0	59	62.91145833333339
n696	657	1	0	60	63.22005208333341
n698	661	1	0	62	63.513020833333414
n728	673	1	0	36	64.40755208333344
n715	671	1	0	38	64.25000000000011
n729	674	1	0	38	64.54557291666679
n714	668	1	0	40	64.10416666666677
n713	666	1	0	41	63.970052083333435
n712	664	1	0	43	63.82031250000009
n701	667	1	0	55	63.970052083333435
n703	670	1	0	55	64.26562500000011
n700	665	1	0	64	63.82421875000009
n716	672	1	0	64	64.41406250000011
n702	669	1	0	65	64.11458333333344
n717	675	1	0	72	64.55598958333346
n730	676	1	0	40	64.68489583333346
n731	679	1	0	42	64.82682291666679
n732	680	1	0	44	64.96223958333344
n733	682	1	0	45	65.10546875000011
n734	684	1	0	47	65.27343750000013
n735	687	1	0	48	65.43750000000013
n722	685	1	0	68	65.28906250000013
n720	681	1	0	69	64.98697916666677
n718	677	1	0	71	64.69921875000013
n719	678	1	0	74	64.83593750000011
n721	683	1	0	74	65.12369791666679
n723	686	1	0	74	65.4322916666668
n736	688	1	0	50	65.57552083333344
n737	690	1	0	52	65.71875000000011
n738	692	1	0	54	65.86458333333346
n753	698	1	0	55	66.2955729166668
n739	694	1	0	56	65.98958333333346
n752	697	1	0	57	66.14453125000013
n726	693	1	0	64	65.85807291666679
n724	689	1	0	66	65.58463541666677
n741	699	1	0	69	66.29687500000013
n740	696	1	0	72	66.1510416666668
n725	691	1	0	74	65.72265625000011
n727	695	1	0	74	65.99218750000013
n758	711	1	0	51	67.01041666666681
n756	705	1	0	52	66.72916666666681
n754	701	1	0	54	66.43880208333346
n755	702	1	0	57	66.57552083333347
n757	707	1	0	57	66.86458333333348
n759	710	1	0	57	67.17968750000014
n742	700	1	0	71	66.44921875000013
n743	703	1	0	73	66.58984375000014
n744	704	1	0	75	66.73046875000014
n745	706	1	0	76	66.86588541666681
n746	708	1	0	78	67.02604166666681
n747	709	1	0	79	67.16145833333347
n762	717	1	0	47	67.60677083333347
n760	713	1	0	49	67.33203125000013
n774	720	1	0	55	67.9361979166668
n761	715	1	0	57	67.47395833333347
n763	719	1	0	57	67.76302083333347
n751	718	1	0	75	67.74609375000014
n764	721	1	0	76	67.93880208333347
n748	712	1	0	81	67.3229166666668
n749	714	1	0	83	67.4635416666668
n750	716	1	0	84	67.60546875000014
n777	729	1	0	57	68.84375000000014
n776	725	1	0	59	68.56119791666681
n775	722	1	0	60	68.29687500000014
n767	726	1	0	75	68.56119791666681
n766	724	1	0	76	68.40364583333348
n768	727	1	0	76	68.67968750000014
n765	723	1	0	78	68.28776041666681
n769	728	1	0	78	68.85156250000014
n779	733	1	0	47	69.45312500000016
n785	736	1	0	52	69.73697916666683
n786	737	1	0	54	69.87500000000016
n778	730	1	0	59	69.17057291666681
n772	734	1	0	76	69.43750000000016
n771	732	1	0	78	69.29296875000016
n773	735	1	0	78	69.57031250000016
n770	731	1	0	79	69.16145833333348
n780	738	1	0	79	69.73046875000016
n788	741	1	0	52	70.16015625000014
n790	744	1	0	52	70.46354166666681
n792	747	1	0	52	70.77734375000014
n787	740	1	0	55	70.02473958333348
n789	743	1	0	57	70.32682291666681
n791	746	1	0	59	70.61848958333348
n783	745	1	0	71	70.61848958333348
n782	742	1	0	76	70.32031250000014
n781	739	1	0	78	70.02473958333348
n794	751	1	0	52	71.09375000000014
n796	753	1	0	52	71.39713541666681
n793	749	1	0	61	70.9596354166668
n795	752	1	0	63	71.24088541666681
n803	756	1	0	63	71.68098958333348
n802	755	1	0	64	71.53385416666681
n814	deletion
n797	757	1	0	79	71.54817708333348
n784	748	1	0	81	70.9322916666668
n804	759	1	0	64	71.83333333333348
n807	763	1	0	64	72.24739583333347
n809	766	1	0	64	72.55729166666681
n805	760	1	0	66	71.95703125000014
n808	765	1	0	66	72.41666666666681
n806	762	1	0	67	72.12109375000014
n800	764	1	0	75	72.41666666666681
n799	761	1	0	76	72.11979166666681
n798	758	1	0	78	71.83854166666681
n810	768	1	0	66	72.72916666666681
n813	772	1	0	66	73.12630208333347
n811	770	1	0	67	72.86979166666681
n829	774	1	0	67	73.30989583333347
n812	771	1	0	69	72.9947916666668
n819	775	1	0	83	73.30468750000014
n801	767	1	0	84	72.73697916666681
n833	783	1	0	64	73.99869791666677
n832	780	1	0	66	73.87760416666679
n831	778	1	0	67	73.74739583333346
n830	776	1	0	69	73.62630208333346
n834	784	1	0	69	74.14973958333343
n824	786	1	0	78	74.16666666666676
n823	782	1	0	79	74.0078125000001
n822	781	1	0	81	73.90234375000011
n821	779	1	0	83	73.76302083333346
n820	777	1	0	84	73.62239583333346
n843	792	1	0	67	75.17317708333341
n836	793	1	0	75	75.04947916666676
n828	790	1	0	76	74.89322916666676
n827	789	1	0	78	74.77083333333343
n826	788	1	0	79	74.61848958333343
n825	787	1	0	81	74.47786458333343
n848	801	1	0	63	75.95572916666673
n846	798	1	0	64	75.66015625000006
n844	795	1	0	66	75.34765625000007
n845	796	1	0	69	75.49088541666673
n847	799	1	0	69	75.80208333333339
n849	800	1	0	69	76.10026041666673
n839	802	1	0	78	75.94010416666673
n838	797	1	0	79	75.64062500000006
n837	794	1	0	81	75.34244791666674
n852	807	1	0	59	76.56770833333337
n850	804	1	0	61	76.29166666666671
n861	809	1	0	67	76.87760416666671
n851	805	1	0	69	76.41666666666671
n853	808	1	0	69	76.70703125000004
n841	806	1	0	75	76.56640625000004
n840	803	1	0	76	76.27213541666671
n855	810	1	0	76	76.87500000000004
n862	812	1	0	66	77.21744791666671
n866	817	1	0	66	77.77994791666671
n863	813	1	0	67	77.33984375000004
n865	816	1	0	67	77.61979166666671
n864	815	1	0	69	77.48307291666671
n857	814	1	0	72	77.50390625000004
n856	811	1	0	74	77.21614583333339
n858	818	1	0	74	77.79036458333339
n867	820	1	0	64	78.08854166666673
n884	827	1	0	64	78.6497395833334
n868	821	1	0	66	78.22526041666673
n870	824	1	0	66	78.49218750000007
n869	823	1	0	67	78.37369791666673
n860	822	1	0	71	78.37109375000006
n859	819	1	0	72	78.08593750000006
n872	825	1	0	72	78.6692708333334
n873	826	1	0	84	78.79557291666673
n885	828	1	0	66	78.94531250000006
n886	831	1	0	67	79.24479166666673
n887	834	1	0	72	79.52994791666674
n876	832	1	0	79	79.23828125000006
n875	830	1	0	81	79.08203125000006
n878	835	1	0	81	79.52734375000007
n874	829	1	0	83	78.94791666666673
n877	833	1	0	83	79.3684895833334
n879	836	1	0	83	79.67447916666673
n888	842	1	0	63	79.87369791666671
n902	845	1	0	64	80.35807291666671
n882	841	1	0	78	80.05338541666671
n881	840	1	0	79	79.91406250000006
n890	844	1	0	79	80.36848958333339
n880	838	1	0	81	79.82291666666671
n883	843	1	0	81	80.22005208333339
n891	846	1	0	81	80.51432291666671
n903	847	1	0	66	80.65104166666673
n904	850	1	0	67	80.93098958333339
n905	853	1	0	69	81.22135416666671
n894	851	1	0	76	80.94140625000006
n893	849	1	0	78	80.79296875000006
n896	854	1	0	78	81.23046875000004
n892	848	1	0	79	80.66015625000006
n895	852	1	0	79	81.07291666666671
n897	855	1	0	79	81.3619791666667
n906	858	1	0	59	81.5807291666667
n917	866	1	0	59	82.17447916666673
n916	865	1	0	60	82.03385416666671
n900	861	1	0	75	81.74869791666671
n899	859	1	0	76	81.60677083333337
n908	864	1	0	76	82.02604166666671
n898	857	1	0	78	81.50390625000003
n901	862	1	0	78	81.87760416666671
n918	868	1	0	57	82.34375000000006
n919	869	1	0	59	82.4739583333334
n920	871	1	0	60	82.61197916666674
n921	872	1	0	62	82.74479166666674
n923	875	1	0	63	83.01041666666673
n922	873	1	0	64	82.8958333333334
n909	867	1	0	78	82.32682291666673
n910	870	1	0	79	82.45572916666673
n911	874	1	0	81	82.60546875000007
n941	882	1	0	47	83.90755208333339
n942	884	1	0	49	83.94140625000004
n924	876	1	0	64	83.17317708333339
n925	878	1	0	66	83.30208333333339
n926	880	1	0	67	83.44401041666671
n927	881	1	0	69	83.58463541666671
n936	891	1	0	71	83.72395833333339
n913	877	1	0	79	83.16536458333339
n914	879	1	0	81	83.30208333333339
n915	883	1	0	83	83.47135416666671
n944	887	1	0	47	84.17187500000006
n946	890	1	0	47	84.46614583333339
n948	895	1	0	47	84.75520833333337
n943	885	1	0	51	84.00520833333339
n945	888	1	0	52	84.3333333333334
n947	892	1	0	54	84.61197916666671
n932	893	1	0	78	84.61979166666671
n931	889	1	0	79	84.34244791666673
n933	894	1	0	79	84.75520833333337
n930	886	1	0	81	84.00781250000006
n950	899	1	0	47	85.06380208333337
n952	903	1	0	47	85.43489583333336
n966	906	1	0	54	85.86197916666666
n949	898	1	0	55	84.90494791666671
n965	905	1	0	55	85.68880208333334
n951	902	1	0	57	85.25000000000003
n956	904	1	0	64	85.69661458333334
n939	900	1	0	66	85.2486979166667
n957	907	1	0	66	85.85807291666666
n938	896	1	0	72	84.90885416666671
n935	901	1	0	75	85.23828125000004
n953	909	1	0	76	85.68750000000001
n934	897	1	0	81	84.90234375000004
n971	915	1	0	49	86.70312499999999
n969	912	1	0	50	86.36458333333333
n967	908	1	0	52	86.02473958333331
n968	910	1	0	55	86.21223958333331
n970	913	1	0	55	86.53776041666666
n972	916	1	0	55	86.86197916666663
n960	917	1	0	66	86.8450520833333
n958	914	1	0	67	86.03515624999999
n955	926	1	0	69	86.69791666666666
n954	911	1	0	71	86.35416666666666
n975	923	1	0	45	87.32031249999997
n973	919	1	0	47	87.00651041666664
n990	929	1	0	52	87.74999999999999
n989	928	1	0	54	87.61328124999999
n974	921	1	0	55	87.15755208333331
n976	925	1	0	55	87.4622395833333
n963	922	1	0	61	87.29557291666664
n962	920	1	0	62	87.12239583333331
n980	927	1	0	62	87.58072916666664
n961	918	1	0	64	87.00260416666664
n964	924	1	0	64	87.42187499999997
n981	930	1	0	64	87.71354166666666
n995	938	1	0	47	88.53385416666663
n993	934	1	0	49	88.21744791666663
n991	931	1	0	50	87.89583333333331
n992	932	1	0	54	88.06119791666664
n994	935	1	0	54	88.37890624999997
n996	939	1	0	54	88.6848958333333
n984	937	1	0	64	88.69401041666663
n982	936	1	0	66	87.87890624999999
n979	947	1	0	67	88.53124999999996
n978	933	1	0	69	88.2122395833333
n999	945	1	0	43	89.1354166666666
n997	941	1	0	45	88.83593749999996
n1014	952	1	0	50	89.60546874999994
n1013	949	1	0	52	89.4674479166666
n998	943	1	0	54	88.98697916666661
n1000	946	1	0	54	89.28645833333327
n987	944	1	0	59	89.13020833333327
n986	942	1	0	61	88.97265624999994
n1004	950	1	0	61	89.41796874999993
n985	940	1	0	62	88.84505208333329
n988	948	1	0	62	89.27083333333327
n1005	951	1	0	62	89.58203124999994
n1019	959	1	0	46	90.33984374999991
n1017	956	1	0	47	90.03385416666659
n1015	954	1	0	49	89.7408854166666
n1016	953	1	0	52	89.86718749999993
n1018	957	1	0	52	90.19661458333324
n1020	961	1	0	52	90.48437499999991
n1008	960	1	0	62	90.47916666666659
n1006	958	1	0	64	89.73958333333327
n1003	970	1	0	66	90.32942708333324
n1002	955	1	0	67	90.01692708333326
n1023	966	1	0	42	90.95833333333321
n1021	963	1	0	44	90.6367187499999
n1037	971	1	0	50	91.36588541666654
n1022	965	1	0	52	90.78645833333323
n1024	968	1	0	52	91.10807291666654
n1038	974	1	0	54	91.58593749999987
n1011	967	1	0	58	90.94661458333321
n1010	964	1	0	59	90.7656249999999
n1036	972	1	0	59	91.32421874999987
n1009	962	1	0	61	90.63541666666657
n1012	969	1	0	61	91.09374999999987
n1026	973	1	0	71	91.58072916666654
n1043	984	1	0	46	92.31770833333319
n1042	981	1	0	47	92.15234374999986
n1041	979	1	0	49	92.02864583333319
n1044	985	1	0	49	92.4583333333332
n1040	977	1	0	50	91.87369791666652
n1039	975	1	0	52	91.73437499999986
n1029	980	1	0	70	92.02604166666652
n1028	978	1	0	71	91.89192708333319
n1030	982	1	0	71	92.16015624999986
n1027	976	1	0	73	91.74348958333319
n1031	983	1	0	73	92.32291666666652
n1048	deletion
n1047	990	1	0	44	92.8763020833332
n1046	988	1	0	46	92.7473958333332
n1045	986	1	0	47	92.60937499999987
n1054	993	1	0	47	93.20703124999987
n1034	991	1	0	71	92.91406249999987
n1033	989	1	0	73	92.76432291666653
n1035	992	1	0	73	93.03255208333321
n1032	987	1	0	74	92.63281249999987
n1049	994	1	0	74	93.19921874999987
n1057	999	1	0	46	93.77083333333319
n1056	997	1	0	47	93.63151041666653
n1058	1000	1	0	47	93.90494791666652
n1055	996	1	0	49	93.5013020833332
n1059	1001	1	0	49	94.06510416666652
n1052	1002	1	0	70	94.06770833333319
n1051	998	1	0	71	93.76562499999986
n1050	995	1	0	73	93.5013020833332
n1062	1005	1	0	47	94.68359374999984
n1061	1004	1	0	49	94.54427083333319
n1063	1007	1	0	49	94.81119791666652
n1060	1003	1	0	50	94.43098958333317
n1074	1009	1	0	50	94.98046874999983
n1064	1008	1	0	78	94.9635416666665
n1053	1006	1	0	79	94.41796874999984
n1077	1017	1	0	46	95.87890624999982
n1076	1013	1	0	47	95.58072916666649
n1075	1010	1	0	49	95.29557291666649
n1069	1016	1	0	73	95.88411458333314
n1068	1015	1	0	74	95.71614583333314
n1067	1014	1	0	76	95.58203124999982
n1066	1012	1	0	78	95.43489583333316
n1065	1011	1	0	79	95.31510416666649
n1091	1024	1	0	54	96.82161458333314
n1078	1022	1	0	55	96.22395833333316
n1092	1026	1	0	56	96.96093749999979
n1079	1023	1	0	70	96.82291666666647
n1073	1021	1	0	71	96.67708333333314
n1080	1025	1	0	71	96.95703124999979
n1072	1020	1	0	73	96.52213541666647
n1071	1019	1	0	74	96.36588541666647
n1070	1018	1	0	76	96.22916666666649
n1094	1030	1	0	54	97.25651041666646
n1096	1034	1	0	54	97.54296874999979
n1098	1038	1	0	54	97.84765624999979
n1093	1028	1	0	58	97.10807291666646
n1095	1031	1	0	59	97.40494791666644
n1097	1035	1	0	61	97.69661458333313
n1082	1029	1	0	70	97.26041666666646
n1084	1033	1	0	70	97.52473958333312
n1086	1037	1	0	70	97.83463541666646
n1081	1027	1	0	73	97.11067708333313
n1083	1032	1	0	74	97.40755208333312
n1085	1036	1	0	76	97.6914062499998
n1100	1042	1	0	54	98.12630208333313
n1102	1045	1	0	54	98.42317708333312
n1120	1050	1	0	54	98.73697916666646
n1099	1039	1	0	62	97.97656249999979
n1119	1048	1	0	62	98.58463541666646
n1101	1044	1	0	64	98.28385416666644
n1088	1041	1	0	70	98.11848958333313
n1090	1046	1	0	70	98.43098958333312
n1104	1049	1	0	70	98.70963541666646
n1087	1040	1	0	78	97.99609374999979
n1103	1047	1	0	78	98.57421874999979
n1089	1043	1	0	79	98.28255208333312
n1128	1064	1	0	52	99.60026041666646
n1121	1052	1	0	55	98.8749999999998
n1125	1059	1	0	58	99.27343749999979
n1126	1060	1	0	59	99.37109374999979
n1124	deletion
n1123	1057	1	0	61	99.16796874999979
n1127	1063	1	0	61	99.45703124999979
n1122	1053	1	0	62	98.99869791666646
n1112	1065	1	0	68	99.58593749999979
n1105	1051	1	0	71	98.86458333333313
n1109	1058	1	0	73	99.26041666666646
n1108	1056	1	0	74	99.19791666666646
n1110	1061	1	0	74	99.31901041666646
n1107	1055	1	0	76	99.15494791666646
n1111	1062	1	0	76	99.40624999999979
n1106	1054	1	0	78	98.99348958333313
n1129	1066	1	0	54	99.7148437499998
n1133	1074	1	0	56	100.13020833333312
n1132	1071	1	0	58	100.07291666666644
n1134	1076	1	0	58	100.21484374999979
n1131	1070	1	0	59	99.97656249999979
n1136	1078	1	0	59	100.31901041666646
n1148	deletion
n1130	1068	1	0	61	99.83984374999979
n1137	1079	1	0	61	100.43749999999979
n1113	1067	1	0	70	99.73177083333313
n1117	1075	1	0	71	100.17187499999979
n1116	1073	1	0	73	100.07161458333312
n1118	1077	1	0	73	100.20963541666646
n1115	1072	1	0	74	100.01302083333312
n1135	1108	1	0	74	100.29036458333313
n1114	1069	1	0	76	99.87499999999979
n1139	1081	1	0	59	100.73307291666644
n1141	1083	1	0	59	101.0247395833331
n1143	1084	1	0	59	101.35026041666643
n1138	1080	1	0	62	100.58463541666644
n1140	1082	1	0	64	100.87760416666644
n1142	1085	1	0	66	101.17447916666643
n1153	deletion
n1161	1090	1	0	52	102.12499999999976
n1162	1091	1	0	54	102.24088541666643
n1145	1087	1	0	59	101.63671874999977
n1147	1089	1	0	59	101.9544270833331
n1144	1086	1	0	68	101.49609374999977
n1155	1092	1	0	68	102.09374999999976
n1146	1088	1	0	69	101.77604166666644
n1164	1095	1	0	52	102.53124999999977
n1166	1098	1	0	52	102.83723958333312
n1168	1101	1	0	52	103.15624999999977
n1163	1093	1	0	56	102.3919270833331
n1165	1096	1	0	57	102.68880208333312
n1167	1099	1	0	59	103.00260416666644
n1156	1094	1	0	64	102.4114583333331
n1157	1097	1	0	66	102.69401041666644
n1158	1100	1	0	68	102.98958333333312
n1170	1104	1	0	52	103.45963541666643
n1172	1107	1	0	52	103.75651041666643
n1169	1102	1	0	61	103.30859374999976
n1196	1113	1	0	61	103.9309895833331
n1171	1105	1	0	62	103.60937499999976
n1186	1109	1	0	64	103.92447916666643
n1174	1110	1	0	66	104.0911458333331
n1175	1111	1	0	68	104.14843749999977
n1159	1103	1	0	69	103.30859374999976
n1160	1106	1	0	71	103.61458333333309
n1190	1120	1	0	57	104.82812499999973
n1189	1118	1	0	59	104.68880208333307
n1191	1122	1	0	59	104.9752604166664
n1188	1117	1	0	61	104.52473958333309
n1187	1115	1	0	62	104.42057291666642
n1177	1114	1	0	64	104.39192708333309
n1179	1119	1	0	64	104.67187499999974
n1181	1123	1	0	64	104.9791666666664
n1176	1112	1	0	69	104.23437499999977
n1178	1116	1	0	71	104.54557291666642
n1180	1121	1	0	73	104.83203124999973
n1197	1129	1	0	49	105.42578124999974
n1211	1137	1	0	50	105.72526041666639
n1216	deletion
n1195	1132	1	0	52	105.5690104166664
n1194	1130	1	0	54	105.41015624999974
n1193	1127	1	0	55	105.27473958333307
n1192	1124	1	0	57	105.12760416666642
n1183	1126	1	0	66	105.25911458333307
n1198	1133	1	0	66	105.73697916666639
n1185	1131	1	0	67	105.55208333333307
n1199	1134	1	0	67	105.87630208333304
n1200	1135	1	0	69	105.94010416666637
n1182	1125	1	0	74	105.12760416666642
n1184	1128	1	0	76	105.42057291666642
n1220	1145	1	0	47	106.58072916666642
n1219	1143	1	0	49	106.44531249999973
n1221	1147	1	0	49	106.71614583333307
n1218	1140	1	0	50	106.30598958333306
n1217	1139	1	0	52	106.15885416666639
n1202	1138	1	0	66	106.14322916666639
n1204	1142	1	0	66	106.4361979166664
n1206	1146	1	0	66	106.7174479166664
n1201	1136	1	0	71	106.00260416666639
n1203	1141	1	0	73	106.30729166666639
n1205	1144	1	0	74	106.58854166666642
n1244	1156	1	0	40	107.4570312499997
n1225	1154	1	0	42	107.29296874999969
n1224	1152	1	0	43	107.14973958333303
n1223	1150	1	0	45	107.01041666666637
n1222	1148	1	0	47	106.87499999999972
n1227	1158	1	0	66	107.59765624999969
n1208	1151	1	0	67	107.00651041666637
n1226	1157	1	0	67	107.4570312499997
n1210	1155	1	0	69	107.30338541666636
n1207	1149	1	0	76	106.88020833333304
n1209	1153	1	0	78	107.15885416666636
n1246	1162	1	0	49	108.02213541666636
n1245	1159	1	0	50	107.74479166666636
n1239	1165	1	0	50	108.33333333333304
n1247	deletion
n1232	1166	1	0	66	108.32682291666637
n1228	1160	1	0	67	107.73828124999969
n1231	1164	1	0	67	108.1718749999997
n1229	1161	1	0	71	107.87760416666636
n1233	1167	1	0	71	108.47395833333303
n1230	1163	1	0	76	108.02604166666636
n1264	1175	1	0	43	109.20572916666637
n1248	1173	1	0	47	108.88411458333304
n1242	1172	1	0	49	108.88932291666637
n1241	1170	1	0	50	108.7382812499997
n1243	1174	1	0	50	109.0195312499997
n1240	1168	1	0	52	108.6289062499997
n1256	1177	1	0	52	109.1992187499997
n1234	1169	1	0	69	108.61848958333303
n1235	1171	1	0	73	108.7421874999997
n1236	1176	1	0	74	108.89322916666637
n1265	1182	1	0	45	109.51432291666636
n1259	1185	1	0	50	109.82942708333303
n1266	1191	1	0	50	110.10546874999967
n1258	1183	1	0	52	109.68489583333303
n1260	1188	1	0	52	109.94010416666636
n1257	1179	1	0	54	109.50911458333303
n1261	1192	1	0	54	110.10026041666634
n1250	1178	1	0	73	109.50911458333303
n1251	1190	1	0	74	110.07291666666634
n1286	1254	1	0	45	110.99088541666634
n1268	1198	1	0	47	110.69010416666634
n1267	1194	1	0	49	110.39843749999969
n1279	1202	1	0	49	110.98697916666634
n1263	1197	1	0	50	110.68489583333302
n1262	1193	1	0	52	110.40234374999969
n1254	1199	1	0	73	110.67968749999969
n1253	1196	1	0	74	110.53515624999969
n1255	1200	1	0	74	110.817708333333
n1252	1195	1	0	76	110.41276041666636
n1269	1201	1	0	76	110.98697916666634
n1281	1208	1	0	57	111.94010416666629
n1280	1207	1	0	59	111.34374999999966
n1272	1205	1	0	74	111.62239583333297
n1271	1204	1	0	76	111.48828124999964
n1273	1206	1	0	76	111.76692708333297
n1270	1203	1	0	78	111.34895833333299
n1274	1209	1	0	78	111.92708333333296
n1295	1219	1	0	52	112.84765624999966
n1285	1217	1	0	54	112.69401041666632
n1284	1215	1	0	55	112.55338541666632
n1283	1212	1	0	57	112.41536458333297
n1282	1210	1	0	59	112.28515624999963
n1287	1218	1	0	73	112.83333333333299
n1278	1216	1	0	74	112.67708333333299
n1277	1214	1	0	76	112.54427083333299
n1276	1213	1	0	78	112.3932291666663
n1275	1211	1	0	79	112.26171874999963
n1300	1228	1	0	49	113.77343749999963
n1299	1223	1	0	50	113.62239583333296
n1298	1222	1	0	52	113.47656249999963
n1297	1221	1	0	54	113.3268229166663
n1296	1220	1	0	55	113.19661458333299
n1290	1225	1	0	81	113.93098958333296
n1288	1224	1	0	83	113.18880208333299
n1301	1231	1	0	50	114.3906249999996
n1324	1236	1	0	54	114.89713541666625
n1323	1234	1	0	55	114.77604166666625
n1303	1232	1	0	76	114.69140624999959
n1307	1235	1	0	76	114.8489583333329
n1305	deletion
n1294	1230	1	0	78	114.49479166666626
n1304	1233	1	0	78	114.75390624999957
n1308	1237	1	0	78	114.9192708333329
n1306	deletion
n1293	1229	1	0	79	114.37760416666627
n1292	1227	1	0	81	114.23828124999962
n1291	1226	1	0	83	114.07942708333296
n1329	1252	1	0	49	115.55468749999959
n1327	1244	1	0	50	115.26692708333292
n1325	1238	1	0	52	114.9700520833329
n1326	1241	1	0	55	115.10156249999957
n1328	1246	1	0	55	115.40234374999959
n1330	1253	1	0	55	115.73046874999959
n1309	1239	1	0	76	115.0169270833329
n1311	1242	1	0	76	115.18489583333292
n1313	1245	1	0	76	115.34244791666625
n1315	1248	1	0	76	115.49999999999959
n1317	1250	1	0	76	115.65494791666626
n1319	1255	1	0	76	115.81640624999957
n1310	1240	1	0	78	115.08203124999957
n1312	1243	1	0	78	115.24999999999959
n1314	1247	1	0	78	115.41276041666625
n1316	1249	1	0	78	115.57161458333292
n1318	1251	1	0	78	115.73177083333292
n1333	1262	1	0	45	116.16927083333292
n1331	1257	1	0	47	115.86328124999957
n1350	1268	1	0	54	116.50390624999959
n1332	1259	1	0	55	116.03385416666626
n1334	1265	1	0	55	116.32812499999957
n1351	1269	1	0	55	116.67968749999959
n1321	1258	1	0	76	115.97395833333292
n1320	1256	1	0	78	115.88541666666625
n1339	1271	1	0	79	116.71093749999959
n1338	1270	1	0	81	116.64973958333293
n1362	1293	1	0	47	117.35937499999959
n1361	1279	1	0	49	117.23177083333293
n1360	1276	1	0	50	117.10416666666626
n1359	1274	1	0	52	116.96354166666626
n1354	1282	1	0	55	117.52343749999957
n1352	1278	1	0	57	116.78385416666625
n1344	1280	1	0	74	117.37760416666626
n1342	1275	1	0	76	117.07552083333293
n1340	1272	1	0	78	116.78645833333292
n1341	1273	1	0	81	116.92057291666626
n1343	1277	1	0	81	117.23177083333293
n1345	1281	1	0	81	117.53124999999957
n1357	1288	1	0	50	117.9778645833329
n1356	1286	1	0	52	117.80468749999957
n1376	1291	1	0	52	118.28124999999956
n1355	1284	1	0	54	117.67057291666625
n1358	1290	1	0	54	118.13281249999956
n1377	1294	1	0	54	118.41927083333289
n1348	1287	1	0	71	117.9778645833329
n1346	1283	1	0	73	117.68749999999957
n1365	1295	1	0	78	118.42187499999956
n1364	1292	1	0	79	118.27473958333289
n1347	1285	1	0	81	117.8294270833329
n1349	1289	1	0	81	118.10937499999956
n1390	1315	1	0	45	119.1575520833329
n1389	1302	1	0	47	119.00911458333289
n1388	1300	1	0	49	118.86197916666623
n1387	1298	1	0	50	118.72135416666623
n1380	1305	1	0	54	119.31380208333292
n1378	1303	1	0	55	118.56640624999957
n1370	1304	1	0	73	119.18359374999957
n1368	1299	1	0	74	118.8802083333329
n1366	1296	1	0	76	118.5872395833329
n1367	1297	1	0	79	118.72135416666623
n1369	1301	1	0	79	119.01692708333289
n1371	1306	1	0	79	119.33593749999959
n1383	1312	1	0	49	119.75911458333293
n1382	1309	1	0	50	119.62239583333293
n1404	1316	1	0	50	120.08072916666627
n1381	1307	1	0	52	119.48307291666626
n1384	1313	1	0	52	119.91666666666627
n1405	1318	1	0	52	120.2382812499996
n1374	1311	1	0	69	119.7773437499996
n1372	1308	1	0	71	119.49479166666626
n1393	1319	1	0	76	120.22916666666627
n1392	1317	1	0	78	120.06510416666627
n1373	1310	1	0	79	119.61979166666626
n1375	1314	1	0	79	119.91927083333294
n1418	1329	1	0	43	121.04947916666626
n1417	1327	1	0	45	120.8867187499996
n1416	1324	1	0	47	120.7343749999996
n1408	1331	1	0	47	121.23046874999959
n1415	1322	1	0	48	120.59635416666627
n1406	1326	1	0	54	120.4023437499996
n1398	1328	1	0	71	121.06249999999959
n1396	1323	1	0	72	120.74479166666627
n1394	1320	1	0	74	120.38932291666627
n1395	1321	1	0	78	120.56380208333294
n1397	1325	1	0	78	120.89583333333293
n1399	1330	1	0	78	121.23046874999959
n1409	1333	1	0	49	121.37630208333292
n1410	deletion
n1411	1336	1	0	52	121.65885416666623
n1412	1339	1	0	54	121.81770833333292
n1433	1340	1	0	55	121.96614583333292
n1434	1343	1	0	57	122.1223958333329
n1402	1337	1	0	67	121.67447916666623
n1400	1332	1	0	69	121.37890624999959
n1422	1342	1	0	74	122.11197916666623
n1421	1341	1	0	76	121.97656249999957
n1401	1334	1	0	78	121.5208333333329
n1403	1338	1	0	78	121.80729166666625
n1444	1355	1	0	45	123.0130208333329
n1439	1353	1	0	49	122.86718749999957
n1438	1351	1	0	50	122.71484374999957
n1437	1348	1	0	52	122.56901041666623
n1436	1347	1	0	54	122.41796874999956
n1435	1344	1	0	55	122.26302083333289
n1427	1352	1	0	69	122.8763020833329
n1425	1349	1	0	71	122.5794270833329
n1423	1345	1	0	73	122.27734374999956
n1424	1346	1	0	76	122.42578124999956
n1426	1350	1	0	76	122.71874999999957
n1428	1354	1	0	76	123.02604166666623
n1445	1357	1	0	47	123.16015624999956
n1446	1359	1	0	49	123.31770833333289
n1447	1361	1	0	50	123.46744791666622
n1448	1363	1	0	52	123.61848958333289
n1468	1364	1	0	54	123.75651041666622
n1469	1366	1	0	55	123.9088541666662
n1431	1360	1	0	66	123.48437499999955
n1450	1367	1	0	66	123.92578124999953
n1429	1356	1	0	67	123.17578124999956
n1449	1365	1	0	74	123.78385416666622
n1430	1358	1	0	76	123.32161458333289
n1432	1362	1	0	76	123.62890624999956
n1471	1371	1	0	45	124.3971354166662
n1472	1375	1	0	50	124.77083333333285
n1470	1368	1	0	57	124.07812499999953
n1451	1369	1	0	64	124.0924479166662
n1452	1370	1	0	67	124.22786458333287
n1454	1373	1	0	73	124.5182291666662
n1453	1372	1	0	74	124.3776041666662
n1455	1374	1	0	74	124.76171874999952
n1459	1377	1	0	74	124.92838541666619
n1461	1379	1	0	74	125.07291666666619
n1457	deletion
n1456	1376	1	0	76	124.85677083333285
n1458	1378	1	0	76	124.99088541666619
n1473	1380	1	0	48	125.10416666666619
n1503	1391	1	0	48	125.6627604166662
n1474	1383	1	0	50	125.24739583333287
n1476	1388	1	0	50	125.51302083333287
n1475	1386	1	0	52	125.38802083333287
n1463	1382	1	0	74	125.2408854166662
n1465	1385	1	0	74	125.3971354166662
n1467	1389	1	0	74	125.56380208333287
n1479	1392	1	0	74	125.70703124999953
n1481	1394	1	0	74	125.83593749999953
n1460	1381	1	0	76	125.13802083333286
n1462	1384	1	0	76	125.29557291666622
n1466	1387	1	0	76	125.45442708333287
n1478	1390	1	0	76	125.61458333333287
n1480	1393	1	0	76	125.7682291666662
n1482	1395	1	0	76	125.91796874999953
n1464	deletion
n1504	1396	1	0	47	126.00911458333286
n1508	1402	1	0	47	126.65364583333286
n1505	1397	1	0	48	126.15494791666619
n1507	1399	1	0	48	126.48046874999953
n1506	1398	1	0	50	126.33463541666619
n1498	1400	1	0	67	126.78385416666619
n1483	1401	1	0	74	125.98177083333286
n1493	1409	1	0	74	126.91796874999952
n1485	deletion
n1487	deletion
n1489	deletion
n1491	deletion
n1484	deletion
n1486	deletion
n1488	deletion
n1490	deletion
n1492	deletion
n1509	1404	1	0	48	126.95052083333286
n1510	1406	1	0	50	127.24999999999952
n1527	1412	1	0	55	127.56380208333286
n1501	1407	1	0	62	127.26041666666619
n1500	1405	1	0	64	127.07291666666619
n1515	1410	1	0	64	127.57942708333286
n1499	1403	1	0	65	126.95052083333286
n1502	1408	1	0	65	127.40624999999953
n1516	1411	1	0	65	127.71093749999953
n1511	deletion
n1528	1418	1	0	45	127.87499999999953
n1529	1421	1	0	47	128.4908854166662
n1519	1415	1	0	60	128.2057291666662
n1518	1414	1	0	62	128.0182291666662
n1521	1419	1	0	62	128.5182291666662
n1517	1413	1	0	64	127.87890624999953
n1520	1417	1	0	64	128.3658854166662
n1522	1420	1	0	64	128.6432291666662
n1512	1416	1	0	72	127.8893229166662
n1530	1423	1	0	48	128.80468749999955
n1531	1425	1	0	50	129.0859374999995
n1547	1431	1	0	52	129.4140624999995
n1525	1426	1	0	59	129.1015624999995
n1524	1424	1	0	60	128.93229166666617
n1540	1429	1	0	60	129.4218749999995
n1523	1422	1	0	62	128.8111979166662
n1526	1427	1	0	62	129.25520833333283
n1541	1430	1	0	62	129.57552083333283
n1514	1428	1	0	71	128.86328124999952
n1548	1436	1	0	42	129.74088541666617
n1549	1437	1	0	43	130.36588541666617
n1544	1434	1	0	57	130.05598958333283
n1543	1433	1	0	59	129.89322916666617
n1546	1446	1	0	59	130.37109374999952
n1542	1432	1	0	60	129.74088541666617
n1545	1435	1	0	60	130.19401041666617
n1535	1439	1	0	67	130.5195312499995
n1533	1438	1	0	69	129.76562499999952
n1568	1450	1	0	36	131.34244791666615
n1550	1440	1	0	42	130.6848958333328
n1551	1442	1	0	43	130.8437499999995
n1552	1444	1	0	45	130.99088541666615
n1553	1447	1	0	47	131.1406249999995
n1567	1449	1	0	57	131.3528645833328
n1555	1452	1	0	62	131.54687499999943
n1556	1453	1	0	64	131.59374999999943
n1538	1445	1	0	66	131.00260416666615
n1554	1451	1	0	66	131.35026041666615
n1537	1443	1	0	67	130.8398437499995
n1539	1448	1	0	67	131.13541666666615
n1536	1441	1	0	69	130.69010416666615
n1574	1464	1	0	52	132.40885416666615
n1573	1463	1	0	54	132.26953124999946
n1572	1460	1	0	55	132.10286458333277
n1571	1458	1	0	57	131.96354166666612
n1570	1457	1	0	59	131.84765624999946
n1569	1454	1	0	60	131.69010416666612
n1558	1456	1	0	62	131.81119791666612
n1560	1461	1	0	62	132.10026041666612
n1562	1465	1	0	62	132.4062499999995
n1557	1455	1	0	66	131.68098958333277
n1559	1459	1	0	67	131.96744791666612
n1561	1462	1	0	69	132.26562499999946
n1591	1475	1	0	43	133.12109374999943
n1578	1473	1	0	45	132.98697916666612
n1592	1476	1	0	45	133.26171874999943
n1577	1470	1	0	47	132.83463541666615
n1576	1468	1	0	48	132.70703124999952
n1575	1467	1	0	50	132.55208333333283
n1564	1469	1	0	62	132.70963541666617
n1566	1472	1	0	62	132.99088541666612
n1563	1466	1	0	71	132.56770833333283
n1579	1474	1	0	71	133.13411458333277
n1565	1471	1	0	72	132.8567708333328
n1580	1477	1	0	79	133.28515624999943
n1594	1480	1	0	43	133.54947916666612
n1596	1485	1	0	43	133.83463541666615
n1598	1487	1	0	43	134.12630208333286
n1593	1478	1	0	47	133.39973958333277
n1595	1483	1	0	48	133.70052083333277
n1597	1488	1	0	50	133.98177083333283
n1586	1489	1	0	69	134.13281249999952
n1585	1486	1	0	71	133.98958333333283
n1584	1484	1	0	72	133.8294270833328
n1583	1482	1	0	74	133.69921874999943
n1582	1481	1	0	76	133.55989583333277
n1581	1479	1	0	77	133.42708333333277
n1616	1500	1	0	40	134.9726562499995
n1617	1503	1	0	42	135.0585937499995
n1600	1492	1	0	43	134.43619791666623
n1602	1496	1	0	43	134.72656249999955
n1599	1490	1	0	52	134.28906249999955
n1615	1499	1	0	52	134.86718749999952
n1601	1495	1	0	53	134.5833333333329
n1603	1498	1	0	60	134.86067708333286
n1590	1497	1	0	62	134.71874999999955
n1589	1494	1	0	64	134.58072916666623
n1588	1493	1	0	65	134.4270833333329
n1587	1491	1	0	67	134.2903645833329
n1604	1501	1	0	76	135.0156249999995
n1619	1507	1	0	40	135.29427083333277
n1621	1511	1	0	40	135.5768229166661
n1623	1515	1	0	40	135.8815104166661
n1618	1504	1	0	44	135.12499999999946
n1620	1509	1	0	45	135.44531249999943
n1622	1513	1	0	47	135.7291666666661
n1610	1514	1	0	66	135.87239583333275
n1609	1512	1	0	68	135.73177083333275
n1608	1510	1	0	69	135.58203124999943
n1607	1508	1	0	71	135.4596354166661
n1606	1506	1	0	72	135.30989583333277
n1605	1505	1	0	74	135.14973958333277
n1625	1519	1	0	40	136.16536458333277
n1627	1523	1	0	40	136.4557291666661
n1624	1517	1	0	48	136.03515624999943
n1640	1524	1	0	49	136.61197916666612
n1626	1520	1	0	50	136.3268229166661
n1628	1525	1	0	57	136.60416666666612
n1641	1527	1	0	57	136.75260416666612
n1614	1522	1	0	59	136.45703124999943
n1629	1526	1	0	59	136.74739583333277
n1613	1521	1	0	60	136.32421874999943
n1612	1518	1	0	62	136.16145833333277
n1611	1516	1	0	64	136.03124999999943
n1647	1538	1	0	47	137.64843749999946
n1646	1537	1	0	49	137.49609374999946
n1645	1534	1	0	50	137.34114583333277
n1644	1532	1	0	52	137.19791666666615
n1643	1530	1	0	54	137.04166666666615
n1642	1528	1	0	55	136.91276041666615
n1631	1531	1	0	57	137.0351562499995
n1633	1535	1	0	57	137.34635416666612
n1635	1539	1	0	57	137.65624999999946
n1630	1529	1	0	61	136.9075520833328
n1632	1533	1	0	62	137.2083333333328
n1634	1536	1	0	64	137.50390624999946
n1668	1564	1	0	38	138.47395833333277
n1651	1546	1	0	40	138.27734374999946
n1650	1544	1	0	42	138.11328124999946
n1649	1542	1	0	43	137.9583333333328
n1648	1540	1	0	45	137.80468749999946
n1637	1543	1	0	57	137.95703124999946
n1639	1547	1	0	57	138.29296874999946
n1658	1549	1	0	62	138.49999999999946
n1636	1541	1	0	66	137.8098958333328
n1652	1548	1	0	66	138.48307291666612
n1638	1545	1	0	67	138.12890624999946
n1659	1551	1	0	60	138.83203124999946
n1663	1556	1	0	60	139.4544270833328
n1660	1552	1	0	62	138.9739583333328
n1662	1555	1	0	62	139.27343749999946
n1661	1553	1	0	64	139.1184895833328
n1655	1557	1	0	64	139.44010416666615
n1654	1554	1	0	67	139.12890624999946
n1653	1550	1	0	71	138.82291666666612
n1686	1566	1	0	50	140.5247395833328
n1664	1559	1	0	59	139.77604166666615
n1675	1565	1	0	59	140.3789062499995
n1665	1560	1	0	60	139.9101562499995
n1667	1563	1	0	60	140.21744791666615
n1666	1561	1	0	62	140.06380208333283
n1657	1562	1	0	66	140.06380208333283
n1669	1572	1	0	67	140.37369791666615
n1656	1558	1	0	69	139.7734374999995
n1687	1568	1	0	48	140.6966145833328
n1691	1575	1	0	48	141.3177083333328
n1688	1569	1	0	50	140.82291666666612
n1690	1573	1	0	50	141.1406249999995
n1689	1571	1	0	52	140.98828124999946
n1676	1567	1	0	60	140.69140624999946
n1677	1570	1	0	62	140.99609374999946
n1678	1574	1	0	64	141.3177083333328
n1671	1576	1	0	69	141.4895833333328
n1692	1578	1	0	47	141.6679687499995
n1717	1592	1	0	47	142.2708333333329
n1693	1581	1	0	48	141.84895833333283
n1695	1588	1	0	48	142.03124999999955
n1694	1584	1	0	50	141.95052083333286
n1696	1583	1	0	54	141.69010416666615
n1707	1590	1	0	55	142.28906249999955
n1673	1587	1	0	67	142.10156249999957
n1680	1579	1	0	69	141.75520833333283
n1682	1582	1	0	69	141.91145833333286
n1684	1586	1	0	69	142.07031249999957
n1674	1589	1	0	69	142.20312499999957
n1672	deletion
n1679	1577	1	0	71	141.6835937499995
n1681	1580	1	0	71	141.84895833333283
n1683	1585	1	0	71	141.98958333333286
n1697	1591	1	0	71	142.24999999999957
n1718	1593	1	0	45	142.62369791666623
n1722	1607	1	0	45	143.2005208333329
n1719	1596	1	0	47	142.73697916666623
n1721	1603	1	0	47	143.0130208333329
n1720	1600	1	0	48	142.88541666666623
n1710	1599	1	0	66	142.88932291666623
n1709	1597	1	0	67	142.74609374999957
n1711	1602	1	0	67	143.02604166666623
n1708	1595	1	0	69	142.60546874999957
n1700	1601	1	0	69	142.89062499999957
n1712	1605	1	0	69	143.1927083333329
n1699	1598	1	0	71	142.74088541666623
n1701	1604	1	0	71	143.0208333333329
n1698	1594	1	0	72	142.59895833333292
n1702	1606	1	0	72	143.19791666666623
n1723	1609	1	0	43	143.51822916666626
n1738	1620	1	0	43	144.07161458333297
n1724	1612	1	0	45	143.64322916666626
n1726	1618	1	0	45	143.91145833333297
n1725	1615	1	0	47	143.78645833333297
n1740	1624	1	0	54	144.33984374999972
n1739	1621	1	0	55	144.26692708333303
n1715	1614	1	0	67	143.81249999999963
n1714	1611	1	0	69	143.6562499999996
n1716	1617	1	0	69	143.9322916666663
n1713	1608	1	0	71	143.52213541666626
n1705	1616	1	0	71	143.80989583333297
n1732	1623	1	0	71	144.07942708333297
n1704	1613	1	0	72	143.66536458333294
n1706	1619	1	0	72	143.91796874999963
n1703	1610	1	0	74	143.51432291666626
n1727	1622	1	0	74	144.08072916666632
n1745	1633	1	0	49	145.00781249999974
n1743	1629	1	0	50	144.69531249999974
n1741	1628	1	0	52	144.4049479166664
n1742	1627	1	0	55	144.5299479166664
n1744	1631	1	0	55	144.83203124999974
n1746	deletion
n1734	1642	1	0	67	144.7083333333331
n1733	1625	1	0	69	144.3932291666664
n1730	1632	1	0	69	145.00781249999974
n1729	1630	1	0	71	144.7005208333331
n1728	1626	1	0	72	144.3932291666664
n1749	1640	1	0	45	145.7018229166665
n1747	1636	1	0	47	145.36979166666646
n1762	1646	1	0	48	146.1341145833332
n1761	1643	1	0	50	145.99869791666654
n1748	deletion
n1750	deletion
n1737	1639	1	0	73	145.7057291666665
n1736	1637	1	0	74	145.38411458333312
n1756	1645	1	0	74	146.0039062499999
n1751	1644	1	0	78	145.99088541666654
n1731	1635	1	0	79	145.36979166666646
n1767	1658	1	0	43	146.9010416666665
n1765	1653	1	0	45	146.64973958333314
n1763	1649	1	0	46	146.2968749999999
n1764	1650	1	0	50	146.46093749999986
n1766	1655	1	0	50	146.74218749999977
n1768	deletion
n1759	1656	1	0	64	146.89973958333314
n1758	1651	1	0	66	146.60677083333317
n1757	1647	1	0	67	146.31510416666654
n1754	1657	1	0	73	146.8867187499998
n1753	1652	1	0	74	146.59244791666652
n1752	1648	1	0	76	146.3085937499999
n1771	1665	1	0	40	147.6145833333332
n1769	1661	1	0	42	147.25260416666646
n1789	1670	1	0	42	147.9544270833332
n1770	deletion
n1772	deletion
n1783	1669	1	0	72	147.95703124999986
n1760	1660	1	0	73	147.2890624999998
n1774	1667	1	0	79	148.12369791666652
n1773	1666	1	0	81	147.94921874999986
n1755	1662	1	0	82	147.27083333333312
n1790	1674	1	0	38	148.30729166666652
n1792	1677	1	0	40	148.90885416666652
n1791	1681	1	0	43	148.58854166666654
n1786	1675	1	0	69	148.82812499999986
n1785	1673	1	0	71	148.77213541666654
n1787	1676	1	0	71	148.90494791666652
n1777	1672	1	0	74	148.5781249999999
n1776	1671	1	0	76	148.4309895833332
n1775	1668	1	0	78	148.28124999999986
n1779	1678	1	0	79	149.09244791666654
n1793	1679	1	0	36	149.28385416666654
n1794	1685	1	0	38	149.66276041666657
n1810	1696	1	0	43	150.1432291666666
n1788	1683	1	0	69	149.2981770833332
n1805	1687	1	0	71	150.15364583333326
n1780	1680	1	0	72	149.48177083333323
n1797	1689	1	0	76	150.46744791666663
n1782	1684	1	0	78	149.85937499999991
n1796	1688	1	0	78	150.4075520833333
n1781	1682	1	0	79	149.67187499999991
n1795	1686	1	0	79	150.14973958333326
n1812	1698	1	0	43	151.38411458333331
n1813	1700	1	0	45	151.46744791666666
n1808	1697	1	0	67	151.22786458333331
n1807	1693	1	0	69	150.88541666666663
n1806	1691	1	0	71	150.57812499999994
n1802	1699	1	0	71	151.21484374999997
n1800	1694	1	0	72	150.87369791666663
n1798	1690	1	0	74	150.5403645833333
n1799	1692	1	0	79	150.71874999999994
n1801	1695	1	0	79	151.0364583333333
n1815	1703	1	0	43	151.71093749999997
n1817	1707	1	0	43	152.08984375
n1814	1702	1	0	47	151.53645833333331
n1816	1705	1	0	48	151.90104166666666
n1835	1713	1	0	50	152.33072916666669
n1809	1704	1	0	66	151.90104166666666
n1827	1711	1	0	67	152.32942708333334
n1804	1706	1	0	69	151.89713541666666
n1818	1708	1	0	71	152.32682291666669
n1820	1710	1	0	72	152.65104166666666
n1819	1709	1	0	74	152.56640625
n1803	1701	1	0	79	151.54296875
n1833	1764	1	0	43	152.71744791666669
n1836	deletion
n1837	1717	1	0	47	153.15364583333337
n1839	1720	1	0	47	153.91536458333346
n1838	1719	1	0	48	153.79557291666677
n1840	1721	1	0	48	154.0429687500001
n1841	1722	1	0	50	154.1132812500001
n1830	1723	1	0	64	153.80338541666677
n1829	1716	1	0	65	153.16536458333337
n1825	1726	1	0	67	153.78645833333343
n1828	deletion
n1823	1715	1	0	69	153.15364583333337
n1821	1712	1	0	71	152.71614583333334
n1822	1714	1	0	74	152.94661458333337
n1824	1718	1	0	74	153.44140625000006
n1843	1725	1	0	48	154.47265625000009
n1845	1729	1	0	48	154.98828125000009
n1842	1724	1	0	52	154.22786458333343
n1844	1728	1	0	54	154.7148437500001
n1871	1765	1	0	55	155.39843750000009
n1862	1731	1	0	62	155.41145833333343
n1831	1727	1	0	63	154.71354166666677
n1847	1732	1	0	67	155.5273437500001
n1848	1733	1	0	69	155.63802083333346
n1849	1734	1	0	71	155.7187500000001
n1826	1730	1	0	72	154.23958333333343
n1863	1736	1	0	64	155.84505208333346
n1864	1738	1	0	65	156.3398437500001
n1851	1737	1	0	67	156.08723958333346
n1853	1740	1	0	67	156.55468750000014
n1865	1745	1	0	67	156.77213541666683
n1868	1741	1	0	71	156.33854166666677
n1855	1744	1	0	71	156.89453125000017
n1850	1735	1	0	72	155.8307291666668
n1869	1742	1	0	72	156.77213541666683
n1856	1746	1	0	72	156.99609375000017
n1852	1739	1	0	74	156.3242187500001
n1857	1747	1	0	74	157.07421875000017
n1854	1743	1	0	76	156.76692708333348
n1866	1749	1	0	67	157.22786458333348
n1867	1751	1	0	69	157.73437500000017
n1876	1755	1	0	71	158.33854166666688
n1859	1750	1	0	72	157.49869791666683
n1861	1753	1	0	72	158.01041666666688
n1879	1754	1	0	74	158.66276041666688
n1858	1748	1	0	76	157.19921875000014
n1860	1752	1	0	78	157.71354166666683
n1872	1758	1	0	79	158.33333333333354
n1877	1759	1	0	69	159.6354166666669
n1878	1761	1	0	71	160.75911458333363
n1881	1757	1	0	72	159.26953125000026
n1883	1762	1	0	74	160.75260416666694
n1880	1756	1	0	76	158.9596354166669
n1874	1760	1	0	78	160.05338541666694
n1875	1763	1	0	79	160.7356770833336
insertion	312	1	0	62	35.76041666666662
insertion	386	1	0	57	41.261718750000014
insertion	459	1	0	64	46.49479166666672
insertion	454	1	0	66	46.31510416666672
insertion	457	1	0	62	46.43229166666672
insertion	483	1	0	61	48.28906250000002
insertion	479	1	0	62	48.079427083333364
insertion	482	1	0	59	48.23177083333336
insertion	620	1	0	37	60.59505208333339
insertion	750	1	0	79	70.98437500000013
insertion	754	1	0	81	71.05989583333347
insertion	769	1	0	83	72.79817708333347
insertion	773	1	0	84	72.87369791666681
insertion	785	1	0	67	74.21614583333343
insertion	791	1	0	69	74.29557291666676
insertion	837	1	0	64	79.80208333333339
insertion	839	1	0	64	79.94921875000006
insertion	856	1	0	60	81.49609375000003
insertion	863	1	0	59	81.73697916666671
insertion	860	1	0	60	81.6432291666667
insertion	1181	1	0	73	109.71223958333303
insertion	1186	1	0	73	109.86197916666636
insertion	1189	1	0	73	109.99999999999969
insertion	1180	1	0	74	109.63411458333303
insertion	1184	1	0	74	109.77864583333303
insertion	1187	1	0	71	109.93619791666636
insertion	1261	1	0	76	116.12890624999959
insertion	1264	1	0	76	116.30208333333292
insertion	1267	1	0	76	116.46093749999957
insertion	1260	1	0	78	116.04687499999959
insertion	1263	1	0	78	116.20963541666625
insertion	1266	1	0	78	116.36328124999957
insertion	1335	1	0	51	121.49869791666623
insertion	1502	1	0	41	135.1184895833328
insertion	1634	1	0	57	145.19401041666643
insertion	1638	1	0	57	145.5585937499998
insertion	1641	1	0	57	145.83984374999986
insertion	1654	1	0	43	146.6432291666665
insertion	1659	1	0	52	147.06119791666646
insertion	1663	1	0	52	147.4557291666665
insertion	1664	1	0	52	147.7669270833332
