xml_id	midi_id	track	channel	pitch	onset
n3	0	0	0	53	2.0737158749999995
n4	1	0	0	57	2.2457242499999994
n6	3	0	0	57	2.57051025
n5	2	0	0	60	2.4145274999999997
n1	4	0	0	65	2.0491432499999997
n8	6	0	0	57	2.8814073749999998
n7	5	0	0	60	2.759612625
n2	7	0	0	69	2.7425186249999998
n11	8	0	0	53	3.1014926249999997
n12	9	0	0	60	3.2499967499999998
n9	12	0	0	72	3.068373
n14	11	0	0	60	3.5811929999999994
n13	10	0	0	63	3.4198683749999996
n16	15	0	0	60	3.904910625
n15	13	0	0	63	3.7425176249999996
n10	14	0	0	69	3.7467911249999997
n19	16	0	0	53	4.09614975
n20	17	0	0	58	4.256406
n17	20	0	0	70	4.085466
n22	19	0	0	58	4.5662347500000005
n21	18	0	0	62	4.410252000000001
n24	23	0	0	58	4.8931575
n23	21	0	0	62	4.736106375
n18	22	0	0	79	4.714738875
n29	25	0	0	53	5.065165875
n30	27	0	0	55	5.2093965
n26	26	0	0	76	5.20298625
n25	24	0	0	77	5.048071875
n32	29	0	0	55	5.532045750000001
n31	28	0	0	58	5.380336500000001
n27	30	0	0	76	5.369652750000001
n34	32	0	0	55	5.846148000000002
n33	31	0	0	58	5.699780625000001
n38	35	0	0	53	6.0876007500000044
n39	34	0	0	57	6.072643500000004
n35	33	0	0	77	6.052344375000004
n36	36	0	0	69	6.381403875000005
n37	37	0	0	74	6.719010375000004
n42	38	0	0	67	7.074779250000004
n43	39	0	0	72	7.417727625000004
n44	40	0	0	69	7.880334000000004
n49	41	0	0	53	8.094009000000003
n46	44	0	0	65	8.084393625000004
n50	42	0	0	45	8.432683875000004
n51	43	0	0	50	8.767085250000003
n57	47	0	0	43	9.122854125000003
n56	51	0	0	67	9.111102000000004
n58	52	0	0	48	9.454050375000001
n54	49	0	0	62	9.617511749999998
n53	48	0	0	64	9.451913625000001
n59	53	0	0	45	9.939092624999994
n55	50	0	0	64	9.791656875
n64	54	0	0	41	10.15490437499999
n63	62	0	0	65	10.153835999999991
n60	55	0	0	69	10.141015499999991
n65	56	0	0	50	10.505331374999992
n61	57	0	0	70	10.486100624999992
n66	59	0	0	46	10.83225412499999
n62	58	0	0	74	10.815160124999991
n76	61	0	0	45	11.17199737499999
n68	63	0	0	72	11.332253624999987
n67	60	0	0	74	11.173065749999989
n70	65	0	0	69	11.643150749999988
n69	64	0	0	70	11.497851749999988
n78	66	0	0	50	11.808748874999988
n72	68	0	0	65	11.975415374999987
n71	67	0	0	67	11.809817249999988
n85	69	0	0	46	12.208321124999987
n79	70	0	0	67	12.182680124999987
n80	71	0	0	70	12.539517374999985
n87	74	0	0	48	12.89314949999998
n81	72	0	0	58	12.889944374999981
n82	73	0	0	64	12.877123874999981
n95	77	0	0	41	13.335456749999977
n88	75	0	0	57	13.311952499999979
n89	76	0	0	65	13.29165337499998
n99	83	0	0	67	14.213660999999972
n97	78	0	0	69	13.975413374999974
n100	81	0	0	70	14.205113999999972
n98	79	0	0	72	13.986097124999974
n92	82	0	0	82	14.204045624999972
n91	80	0	0	84	13.961524499999975
n107	84	0	0	65	14.308746374999972
n108	85	0	0	69	14.304472874999972
n101	86	0	0	81	14.316224999999971
n109	88	0	0	65	14.64528449999997
n110	87	0	0	69	14.639942624999971
n102	89	0	0	81	14.634600749999972
n113	94	0	0	60	15.207249749999969
n111	92	0	0	65	14.98609612499997
n114	93	0	0	67	15.207249749999969
n112	90	0	0	69	14.97113887499997
n104	95	0	0	79	15.20190787499997
n103	91	0	0	81	14.95938674999997
n118	96	0	0	57	15.335454749999968
n119	98	0	0	65	15.335454749999968
n115	97	0	0	77	15.329044499999968
n120	99	0	0	57	15.679471499999966
n121	100	0	0	65	15.678403124999967
n116	101	0	0	77	15.670924499999968
n122	102	0	0	57	16.049129249999964
n123	103	0	0	65	16.040582249999964
n117	104	0	0	77	16.034171999999966
n130	106	0	0	60	16.409171624999964
n131	108	0	0	67	16.414513499999963
n124	105	0	0	76	16.415581874999962
n125	107	0	0	79	16.396351124999963
n132	109	0	0	60	16.759598624999963
n133	111	0	0	67	16.763872124999963
n126	110	0	0	76	16.767077249999964
n127	112	0	0	79	16.746778124999963
n134	113	0	0	60	17.11002562499996
n135	115	0	0	67	17.11109399999996
n128	114	0	0	76	17.11857262499996
n129	116	0	0	79	17.10361537499996
n144	117	0	0	60	17.48929874999996
n145	119	0	0	67	17.47540987499996
n136	118	0	0	76	17.48182012499996
n137	120	0	0	79	17.46793124999996
n146	122	0	0	65	17.83011037499996
n147	124	0	0	69	17.84934112499996
n138	121	0	0	77	17.83972574999996
n139	123	0	0	81	17.81728987499996
n150	132	0	0	67	18.411306374999953
n148	126	0	0	69	18.168785249999953
n151	130	0	0	70	18.40810124999995
n149	127	0	0	72	18.177332249999953
n143	131	0	0	82	18.40489612499995
n140	125	0	0	84	18.158101499999955
n142	129	0	0	84	18.32583637499995
n141	128	0	0	86	18.246776624999953
n158	134	0	0	65	18.49570799999995
n159	deletion
n152	133	0	0	81	18.474340499999954
n160	136	0	0	65	18.81942562499995
n161	135	0	0	69	18.808741874999953
n153	137	0	0	81	18.804468374999953
n164	145	0	0	60	19.37711737499994
n162	140	0	0	65	19.168784249999945
n165	143	0	0	67	19.35681824999994
n163	139	0	0	69	19.148485124999947
n157	144	0	0	79	19.39634812499994
n154	138	0	0	81	19.149553499999946
n156	142	0	0	81	19.30874137499994
n155	141	0	0	82	19.231818374999943
n169	147	0	0	57	19.470065999999935
n170	146	0	0	65	19.460450624999936
n166	148	0	0	77	19.47433949999993
n171	149	0	0	57	19.818356249999926
n172	150	0	0	65	19.816219499999928
n167	151	0	0	77	19.81515112499993
n173	152	0	0	57	20.165578124999925
n174	153	0	0	65	20.169851624999925
n168	154	0	0	77	20.168783249999926
n179	156	0	0	60	20.549124749999923
n180	155	0	0	67	20.53737262499992
n175	157	0	0	79	20.527757249999922
n176	158	0	0	82	20.893141499999924
n182	159	0	0	60	21.295918874999916
n183	160	0	0	67	21.289508624999918
n177	161	0	0	70	21.27134624999992
n178	162	0	0	76	21.24784199999992
n188	165	0	0	65	21.71151674999992
n184	163	0	0	69	21.70403812499992
n185	164	0	0	77	21.679465499999917
n190	166	0	0	60	22.415575874999927
n191	168	0	0	64	22.403823749999926
n192	167	0	0	70	22.391003249999926
n187	169	0	0	84	22.367498999999928
n196	171	0	0	65	22.82796862499993
n197	170	0	0	69	22.82369512499993
n193	172	0	0	77	22.786301999999928
n199	173	0	0	48	23.53630124999993
n200	174	0	0	52	23.53095937499993
n201	175	0	0	58	23.51493374999993
n195	176	0	0	72	23.47860899999993
n205	179	0	0	53	23.940146999999936
n206	178	0	0	57	23.928394874999935
n202	177	0	0	65	23.899548749999934
n208	180	0	0	37	24.665573624999922
n209	181	0	0	49	24.665573624999922
n204	182	0	0	61	24.635659124999922
n216	183	0	0	38	25.145273999999915
n217	184	0	0	50	25.143137249999917
n218	186	0	0	53	25.51493174999991
n210	185	0	0	62	25.11963299999992
n220	189	0	0	53	25.87924762499991
n219	187	0	0	57	25.70082899999991
n211	188	0	0	65	25.84933312499991
n212	190	0	0	69	25.93052962499991
n214	193	0	0	69	26.205101999999908
n222	194	0	0	53	26.22112762499991
n221	192	0	0	57	26.042708999999906
n213	191	0	0	74	26.012794499999906
n215	195	0	0	74	26.283093374999908
n230	197	0	0	50	26.358947999999902
n231	199	0	0	53	26.559802499999897
n224	198	0	0	74	26.5491187499999
n223	196	0	0	77	26.355742874999905
n225	200	0	0	77	26.615357999999894
n233	203	0	0	53	26.902750874999892
n232	202	0	0	57	26.699759624999892
n226	201	0	0	81	26.691212624999892
n227	204	0	0	81	26.89954574999989
n235	206	0	0	53	27.245699249999888
n234	205	0	0	57	27.08010112499989
n229	208	0	0	74	27.255314624999887
n228	207	0	0	77	27.081169499999888
n246	209	0	0	40	27.523476749999887
n247	210	0	0	52	27.510656249999887
n236	212	0	0	73	27.530955374999888
n237	213	0	0	76	27.581168999999885
n238	211	0	0	79	27.663433874999882
n239	214	0	0	82	27.72433124999988
n248	216	0	0	52	27.95510024999988
n249	217	0	0	55	27.95937374999988
n250	218	0	0	58	27.952963499999882
n251	215	0	0	61	27.94548487499988
n241	220	0	0	79	28.24569824999988
n240	219	0	0	81	28.16770687499988
n245	224	0	0	73	28.580099624999875
n244	223	0	0	74	28.492492874999872
n243	222	0	0	76	28.41556987499987
n242	221	0	0	77	28.32903149999987
n260	225	0	0	40	28.668774749999876
n261	226	0	0	52	28.671979874999877
n253	227	0	0	82	28.661296124999875
n262	228	0	0	52	29.05018462499987
n263	230	0	0	55	29.065141874999867
n264	231	0	0	58	29.055526499999868
n265	229	0	0	61	29.04911624999987
n255	233	0	0	79	29.308731374999866
n254	232	0	0	81	29.230739999999866
n259	237	0	0	73	29.648474624999864
n258	236	0	0	74	29.558731124999863
n257	235	0	0	76	29.47860299999986
n256	234	0	0	77	29.383517624999865
n273	238	0	0	53	29.75958562499986
n274	240	0	0	57	29.95616662499986
n267	239	0	0	74	29.75638049999986
n276	243	0	0	57	30.335439749999846
n275	241	0	0	62	30.15808949999985
n268	242	0	0	65	30.330097874999847
n269	244	0	0	69	30.416636249999847
n278	247	0	0	57	30.677319749999846
n277	246	0	0	62	30.490354124999847
n271	248	0	0	69	30.689071874999847
n270	245	0	0	74	30.499969499999846
n272	249	0	0	74	30.778815374999848
n286	251	0	0	53	30.84612299999985
n287	253	0	0	57	31.065139874999847
n280	252	0	0	74	31.053387749999846
n279	250	0	0	77	30.86001187499985
n281	254	0	0	77	31.142062874999844
n289	257	0	0	57	31.385652374999843
n288	256	0	0	62	31.208302124999843
n282	255	0	0	81	31.207233749999844
n283	258	0	0	81	31.393130999999844
n291	260	0	0	57	31.738216124999838
n290	259	0	0	62	31.57048124999984
n285	262	0	0	74	31.751036624999838
n284	261	0	0	77	31.57582312499984
n302	263	0	0	38	32.04056624999984
n303	264	0	0	50	32.03415599999984
n292	268	0	0	71	32.03522437499984
n293	272	0	0	74	32.03949787499984
n294	265	0	0	77	32.03415599999984
n295	266	0	0	80	32.00530987499984
n304	269	0	0	50	32.424112874999835
n305	271	0	0	53	32.42838637499983
n306	270	0	0	56	32.41983937499984
n307	267	0	0	59	32.40915562499984
n297	274	0	0	77	32.721121124999826
n296	273	0	0	79	32.628172499999835
n301	278	0	0	71	33.06193274999982
n300	277	0	0	72	32.96364224999982
n299	276	0	0	74	32.88992437499982
n298	275	0	0	75	32.79911249999982
n316	279	0	0	38	33.16449674999981
n317	280	0	0	50	33.170906999999815
n309	281	0	0	80	33.157018124999816
n318	283	0	0	50	33.53308612499982
n319	285	0	0	53	33.53735962499982
n320	284	0	0	56	33.53415449999982
n321	282	0	0	59	33.52240237499982
n311	287	0	0	77	33.83009437499981
n310	286	0	0	79	33.74569274999981
n315	291	0	0	71	34.180521374999806
n314	290	0	0	72	34.091846249999804
n313	289	0	0	74	34.00317112499981
n312	288	0	0	75	33.91876949999981
n332	292	0	0	51	34.2937691249998
n333	293	0	0	55	34.482871499999796
n323	294	0	0	72	34.2862904999998
n335	298	0	0	55	34.8311617499998
n325	296	0	0	67	34.746760124999795
n327	299	0	0	67	34.916631749999794
n326	297	0	0	72	34.8471873749998
n337	304	0	0	55	35.196545999999806
n336	302	0	0	60	35.0373581249998
n329	301	0	0	72	35.0897084999998
n331	305	0	0	72	35.27346899999981
n328	300	0	0	75	34.990349624999794
n330	303	0	0	75	35.1858622499998
n344	307	0	0	51	35.37710137499981
n345	311	0	0	55	35.534152499999806
n339	308	0	0	75	35.44654574999981
n341	310	0	0	75	35.6399216249998
n338	306	0	0	79	35.35893899999981
n340	309	0	0	79	35.5501781249998
n347	315	0	0	55	35.896331624999796
n346	313	0	0	60	35.7125711249998
n349	317	0	0	55	36.273467999999795
n348	316	0	0	60	36.103596374999796
n359	318	0	0	48	36.47432249999979
n360	319	0	0	51	36.64312574999979
n350	320	0	0	72	36.47645924999979
n362	324	0	0	51	37.028809124999796
n361	321	0	0	56	36.826886249999795
n352	322	0	0	68	36.914492999999794
n354	325	0	0	68	37.096116749999794
n353	323	0	0	72	37.030945874999794
n364	330	0	0	51	37.347184874999805
n363	327	0	0	56	37.196543999999804
n356	328	0	0	72	37.273466999999805
n358	331	0	0	72	37.44013349999981
n355	326	0	0	75	37.1901337499998
n357	329	0	0	75	37.38244124999981
n371	333	0	0	48	37.52987699999981
n372	337	0	0	51	37.6986802499998
n366	334	0	0	75	37.617483749999806
n368	336	0	0	75	37.8172698749998
n365	332	0	0	80	37.53308212499981
n367	335	0	0	80	37.7179109999998
n374	340	0	0	51	38.0854319999998
n373	338	0	0	56	37.8696202499998
n369	339	0	0	84	37.8952612499998
n376	342	0	0	51	38.4262436249998
n375	341	0	0	56	38.2542352499998
n386	343	0	0	44	38.614277624999794
n387	344	0	0	48	38.7841492499998
n377	345	0	0	72	38.615345999999796
n389	349	0	0	48	39.1495334999998
n388	346	0	0	51	38.9582943749998
n379	347	0	0	66	39.0597899999998
n381	350	0	0	66	39.239276999999795
n380	348	0	0	72	39.168764249999796
n391	355	0	0	48	39.4775246249998
n390	352	0	0	51	39.3033794999998
n383	353	0	0	72	39.3920546249998
n385	356	0	0	72	39.569404874999805
n382	351	0	0	75	39.3065846249998
n384	354	0	0	75	39.487139999999805
n398	358	0	0	44	39.6527381249998
n399	362	0	0	48	39.809789249999795
n393	359	0	0	75	39.7339346249998
n395	361	0	0	75	39.9187634999998
n392	357	0	0	78	39.6655586249998
n394	360	0	0	78	39.8247464999998
n401	365	0	0	48	40.201882874999804
n400	364	0	0	51	39.9946181249998
n396	366	0	0	84	39.9967548749998
n403	369	0	0	48	40.54910474999981
n402	368	0	0	51	40.37816474999981
n397	367	0	0	78	40.37495962499981
n412	373	0	0	43	40.731796874999816
n413	374	0	0	47	40.92517274999982
n404	370	0	0	67	40.72218149999981
n405	371	0	0	71	40.78201049999982
n406	372	0	0	74	40.84931812499982
n407	376	0	0	79	40.90594199999982
n414	375	0	0	50	41.12709562499981
n415	377	0	0	55	41.29696724999981
n416	379	0	0	48	41.486069624999814
n417	382	0	0	51	41.640983999999825
n411	383	0	0	72	41.71256512499983
n410	381	0	0	74	41.640983999999825
n409	380	0	0	75	41.56512937499982
n408	378	0	0	77	41.47324912499982
n423	384	0	0	43	41.819402624999825
n424	385	0	0	47	42.02559899999982
n418	387	0	0	79	41.817265874999826
n425	386	0	0	50	42.20935949999982
n426	388	0	0	55	42.386709749999824
n427	390	0	0	48	42.579017249999815
n428	393	0	0	51	42.740341874999814
n422	394	0	0	72	42.829016999999816
n421	392	0	0	74	42.74995724999982
n420	391	0	0	75	42.66341887499981
n419	389	0	0	77	42.57474374999982
n438	395	0	0	43	42.95722199999982
n439	396	0	0	55	42.959358749999815
n429	397	0	0	79	42.942264749999815
n441	400	0	0	55	43.54055474999982
n440	398	0	0	56	43.47752062499982
n431	401	0	0	79	43.56512737499982
n430	399	0	0	80	43.47858899999982
n445	408	0	0	48	43.89632362499981
n444	407	0	0	50	43.81405874999981
n443	404	0	0	51	43.72538362499981
n442	403	0	0	53	43.63564012499981
n435	409	0	0	72	43.89311849999981
n434	406	0	0	74	43.80871687499981
n433	405	0	0	75	43.72538362499981
n432	402	0	0	77	43.64311874999981
n451	410	0	0	55	43.999955999999806
n446	411	0	0	79	43.98927224999981
n452	412	0	0	43	44.4529469999998
n447	413	0	0	67	44.436921374999805
n463	414	0	0	48	45.23072399999981
n464	416	0	0	55	45.31726237499981
n465	418	0	0	60	45.40914262499981
n454	415	0	0	67	45.29375812499981
n455	417	0	0	76	45.38563837499981
n457	419	0	0	76	45.790552499999805
n459	420	0	0	76	46.170893999999805
n474	421	0	0	55	46.304440874999806
n475	422	0	0	62	46.39097924999981
n476	424	0	0	65	46.46790224999981
n468	423	0	0	71	46.46790224999981
n469	425	0	0	79	46.55337224999981
n470	426	0	0	77	47.088628124999794
n471	427	0	0	74	47.29802962499979
n488	429	0	0	48	47.67730274999979
n485	428	0	0	64	47.66982412499979
n480	431	0	0	72	47.83328549999979
n479	430	0	0	74	47.64952499999979
n489	432	0	0	52	48.058712624999785
n481	434	0	0	67	48.06298612499978
n482	435	0	0	72	48.04802887499979
n490	433	0	0	55	48.413413124999785
n483	436	0	0	71	48.613199249999795
n484	437	0	0	74	48.59717362499979
n497	438	0	0	60	48.8364896249998
n491	440	0	0	71	48.8525152499998
n492	441	0	0	74	48.8386263749998
n498	439	0	0	48	49.2734549999998
n493	442	0	0	72	49.685847749999795
n494	443	0	0	76	49.668753749999794
n507	444	0	0	57	50.11106099999978
n500	445	0	0	77	50.09610374999978
n508	446	0	0	60	50.49567599999977
n509	447	0	0	65	50.48712899999977
n503	450	0	0	76	50.71148774999977
n504	449	0	0	77	50.662342499999774
n502	451	0	0	77	50.775590249999766
n501	448	0	0	79	50.58755624999977
n505	452	0	0	79	50.94759862499976
n506	453	0	0	81	51.135632624999765
n517	456	0	0	59	51.33862387499976
n512	455	0	0	79	51.506358749999755
n511	454	0	0	81	51.32900849999976
n518	459	0	0	62	51.722170499999756
n519	457	0	0	67	51.71469187499976
n513	458	0	0	78	51.699734624999756
n514	460	0	0	79	51.895247249999755
n516	462	0	0	74	52.26276824999975
n515	461	0	0	77	52.096101749999754
n527	463	0	0	60	52.44866549999975
n521	464	0	0	75	52.44652874999975
n522	465	0	0	76	52.63776787499975
n528	467	0	0	57	52.82687024999976
n529	468	0	0	60	52.825801874999755
n524	469	0	0	76	53.02558799999976
n523	466	0	0	77	52.822596749999754
n530	470	0	0	53	53.24139974999976
n531	471	0	0	62	53.22857924999976
n526	473	0	0	77	53.40699787499976
n525	472	0	0	79	53.226442499999756
n538	477	0	0	55	53.627083124999764
n539	476	0	0	59	53.61746774999976
n533	475	0	0	74	53.80550174999976
n532	474	0	0	76	53.601442124999764
n535	479	0	0	71	54.19332187499976
n534	478	0	0	72	54.00101437499976
n537	481	0	0	67	54.58007362499976
n536	480	0	0	69	54.38562937499976
n548	482	0	0	60	54.76810762499976
n550	486	0	0	67	55.07900474999975
n542	483	0	0	75	54.76490249999976
n543	484	0	0	76	54.979645874999754
n551	487	0	0	60	55.19332087499975
n552	490	0	0	64	55.346098499999755
n553	491	0	0	67	55.45827787499975
n544	488	0	0	75	55.17836362499975
n545	489	0	0	76	55.36426087499976
n554	492	0	0	60	55.57579912499976
n555	495	0	0	64	55.710414374999765
n556	496	0	0	67	55.81190999999976
n546	493	0	0	75	55.556568374999756
n547	494	0	0	76	55.72643999999977
n565	497	0	0	59	55.94118337499976
n566	500	0	0	62	56.08755074999976
n567	501	0	0	67	56.19973012499975
n557	498	0	0	78	55.92515774999976
n558	499	0	0	79	56.115328499999755
n568	502	0	0	59	56.32579837499975
n569	505	0	0	62	56.46148199999974
n570	506	0	0	67	56.57045624999974
n559	503	0	0	78	56.30763599999975
n560	504	0	0	79	56.49139649999974
n571	507	0	0	59	56.67622537499974
n572	509	0	0	65	56.82259274999974
n573	511	0	0	67	56.93584049999974
n562	510	0	0	74	56.84823374999974
n561	508	0	0	77	56.67088349999974
n583	513	0	0	60	57.096096749999745
n584	512	0	0	64	57.075797624999744
n575	515	0	0	72	57.245669249999736
n574	514	0	0	74	57.05549849999974
n585	516	0	0	52	57.44011349999973
n581	518	0	0	67	57.43477162499973
n577	519	0	0	72	57.605711624999735
n576	517	0	0	74	57.412335749999734
n586	520	0	0	55	57.80122424999974
n582	521	0	0	71	57.810839624999744
n579	523	0	0	74	57.97643774999974
n578	522	0	0	76	57.78947212499974
n592	524	0	0	60	58.22002724999974
n590	527	0	0	71	58.19759137499974
n587	526	0	0	74	58.19118112499974
n593	525	0	0	55	58.573659374999735
n588	528	0	0	75	58.76169337499974
n594	529	0	0	48	59.07045374999974
n591	530	0	0	72	59.06083837499974
n589	531	0	0	76	59.039470874999736
n604	532	0	0	57	59.51062424999973
n605	533	0	0	60	59.68690612499973
n595	534	0	0	77	59.490325124999735
n607	539	0	0	60	60.11746124999972
n606	537	0	0	65	59.87707687499972
n598	538	0	0	76	60.078999749999724
n599	536	0	0	77	60.036264749999724
n597	540	0	0	77	60.13562362499972
n596	535	0	0	79	59.945452874999724
n608	541	0	0	57	60.296948249999716
n609	544	0	0	60	60.47429849999971
n600	542	0	0	79	60.29587987499971
n601	543	0	0	81	60.475366874999715
n618	545	0	0	59	60.65164874999971
n619	547	0	0	62	60.8418194999997
n611	548	0	0	79	60.834340874999704
n610	546	0	0	81	60.655922249999705
n621	551	0	0	62	61.23177637499971
n620	549	0	0	67	61.04908424999971
n612	550	0	0	78	61.039468874999706
n613	552	0	0	79	61.22216099999971
n622	553	0	0	59	61.414468499999714
n623	556	0	0	62	61.587545249999714
n615	555	0	0	74	61.585408499999716
n614	554	0	0	77	61.40485312499971
n630	557	0	0	60	61.77664762499971
n624	558	0	0	75	61.76810062499971
n625	559	0	0	76	61.95292949999971
n631	560	0	0	53	62.16446774999971
n632	561	0	0	62	62.16446774999971
n627	564	0	0	77	62.33861287499971
n626	562	0	0	79	62.15592074999971
n633	565	0	0	55	62.528783624999704
n634	566	0	0	65	62.535193874999706
n629	568	0	0	71	62.6975868749997
n628	567	0	0	74	62.523441749999705
n641	570	0	0	60	62.898441374999706
n642	569	0	0	64	62.8888259999997
n636	572	0	0	67	63.082201874999704
n635	571	0	0	72	62.883484124999704
n643	573	0	0	64	63.2680991249997
n638	574	0	0	67	63.4433126249997
n644	575	0	0	60	63.629209874999695
n640	576	0	0	67	63.7980131249997
n655	579	0	0	62	63.992457374999695
n645	578	0	0	65	63.992457374999695
n647	581	0	0	65	64.2061323749997
n646	577	0	0	67	63.992457374999695
n648	580	0	0	67	64.1997221249997
n656	582	0	0	59	64.38455099999969
n650	584	0	0	65	64.57151662499969
n651	583	0	0	67	64.56403799999968
n657	585	0	0	55	64.74352499999969
n653	587	0	0	65	64.93049062499969
n654	586	0	0	67	64.92301199999969
n668	590	0	0	48	65.12386649999969
n658	589	0	0	63	65.1420288749997
n660	592	0	0	63	65.3140372499997
n659	588	0	0	67	65.11745624999969
n661	591	0	0	67	65.3204474999997
n669	593	0	0	51	65.48497724999969
n663	595	0	0	63	65.6633958749997
n664	594	0	0	67	65.6633958749997
n670	596	0	0	48	65.8418144999997
n666	598	0	0	63	66.03519037499969
n667	597	0	0	67	66.0095493749997
n681	601	0	0	50	66.2104038749997
n671	600	0	0	65	66.2082671249997
n673	603	0	0	65	66.3995062499997
n672	599	0	0	67	66.2082671249997
n674	602	0	0	67	66.3866857499997
n682	604	0	0	47	66.5811299999997
n676	605	0	0	65	66.7552751249997
n677	606	0	0	67	66.7488648749997
n683	607	0	0	43	66.9336937499997
n679	609	0	0	65	67.1206593749997
n680	608	0	0	67	67.1195909999997
n694	610	0	0	36	67.29159937499973
n695	611	0	0	48	67.28732587499972
n684	612	0	0	63	67.29800962499974
n686	615	0	0	63	67.47429149999975
n685	613	0	0	67	67.28946262499973
n687	614	0	0	67	67.46894962499975
n696	616	0	0	51	67.64629987499976
n689	618	0	0	63	67.84608599999974
n690	617	0	0	67	67.83540224999975
n697	619	0	0	55	68.01809437499975
n692	621	0	0	63	68.20185487499975
n693	620	0	0	67	68.19758137499976
n708	622	0	0	41	68.35783762499976
n709	623	0	0	53	68.35463249999977
n698	624	0	0	63	68.36531624999976
n700	626	0	0	63	68.54800837499978
n699	625	0	0	68	68.35890599999976
n701	627	0	0	68	68.55441862499978
n710	628	0	0	56	68.73070049999978
n703	629	0	0	63	68.90911912499978
n704	630	0	0	68	68.90057212499978
n711	631	0	0	60	69.09822149999978
n706	632	0	0	63	69.27557174999978
n707	633	0	0	68	69.26381962499978
n722	634	0	0	34	69.43796474999978
n723	635	0	0	46	69.43475962499978
n712	636	0	0	62	69.44758012499977
n714	638	0	0	62	69.62493037499978
n713	637	0	0	68	69.42941774999979
n715	639	0	0	68	69.60569962499977
n724	640	0	0	50	69.80655412499979
n717	641	0	0	62	69.9871094999998
n718	642	0	0	68	69.9849727499998
n725	643	0	0	53	70.1740751249998
n720	644	0	0	62	70.35997237499978
n721	645	0	0	68	70.34501512499979
n736	646	0	0	39	70.52129699999978
n737	647	0	0	51	70.51488674999977
n726	648	0	0	62	70.50313462499977
n728	651	0	0	62	70.6997156249998
n727	649	0	0	67	70.50954487499978
n729	650	0	0	67	70.6954421249998
n738	652	0	0	55	70.88561287499981
n731	653	0	0	62	71.06937337499981
n732	654	0	0	67	71.06723662499981
n739	655	0	0	58	71.24458687499981
n734	656	0	0	62	71.40804824999981
n735	657	0	0	67	71.39843287499981
n751	658	0	0	32	71.57578312499982
n752	659	0	0	44	71.57364637499981
n740	661	0	0	60	71.57257799999981
n742	663	0	0	60	71.75847524999982
n741	660	0	0	67	71.57257799999981
n743	662	0	0	67	71.75206499999982
n753	664	0	0	56	71.93155199999981
n745	665	0	0	60	72.12279112499981
n746	666	0	0	67	72.11851762499981
n754	667	0	0	38	72.28304737499981
n755	668	0	0	50	72.27877387499981
n747	669	0	0	60	72.29159437499982
n749	671	0	0	60	72.4668078749998
n748	670	0	0	65	72.29052599999982
n750	673	0	0	65	72.46360274999981
n757	675	0	0	60	72.83539724999982
n766	674	0	0	62	72.6505683749998
n758	676	0	0	65	72.82898699999981
n767	677	0	0	31	72.99992699999981
n768	678	0	0	43	73.00099537499982
n759	680	0	0	59	73.00633724999982
n761	681	0	0	59	73.19223449999983
n760	679	0	0	65	72.99565349999982
n762	682	0	0	65	73.19330287499983
n769	683	0	0	55	73.36210612499983
n764	684	0	0	59	73.54266149999981
n765	685	0	0	65	73.5351828749998
n779	688	0	0	56	73.7285587499998
n771	687	0	0	60	73.90590899999981
n772	686	0	0	63	73.8930884999998
n780	691	0	0	55	74.09501137499981
n774	690	0	0	60	74.28838724999981
n775	689	0	0	63	74.27877187499982
n781	694	0	0	54	74.45932724999982
n777	692	0	0	60	74.62599374999981
n778	693	0	0	63	74.62813049999981
n794	697	0	0	55	74.80761749999982
n782	695	0	0	59	74.81936962499982
n783	696	0	0	62	74.80441237499983
n784	698	0	0	63	74.98496774999981
n785	699	0	0	67	74.97962587499981
n788	702	0	0	60	75.32577937499983
n786	700	0	0	62	75.17300174999981
n789	703	0	0	63	75.33112124999982
n787	701	0	0	65	75.16659149999981
n797	707	0	0	54	75.68047987499983
n790	704	0	0	59	75.50847149999983
n792	706	0	0	60	75.68689012499983
n791	705	0	0	62	75.49885612499983
n793	708	0	0	63	75.67941149999983
n810	711	0	0	55	75.89308649999985
n798	709	0	0	59	75.88026599999985
n799	710	0	0	62	75.85569337499984
n800	712	0	0	63	76.06509487499986
n801	713	0	0	67	76.06402649999985
n804	716	0	0	60	76.40376974999982
n802	714	0	0	62	76.24351349999985
n805	717	0	0	63	76.40056462499983
n803	715	0	0	65	76.22962462499984
n813	721	0	0	54	76.74244462499982
n806	718	0	0	59	76.58218837499982
n808	720	0	0	60	76.76701724999981
n807	719	0	0	62	76.56188924999982
n809	722	0	0	63	76.74671812499982
n827	726	0	0	54	77.11958099999981
n826	723	0	0	55	76.94009399999982
n814	724	0	0	59	76.95291449999982
n816	727	0	0	60	77.1270596249998
n815	725	0	0	62	76.93261537499981
n817	728	0	0	63	77.11958099999981
n829	732	0	0	54	77.48069174999979
n828	730	0	0	55	77.2969312499998
n818	729	0	0	59	77.29372612499981
n820	733	0	0	60	77.48496524999979
n819	731	0	0	62	77.2915893749998
n821	734	0	0	63	77.4742814999998
n831	739	0	0	54	77.83005037499979
n830	736	0	0	55	77.65590524999979
n822	737	0	0	59	77.66658899999979
n824	738	0	0	60	77.84393924999979
n823	735	0	0	62	77.65483687499979
n825	740	0	0	63	77.83539224999979
n846	747	0	0	55	78.0106057499998
n834	744	0	0	58	78.21573374999981
n832	741	0	0	59	78.03731512499981
n835	743	0	0	61	78.21359699999981
n833	742	0	0	62	78.0127424999998
n836	745	0	0	59	78.38987887499981
n838	748	0	0	61	78.56722912499981
n837	746	0	0	62	78.38667374999982
n839	749	0	0	64	78.56081887499981
n840	750	0	0	62	78.76060499999981
n842	752	0	0	64	78.92620312499982
n841	751	0	0	65	78.75419474999981
n843	753	0	0	67	78.92192962499982
n859	755	0	0	53	79.16872424999981
n849	754	0	0	65	79.15376699999982
n850	756	0	0	69	79.15163024999981
n860	757	0	0	53	79.51915124999982
n851	758	0	0	60	79.51380937499982
n852	759	0	0	65	79.51274099999982
n853	760	0	0	69	79.50633074999982
n861	761	0	0	53	79.88346712499981
n854	762	0	0	60	79.88560387499982
n855	763	0	0	65	79.87919362499981
n856	764	0	0	69	79.87598849999982
n867	765	0	0	53	80.31402224999981
n866	766	0	0	60	80.31615899999981
n862	768	0	0	65	80.30440687499981
n863	767	0	0	69	80.29585987499982
n868	771	0	0	48	81.08111549999985
n864	770	0	0	64	81.09393599999986
n865	769	0	0	67	81.07256849999986
n879	772	0	0	43	81.44008949999983
n873	773	0	0	59	81.43581599999983
n874	775	0	0	62	81.43047412499983
n869	776	0	0	65	81.53090137499983
n872	774	0	0	67	81.40162799999985
n880	778	0	0	43	81.77983274999983
n875	777	0	0	59	81.77662762499983
n876	779	0	0	62	81.77555924999983
n870	780	0	0	65	81.76167037499982
n881	781	0	0	43	82.13666999999981
n877	783	0	0	59	82.13560162499981
n878	782	0	0	62	82.1409434999998
n871	784	0	0	65	82.12705462499981
n889	786	0	0	43	82.5544046249998
n882	785	0	0	59	82.54478924999981
n883	788	0	0	62	82.5533362499998
n884	787	0	0	65	82.5373106249998
n890	791	0	0	45	83.3193611249998
n885	789	0	0	60	83.3225662499998
n886	790	0	0	64	83.2915833749998
n901	793	0	0	41	83.65162574999978
n893	795	0	0	62	83.81081362499977
n891	792	0	0	64	83.64735224999978
n894	796	0	0	65	83.79799312499976
n892	794	0	0	67	83.63773687499979
n902	799	0	0	43	84.01059974999976
n895	797	0	0	60	84.02235187499976
n896	798	0	0	64	83.99777924999975
n903	800	0	0	43	84.38987287499975
n897	801	0	0	59	84.40803524999976
n898	802	0	0	62	84.38239424999975
n913	806	0	0	48	84.81615449999975
n904	804	0	0	60	84.80653912499976
n905	803	0	0	64	84.78623999999975
n906	805	0	0	72	85.05547049999973
n907	807	0	0	74	85.22000024999973
n908	808	0	0	76	85.37705137499971
n909	809	0	0	77	85.5383759999997
n910	810	0	0	79	85.6997006249997
n921	813	0	0	60	85.8941448749997
n922	811	0	0	65	85.89200812499969
n916	812	0	0	81	85.88025599999969
n923	816	0	0	60	86.27448637499968
n924	814	0	0	65	86.26914449999968
n917	815	0	0	81	86.25952912499969
n925	818	0	0	60	86.61743474999969
n926	817	0	0	65	86.61743474999969
n918	819	0	0	81	86.61529799999968
n937	824	0	0	60	87.0073916249997
n935	822	0	0	65	87.0031181249997
n929	820	0	0	81	86.9806822499997
n931	823	0	0	81	87.65269012499972
n930	821	0	0	83	87.56080987499973
n936	826	0	0	64	87.74991224999971
n932	825	0	0	79	87.74991224999971
n948	827	0	0	55	88.10568112499972
n945	828	0	0	62	88.09927087499972
n942	829	0	0	71	88.09286062499972
n939	831	0	0	77	88.20824512499972
n938	830	0	0	79	88.08004012499971
n949	832	0	0	55	88.43367224999972
n946	835	0	0	62	88.43687737499971
n943	834	0	0	71	88.42405687499972
n940	833	0	0	77	88.41764662499972
n950	836	0	0	55	88.79585137499971
n947	837	0	0	62	88.78944112499971
n944	838	0	0	71	88.79585137499971
n941	839	0	0	77	88.78089412499972
n957	840	0	0	55	89.2381586249997
n955	841	0	0	62	89.2274748749997
n953	842	0	0	71	89.2210646249997
n951	843	0	0	77	89.1986287499997
n958	847	0	0	57	89.9689271249997
n956	846	0	0	60	89.96785874999969
n954	844	0	0	72	89.96572199999969
n952	845	0	0	76	89.9347391249997
n969	849	0	0	53	90.32149087499971
n961	852	0	0	74	90.47426849999971
n959	848	0	0	76	90.30973874999971
n962	851	0	0	77	90.46465312499971
n960	850	0	0	79	90.30439687499971
n970	855	0	0	55	90.68366999999971
n963	854	0	0	72	90.6879434999997
n964	853	0	0	76	90.6644392499997
n971	858	0	0	53	91.09819949999971
n965	857	0	0	71	91.09392599999971
n966	856	0	0	74	91.09072087499972
n986	859	0	0	40	91.4080282499997
n987	860	0	0	52	91.4048231249997
n974	861	0	0	76	91.4080282499997
n976	863	0	0	76	91.59072037499973
n975	862	0	0	79	91.4016179999997
n977	864	0	0	79	91.58431012499973
n989	865	0	0	56	91.75952362499974
n979	866	0	0	74	91.96037812499975
n980	867	0	0	77	91.94007899999976
n991	869	0	0	57	92.14841212499975
n982	871	0	0	72	92.31507862499974
n983	870	0	0	76	92.31294187499974
n1006	872	0	0	53	92.49456562499974
n996	874	0	0	65	92.68046287499973
n997	873	0	0	74	92.66871074999973
n1008	875	0	0	55	92.84499262499973
n999	876	0	0	64	93.04050524999974
n1000	877	0	0	72	93.01059074999974
n1010	878	0	0	53	93.21358199999975
n1002	879	0	0	62	93.37063312499976
n1003	880	0	0	71	93.36849637499975
n1026	881	0	0	40	93.56294062499974
n1027	882	0	0	52	93.55012012499974
n1015	883	0	0	76	93.64413712499973
n1017	885	0	0	76	93.82789762499974
n1016	884	0	0	79	93.72533362499973
n1028	887	0	0	44	93.91550437499973
n1029	886	0	0	56	93.90482062499973
n1019	888	0	0	74	93.99990599999973
n1021	890	0	0	74	94.18366649999973
n1020	889	0	0	77	94.09285462499973
n1030	892	0	0	45	94.28943562499971
n1031	891	0	0	57	94.27982024999972
n1023	893	0	0	72	94.37170049999972
n1025	895	0	0	72	94.5426404999997
n1024	894	0	0	76	94.4518286249997
n1044	896	0	0	41	94.6377258749997
n1045	897	0	0	53	94.6259737499997
n1033	898	0	0	65	94.7103753749997
n1035	900	0	0	65	94.8930674999997
n1034	899	0	0	74	94.8022556249997
n1046	901	0	0	43	94.98601612499971
n1047	902	0	0	55	94.9731956249997
n1037	903	0	0	64	95.07896474999971
n1039	905	0	0	64	95.27340899999972
n1038	904	0	0	72	95.17939199999972
n1048	906	0	0	43	95.35674224999971
n1049	907	0	0	55	95.34712687499972
n1041	908	0	0	62	95.42084474999972
n1043	910	0	0	62	95.60887874999973
n1042	909	0	0	71	95.52768224999973
n1057	911	0	0	48	95.70503249999975
n1058	912	0	0	52	95.79904949999975
n1059	914	0	0	55	95.90375024999975
n1060	917	0	0	60	95.98280999999974
n1050	916	0	0	64	95.71357949999975
n1051	915	0	0	67	95.71571624999976
n1052	918	0	0	72	95.70610087499975
n1061	919	0	0	48	96.10674149999976
n1062	920	0	0	52	96.19862174999976
n1063	921	0	0	55	96.27020287499977
n1064	922	0	0	60	96.34498912499977
n1065	925	0	0	48	96.43900612499978
n1066	928	0	0	52	96.54584362499979
n1067	930	0	0	55	96.64306574999978
n1068	932	0	0	60	96.72212549999976
n1056	931	0	0	72	96.71998874999976
n1055	929	0	0	74	96.65268112499977
n1054	924	0	0	76	96.46251037499978
n1073	933	0	0	48	96.82896299999977
n1074	934	0	0	52	96.91550137499978
n1075	935	0	0	55	97.01058674999977
n1076	936	0	0	60	97.09926187499977
n1069	939	0	0	79	96.81614249999977
n1077	937	0	0	48	97.18686862499976
n1078	938	0	0	52	97.26485999999976
n1079	940	0	0	55	97.34926162499976
n1080	941	0	0	60	97.41870599999976
n1081	943	0	0	48	97.50631274999976
n1082	946	0	0	53	97.60246649999976
n1083	948	0	0	55	97.70716724999977
n1084	951	0	0	60	97.77767999999976
n1072	950	0	0	79	97.82148337499977
n1071	949	0	0	81	97.76699624999976
n1070	944	0	0	83	97.56614174999976
n1089	952	0	0	48	97.8984063749998
n1090	953	0	0	52	97.9977652499998
n1091	954	0	0	55	98.1024659999998
n1092	955	0	0	60	98.1836624999998
n1085	956	0	0	84	97.9101584999998
n1093	957	0	0	48	98.2915683749998
n1094	958	0	0	52	98.37383324999979
n1095	959	0	0	55	98.4657134999998
n1096	960	0	0	60	98.5127219999998
n1097	963	0	0	48	98.6163543749998
n1098	966	0	0	52	98.70930299999979
n1099	967	0	0	55	98.81827724999978
n1100	970	0	0	60	98.90054212499977
n1088	969	0	0	72	98.89733699999978
n1087	968	0	0	74	98.85139687499978
n1086	962	0	0	76	98.66443124999981
n1106	971	0	0	48	98.99028562499977
n1107	973	0	0	52	99.11635387499977
n1108	974	0	0	55	99.21784949999977
n1109	975	0	0	60	99.29690924999979
n1101	972	0	0	79	98.99776424999978
n1110	976	0	0	48	99.39199462499978
n1111	978	0	0	52	99.48921674999978
n1112	979	0	0	55	99.57148162499978
n1113	980	0	0	60	99.64413112499976
n1102	977	0	0	79	99.41015699999978
n1114	982	0	0	48	99.73387462499976
n1115	984	0	0	53	99.82041299999975
n1116	986	0	0	55	99.88024199999975
n1117	988	0	0	60	99.96250687499976
n1105	990	0	0	79	100.07254949999975
n1104	989	0	0	81	100.00417349999975
n1103	983	0	0	83	99.81186599999975
n1121	991	0	0	48	100.17083999999974
n1122	993	0	0	52	100.17938699999975
n1123	994	0	0	55	100.17083999999974
n1124	992	0	0	60	100.17190837499975
n1118	995	0	0	84	100.16229299999975
n1125	997	0	0	52	100.56186524999977
n1126	996	0	0	64	100.55972849999976
n1119	998	0	0	88	100.55331824999976
n1127	999	0	0	44	101.15481337499976
n1128	1000	0	0	56	101.14947149999976
n1120	1001	0	0	80	101.15374499999976
n1134	1002	0	0	45	101.36100974999977
n1135	1003	0	0	57	101.35566787499977
n1129	1004	0	0	81	101.35353112499976
n1136	1007	0	0	48	101.74455637499975
n1137	1006	0	0	60	101.74028287499975
n1130	1005	0	0	84	101.74028287499975
n1138	1008	0	0	52	102.26699174999972
n1131	1009	0	0	76	102.26378662499972
n1150	1021	0	0	50	102.71677762499974
n1149	1018	0	0	52	102.66442724999973
n1148	1013	0	0	53	102.49776074999971
n1141	1020	0	0	74	102.70716224999974
n1140	1019	0	0	76	102.66549562499974
n1139	1012	0	0	77	102.49562399999971
n1151	1022	0	0	55	102.82468349999974
n1142	1023	0	0	79	102.81934162499974
n1152	1025	0	0	43	103.19647799999973
n1153	1026	0	0	55	103.19434124999972
n1143	1027	0	0	74	103.19434124999972
n1144	1028	0	0	79	103.19434124999972
n1145	1029	0	0	83	103.18472587499973
n1161	1034	0	0	48	103.58643487499972
n1162	1030	0	0	60	103.58750324999973
n1154	1031	0	0	76	103.59070837499974
n1155	1033	0	0	79	103.58963999999973
n1156	1032	0	0	84	103.57681949999973
n1163	1035	0	0	36	104.12489587499971
n1164	1036	0	0	48	104.12489587499971
n1157	1037	0	0	60	104.1003232499997
n1166	1041	0	0	67	105.28087762499973
n1169	deletion
n1171	1038	0	0	52	105.69861224999973
n1167	1039	0	0	72	105.68686012499973
n1172	1042	0	0	48	106.11314174999971
n1168	1040	0	0	76	106.09391099999972
n1178	1048	0	0	55	106.57361137499967
n1177	1047	0	0	67	106.57361137499967
n1173	1043	0	0	72	106.58429512499967
n1174	1044	0	0	76	106.54903874999968
n1175	1045	0	0	71	107.44326862499967
n1176	1046	0	0	74	107.43151649999967
n1179	1049	0	0	79	107.82361012499968
n1185	1050	0	0	52	108.22852424999968
n1183	1053	0	0	67	108.22638749999967
n1180	1051	0	0	72	108.21356699999967
n1186	1054	0	0	48	108.61954949999966
n1181	1052	0	0	76	108.60138712499968
n1192	1057	0	0	55	109.09497637499965
n1191	1058	0	0	67	109.10138662499965
n1187	1055	0	0	72	109.09283962499964
n1188	1056	0	0	76	109.07574562499964
n1189	1059	0	0	71	109.91335162499963
n1190	1060	0	0	74	109.90373624999964
n1198	1062	0	0	53	110.35993237499963
n1199	1063	0	0	57	110.36847937499962
n1200	1061	0	0	62	110.35352212499963
n1193	1064	0	0	69	110.31719737499964
n1194	1065	0	0	74	110.71570124999963
n1195	1066	0	0	77	111.10993162499963
n1208	1068	0	0	53	111.53087137499963
n1209	1070	0	0	57	111.52339274999963
n1210	1067	0	0	62	111.51270899999963
n1203	1069	0	0	76	111.48279449999963
n1204	1071	0	0	74	111.88664024999964
n1205	1072	0	0	81	112.28514412499965
n1218	1077	0	0	55	112.70074199999964
n1219	1076	0	0	62	112.69219499999964
n1220	1075	0	0	65	112.68685312499964
n1214	1073	0	0	79	113.10138262499963
n1215	1074	0	0	71	113.49347624999963
n1229	1080	0	0	60	113.91334762499963
n1230	1078	0	0	64	113.91227924999963
n1222	1081	0	0	67	114.07467224999962
n1221	1079	0	0	72	113.87061262499962
n1223	1082	0	0	64	114.27232162499962
n1224	1083	0	0	67	114.44967187499962
n1226	1085	0	0	62	114.84069712499965
n1225	1084	0	0	65	114.65052637499963
n1234	1087	0	0	55	115.33535474999961
n1233	1086	0	0	60	115.05116699999964
n1240	1088	0	0	52	115.47851699999961
n1235	1089	0	0	60	115.45714949999962
n1241	1091	0	0	48	115.88022599999961
n1236	1090	0	0	64	115.8609952499996
n1248	1096	0	0	43	116.3524477499996
n1249	1095	0	0	55	116.34924262499959
n1242	1093	0	0	60	116.3513793749996
n1243	1092	0	0	64	116.3182597499996
n1244	1094	0	0	59	117.2231733749996
n1245	1097	0	0	62	117.2050109999996
n1250	1098	0	0	67	117.57573712499959
n1256	1100	0	0	52	117.98492474999959
n1254	1099	0	0	55	117.96783074999959
n1251	1101	0	0	60	117.94859999999959
n1257	1103	0	0	48	118.3780867499996
n1252	1102	0	0	64	118.3674029999996
n1264	1108	0	0	43	118.84176149999959
n1265	1106	0	0	55	118.83641962499959
n1258	1105	0	0	60	118.8257358749996
n1259	1104	0	0	64	118.8000948749996
n1260	1107	0	0	59	119.68043587499959
n1261	1109	0	0	62	119.67082049999959
n1271	1111	0	0	41	120.1302217499996
n1272	1112	0	0	45	120.1248798749996
n1273	1110	0	0	50	120.1120593749996
n1266	1113	0	0	57	120.0842816249996
n1267	1114	0	0	62	120.46034962499961
n1268	1115	0	0	65	120.85351162499961
n1279	1117	0	0	41	121.30863937499961
n1280	1118	0	0	45	121.30757099999961
n1281	1116	0	0	50	121.29688724999961
n1276	1119	0	0	64	121.27551974999962
n1277	1120	0	0	62	121.69004924999962
n1278	1124	0	0	69	122.08855312499962
n1287	1122	0	0	43	122.51803987499963
n1288	1123	0	0	50	122.49880912499962
n1289	1121	0	0	53	122.49774074999962
n1285	1125	0	0	67	122.93470612499962
n1286	1126	0	0	59	123.32466299999962
n1298	1127	0	0	48	123.69859424999962
n1299	1128	0	0	52	123.69966262499962
n1292	1129	0	0	60	123.69218399999961
n1293	1130	0	0	67	123.8684658749996
n1300	1131	0	0	64	124.0650468749996
n1295	1132	0	0	67	124.2520124999996
n1301	1133	0	0	60	124.4336362499996
n1297	1134	0	0	67	124.60243949999959
n1312	1137	0	0	62	124.80115724999959
n1302	1136	0	0	65	124.79902049999959
n1304	1139	0	0	65	124.97957587499958
n1303	1135	0	0	67	124.79367862499959
n1305	1138	0	0	67	124.95927674999959
n1313	1140	0	0	59	125.17508849999959
n1307	1142	0	0	65	125.35137037499959
n1308	1141	0	0	67	125.3470968749996
n1314	1143	0	0	55	125.53406249999959
n1310	1145	0	0	65	125.70927599999959
n1311	1144	0	0	67	125.71248112499958
n1325	1148	0	0	48	125.89730999999958
n1315	1147	0	0	63	125.90051512499957
n1317	1150	0	0	63	126.08961749999958
n1316	1146	0	0	67	125.88662624999958
n1318	1149	0	0	67	126.08854912499957
n1326	1151	0	0	51	126.27551474999957
n1320	1153	0	0	63	126.44965987499957
n1321	1152	0	0	67	126.44538637499957
n1327	1154	0	0	48	126.63128362499957
n1323	1156	0	0	63	126.80542874999956
n1324	1155	0	0	67	126.80542874999956
n1338	1159	0	0	50	127.01162512499955
n1328	1158	0	0	65	126.99987299999955
n1330	1160	0	0	65	127.19645399999955
n1329	1157	0	0	67	127.00414649999955
n1331	1161	0	0	67	127.19645399999955
n1339	1162	0	0	47	127.37807774999955
n1333	1163	0	0	65	127.55649637499955
n1334	1164	0	0	67	127.55008612499955
n1340	1165	0	0	43	127.73705174999955
n1336	1167	0	0	65	127.89730799999955
n1337	1166	0	0	67	127.90264987499955
n1351	1168	0	0	36	128.06717962499954
n1352	1169	0	0	48	128.06611124999955
n1341	1171	0	0	63	128.08106849999956
n1343	1173	0	0	63	128.2669657499995
n1342	1170	0	0	67	128.07145312499955
n1344	1172	0	0	67	128.26910249999952
n1353	1174	0	0	60	128.42508524999946
n1346	1176	0	0	63	128.60991412499945
n1347	1175	0	0	67	128.59816199999946
n1354	1177	0	0	48	128.79581137499946
n1349	1178	0	0	63	128.95713599999945
n1350	1179	0	0	67	128.94538387499946
n1369	1180	0	0	33	129.13234949999944
n1370	1181	0	0	45	129.13341787499942
n1355	1183	0	0	60	129.13662299999942
n1358	1187	0	0	60	129.31610999999944
n1356	1182	0	0	63	129.14837512499943
n1359	1186	0	0	63	129.30222112499945
n1357	1184	0	0	66	129.13234949999944
n1360	1185	0	0	66	129.31397324999944
n1371	1188	0	0	57	129.4870499999994
n1362	1189	0	0	60	129.6644002499994
n1363	1190	0	0	63	129.6590583749994
n1364	1191	0	0	66	129.6654686249994
n1372	1192	0	0	45	129.79794712499938
n1366	1193	0	0	60	129.97209224999938
n1367	1194	0	0	63	129.98491274999938
n1368	1195	0	0	66	129.97957087499938
n1383	1196	0	0	34	130.14730574999933
n1384	1197	0	0	46	130.14730574999933
n1373	1199	0	0	62	130.15371599999935
n1375	1201	0	0	62	130.33320299999937
n1374	1198	0	0	67	130.15157924999934
n1376	1200	0	0	67	130.32358762499936
n1385	1202	0	0	58	130.5009378749994
n1378	1203	0	0	62	130.6857667499994
n1379	1204	0	0	67	130.6836299999994
n1386	1205	0	0	46	130.8449546249994
n1381	1206	0	0	62	131.0265783749994
n1382	1207	0	0	67	131.02978349999938
n1401	1208	0	0	30	131.19110812499935
n1402	1209	0	0	42	131.18790299999935
n1387	1210	0	0	62	131.19751837499936
n1390	1213	0	0	62	131.38021049999935
n1388	1211	0	0	69	131.19858674999935
n1391	1214	0	0	69	131.37273187499935
n1389	1212	0	0	72	131.19324487499935
n1392	1215	0	0	72	131.37593699999934
n1403	1216	0	0	54	131.55649237499935
n1394	1219	0	0	62	131.73597937499935
n1395	1217	0	0	69	131.73277424999935
n1396	1218	0	0	72	131.73384262499934
n1404	1220	0	0	42	131.89409887499934
n1398	1222	0	0	62	132.10456874999937
n1399	1221	0	0	69	132.09495337499936
n1400	1223	0	0	72	132.09495337499936
n1419	1224	0	0	31	132.24238912499936
n1420	1225	0	0	43	132.24666262499937
n1405	1227	0	0	62	132.24773099999936
n1408	1229	0	0	62	132.43790174999933
n1406	1226	0	0	67	132.26589337499937
n1409	1230	0	0	67	132.43683337499934
n1407	1228	0	0	70	132.25307287499936
n1410	1231	0	0	70	132.42294449999935
n1421	1232	0	0	55	132.60136312499927
n1412	1234	0	0	62	132.78832874999927
n1413	1233	0	0	67	132.78832874999927
n1414	1235	0	0	70	132.78298687499927
n1422	1236	0	0	43	132.95820037499925
n1416	1237	0	0	62	133.12700362499925
n1417	1238	0	0	67	133.13661899999923
n1418	1239	0	0	70	133.13020874999924
n1437	1240	0	0	40	133.29580687499922
n1438	1241	0	0	52	133.29473849999923
n1423	1243	0	0	67	133.29473849999923
n1426	1246	0	0	67	133.48384087499915
n1424	1242	0	0	70	133.3043538749992
n1427	1245	0	0	70	133.48170412499917
n1425	1244	0	0	73	133.29473849999923
n1428	1247	0	0	73	133.48277249999916
n1439	1248	0	0	64	133.64730224999914
n1430	1249	0	0	67	133.82678924999914
n1431	1250	0	0	70	133.83960974999914
n1432	1251	0	0	73	133.83106274999915
n1440	1252	0	0	52	133.99238737499917
n1434	1253	0	0	67	134.17294274999918
n1435	1254	0	0	70	134.18148974999917
n1436	1255	0	0	73	134.17294274999918
n1451	1256	0	0	41	134.32465199999916
n1452	1257	0	0	53	134.32572037499915
n1441	1259	0	0	69	134.33319899999915
n1443	1260	0	0	69	134.51482274999913
n1442	1258	0	0	74	134.33106224999915
n1444	1261	0	0	74	134.50200224999912
n1453	1262	0	0	65	134.67614737499906
n1446	1263	0	0	69	134.85777112499906
n1447	1264	0	0	74	134.85777112499906
n1454	1265	0	0	53	135.04473674999906
n1449	1266	0	0	69	135.20819812499906
n1450	1267	0	0	74	135.21247162499907
n1469	1268	0	0	37	135.36952274999905
n1470	1269	0	0	49	135.35777062499906
n1455	1270	0	0	69	135.37593299999904
n1458	1273	0	0	69	135.53832599999902
n1456	1271	0	0	76	135.37379624999903
n1459	1274	0	0	76	135.53512087499902
n1457	1272	0	0	79	135.37059112499904
n1460	1275	0	0	79	135.53832599999902
n1471	1276	0	0	61	135.712471124999
n1462	1277	0	0	69	135.897299999999
n1463	1279	0	0	76	135.889821374999
n1464	1278	0	0	79	135.897299999999
n1472	1280	0	0	49	136.07358187499898
n1466	1281	0	0	69	136.24772699999897
n1467	1282	0	0	76	136.24238512499898
n1468	1283	0	0	79	136.241316749999
n1487	1284	0	0	38	136.396231124999
n1488	1286	0	0	50	136.39729949999898
n1473	1287	0	0	69	136.401572999999
n1476	1289	0	0	69	136.575718124999
n1474	1285	0	0	74	136.413325124999
n1477	1290	0	0	74	136.57999162499902
n1475	1288	0	0	77	136.405846499999
n1478	1291	0	0	77	136.57785487499902
n1489	1292	0	0	62	136.74345299999905
n1480	1293	0	0	69	136.92828187499904
n1481	1294	0	0	74	136.93362374999904
n1482	1295	0	0	77	136.92187162499906
n1490	1296	0	0	50	137.10563212499903
n1484	1297	0	0	69	137.30114474999905
n1485	1298	0	0	74	137.30221312499904
n1486	1299	0	0	77	137.28618749999904
n1501	1300	0	0	34	137.44858049999903
n1502	1301	0	0	46	137.44110187499902
n1491	1302	0	0	74	137.44537537499903
n1493	1304	0	0	74	137.63661449999904
n1492	1303	0	0	80	137.44323862499903
n1494	1305	0	0	80	137.62913587499904
n1503	1306	0	0	58	137.794733999999
n1496	1307	0	0	74	137.96246887499902
n1497	1308	0	0	80	137.954990249999
n1504	1309	0	0	46	138.14409262499902
n1499	1310	0	0	74	138.31289587499901
n1500	1311	0	0	80	138.30114374999903
n1517	1314	0	0	45	138.48276749999903
n1505	1313	0	0	73	138.48597262499902
n1507	1315	0	0	77	138.66118612499898
n1506	1312	0	0	81	138.47956237499903
n1508	1316	0	0	81	138.649433999999
n1511	1320	0	0	74	138.98383537499896
n1509	1318	0	0	76	138.82785262499897
n1512	1319	0	0	77	138.96887812499895
n1510	1317	0	0	79	138.80969024999897
n1520	1324	0	0	68	139.33960424999896
n1513	1322	0	0	73	139.17293774999897
n1515	1323	0	0	74	139.34815124999895
n1514	1321	0	0	76	139.16545912499896
n1516	1325	0	0	77	139.33105724999896
n1523	1329	0	0	65	139.68896287499894
n1533	1327	0	0	69	139.52550149999897
n1524	1330	0	0	69	139.67721074999895
n1521	1328	0	0	73	139.51161262499897
n1522	1326	0	0	76	139.50627074999898
n1527	1334	0	0	62	140.0372531249989
n1525	1332	0	0	64	139.86097124999893
n1528	1333	0	0	65	140.0030651249989
n1526	1331	0	0	67	139.85242424999893
n1536	1337	0	0	56	140.3588339999989
n1529	1336	0	0	61	140.2092614999989
n1531	1338	0	0	62	140.37699637499887
n1530	1335	0	0	64	140.1953726249989
n1532	1339	0	0	65	140.3641758749989
n1550	1344	0	0	56	140.70926099999886
n1549	1340	0	0	57	140.54152612499885
n1537	1342	0	0	61	140.53725262499884
n1539	1343	0	0	62	140.71139774999887
n1538	1341	0	0	64	140.53725262499884
n1540	1345	0	0	65	140.71246612499885
n1552	1349	0	0	56	141.07678199999881
n1551	1347	0	0	57	140.89515824999884
n1541	1348	0	0	61	140.88340612499886
n1543	1350	0	0	62	141.06823499999882
n1542	1346	0	0	64	140.88233774999887
n1544	1351	0	0	65	141.0746452499988
n1554	1356	0	0	56	141.4282773749988
n1553	1352	0	0	57	141.26802112499877
n1545	1354	0	0	61	141.24879037499878
n1547	1355	0	0	62	141.4261406249988
n1546	1353	0	0	64	141.24344849999878
n1548	1357	0	0	65	141.4133201249988
n1559	1358	0	0	57	141.6611831249988
n1555	1360	0	0	61	141.6248583749988
n1556	1359	0	0	64	141.6259267499988
n1575	1364	0	0	56	142.79366062499878
n1574	1361	0	0	57	142.64836162499876
n1562	1362	0	0	60	142.64195137499877
n1564	1365	0	0	62	142.81075462499876
n1563	1363	0	0	64	142.62485737499878
n1565	1366	0	0	65	142.80434437499878
n1577	1370	0	0	56	143.15690812499875
n1576	1367	0	0	57	142.99024162499876
n1566	1368	0	0	60	142.98703649999877
n1568	1372	0	0	62	143.17507049999875
n1567	1369	0	0	64	142.97955787499876
n1569	1371	0	0	65	143.16652349999876
n1579	1376	0	0	56	143.51481374999875
n1578	1373	0	0	57	143.35348912499876
n1570	1375	0	0	60	143.34494212499874
n1572	1378	0	0	62	143.52977099999873
n1571	1374	0	0	64	143.33639512499875
n1573	1377	0	0	65	143.51801887499875
n1584	1379	0	0	57	143.77442887499873
n1580	1381	0	0	60	143.75733487499872
n1581	1380	0	0	64	143.74024087499873
n1595	1382	0	0	55	144.75306037499874
n1596	1384	0	0	57	144.91652174999874
n1593	1395	0	0	58	144.74023987499874
n1594	1397	0	0	60	144.74878687499873
n1587	1383	0	0	64	144.73062449999873
n1588	1385	0	0	65	144.90904312499873
n1597	1386	0	0	55	145.10241899999875
n1598	1388	0	0	57	145.26481199999873
n1589	1387	0	0	64	145.10348737499874
n1590	1389	0	0	65	145.2765641249987
n1599	1390	0	0	55	145.44750412499872
n1600	1392	0	0	57	145.6334013749987
n1591	1391	0	0	64	145.4453673749987
n1592	1393	0	0	65	145.6248543749987
n1608	1394	0	0	55	145.85348662499865
n1603	1396	0	0	64	145.84387124999867
n1626	1410	0	0	60	147.1131007499986
n1621	1400	0	0	66	147.2733569999986
n1620	1398	0	0	67	147.1259212499986
n1619	1412	0	0	76	147.1131007499986
n1614	1401	0	0	81	147.2573313749986
n1613	1399	0	0	82	147.0863913749986
n1623	1404	0	0	66	147.62592074999864
n1622	1402	0	0	67	147.44857049999862
n1616	1405	0	0	81	147.60775837499864
n1615	1403	0	0	82	147.4346816249986
n1625	1408	0	0	66	147.9880998749986
n1624	1406	0	0	67	147.80433937499862
n1618	1409	0	0	81	147.9838263749986
n1617	1407	0	0	82	147.81502312499862
n1633	1411	0	0	67	148.2498517499986
n1627	1413	0	0	82	148.2348944999986
n1643	1414	0	0	53	149.56502137499862
n1644	1415	0	0	57	149.72955112499864
n1639	1418	0	0	65	149.53938037499861
n1646	1417	0	0	57	150.08959349999864
n1645	1416	0	0	60	149.90049112499864
n1648	1421	0	0	57	150.41331112499864
n1647	1419	0	0	60	150.26160187499863
n1640	1420	0	0	69	150.25946512499863
n1655	1422	0	0	53	150.62912287499864
n1656	1423	0	0	60	150.79258424999864
n1651	1426	0	0	72	150.59813999999864
n1658	1425	0	0	60	151.1483531249986
n1657	1424	0	0	63	150.97313962499862
n1660	1429	0	0	60	151.4774126249986
n1659	1427	0	0	63	151.3171563749986
n1652	1428	0	0	69	151.3139512499986
n1667	1430	0	0	53	151.6707884999986
n1668	1431	0	0	58	151.8353182499986
n1663	1434	0	0	70	151.6568996249986
n1670	1433	0	0	58	152.1846768749986
n1669	1432	0	0	62	152.0126684999986
n1672	1437	0	0	58	152.53830899999858
n1671	1435	0	0	62	152.36950574999858
n1664	1436	0	0	79	152.35882199999858
n1679	1439	0	0	53	152.70818062499853
n1680	1441	0	0	55	152.85988987499854
n1674	1440	0	0	76	152.85027449999853
n1673	1438	0	0	77	152.69322337499855
n1682	1443	0	0	55	153.20070149999853
n1681	1442	0	0	58	153.04792387499853
n1675	1444	0	0	76	153.04151362499854
n1684	1446	0	0	55	153.53830799999852
n1683	1445	0	0	58	153.37484662499853
n1690	1449	0	0	53	153.77335049999851
n1691	1448	0	0	57	153.75732487499852
n1685	1447	0	0	77	153.7348889999985
n1686	1450	0	0	69	154.09706812499851
n1687	1451	0	0	74	154.44215324999854
n1694	1452	0	0	67	154.78510162499856
n1695	1453	0	0	72	155.18146874999854
n1696	1454	0	0	69	155.64086999999856
n1703	1455	0	0	53	155.85668174999856
n1700	1458	0	0	65	155.83851937499855
n1704	1456	0	0	45	156.21779249999855
n1705	1457	0	0	50	156.55646737499856
n1711	1461	0	0	43	156.92185162499857
n1710	1464	0	0	67	156.90796274999857
n1712	1466	0	0	48	157.26479999999853
n1708	1463	0	0	62	157.4442869999985
n1707	1459	0	0	64	157.13980012499854
n1713	1467	0	0	45	157.77227812499842
n1709	1465	0	0	64	157.6162953749985
n1718	1469	0	0	41	157.98488474999843
n1714	1476	0	0	65	157.98702149999843
n1715	1468	0	0	69	157.96244887499842
n1719	1470	0	0	50	158.35133737499842
n1716	1471	0	0	70	158.33424337499844
n1720	1473	0	0	46	158.69321737499843
n1717	1472	0	0	74	158.67932849999843
n1730	1475	0	0	45	159.0372341249984
n1721	deletion
n1725	1477	0	0	72	159.1889433749984
n1724	1474	0	0	74	159.0051828749984
n1727	1479	0	0	69	159.50411399999834
n1726	1478	0	0	70	159.35026799999835
n1732	1480	0	0	50	159.66864374999832
n1729	1482	0	0	65	159.81928462499832
n1728	1481	0	0	67	159.6697121249983
n1739	1483	0	0	46	160.0596689999983
n1733	1484	0	0	67	160.03509637499832
n1734	1485	0	0	70	160.4175746249983
n1741	1488	0	0	48	160.7765486249983
n1735	1486	0	0	58	160.7712067499983
n1736	1487	0	0	64	160.7562494999983
n1749	1491	0	0	41	161.23701824999827
n1742	1490	0	0	57	161.22312937499828
n1743	1489	0	0	65	161.18359949999828
n1753	1497	0	0	67	162.16009424999828
n1751	1493	0	0	69	161.92718849999827
n1752	1492	0	0	72	161.92291499999826
n1746	1496	0	0	82	162.1483421249983
n1745	1494	0	0	84	161.90902612499826
n1761	1499	0	0	65	162.27013687499826
n1762	1498	0	0	69	162.25304287499827
n1755	1500	0	0	81	162.25197449999828
n1763	1502	0	0	65	162.59599124999826
n1764	1501	0	0	69	162.59064937499826
n1756	1503	0	0	81	162.57889724999828
n1767	1508	0	0	60	163.16329837499825
n1765	1506	0	0	65	162.92505074999826
n1768	1507	0	0	67	163.16329837499825
n1766	1504	0	0	69	162.91436699999826
n1758	1509	0	0	79	163.15688812499823
n1757	1505	0	0	81	162.91223024999826
n1774	1510	0	0	57	163.2797512499982
n1775	1511	0	0	65	163.27654612499822
n1769	1512	0	0	77	163.2744093749982
n1776	1513	0	0	57	163.6173577499982
n1777	1514	0	0	65	163.6259047499982
n1770	1515	0	0	77	163.6173577499982
n1778	1516	0	0	57	163.9902206249982
n1779	1517	0	0	65	163.9741949999982
n1771	1518	0	0	77	163.9581693749982
n1788	1520	0	0	60	164.34278437499813
n1789	1521	0	0	67	164.34812624999813
n1780	1519	0	0	76	164.35239974999814
n1781	1522	0	0	79	164.32996387499816
n1790	1524	0	0	60	164.69748487499814
n1791	1523	0	0	67	164.70068999999813
n1782	1526	0	0	76	164.69962162499814
n1783	1525	0	0	79	164.69427974999815
n1792	1527	0	0	60	165.06180074999813
n1793	1528	0	0	67	165.06073237499814
n1784	1530	0	0	76	165.05752724999815
n1785	1529	0	0	79	165.05004862499814
n1804	1532	0	0	60	165.4325268749982
n1805	1533	0	0	67	165.4325268749982
n1794	1531	0	0	76	165.42291149999818
n1795	1534	0	0	79	165.41543287499817
n1806	1536	0	0	65	165.81821024999815
n1807	1538	0	0	69	165.81927862499813
n1796	1535	0	0	77	165.81286837499815
n1797	1537	0	0	81	165.80004787499817
n1810	1545	0	0	67	166.3994062499981
n1808	1541	0	0	69	166.18573124999807
n1811	1544	0	0	70	166.3962011249981
n1809	1540	0	0	72	166.17932099999808
n1801	1547	0	0	82	166.4100899999981
n1798	1539	0	0	84	166.1568851249981
n1800	1543	0	0	84	166.32355162499812
n1799	1542	0	0	86	166.2391499999981
n1818	1548	0	0	65	166.4859446249981
n1819	1546	0	0	69	166.4667138749981
n1812	1549	0	0	81	166.4784659999981
n1820	1551	0	0	65	166.81607249999809
n1821	1550	0	0	69	166.82034599999807
n1813	1552	0	0	81	166.81714087499807
n1824	1560	0	0	60	167.41008899999807
n1822	1556	0	0	65	167.17290974999807
n1825	1558	0	0	67	167.39406337499807
n1823	1554	0	0	69	167.16329437499806
n1817	1559	0	0	79	167.41756762499807
n1814	1553	0	0	81	167.15474737499807
n1816	1557	0	0	81	167.32996087499805
n1815	1555	0	0	82	167.24128574999807
n1829	1561	0	0	57	167.49769574999806
n1830	1562	0	0	65	167.48701199999806
n1826	1563	0	0	77	167.50090087499805
n1831	1564	0	0	57	167.84705437499804
n1832	1565	0	0	65	167.85132787499805
n1827	1566	0	0	77	167.84705437499804
n1833	1567	0	0	57	168.20816512499803
n1834	1569	0	0	65	168.20709674999804
n1828	1568	0	0	77	168.20495999999804
n1839	1571	0	0	60	168.59919037499802
n1840	1570	0	0	67	168.59278012499803
n1835	1572	0	0	79	168.57675449999803
n1836	1573	0	0	82	168.945343874998
n1842	1575	0	0	60	169.34598449999797
n1843	1574	0	0	67	169.35987337499796
n1837	1577	0	0	70	169.34705287499796
n1838	1576	0	0	76	169.31606999999798
n1848	1580	0	0	65	169.78188149999795
n1844	1578	0	0	69	169.77012937499796
n1845	1579	0	0	77	169.74983024999798
n1850	1582	0	0	60	170.52547049999797
n1851	1583	0	0	64	170.51799187499796
n1852	1581	0	0	70	170.52012862499797
n1847	1584	0	0	84	170.47846199999796
n1856	1587	0	0	65	170.91115387499795
n1857	1585	0	0	69	170.91435899999794
n1853	1586	0	0	77	170.88658124999796
n1859	1588	0	0	48	171.63871724999797
n1860	1589	0	0	52	171.63444374999796
n1861	1590	0	0	58	171.62375999999796
n1855	1591	0	0	72	171.60132412499794
n1865	1594	0	0	53	172.07140912499798
n1866	1593	0	0	57	172.07247749999797
n1862	1592	0	0	65	172.01692199999798
n1868	1595	0	0	37	172.78722037499782
n1869	1596	0	0	49	172.78401524999782
n1864	1597	0	0	61	172.77012637499783
n1876	1598	0	0	38	173.2305959999978
n1877	1599	0	0	50	173.22418574999782
n1878	1601	0	0	53	173.53508287499776
n1870	1600	0	0	62	173.20495499999782
n1880	1604	0	0	53	173.88444149999773
n1879	1602	0	0	57	173.70602287499776
n1871	1603	0	0	65	173.87268937499775
n1872	1605	0	0	69	173.94854399999775
n1882	1609	0	0	53	174.23380012499774
n1881	1607	0	0	57	174.05110799999773
n1874	1608	0	0	69	174.22311637499774
n1873	1606	0	0	74	174.03508237499773
n1875	1610	0	0	74	174.29897099999775
n1890	1612	0	0	50	174.3769623749977
n1891	1614	0	0	53	174.5746117499977
n1884	1613	0	0	74	174.5649963749977
n1883	1611	0	0	77	174.37268887499772
n1885	1615	0	0	77	174.6248253749977
n1893	1618	0	0	53	174.8844404999977
n1892	1617	0	0	57	174.7102953749977
n1886	1616	0	0	81	174.6974748749977
n1887	1619	0	0	81	174.87268837499772
n1895	1621	0	0	53	175.2348674999977
n1894	1620	0	0	57	175.0671326249977
n1889	1623	0	0	74	175.2423461249977
n1888	1622	0	0	77	175.0724744999977
n1906	1624	0	0	40	175.4902091249977
n1907	1625	0	0	52	175.4795253749977
n1896	1627	0	0	73	175.4827304999977
n1897	1633	0	0	76	175.5308073749977
n1898	1626	0	0	79	175.60025174999768
n1899	1628	0	0	82	175.6568756249977
n1908	1630	0	0	52	175.9047386249977
n1909	1631	0	0	55	175.9100804999977
n1910	1632	0	0	58	175.8972599999977
n1911	1629	0	0	61	175.88978137499768
n1901	1635	0	0	79	176.19854174999767
n1900	1634	0	0	81	176.1162768749977
n1905	1639	0	0	73	176.52439612499768
n1904	1638	0	0	74	176.43465262499768
n1903	1637	0	0	76	176.35559287499768
n1902	1636	0	0	77	176.27119124999768
n1920	1640	0	0	40	176.60986612499767
n1921	1641	0	0	52	176.60879774999768
n1913	1642	0	0	82	176.60986612499767
n1922	1643	0	0	52	176.99448112499763
n1923	1645	0	0	55	176.99234437499763
n1924	1646	0	0	58	176.99020762499762
n1925	1644	0	0	61	176.98379737499764
n1915	1648	0	0	79	177.27332699999764
n1914	1647	0	0	81	177.18892537499764
n1919	1652	0	0	73	177.61520699999755
n1918	1651	0	0	74	177.52012162499759
n1917	1650	0	0	76	177.43892512499758
n1916	1649	0	0	77	177.3491816249976
n1933	1653	0	0	53	177.70815562499754
n1934	1654	0	0	57	177.8940528749975
n1927	1655	0	0	74	177.71456587499753
n1936	1658	0	0	57	178.2690524999974
n1935	1656	0	0	62	178.0949073749974
n1928	1657	0	0	65	178.2647789999974
n1929	1659	0	0	69	178.34704387499738
n1938	1662	0	0	57	178.60879574999734
n1937	1661	0	0	62	178.41648824999737
n1931	1663	0	0	69	178.60024874999735
n1930	1660	0	0	74	178.42610362499735
n1932	1664	0	0	74	178.69319737499734
n1946	1670	0	0	53	178.76477849999733
n1947	1667	0	0	57	178.9528124999973
n1940	1666	0	0	74	178.9506757499973
n1939	1665	0	0	77	178.76584687499732
n1941	1668	0	0	77	179.05003462499727
n1949	1672	0	0	57	179.31285487499727
n1948	1671	0	0	62	179.11734224999728
n1942	1669	0	0	81	179.12268412499728
n1943	1673	0	0	81	179.30430787499728
n1951	1675	0	0	57	179.66221349999725
n1950	1674	0	0	62	179.49127349999728
n1945	1677	0	0	74	179.66648699999726
n1944	1676	0	0	77	179.48913674999727
n1962	1678	0	0	38	179.9453328749973
n1963	1679	0	0	50	179.93892262499728
n1952	1684	0	0	71	179.94105937499728
n1953	1687	0	0	74	179.94319612499729
n1954	1680	0	0	77	179.94105937499728
n1955	1681	0	0	80	179.92930724999727
n1964	1683	0	0	50	180.36093074999727
n1965	1686	0	0	53	180.35879399999726
n1966	1685	0	0	56	180.35238374999727
n1967	1682	0	0	59	180.34597349999729
n1957	1689	0	0	77	180.65473387499722
n1956	1688	0	0	79	180.56178524999723
n1961	1693	0	0	71	180.9763147499972
n1960	1692	0	0	72	180.8919131249972
n1959	1691	0	0	74	180.8224687499972
n1958	1690	0	0	75	180.7305884999972
n1976	1694	0	0	38	181.09597274999717
n1977	1695	0	0	50	181.09917787499717
n1969	1696	0	0	80	181.09063087499717
n1978	1697	0	0	50	181.46669887499715
n1979	1700	0	0	53	181.46456212499714
n1980	1699	0	0	56	181.46242537499714
n1981	1698	0	0	59	181.44319462499715
n1971	1702	0	0	77	181.74447637499713
n1970	1701	0	0	79	181.65473287499714
n1975	1706	0	0	71	182.09276662499713
n1974	1705	0	0	72	181.9912709999971
n1973	1704	0	0	74	181.91327962499713
n1972	1703	0	0	75	181.82460449999712
n1989	1707	0	0	51	182.21456137499712
n1990	1708	0	0	55	182.41541587499708
n1983	1709	0	0	72	182.2049459999971
n1992	1712	0	0	55	182.76050099999705
n1991	1710	0	0	60	182.58421912499705
n1984	1711	0	0	63	182.77011637499706
n1985	1713	0	0	67	182.85024449999705
n1994	1717	0	0	55	183.13656899999697
n1993	1715	0	0	60	182.92823587499703
n1987	1716	0	0	67	183.13550062499698
n1986	1714	0	0	72	182.92609912499702
n1988	1718	0	0	72	183.21028687499694
n2002	1720	0	0	51	183.30216712499688
n2003	1722	0	0	55	183.48379087499688
n1996	1721	0	0	72	183.48485924999687
n1995	1719	0	0	75	183.2936201249969
n1997	1723	0	0	75	183.56605574999688
n2005	1726	0	0	55	183.83742299999685
n2004	1725	0	0	60	183.64297874999687
n1998	1724	0	0	79	183.64511549999688
n1999	1727	0	0	79	183.83742299999685
n2007	1729	0	0	55	184.19746537499685
n2006	1728	0	0	60	184.03934587499685
n2001	1731	0	0	72	184.19639699999686
n2000	1730	0	0	75	184.03293562499687
n2018	1733	0	0	39	184.45921724999684
n2008	1734	0	0	69	184.46028562499683
n2009	1735	0	0	72	184.4784479999968
n2010	1740	0	0	75	184.46135399999682
n2011	1736	0	0	78	184.44425999999686
n2019	1741	0	0	51	184.84596899999678
n2020	1742	0	0	54	184.8406271249968
n2021	1739	0	0	57	184.8342168749968
n2022	1738	0	0	60	184.8267382499968
n2013	1744	0	0	75	185.11199437499673
n2012	1743	0	0	77	185.01156712499673
n2017	1748	0	0	69	185.46028462499672
n2016	1747	0	0	70	185.3716094999967
n2015	1746	0	0	72	185.2807976249967
n2014	1745	0	0	73	185.2038746249967
n2031	1749	0	0	39	185.5767374999967
n2024	1750	0	0	78	185.5660537499967
n2032	1753	0	0	51	185.9474636249966
n2033	1754	0	0	54	185.9442584999966
n2034	1752	0	0	57	185.9496003749966
n2035	1751	0	0	60	185.9314379999966
n2026	1756	0	0	75	186.2060103749966
n2025	1755	0	0	77	186.11733524999661
n2030	1760	0	0	69	186.55430062499656
n2029	1759	0	0	70	186.46562549999655
n2028	1758	0	0	72	186.35878799999657
n2027	1757	0	0	73	186.29468549999658
n2046	1761	0	0	49	186.69318937499654
n2047	1762	0	0	53	186.86519774999653
n2037	1763	0	0	70	186.68464237499654
n2049	1767	0	0	53	187.25515462499652
n2048	1765	0	0	58	187.07032574999653
n2039	1764	0	0	65	187.15686412499653
n2041	1768	0	0	65	187.34703487499652
n2040	1766	0	0	70	187.25515462499652
n2051	1774	0	0	53	187.60023974999655
n2050	1770	0	0	58	187.43464162499652
n2043	1771	0	0	70	187.48912874999652
n2045	1773	0	0	70	187.66006874999655
n2042	1769	0	0	73	187.40472712499653
n2044	1772	0	0	73	187.58528249999654
n2058	1777	0	0	49	187.76690624999657
n2059	1780	0	0	53	187.94211974999655
n2053	1776	0	0	73	187.85344462499654
n2055	1779	0	0	73	188.04041024999654
n2052	1775	0	0	77	187.76263274999656
n2054	1778	0	0	77	187.92609412499655
n2061	1783	0	0	53	188.31391424999651
n2060	1781	0	0	58	188.13229049999654
n2056	1782	0	0	82	188.13549562499654
n2063	1785	0	0	53	188.66327287499652
n2062	1784	0	0	58	188.5008798749965
n2073	1786	0	0	48	188.8673324999965
n2074	1787	0	0	53	189.0436143749965
n2064	1788	0	0	69	188.8566487499965
n2076	1792	0	0	53	189.3919046249965
n2075	1790	0	0	57	189.2231013749965
n2066	1789	0	0	65	189.3171183749965
n2068	1793	0	0	65	189.4837848749965
n2067	1791	0	0	69	189.4089986249965
n2078	1798	0	0	53	189.71669062499652
n2077	1795	0	0	57	189.5575027499965
n2070	1796	0	0	69	189.6354941249965
n2072	1799	0	0	69	189.8096392499965
n2069	1794	0	0	72	189.5585711249965
n2071	1797	0	0	72	189.73485299999652
n2085	1801	0	0	48	189.89724599999653
n2086	1805	0	0	53	190.08741674999655
n2080	1802	0	0	72	189.97630574999656
n2082	1804	0	0	72	190.17502349999654
n2079	1800	0	0	77	189.89938274999653
n2081	1803	0	0	77	190.08100649999656
n2088	1808	0	0	53	190.44745912499653
n2087	1807	0	0	57	190.26476699999657
n2083	1806	0	0	81	190.25728837499656
n2090	1810	0	0	53	190.79361262499648
n2089	1809	0	0	57	190.6258777499965
n2100	1811	0	0	47	190.98805687499652
n2101	1812	0	0	53	191.1792959999965
n2091	1813	0	0	68	190.9741679999965
n2103	1817	0	0	53	191.51690249999646
n2102	1814	0	0	56	191.3459624999965
n2093	1815	0	0	65	191.43143249999648
n2095	1818	0	0	65	191.61305624999645
n2094	1816	0	0	68	191.53399649999645
n2105	1823	0	0	53	191.86626112499638
n2104	1820	0	0	56	191.68570574999643
n2097	1821	0	0	68	191.7690389999964
n2099	1824	0	0	68	191.96134649999638
n2096	1819	0	0	74	191.69745787499642
n2098	1822	0	0	74	191.87587649999637
n2112	1827	0	0	47	192.06070537499636
n2113	1830	0	0	53	192.22950862499633
n2107	1826	0	0	74	192.13976512499636
n2109	1829	0	0	74	192.31604699999633
n2106	1825	0	0	77	192.05856862499635
n2108	1828	0	0	77	192.22630349999633
n2115	1832	0	0	53	192.58741424999627
n2114	1831	0	0	56	192.40579049999633
n2110	1833	0	0	80	192.41220074999632
n2117	1836	0	0	53	192.9474566249962
n2116	1834	0	0	56	192.77224312499624
n2111	1835	0	0	77	192.77865337499622
n2126	1839	0	0	48	193.13976412499616
n2127	1841	0	0	52	193.31925112499613
n2118	1837	0	0	72	193.13869574999617
n2119	1838	0	0	76	193.19638799999615
n2120	1840	0	0	79	193.26369562499613
n2121	1843	0	0	84	193.31390924999613
n2128	1842	0	0	55	193.5104902499961
n2129	1844	0	0	60	193.68570374999612
n2130	1846	0	0	53	193.88335312499615
n2131	1849	0	0	56	194.0500196249961
n2125	1850	0	0	77	194.13335287499612
n2124	1848	0	0	79	194.0607033749961
n2123	1847	0	0	80	193.95279749999614
n2122	1845	0	0	82	193.86091724999613
n2137	1851	0	0	48	194.23698524999614
n2138	1852	0	0	52	194.42929274999614
n2132	1854	0	0	84	194.22736987499613
n2139	1853	0	0	55	194.61305324999614
n2140	1855	0	0	60	194.79254024999614
n2141	1857	0	0	53	194.97843749999612
n2142	1860	0	0	56	195.14937749999612
n2136	1861	0	0	77	195.2263004999961
n2135	1859	0	0	79	195.15899287499613
n2134	1858	0	0	80	195.06497587499612
n2133	1856	0	0	82	194.96454862499613
n2150	1863	0	0	60	195.35771062499612
n2143	1862	0	0	72	195.34702687499612
n2152	1866	0	0	60	195.93570149999607
n2151	1864	0	0	61	195.8438212499961
n2145	1867	0	0	72	195.94104337499607
n2144	1865	0	0	73	195.8577101249961
n2156	1874	0	0	53	196.29253874999603
n2155	1872	0	0	55	196.21668412499602
n2154	1870	0	0	56	196.12587224999606
n2153	1868	0	0	58	196.03719712499606
n2149	1875	0	0	65	196.28933362499603
n2148	1873	0	0	67	196.21347899999603
n2147	1871	0	0	68	196.12907737499606
n2146	1869	0	0	70	196.04681249999607
n2160	1876	0	0	60	196.39830787499602
n2157	1877	0	0	72	196.38976087499603
n2161	1879	0	0	36	196.87587149999598
n2162	1878	0	0	48	196.87587149999598
n2158	1880	0	0	60	196.85236724999598
n2171	1881	0	0	41	197.68676812499592
n2172	1883	0	0	48	197.7829218749959
n2173	1886	0	0	53	197.8619816249959
n2164	1882	0	0	60	197.73163987499592
n2165	1884	0	0	69	197.82458849999588
n2167	1885	0	0	69	198.24125474999587
n2169	1887	0	0	69	198.5948868749959
n2182	1888	0	0	48	198.7198867499959
n2183	1889	0	0	55	198.8053567499959
n2184	1891	0	0	58	198.8940318749959
n2177	1892	0	0	72	198.96881812499592
n2178	1893	0	0	70	199.51475774999588
n2179	1894	0	0	67	199.71454387499588
n2196	1896	0	0	41	200.10129562499588
n2193	1895	0	0	57	200.12052637499588
n2188	1898	0	0	65	200.2615518749959
n2187	1897	0	0	67	200.08313324999588
n2197	1899	0	0	45	200.46561149999584
n2189	1902	0	0	60	200.46774824999585
n2190	1901	0	0	65	200.44638074999585
n2198	1900	0	0	48	200.81283337499585
n2191	1903	0	0	64	200.99338874999583
n2192	1904	0	0	67	200.97629474999584
n2205	1905	0	0	53	201.2273628749958
n2199	1907	0	0	64	201.2337731249958
n2200	1908	0	0	67	201.21561074999582
n2206	1906	0	0	41	201.6386872499958
n2201	1909	0	0	65	202.00620824999578
n2202	1910	0	0	69	201.99018262499578
n2217	1911	0	0	50	202.41325912499576
n2208	1912	0	0	70	202.39509674999576
n2218	1914	0	0	53	202.78505362499573
n2219	1913	0	0	58	202.76902799999573
n2211	1917	0	0	69	202.98804487499572
n2212	1916	0	0	70	202.9314209999957
n2210	1918	0	0	70	203.0788567499957
n2209	1915	0	0	72	202.8758654999957
n2213	1919	0	0	72	203.2337711249957
n2214	1920	0	0	74	203.4057794999957
n2229	1923	0	0	52	203.5852664999957
n2222	1922	0	0	72	203.7594116249957
n2221	1921	0	0	74	203.5906083749957
n2230	1925	0	0	55	203.96347124999568
n2231	1924	0	0	60	203.95492424999568
n2223	1926	0	0	71	203.94744562499568
n2224	1927	0	0	72	204.1376163749957
n2226	1929	0	0	67	204.4784279999957
n2225	1928	0	0	70	204.3117614999957
n2241	1930	0	0	53	204.66539362499572
n2233	1931	0	0	68	204.6632568749957
n2234	1932	0	0	69	204.84381224999572
n2242	1936	0	0	50	205.0478718749957
n2243	1934	0	0	53	205.04680349999572
n2236	1935	0	0	69	205.2241537499957
n2235	1933	0	0	70	205.04359837499572
n2244	1938	0	0	46	205.4292817499957
n2245	1937	0	0	55	205.4132561249957
n2238	1940	0	0	70	205.5916747499957
n2237	1939	0	0	72	205.4250082499957
n2254	1944	0	0	48	205.7914608749957
n2255	1943	0	0	52	205.7989394999957
n2247	1942	0	0	67	205.95278549999568
n2246	1941	0	0	69	205.7700933749957
n2249	1946	0	0	64	206.3331269999957
n2248	1945	0	0	65	206.1579134999957
n2251	1948	0	0	60	206.69316937499568
n2250	1947	0	0	62	206.5371866249957
n2272	1951	0	0	53	206.93141699999566
n2273	1953	0	0	57	207.12799799999564
n2274	1955	0	0	60	207.2348354999956
n2258	1949	0	0	68	206.94957937499566
n2260	1952	0	0	69	207.1718013749956
n2259	1950	0	0	80	206.90898112499568
n2261	1954	0	0	81	207.14295524999562
n2275	1958	0	0	53	207.34380974999561
n2276	1960	0	0	57	207.4987241249956
n2277	1962	0	0	60	207.5852624999956
n2262	1956	0	0	68	207.3523567499956
n2264	1959	0	0	69	207.51795487499558
n2263	1957	0	0	80	207.32244224999562
n2265	1961	0	0	81	207.51261299999558
n2278	1964	0	0	53	207.7006469999956
n2279	1968	0	0	57	207.84060412499562
n2280	1969	0	0	60	207.9164587499956
n2266	1963	0	0	68	207.7017153749956
n2268	1965	0	0	69	207.8587664999956
n2267	1966	0	0	80	207.6867581249956
n2269	1967	0	0	81	207.8576981249956
n2293	1972	0	0	52	208.07244149999556
n2294	1974	0	0	55	208.19637299999553
n2295	1976	0	0	60	208.30534724999552
n2281	1970	0	0	71	208.07457824999557
n2283	1973	0	0	72	208.26368062499552
n2282	1971	0	0	83	208.05214237499555
n2284	1975	0	0	84	208.22842424999553
n2296	1978	0	0	52	208.4239368749955
n2297	1981	0	0	55	208.54252649999546
n2298	1982	0	0	60	208.63868024999545
n2285	1977	0	0	71	208.4388941249955
n2287	deletion
n2286	1979	0	0	83	208.4068428749955
n2288	1980	0	0	84	208.58632987499544
n2299	1983	0	0	52	208.76795362499544
n2300	1985	0	0	58	208.88761162499543
n2301	1987	0	0	60	208.99231237499544
n2290	1986	0	0	79	208.94744062499544
n2289	1984	0	0	82	208.78397924999544
n2311	1988	0	0	53	209.15791049999547
n2312	1990	0	0	57	209.15897887499546
n2303	1991	0	0	77	209.32778212499545
n2302	1989	0	0	79	209.15363699999546
n2313	1993	0	0	57	209.52543149999545
n2309	1994	0	0	72	209.52970499999546
n2305	1995	0	0	77	209.67393562499547
n2304	1992	0	0	79	209.49658537499545
n2314	1998	0	0	60	209.87158499999546
n2310	1996	0	0	76	209.89295249999546
n2307	1999	0	0	79	210.05320874999546
n2306	1997	0	0	81	209.85876449999546
n2319	2000	0	0	65	210.27970424999546
n2318	2003	0	0	76	210.27008887499545
n2315	2002	0	0	79	210.26047349999544
n2320	2001	0	0	60	210.64615687499548
n2316	2004	0	0	80	210.8299173749955
n2321	2005	0	0	53	211.13013074999546
n2317	2007	0	0	81	211.09380599999548
n2329	2008	0	0	62	211.48589962499545
n2330	2009	0	0	65	211.65363449999546
n2322	2010	0	0	82	211.47307912499545
n2332	2015	0	0	65	212.11730924999546
n2331	2012	0	0	70	211.84060012499543
n2325	2014	0	0	81	212.05534349999544
n2326	2013	0	0	82	211.97094187499545
n2324	2016	0	0	82	212.13333487499546
n2323	2011	0	0	84	211.90897612499543
n2333	2017	0	0	62	212.31389024999547
n2334	2020	0	0	65	212.47735162499546
n2327	2018	0	0	84	212.29145437499545
n2328	2019	0	0	86	212.47735162499546
n2341	2021	0	0	64	212.65042837499547
n2342	2023	0	0	67	212.84700937499548
n2336	2024	0	0	84	212.83953074999548
n2335	2022	0	0	86	212.66431724999546
n2344	2027	0	0	67	213.2252141249955
n2343	2025	0	0	72	213.0382484999955
n2337	2026	0	0	83	213.03931687499548
n2338	2028	0	0	84	213.2198722499955
n2345	2029	0	0	64	213.41004299999548
n2346	2032	0	0	67	213.5884616249955
n2340	2031	0	0	79	213.58418812499548
n2339	2030	0	0	82	213.39722249999548
n2353	2033	0	0	65	213.77970074999547
n2347	2034	0	0	80	213.76794862499548
n2348	2035	0	0	81	213.95064074999547
n2354	2037	0	0	58	214.15149524999546
n2355	2036	0	0	67	214.14935849999546
n2350	2039	0	0	82	214.31709337499544
n2349	2038	0	0	84	214.14615337499546
n2356	2040	0	0	60	214.50940087499546
n2357	2041	0	0	70	214.51046924999545
n2352	2043	0	0	76	214.66752037499546
n2351	2042	0	0	79	214.50192224999546
n2364	2045	0	0	65	214.86623812499548
n2365	2044	0	0	69	214.85875949999547
n2359	2047	0	0	72	215.0425199999955
n2358	2046	0	0	77	214.85341762499547
n2366	2048	0	0	69	215.2262804999955
n2361	2049	0	0	72	215.40149399999552
n2367	2050	0	0	65	215.58739124999553
n2363	2051	0	0	72	215.74871587499553
n2378	2054	0	0	67	215.9314079999955
n2368	2053	0	0	70	215.93568149999552
n2370	2056	0	0	70	216.13867274999552
n2369	2052	0	0	72	215.92499774999553
n2371	2055	0	0	72	216.14080949999553
n2379	2057	0	0	64	216.31495462499552
n2373	2058	0	0	70	216.4912364999955
n2374	2059	0	0	72	216.4741424999955
n2380	2060	0	0	60	216.66003974999552
n2376	2062	0	0	70	216.83311649999553
n2377	2061	0	0	72	216.82884299999552
n2391	2065	0	0	53	217.01474024999555
n2381	2064	0	0	68	217.03717612499557
n2383	2066	0	0	68	217.21773149999555
n2382	2063	0	0	72	217.01046674999554
n2384	2067	0	0	72	217.22841524999555
n2392	2068	0	0	56	217.37478262499556
n2386	2069	0	0	68	217.56388499999557
n2387	2070	0	0	72	217.55106449999556
n2393	2071	0	0	53	217.73375662499555
n2389	2073	0	0	68	217.89401287499555
n2390	2072	0	0	72	217.89187612499555
n2404	2076	0	0	55	218.10127762499553
n2394	2074	0	0	70	218.09914087499553
n2396	2077	0	0	70	218.27862787499555
n2395	2075	0	0	72	218.11196137499553
n2397	2078	0	0	72	218.26367062499554
n2405	2079	0	0	52	218.44315762499554
n2399	2081	0	0	70	218.63653349999555
n2400	2080	0	0	72	218.62157624999554
n2406	2082	0	0	48	218.79785812499554
n2402	2084	0	0	70	218.97093487499552
n2403	2083	0	0	72	218.96879812499552
n2417	2086	0	0	41	219.1525586249955
n2418	2085	0	0	53	219.1461483749955
n2407	2088	0	0	68	219.15683212499547
n2409	2090	0	0	68	219.32456699999545
n2408	2087	0	0	72	219.15362699999548
n2410	2089	0	0	72	219.32990887499545
n2419	2091	0	0	56	219.50191724999542
n2412	2093	0	0	68	219.6910196249954
n2413	2092	0	0	72	219.6792674999954
n2420	2094	0	0	60	219.8384553749954
n2415	2096	0	0	68	220.0200791249954
n2416	2095	0	0	72	220.0136688749954
n2431	2097	0	0	46	220.1995661249954
n2432	2098	0	0	58	220.19422424999541
n2421	2099	0	0	68	220.1952926249954
n2423	2101	0	0	68	220.37584799999541
n2422	2100	0	0	73	220.1899507499954
n2424	2102	0	0	73	220.3715744999954
n2433	2103	0	0	61	220.5542666249954
n2426	2104	0	0	68	220.72520662499537
n2427	2105	0	0	73	220.71986474999537
n2434	2106	0	0	65	220.89721499999536
n2429	2107	0	0	68	221.08845412499537
n2430	2108	0	0	73	221.07456524999537
n2445	2109	0	0	39	221.2497787499954
n2446	2110	0	0	51	221.24336849999537
n2435	2111	0	0	67	221.2519154999954
n2437	2113	0	0	67	221.43353924999536
n2436	2112	0	0	73	221.24550524999538
n2438	2114	0	0	73	221.42712899999538
n2447	2115	0	0	55	221.60661599999537
n2440	2116	0	0	67	221.78930812499536
n2441	2117	0	0	73	221.78289787499537
n2448	2118	0	0	58	221.94849599999537
n2443	2119	0	0	67	222.13973512499535
n2444	2120	0	0	73	222.12370949999536
n2459	2121	0	0	44	222.29785462499538
n2460	2122	0	0	56	222.29037599999538
n2449	2123	0	0	67	222.28717087499538
n2451	2125	0	0	67	222.4709313749954
n2450	2124	0	0	72	222.29358112499537
n2452	2126	0	0	72	222.46345274999538
n2461	2127	0	0	60	222.63866624999537
n2454	2128	0	0	67	222.80212762499536
n2455	2129	0	0	72	222.80105924999538
n2462	2130	0	0	63	222.9730676249954
n2457	2131	0	0	67	223.1568281249954
n2458	2132	0	0	72	223.1568281249954
n2474	2134	0	0	37	223.32990487499535
n2475	2133	0	0	49	223.31494762499537
n2463	2136	0	0	65	223.31708437499537
n2465	2138	0	0	65	223.4965713749954
n2464	2135	0	0	72	223.31281087499536
n2466	2137	0	0	72	223.4922978749954
n2476	2139	0	0	61	223.66751137499537
n2468	2140	0	0	65	223.83951974999533
n2469	2141	0	0	72	223.82776762499535
n2477	2142	0	0	43	223.99336574999532
n2478	2143	0	0	55	223.99763924999533
n2470	2144	0	0	65	224.00084437499532
n2472	2146	0	0	65	224.1878099999953
n2471	2145	0	0	70	223.99977599999534
n2473	2147	0	0	70	224.1846048749953
n2480	2150	0	0	65	224.5296899999953
n2489	2148	0	0	67	224.35340812499527
n2481	2149	0	0	70	224.5222113749953
n2490	2151	0	0	36	224.7016983749953
n2491	2152	0	0	48	224.6974248749953
n2482	2154	0	0	64	224.7016983749953
n2484	2156	0	0	64	224.8790486249953
n2483	2153	0	0	70	224.7006299999953
n2485	2155	0	0	70	224.8769118749953
n2492	2157	0	0	60	225.06815099999528
n2487	2159	0	0	64	225.24977474999525
n2488	2158	0	0	70	225.24122774999526
n2504	2162	0	0	61	225.41750962499523
n2494	2161	0	0	65	225.59379149999523
n2495	2160	0	0	68	225.58417612499522
n2505	2165	0	0	60	225.74977424999523
n2497	2164	0	0	65	225.93246637499524
n2498	2163	0	0	68	225.92391937499525
n2506	2167	0	0	59	226.12050037499523
n2500	2166	0	0	65	226.30532924999522
n2501	2168	0	0	68	226.28716687499522
n2521	2171	0	0	60	226.46451712499524
n2507	2169	0	0	64	226.48161112499523
n2508	2170	0	0	67	226.46772224999523
n2509	2172	0	0	68	226.63759387499522
n2510	2173	0	0	72	226.62691012499522
n2513	2175	0	0	65	226.96665337499516
n2511	2174	0	0	67	226.81814924999514
n2514	2177	0	0	68	226.95596962499513
n2512	2176	0	0	70	226.7925082499952
n2524	2181	0	0	59	227.31173849999522
n2515	2178	0	0	64	227.1429352499952
n2517	2180	0	0	65	227.3181487499952
n2516	2179	0	0	67	227.1450719999952
n2518	2182	0	0	68	227.3181487499952
n2539	2185	0	0	60	227.50618274999522
n2525	2183	0	0	64	227.5040459999952
n2526	2184	0	0	67	227.48802037499522
n2527	2186	0	0	68	227.6781911249952
n2528	2187	0	0	72	227.6653706249952
n2531	2189	0	0	65	227.99336174999522
n2529	2188	0	0	67	227.8437892499952
n2532	2191	0	0	68	227.9912249999952
n2530	2190	0	0	70	227.8256268749952
n2542	2195	0	0	59	228.34272037499522
n2533	2192	0	0	64	228.17925899999523
n2535	2194	0	0	65	228.3544724999952
n2534	2193	0	0	67	228.17712224999522
n2536	2196	0	0	68	228.34806224999522
n2558	2200	0	0	59	228.68994224999523
n2557	2197	0	0	60	228.5200706249952
n2543	2198	0	0	64	228.5371646249952
n2545	2201	0	0	65	228.69742087499523
n2544	2199	0	0	67	228.5211389999952
n2546	2202	0	0	68	228.69421574999524
n2560	2206	0	0	59	229.0510529999952
n2559	2204	0	0	60	228.8598138749952
n2547	2205	0	0	64	228.87263437499522
n2549	2207	0	0	65	229.06814699999518
n2548	2203	0	0	67	228.85874549999522
n2550	2208	0	0	68	229.0531897499952
n2562	2212	0	0	59	229.39827487499517
n2561	2209	0	0	60	229.21985624999516
n2551	2211	0	0	64	229.23588187499516
n2553	2213	0	0	65	229.41536887499515
n2552	2210	0	0	67	229.23588187499516
n2554	2214	0	0	68	229.41216374999516
n2577	2221	0	0	60	229.57776187499513
n2565	2218	0	0	63	229.75831724999512
n2563	2215	0	0	64	229.59699262499512
n2566	2217	0	0	66	229.74763349999512
n2564	2216	0	0	67	229.57028324999513
n2567	2220	0	0	64	229.9249837499951
n2569	2222	0	0	66	230.1034023749951
n2568	2219	0	0	67	229.9249837499951
n2570	2223	0	0	69	230.1151544999951
n2571	2225	0	0	67	230.3010517499951
n2573	2226	0	0	69	230.47412849999512
n2572	2224	0	0	70	230.28716287499512
n2574	2227	0	0	72	230.45810287499512
n2589	2230	0	0	58	230.67818812499513
n2580	2228	0	0	70	230.68032487499514
n2581	2229	0	0	74	230.66216249999513
n2590	2231	0	0	58	231.04464074999515
n2587	2232	0	0	65	231.04250399999515
n2582	2234	0	0	70	231.02327324999516
n2583	2233	0	0	74	231.01365787499515
n2591	2235	0	0	58	231.41216174999514
n2588	2236	0	0	65	231.40788824999512
n2584	2237	0	0	70	231.40147799999514
n2585	2238	0	0	74	231.39506774999515
n2597	2239	0	0	58	231.82989637499514
n2596	2244	0	0	65	231.83096474999513
n2592	2241	0	0	70	231.82775962499514
n2593	2240	0	0	74	231.81066562499515
n2598	2245	0	0	53	232.59057937499514
n2594	2242	0	0	69	232.57455374999515
n2595	2243	0	0	72	232.56814349999513
n2611	2246	0	0	48	232.92498074999511
n2605	2249	0	0	64	232.9303226249951
n2606	2248	0	0	67	232.92391237499513
n2602	2250	0	0	70	233.0093823749951
n2601	2247	0	0	72	232.91216024999514
n2612	2251	0	0	48	233.2860914999951
n2607	2252	0	0	64	233.2882282499951
n2608	2253	0	0	67	233.2871598749951
n2603	2254	0	0	70	233.26899749999512
n2613	2255	0	0	48	233.64399712499508
n2609	2256	0	0	64	233.6429287499951
n2610	2257	0	0	67	233.6461338749951
n2604	2258	0	0	70	233.6247663749951
n2623	2259	0	0	48	234.0756206249951
n2616	2261	0	0	64	234.06707362499512
n2617	2262	0	0	67	234.06921037499512
n2618	2260	0	0	70	234.05318474999513
n2624	2265	0	0	50	234.8074574999951
n2619	2264	0	0	65	234.80959424999511
n2620	2263	0	0	69	234.7914318749951
n2637	2269	0	0	46	235.17177337499518
n2629	2270	0	0	67	235.3202774999952
n2627	2267	0	0	69	235.15788449999516
n2630	2271	0	0	70	235.3074569999952
n2628	2268	0	0	72	235.14826912499515
n2638	2274	0	0	48	235.53715762499522
n2631	2273	0	0	65	235.5435678749952
n2632	2272	0	0	69	235.51365337499522
n2639	2275	0	0	48	235.89292649999518
n2633	2276	0	0	64	235.90895212499518
n2634	2277	0	0	67	235.89399487499517
n2651	2281	0	0	53	236.32561837499514
n2642	2279	0	0	65	236.31172949999515
n2643	2278	0	0	69	236.28181499999516
n2644	2280	0	0	77	236.48160112499514
n2645	2282	0	0	79	236.64078899999512
n2646	2283	0	0	81	236.80318199999516
n2647	2284	0	0	82	236.96557499999517
n2648	2285	0	0	84	237.12476287499518
n2661	2286	0	0	65	237.32134387499516
n2662	2288	0	0	70	237.31920712499516
n2656	2287	0	0	86	237.30852337499516
n2663	2290	0	0	65	237.67604437499517
n2664	2291	0	0	70	237.67070249999517
n2657	2289	0	0	86	237.66001874999517
n2665	2292	0	0	65	238.04997562499517
n2666	2294	0	0	70	238.03608674999518
n2658	2293	0	0	86	238.0296764999952
n2677	2300	0	0	65	238.4377957499952
n2675	2298	0	0	70	238.42497524999519
n2669	2295	0	0	86	238.4089496249952
n2671	2297	0	0	86	239.04997462499512
n2670	2296	0	0	88	238.93779524999516
n2676	2301	0	0	69	239.1642907499951
n2672	2299	0	0	84	239.1536069999951
n2688	2302	0	0	60	239.4901451249951
n2685	2303	0	0	67	239.4848032499951
n2682	2304	0	0	76	239.48159812499512
n2679	2306	0	0	82	239.5830937499951
n2678	2305	0	0	84	239.47305112499512
n2689	2308	0	0	60	239.8288199999951
n2686	2307	0	0	67	239.8309567499951
n2683	2309	0	0	76	239.8288199999951
n2680	2310	0	0	82	239.8159994999951
n2690	2311	0	0	60	240.1963409999951
n2687	2312	0	0	67	240.2027512499951
n2684	2313	0	0	76	240.1942042499951
n2681	2314	0	0	82	240.1845888749951
n2697	deletion
n2695	2315	0	0	67	240.60552862499506
n2693	2318	0	0	76	240.59911837499507
n2691	2317	0	0	82	240.58309274999507
n2698	2321	0	0	62	241.35018599999506
n2696	2322	0	0	65	241.34484412499506
n2694	2320	0	0	77	241.33522874999508
n2692	2319	0	0	81	241.30851937499506
n2709	2325	0	0	58	241.664288249995
n2701	2326	0	0	79	241.82774962499496
n2699	2323	0	0	81	241.66535662499498
n2702	2327	0	0	82	241.81386074999497
n2700	2324	0	0	84	241.661083124995
n2710	2330	0	0	60	242.04462974999495
n2703	2329	0	0	77	242.03821949999497
n2704	2328	0	0	81	242.00830499999498
n2711	2331	0	0	58	242.41962937499494
n2705	2333	0	0	76	242.43565499999494
n2706	2332	0	0	79	242.41535587499493
n2726	2335	0	0	45	242.73693674999495
n2727	2334	0	0	57	242.73266324999494
n2714	2336	0	0	81	242.73479999999495
n2716	2338	0	0	81	242.9281758749949
n2715	2337	0	0	84	242.72518462499497
n2717	2339	0	0	84	242.9132186249949
n2729	2340	0	0	61	243.09804749999483
n2719	2341	0	0	79	243.2818079999948
n2720	2342	0	0	82	243.2657823749948
n2731	2343	0	0	62	243.4431326249948
n2722	2345	0	0	77	243.6247563749948
n2723	2344	0	0	81	243.6172777499948
n2746	2346	0	0	58	243.81492712499477
n2736	2348	0	0	70	243.98159362499476
n2737	2347	0	0	79	243.97518337499477
n2748	2349	0	0	60	244.18031137499477
n2739	2350	0	0	69	244.33843087499474
n2740	2351	0	0	77	244.32454199999475
n2750	2352	0	0	58	244.51150762499472
n2742	2353	0	0	67	244.66428524999472
n2743	2354	0	0	76	244.66962712499472
n2766	2355	0	0	45	244.84804574999472
n2767	2356	0	0	57	244.83843037499472
n2755	2357	0	0	81	244.93031062499472
n2757	2361	0	0	81	245.12582324999468
n2756	2359	0	0	84	245.0275327499947
n2769	2363	0	0	49	245.21022487499465
n2770	2362	0	0	61	245.20701974999466
n2759	2364	0	0	79	245.29035299999464
n2761	2366	0	0	79	245.4612929999946
n2760	2365	0	0	82	245.36834437499462
n2772	2368	0	0	50	245.56065187499462
n2773	2367	0	0	62	245.55744674999463
n2763	2369	0	0	77	245.63650649999462
n2765	2371	0	0	77	245.80744649999463
n2764	2370	0	0	81	245.70381412499464
n2787	2373	0	0	46	245.9003951249946
n2788	2372	0	0	58	245.8939848749946
n2776	2374	0	0	70	245.9741129999946
n2778	2376	0	0	70	246.15573674999456
n2777	2375	0	0	79	246.07667699999456
n2790	2378	0	0	48	246.25723237499457
n2791	2377	0	0	60	246.24761699999456
n2780	2379	0	0	69	246.33842887499455
n2782	2381	0	0	69	246.51150562499456
n2781	2380	0	0	77	246.41962537499455
n2793	2382	0	0	36	246.59804399999453
n2794	2383	0	0	48	246.59056537499453
n2784	2384	0	0	67	246.66000974999454
n2786	2386	0	0	67	246.84163349999451
n2785	2385	0	0	76	246.75723187499452
n2803	2387	0	0	41	246.9345821249945
n2804	2388	0	0	45	247.04569312499453
n2805	2391	0	0	48	247.13971012499454
n2806	2392	0	0	53	247.23265874999453
n2796	2393	0	0	69	246.94953937499452
n2797	2389	0	0	72	246.94953937499452
n2798	2390	0	0	77	246.94419749999452
n2807	2394	0	0	41	247.32560737499455
n2808	2395	0	0	45	247.40466712499455
n2809	2396	0	0	48	247.49334224999453
n2810	2397	0	0	53	247.5617182499945
n2811	2400	0	0	41	247.6439831249945
n2812	2402	0	0	45	247.73052149999452
n2813	2404	0	0	48	247.8298803749945
n2814	2406	0	0	53	247.9035982499945
n2802	2407	0	0	65	247.9089401249945
n2801	2405	0	0	67	247.85231624999452
n2800	2399	0	0	69	247.6771027499945
n2819	2408	0	0	41	248.0072306249945
n2820	2409	0	0	45	248.10552112499448
n2821	2410	0	0	48	248.1995381249945
n2822	2411	0	0	53	248.2785978749945
n2815	2413	0	0	72	247.99761524999448
n2823	2412	0	0	41	248.36193112499447
n2824	2414	0	0	45	248.44633274999447
n2825	2415	0	0	48	248.54141812499446
n2826	2416	0	0	53	248.60231549999443
n2827	2418	0	0	41	248.6835119999944
n2828	2422	0	0	46	248.77218712499442
n2829	2424	0	0	48	248.8822297499944
n2830	2426	0	0	53	248.9655629999944
n2818	2425	0	0	72	248.98052024999438
n2817	2423	0	0	74	248.9217596249944
n2816	2419	0	0	76	248.73265724999442
n2835	2427	0	0	41	249.08628937499438
n2836	2428	0	0	45	249.18351149999438
n2837	2429	0	0	48	249.27859687499438
n2838	2430	0	0	53	249.36086174999437
n2831	2432	0	0	77	249.09269962499437
n2839	2431	0	0	41	249.44740012499435
n2840	2433	0	0	45	249.53287012499433
n2841	2434	0	0	48	249.6215452499943
n2842	2435	0	0	53	249.6867161249943
n2843	2438	0	0	41	249.7732544999943
n2844	2441	0	0	45	249.85445099999427
n2845	2442	0	0	48	249.95274149999426
n2846	2445	0	0	53	250.04782687499429
n2834	2444	0	0	77	250.05316874999428
n2833	2443	0	0	79	249.98586112499427
n2832	2437	0	0	81	249.82774162499427
n2852	2446	0	0	41	250.14611737499428
n2853	2448	0	0	45	250.24654462499427
n2854	2449	0	0	48	250.34269837499428
n2855	2450	0	0	53	250.41962137499428
n2847	2447	0	0	84	250.14398062499427
n2856	2451	0	0	41	250.5179118749943
n2857	2453	0	0	45	250.59803999999428
n2858	2454	0	0	48	250.69633049999427
n2859	2455	0	0	53	250.75081762499426
n2848	2452	0	0	84	250.5115016249943
n2860	2458	0	0	41	250.84910812499425
n2861	2459	0	0	46	250.92603112499427
n2862	2461	0	0	48	250.99333874999425
n2863	2463	0	0	53	251.04248399999426
n2851	2465	0	0	84	251.17282574999427
n2850	2464	0	0	86	251.10979162499427
n2849	2457	0	0	88	250.90359524999425
n2867	2467	0	0	41	251.25295387499426
n2868	2470	0	0	45	251.25722737499424
n2869	2468	0	0	48	251.25188549999427
n2870	2466	0	0	53	251.24654362499427
n2864	2469	0	0	89	251.25081712499428
n2871	2472	0	0	45	251.64932099999427
n2872	2471	0	0	57	251.64504749999426
n2865	2473	0	0	81	251.63970562499426
n2873	2475	0	0	49	252.2283802499943
n2874	2474	0	0	61	252.2251751249943
n2866	2476	0	0	73	252.2209016249943
n2878	2478	0	0	50	252.43564499999428
n2879	2477	0	0	62	252.43350824999428
n2875	2479	0	0	74	252.4270979999943
n2880	2482	0	0	53	252.80316599999426
n2881	2481	0	0	65	252.80423437499425
n2876	2480	0	0	77	252.80209762499427
n2882	2483	0	0	57	253.30850737499424
n2877	2484	0	0	69	253.31384924999423
n2892	2494	0	0	55	253.7273103749942
n2891	2492	0	0	57	253.6632078749942
n2890	2488	0	0	58	253.53713962499418
n2885	2495	0	0	67	253.73478899999418
n2884	2493	0	0	69	253.69098562499423
n2883	2487	0	0	70	253.52752424999417
n2893	2496	0	0	60	253.8416264999942
n2886	2497	0	0	72	253.8405581249942
n2894	2498	0	0	48	254.21555774999422
n2895	2499	0	0	60	254.2134209999942
n2887	2500	0	0	67	254.2176944999942
n2888	2501	0	0	72	254.2166261249942
n2889	2502	0	0	76	254.2091474999942
n2901	2505	0	0	53	254.6097881249942
n2902	2503	0	0	65	254.61085649999418
n2896	2506	0	0	69	254.61192487499417
n2897	2504	0	0	72	254.61406162499418
n2898	2507	0	0	77	254.60230949999422
n2903	2510	0	0	41	255.1525226249941
n2904	2508	0	0	53	255.1493174999941
n2899	2509	0	0	65	255.12367649999413
insertion	45	0	0	64	9.318366750000003
insertion	46	0	0	65	9.365375250000001
insertion	295	0	0	60	34.66022174999979
insertion	312	0	0	75	35.8151351249998
insertion	314	0	0	84	35.7296651249998
insertion	363	0	0	75	40.0597889999998
insertion	485	0	0	64	54.93691087499976
insertion	563	0	0	64	62.568313499999704
insertion	672	0	0	62	72.53732062499981
insertion	868	0	0	55	92.18580524999975
insertion	913	0	0	56	95.92939124999974
insertion	923	0	0	77	96.40161299999977
insertion	927	0	0	76	96.5928521249998
insertion	926	0	0	77	96.52127099999979
insertion	942	0	0	84	97.50738112499977
insertion	947	0	0	83	97.69968862499977
insertion	945	0	0	84	97.63772287499977
insertion	961	0	0	77	98.6152859999998
insertion	965	0	0	76	98.79370462499978
insertion	964	0	0	77	98.74669612499979
insertion	981	0	0	84	99.74669512499976
insertion	987	0	0	83	99.94220774999975
insertion	985	0	0	84	99.88024199999975
insertion	1010	0	0	55	102.42938474999971
insertion	1011	0	0	79	102.4325898749997
insertion	1017	0	0	53	102.61421362499973
insertion	1016	0	0	77	102.60994012499974
insertion	1014	0	0	79	102.55011112499973
insertion	1015	0	0	55	102.56293162499973
insertion	1024	0	0	80	103.02019612499973
insertion	1460	0	0	65	157.18574024999853
insertion	1462	0	0	64	157.27334699999852
insertion	1495	0	0	70	162.1515472499983
insertion	1732	0	0	55	184.37267887499686
insertion	1737	0	0	56	184.74340499999678
insertion	1890	0	0	64	198.8918951249959
insertion	2006	0	0	77	211.11089999999547
insertion	2266	0	0	70	235.05852562499516
insertion	2316	0	0	60	240.61834912499506
insertion	2358	0	0	86	245.0403532499947
insertion	2360	0	0	83	245.14291724999467
insertion	2398	0	0	70	247.61941049999447
insertion	2403	0	0	69	247.8031709999945
insertion	2401	0	0	70	247.73906849999452
insertion	2417	0	0	77	248.6856487499944
insertion	2421	0	0	76	248.8747511249944
insertion	2420	0	0	77	248.8106486249944
insertion	2436	0	0	82	249.7615023749943
insertion	2440	0	0	81	249.92923724999426
insertion	2439	0	0	82	249.88757062499425
insertion	2456	0	0	89	250.86299699999424
insertion	2462	0	0	88	251.06491987499427
insertion	2460	0	0	89	250.97731312499425
insertion	2485	0	0	60	253.45380637499423
insertion	2486	0	0	72	253.4719687499942
insertion	2491	0	0	70	253.63436174999418
insertion	2489	0	0	72	253.5809429999942
insertion	2490	0	0	60	253.58948999999419
