xml_id	midi_id	track	channel	pitch	onset
n3	3	0	0	58	4.3242478125
n1	1	0	0	63	1.5090796875000003
n4	2	0	0	65	4.3135640625
n2	0	0	0	67	1.5144215625000004
n10	5	0	0	36	8.099617968750017
n11	6	0	0	48	8.071573125000018
n6	4	0	0	55	8.088934218750017
n7	7	0	0	63	8.072908593750018
n12	8	0	0	48	12.390479062500052
n13	9	0	0	51	12.382466250000054
n8	11	0	0	63	12.351750468750053
n9	10	0	0	68	13.237166250000067
n24	12	0	0	46	13.561685156250066
n26	16	0	0	46	14.833051406250084
n25	13	0	0	52	13.551001406250066
n27	15	0	0	52	14.829045000000084
n14	14	0	0	67	13.530969375000067
n15	18	0	0	67	14.809012968750084
n16	17	0	0	73	15.779898750000097
n30	28	0	0	44	17.6629096875001
n28	21	0	0	45	16.137804375000098
n29	19	0	0	53	16.112430468750098
n31	27	0	0	54	17.6629096875001
n22	25	0	0	71	18.21980015625011
n17	20	0	0	72	16.113765937500098
n18	22	0	0	72	17.6548968750001
n21	24	0	0	72	18.14501390625011
n23	26	0	0	72	18.32797312500011
n20	23	0	0	74	18.028828125000107
n19	29	0	0	74	18.671188593750117
n47	33	0	0	43	19.200034218750115
n43	30	0	0	55	19.189350468750117
n44	32	0	0	57	20.588921718750132
n37	31	0	0	63	19.197363281250116
n38	34	0	0	63	20.614295625000132
n39	36	0	0	66	20.612960156250132
n33	37	0	0	72	21.26199796875014
n32	35	0	0	75	19.175995781250116
n45	41	0	0	59	22.021879687500146
n40	39	0	0	62	22.069956562500145
n41	40	0	0	67	22.103343281250144
n34	42	0	0	71	22.126046250000144
n35	43	0	0	79	23.743298906250168
n36	44	0	0	87	24.395007656250172
n63	47	0	0	55	25.14821203125018
n59	45	0	0	67	25.14554109375018
n60	48	0	0	69	26.46231328125019
n52	46	0	0	75	25.165573125000176
n53	50	0	0	75	26.48635171875019
n54	49	0	0	78	26.448958593750188
n49	52	0	0	84	27.0752934375002
n48	51	0	0	87	25.14287015625018
n64	58	0	0	67	29.194682343750216
n62	59	0	0	70	29.197353281250216
n61	53	0	0	71	27.7550470312502
n55	54	0	0	74	27.767066250000198
n57	61	0	0	74	29.193346875000216
n56	55	0	0	79	27.7844273437502
n58	56	0	0	79	29.196017812500216
n51	60	0	0	82	29.175985781250215
n50	57	0	0	83	27.7350150000002
n79	66	0	0	63	32.08997859375023
n77	64	0	0	65	30.661027031250235
n80	67	0	0	67	32.061933750000236
n78	63	0	0	68	30.636988593750235
n75	69	0	0	70	30.645001406250234
n72	65	0	0	74	30.635653125000236
n73	68	0	0	75	32.069946562500235
n65	70	0	0	82	30.623633906250237
n83	79	0	0	58	34.75290328124998
n81	73	0	0	62	33.47085328125007
n84	77	0	0	62	34.74889687499998
n82	72	0	0	65	33.46951781250007
n71	80	0	0	68	35.67704765624999
n69	76	0	0	69	34.70749734374998
n67	74	0	0	70	33.890190468750006
n70	78	0	0	70	35.161556718749985
n68	75	0	0	72	34.31620499999998
n74	71	0	0	77	33.46551140625007
n85	83	0	0	58	36.541095937499975
n86	82	0	0	61	36.56780531249997
n87	84	0	0	64	36.539760468749975
n88	81	0	0	67	36.52106390624998
n93	86	0	0	34	39.09985406249983
n94	85	0	0	46	39.08917031249983
n89	89	0	0	56	39.10920234374983
n90	87	0	0	62	39.11187328124983
n91	88	0	0	65	39.09584765624983
n100	91	0	0	35	42.34637859374968
n101	92	0	0	47	42.34504312499968
n95	90	0	0	54	42.361068749999674
n96	93	0	0	63	42.33302390624968
n102	96	0	0	47	46.165819218749455
n103	95	0	0	54	46.163148281249455
n99	94	0	0	63	46.18585124999945
n97	98	0	0	66	46.163148281249455
n98	97	0	0	71	47.09129906249935
n117	99	0	0	49	47.44119187499934
n119	104	0	0	49	48.69386156249919
n118	100	0	0	54	47.42783718749934
n120	103	0	0	54	48.69119062499919
n110	101	0	0	64	47.39712140624935
n111	105	0	0	64	48.68985515624919
n105	106	0	0	70	48.66581671874919
n104	102	0	0	71	47.37842484374935
n106	107	0	0	76	49.670089218749084
n123	116	0	0	46	51.545087343749
n121	110	0	0	47	50.06004609374908
n122	109	0	0	54	50.04802687499908
n124	119	0	0	54	51.555771093749
n112	108	0	0	63	50.06004609374908
n115	115	0	0	74	52.08728765624893
n107	111	0	0	75	50.03600765624908
n108	112	0	0	75	51.533068124999005
n114	114	0	0	75	52.00181765624893
n116	117	0	0	75	52.19145421874893
n113	113	0	0	77	51.89898656249895
n109	118	0	0	77	52.5854174999989
n142	123	0	0	45	53.06217984374887
n139	122	0	0	53	54.51249890624873
n130	120	0	0	72	53.12494687499888
n131	121	0	0	72	54.50982796874873
insertion	124	0	0	72	54.57259499999872
n126	126	0	0	75	55.174891406248655
n125	125	0	0	78	53.096902031248874
n144	136	0	0	44	57.4198143749985
n143	130	0	0	46	55.954805156248646
n141	138	0	0	52	57.405124218748504
n140	127	0	0	53	55.93477312499865
n132	129	0	0	70	55.970830781248644
n133	139	0	0	70	57.459878437498496
n136	134	0	0	72	57.919279687498424
n128	131	0	0	73	57.4411818749985
n135	133	0	0	73	57.82579687499844
n137	135	0	0	73	58.01810437499842
n127	128	0	0	74	55.94812781249865
n134	132	0	0	75	57.76302984374845
n129	137	0	0	75	58.373339062498395
n159	143	0	0	43	58.83674671874832
n156	141	0	0	51	60.07873265624821
n151	140	0	0	70	60.084074531248206
insertion	142	0	0	70	60.150847968748195
n147	146	0	0	73	60.93343265624809
n146	145	0	0	75	60.67034531249812
n145	144	0	0	76	58.85811421874832
n161	153	0	0	42	62.66019374999792
n160	147	0	0	44	61.30736390624804
n162	151	0	0	46	62.67488390624792
n157	148	0	0	51	61.285996406248046
n158	155	0	0	54	62.66152921874792
n153	156	0	0	63	62.642832656247926
n152	150	0	0	68	61.30068656249804
n154	152	0	0	70	62.642832656247926
n148	149	0	0	71	61.294009218748045
n149	154	0	0	75	62.62947796874793
n181	162	0	0	41	64.17728624999778
n182	158	0	0	46	64.19064093749778
n183	159	0	0	53	64.17728624999778
n163	160	0	0	62	64.19197640624778
n164	157	0	0	68	64.22803406249777
n165	163	0	0	70	64.18529906249778
n166	161	0	0	74	64.17194437499778
n189	177	0	0	39	67.80709031249766
n192	183	0	0	39	68.3880192187476
n186	167	0	0	41	67.16873624999772
n187	170	0	0	46	67.19411015624772
n190	176	0	0	46	67.78839374999767
n193	180	0	0	46	68.3880192187476
n191	174	0	0	51	67.80174843749766
n194	182	0	0	51	68.3800064062476
n188	165	0	0	53	67.17808453124772
n169	166	0	0	62	67.18342640624772
n173	171	0	0	63	67.78171640624767
n177	179	0	0	63	68.3840128124976
n174	175	0	0	66	67.79907749999767
n178	181	0	0	66	68.3960320312476
n170	168	0	0	68	67.23283874999771
n171	169	0	0	70	67.20212296874772
n175	172	0	0	70	67.78171640624767
n179	178	0	0	70	68.3840128124976
n172	164	0	0	74	67.17407812499772
n176	173	0	0	75	67.76435531249767
n180	184	0	0	75	68.3599743749976
n206	189	0	0	38	69.1011595312475
n207	185	0	0	46	69.1051659374975
n208	186	0	0	50	69.0998240624975
n195	187	0	0	65	69.0864693749975
n196	188	0	0	70	69.07979203124751
n197	190	0	0	77	69.07177921874751
n213	196	0	0	63	72.9312839062474
n215	200	0	0	63	73.60436015624731
n211	193	0	0	65	72.29426531249746
n214	197	0	0	66	73.00339921874739
n216	202	0	0	66	73.59234093749731
n212	191	0	0	68	72.32498109374745
n200	192	0	0	70	72.31429734374746
n202	198	0	0	70	72.9219356249974
n204	201	0	0	70	73.59634734374731
n201	194	0	0	74	72.29827171874746
n203	199	0	0	75	72.9059099999974
n205	203	0	0	75	73.56830249999732
n227	204	0	0	62	74.35088718749724
n228	206	0	0	65	74.34554531249724
n217	205	0	0	70	74.35889999999723
n218	207	0	0	77	74.32017140624724
n235	217	0	0	59	78.69116062499698
n233	214	0	0	61	78.01007156249709
n231	209	0	0	62	77.39842687499714
n234	211	0	0	63	78.02609718749709
n236	216	0	0	63	78.69249609374698
n232	208	0	0	65	77.36504015624715
n225	218	0	0	68	78.69783796874698
n221	210	0	0	70	77.37305296874715
n223	212	0	0	70	78.03811640624708
n222	213	0	0	77	77.35034999999715
n224	215	0	0	79	77.98870406249709
n226	219	0	0	80	78.66178031249699
n247	222	0	0	59	79.55120249999686
n248	220	0	0	63	79.56989906249686
n237	221	0	0	68	79.56188624999686
n238	223	0	0	80	79.52983499999687
n255	233	0	0	60	83.70183937499645
n253	229	0	0	61	82.98335718749654
n251	225	0	0	62	82.42379578124661
n254	228	0	0	63	82.97935078124654
n256	232	0	0	63	83.70050390624645
n252	224	0	0	65	82.40109281249661
n245	234	0	0	68	83.70050390624645
n241	226	0	0	70	82.42513124999661
n243	231	0	0	70	82.97400890624654
n242	227	0	0	77	82.39040906249662
n244	230	0	0	79	82.96599609374654
n246	235	0	0	80	83.68581374999646
n264	237	0	0	60	85.76914499999629
n265	236	0	0	63	85.76113218749629
n258	238	0	0	68	85.78383515624628
n259	239	0	0	80	85.75712578124629
n276	243	0	0	60	90.1481470312458
n295	258	0	0	60	91.70129718749577
n267	deletion
n268	240	0	0	63	88.44675984374605
n261	241	0	0	68	88.46011453124605
n262	242	0	0	80	88.44141796874605
n277	244	0	0	63	90.1441406249958
n269	246	0	0	68	90.1387987499958
n270	245	0	0	80	90.1361278124958
n280	251	0	0	58	91.3393851562458
n292	254	0	0	58	91.44088078124578
n278	249	0	0	59	91.2258703124958
n281	250	0	0	61	91.3340432812458
n293	256	0	0	61	91.42886156249578
n279	248	0	0	62	91.2272057812458
n275	252	0	0	67	91.2098446874958
n271	247	0	0	74	91.2031673437458
n272	253	0	0	79	91.3246949999958
n282	255	0	0	79	91.42485515624578
n288	257	0	0	67	91.42485515624578
n296	263	0	0	56	91.81214109374577
n294	260	0	0	57	91.69461984374577
n297	262	0	0	59	91.80947015624577
n289	261	0	0	65	91.70129718749577
n283	259	0	0	72	91.68927796874577
n284	264	0	0	77	91.79344453124577
n298	268	0	0	56	91.95503624999574
n299	266	0	0	59	91.93901062499575
n290	267	0	0	65	91.94702343749574
n285	265	0	0	77	91.93901062499575
n302	275	0	0	54	92.38238624999572
n300	270	0	0	55	92.21278171874573
n303	274	0	0	57	92.35167046874572
n301	269	0	0	58	92.20209796874573
n291	272	0	0	63	92.21678812499573
n286	271	0	0	70	92.20877531249573
n287	273	0	0	75	92.31160640624573
n314	279	0	0	53	92.5386360937457
n315	278	0	0	56	92.5399715624957
n311	277	0	0	63	92.5079203124957
n307	281	0	0	68	92.54798437499569
n308	280	0	0	70	92.5239459374957
n304	276	0	0	75	92.5119267187457
n312	282	0	0	62	93.10487484374566
n305	283	0	0	74	93.09285562499566
n316	285	0	0	51	93.35994937499564
n317	286	0	0	55	93.36929765624564
n309	284	0	0	63	93.35327203124564
n310	292	0	0	70	93.39200062499563
n323	deletion
n306	288	0	0	75	93.34793015624564
n329	287	0	0	50	93.6016692187456
n330	290	0	0	53	93.5923209374956
n322	289	0	0	65	93.5976628124956
n318	291	0	0	77	93.5869790624956
n331	293	0	0	48	93.83537624999559
n332	295	0	0	51	93.83671171874559
n324	294	0	0	67	93.83938265624559
n325	deletion
n319	296	0	0	79	93.83671171874559
n333	298	0	0	46	94.06107046874557
n334	297	0	0	50	94.06774781249557
n336	deletion
n326	299	0	0	68	94.06107046874557
n327	deletion
n320	302	0	0	80	94.05706406249557
n335	300	0	0	46	94.31347406249556
n337	301	0	0	53	94.30679671874556
n328	304	0	0	70	94.31748046874556
n321	303	0	0	82	94.31347406249556
n345	307	0	0	39	94.56587765624553
n346	309	0	0	46	94.71010828124551
n338	305	0	0	67	94.58724515624553
n339	308	0	0	70	94.58991609374553
n340	306	0	0	79	94.57789687499553
n348	311	0	0	46	94.93980890624552
n347	310	0	0	55	94.8262940624955
n349	314	0	0	39	95.04798187499551
n350	315	0	0	46	95.18687062499552
n342	312	0	0	70	95.04263999999552
n343	313	0	0	82	95.03729812499552
n352	317	0	0	46	95.42458406249553
n351	316	0	0	55	95.29504359374552
n357	318	0	0	41	95.54611171874552
n358	319	0	0	46	95.7304064062455
n353	321	0	0	82	95.57682749999552
n354	320	0	0	94	95.57415656249552
n360	323	0	0	46	95.96277796874551
n359	322	0	0	56	95.8292310937455
n361	324	0	0	41	96.05893171874551
n362	325	0	0	46	96.20983968749552
n364	327	0	0	46	96.4889526562455
n363	326	0	0	56	96.34071562499551
n355	335	0	0	70	96.33003187499551
n356	328	0	0	82	96.31400624999551
n369	329	0	0	43	96.56507437499549
n370	330	0	0	46	96.68793749999547
n372	332	0	0	46	96.94568296874547
n371	331	0	0	58	96.80679421874547
n373	333	0	0	43	97.06186874999547
n374	334	0	0	46	97.19541562499548
n376	339	0	0	46	97.43847093749547
n375	336	0	0	58	97.30492406249547
n367	337	0	0	67	97.32495609374547
n368	338	0	0	79	97.32094968749547
n385	342	0	0	44	97.56400499999545
n386	343	0	0	46	97.71758390624544
n377	341	0	0	65	97.58270156249544
n378	340	0	0	77	97.56801140624545
n388	deletion
n387	344	0	0	56	97.80438937499544
n379	346	0	0	62	97.82041499999544
n380	345	0	0	74	97.80572484374544
n389	347	0	0	34	98.05145109374541
n390	349	0	0	46	98.1983526562454
n381	348	0	0	59	98.05679296874541
n382	350	0	0	71	98.04610921874541
n392	354	0	0	46	98.4120276562454
n391	351	0	0	53	98.3078610937454
n383	352	0	0	58	98.3065256249954
n384	353	0	0	70	98.2931709374954
n399	357	0	0	39	98.54290359374538
n400	358	0	0	46	98.69247609374536
n393	355	0	0	58	98.56293562499538
n394	356	0	0	70	98.54824546874538
n402	360	0	0	46	98.93686687499536
n401	359	0	0	55	98.81400374999535
n403	363	0	0	39	99.04771078124536
n404	364	0	0	46	99.19194140624535
n396	361	0	0	70	99.04370437499536
n397	362	0	0	82	99.03969796874536
n406	366	0	0	46	99.43099031249535
n405	365	0	0	55	99.30679171874534
n411	367	0	0	41	99.54717609374535
n412	368	0	0	46	99.72612890624534
n407	370	0	0	82	99.56987906249535
n408	369	0	0	94	99.56720812499535
n414	372	0	0	46	99.93312656249532
n413	371	0	0	56	99.82361812499533
n415	373	0	0	41	100.04397046874531
n416	374	0	0	46	100.20956859374532
n418	376	0	0	46	100.42858546874533
n417	375	0	0	56	100.31907703124531
n409	383	0	0	70	100.30572234374532
n410	377	0	0	82	100.29236765624532
n423	378	0	0	43	100.52473921874531
n424	379	0	0	51	100.67831812499529
n426	381	0	0	51	100.94140546874529
n425	380	0	0	58	100.79583937499528
n427	382	0	0	43	101.02821093749529
n428	384	0	0	51	101.1550804687453
n430	388	0	0	51	101.37142640624529
n429	385	0	0	58	101.26859531249531
n421	387	0	0	67	101.3006465624953
n422	386	0	0	79	101.2859564062453
n439	389	0	0	44	101.51699249999527
n440	391	0	0	51	101.65187484374525
n431	390	0	0	64	101.54637281249526
n432	392	0	0	76	101.53301812499527
n442	396	0	0	51	101.91095578124522
n441	395	0	0	60	101.81880843749524
n433	394	0	0	65	101.81079562499524
n434	393	0	0	77	101.78542171874524
n443	398	0	0	45	102.0231351562452
n444	400	0	0	53	102.16335937499518
n435	397	0	0	60	102.0471735937452
n436	399	0	0	72	102.0418317187452
n446	404	0	0	53	102.39706640624517
n445	401	0	0	60	102.28088062499519
n437	403	0	0	63	102.29690624999519
n438	402	0	0	75	102.28755796874519
n460	405	0	0	46	102.52794234374515
n461	406	0	0	58	102.53996156249515
n447	407	0	0	62	102.55999359374515
n449	409	0	0	70	102.67751484374513
n448	408	0	0	74	102.55198078124515
n463	413	0	0	62	102.9138928124951
n462	410	0	0	63	102.80571984374512
n450	411	0	0	69	102.78568781249513
n451	412	0	0	70	102.90053812499511
n465	419	0	0	58	103.14092249999507
n464	415	0	0	60	103.01405296874509
n452	414	0	0	69	103.00737562499509
n454	417	0	0	70	103.12356140624507
n453	416	0	0	72	103.01138203124509
n455	418	0	0	74	103.12356140624507
n467	424	0	0	56	103.38264234374505
n466	422	0	0	57	103.24108265624506
n456	420	0	0	72	103.24508906249505
n458	423	0	0	74	103.37997140624505
n457	421	0	0	75	103.24108265624506
n459	425	0	0	77	103.36394578124505
n479	429	0	0	53	103.639052343745
n478	428	0	0	55	103.50550546874503
n468	426	0	0	75	103.50016359374503
n469	427	0	0	79	103.49749265624503
n481	431	0	0	50	103.87543031249498
n480	430	0	0	51	103.760579999995
n482	433	0	0	51	104.00363531249496
n483	436	0	0	53	104.11447921874496
n472	435	0	0	79	104.08643437499497
n470	432	0	0	80	103.97692593749497
n473	437	0	0	82	104.09578265624496
n471	434	0	0	84	103.98093234374497
n484	439	0	0	55	104.21597484374495
n485	441	0	0	56	104.33750249999493
n476	442	0	0	75	104.36287640624492
n474	440	0	0	77	104.22665859374494
n477	443	0	0	79	104.34685078124492
n475	438	0	0	80	104.21330390624495
n497	446	0	0	58	104.48707499999492
n486	445	0	0	74	104.49375234374492
n487	444	0	0	77	104.48707499999492
n498	447	0	0	60	104.75016234374492
n499	448	0	0	62	104.86367718749491
n500	450	0	0	63	104.9865403124949
n501	453	0	0	65	105.10673249999489
n491	452	0	0	91	105.10005515624489
n489	449	0	0	92	104.9798629687449
n492	454	0	0	94	105.10539703124489
n490	451	0	0	96	104.9798629687449
n502	457	0	0	67	105.21356999999487
n503	460	0	0	68	105.33509765624487
n495	458	0	0	87	105.35112328124487
n493	456	0	0	89	105.22024734374487
n496	459	0	0	91	105.34578140624487
n494	455	0	0	92	105.21490546874487
n518	463	0	0	70	105.46997999999485
n504	462	0	0	86	105.46597359374485
n505	461	0	0	89	105.46463812499485
n520	469	0	0	67	105.85325953124483
n519	464	0	0	68	105.73974468749485
n506	465	0	0	74	105.72906093749485
n508	468	0	0	75	105.83856937499483
n509	467	0	0	82	105.83456296874483
n507	466	0	0	84	105.72772546874485
n522	474	0	0	63	106.10032124999479
n521	472	0	0	65	105.97211624999481
n510	470	0	0	71	105.97478718749481
n512	473	0	0	72	106.10032124999479
n513	475	0	0	79	106.0909729687448
n511	471	0	0	80	105.97478718749481
n524	481	0	0	60	106.36340859374475
n523	478	0	0	62	106.22051343749477
n514	476	0	0	67	106.20582328124478
n516	480	0	0	75	106.34738296874475
n515	477	0	0	77	106.21383609374477
n517	479	0	0	78	106.34337656249475
n549	488	0	0	57	106.60112203124471
n548	484	0	0	59	106.48493624999473
n525	483	0	0	74	106.46891062499473
n527	487	0	0	74	106.60512843749471
n528	485	0	0	78	106.58910281249472
n526	482	0	0	79	106.46757515624473
n529	486	0	0	81	106.58509640624472
n551	494	0	0	53	106.82948718749468
n550	492	0	0	55	106.7159723437447
n530	489	0	0	74	106.7186432812447
n533	493	0	0	74	106.83482906249468
n531	491	0	0	79	106.7146368749947
n534	deletion
n532	490	0	0	83	106.7213142187447
n535	495	0	0	83	106.83749999999468
n553	501	0	0	50	107.08589718749464
n552	497	0	0	51	106.95368578124466
n536	498	0	0	75	106.95769218749466
n539	499	0	0	77	107.09123906249464
n537	deletion
n540	deletion
n538	496	0	0	84	106.96169859374466
n541	500	0	0	86	107.07788437499464
n555	510	0	0	46	107.35165546874464
n554	503	0	0	48	107.19540562499463
n556	507	0	0	48	107.33830078124464
n542	502	0	0	79	107.20341843749463
n545	506	0	0	79	107.34097171874464
n543	505	0	0	84	107.25149531249464
n546	509	0	0	84	107.34497812499464
n544	504	0	0	87	107.20341843749463
n547	508	0	0	88	107.34497812499464
n565	516	0	0	46	107.47718953124463
n566	515	0	0	48	107.47184765624463
n557	511	0	0	79	107.47986046874463
n558	512	0	0	84	107.47986046874463
n559	513	0	0	88	107.47585406249463
n568	520	0	0	45	108.02473171874462
n569	521	0	0	48	108.02206078124462
n561	518	0	0	77	108.02206078124462
n562	517	0	0	84	108.02473171874462
n563	519	0	0	89	108.02473171874462
n575	522	0	0	42	108.63370546874457
n574	526	0	0	48	108.63103453124457
n573	527	0	0	70	108.62435718749457
n571	525	0	0	75	108.62435718749457
n576	524	0	0	41	109.49775374999449
n572	523	0	0	77	109.48172812499449
n585	528	0	0	39	109.75950562499449
n577	532	0	0	78	109.76217656249449
n580	530	0	0	69	110.17750734374448
n579	529	0	0	70	110.06666343749448
n582	533	0	0	69	110.44994296874448
n581	531	0	0	70	110.32574437499449
n584	535	0	0	69	110.70101109374447
n583	534	0	0	70	110.58081890624447
n591	537	0	0	42	110.84123531249446
n590	540	0	0	48	110.83589343749446
n589	541	0	0	70	110.83455796874446
n587	536	0	0	75	110.83322249999446
n592	538	0	0	41	111.72665109374444
n588	539	0	0	77	111.70928999999444
n601	542	0	0	40	112.02312515624443
n593	545	0	0	79	112.02312515624443
n596	544	0	0	69	112.42643671874443
n595	543	0	0	70	112.32227015624443
n598	547	0	0	69	112.68952406249441
n597	546	0	0	70	112.57200281249442
n600	549	0	0	69	112.93658578124437
n599	548	0	0	70	112.8217354687444
n610	552	0	0	41	113.09684203124435
n611	550	0	0	48	113.09817749999435
n603	551	0	0	78	113.08882921874435
n605	554	0	0	69	113.52018562499434
n604	553	0	0	70	113.40934171874434
n607	556	0	0	69	113.78594390624431
n606	555	0	0	70	113.65907437499432
n609	558	0	0	69	114.04368937499432
n608	557	0	0	70	113.92883906249432
n615	deletion
n621	559	0	0	41	114.1919264062443
n622	561	0	0	50	114.18124265624431
n614	560	0	0	77	114.18391359374431
n616	deletion
n618	deletion
n617	deletion
n620	deletion
n619	deletion
n631	569	0	0	41	115.29101718749423
n632	570	0	0	51	115.28567531249423
n625	568	0	0	77	115.26030140624424
n627	572	0	0	72	115.69032234374419
n626	571	0	0	74	115.56612374999419
n634	575	0	0	41	115.86393328124419
n635	574	0	0	50	115.85324953124419
n628	573	0	0	77	115.83855937499419
n630	577	0	0	70	116.23385812499413
n629	576	0	0	72	116.12167874999415
n643	580	0	0	41	116.40746906249412
n644	579	0	0	48	116.41681734374411
n637	578	0	0	77	116.40079171874412
n639	582	0	0	69	116.77739390624409
n638	581	0	0	70	116.6705564062441
n646	585	0	0	41	116.91895359374409
n647	584	0	0	50	116.91761812499409
n640	583	0	0	77	116.91628265624409
n642	587	0	0	70	117.29689124999405
n641	586	0	0	72	117.16467984374407
n656	589	0	0	41	117.561314062494
n657	590	0	0	48	117.566655937494
n649	588	0	0	78	117.563984999994
n651	592	0	0	69	117.98198671874395
n650	591	0	0	70	117.87782015624397
n653	594	0	0	69	118.21970015624393
n652	593	0	0	70	118.11820453124393
n655	596	0	0	69	118.51216781249393
n654	595	0	0	70	118.38529828124392
n667	599	0	0	41	118.66975312499392
n668	601	0	0	50	118.67242406249392
n660	597	0	0	77	118.66708218749392
n662	deletion
n661	deletion
n664	deletion
n663	deletion
n666	deletion
n665	deletion
n677	607	0	0	41	119.78620499999384
n678	608	0	0	51	119.76216656249385
n671	606	0	0	77	119.75415374999385
n673	610	0	0	72	120.18150374999384
n672	609	0	0	74	120.05062781249384
n680	613	0	0	41	120.34309546874383
n681	612	0	0	50	120.35110828124382
n674	611	0	0	77	120.32706984374383
n676	615	0	0	71	120.7103493749938
n675	614	0	0	72	120.60618281249381
n689	616	0	0	41	120.84523171874379
n690	617	0	0	51	120.84923812499379
n683	618	0	0	77	120.83988984374379
n685	620	0	0	72	121.2405304687438
n684	619	0	0	74	121.1270156249938
n692	622	0	0	53	121.4021221874938
n686	621	0	0	77	121.3914384374938
n693	623	0	0	55	121.66921593749376
n694	624	0	0	57	121.79207906249374
n687	625	0	0	72	121.67188687499376
n688	627	0	0	75	121.65719671874376
n705	626	0	0	58	121.92295499999373
n706	628	0	0	60	122.04581812499373
n703	631	0	0	65	121.91494218749374
n707	630	0	0	62	122.16467484374373
n708	632	0	0	63	122.28620249999373
n697	629	0	0	70	122.17268765624372
n698	633	0	0	74	122.15666203124373
n709	636	0	0	65	122.43443953124371
n699	635	0	0	69	122.43711046874371
n700	634	0	0	72	122.42375578124371
n710	638	0	0	67	122.69886234374368
n711	639	0	0	69	122.83508015624366
n701	637	0	0	84	122.73892640624368
n702	641	0	0	87	122.69886234374368
n723	640	0	0	70	122.95393687499364
n724	644	0	0	72	123.07679999999363
n719	643	0	0	77	122.95660781249364
n725	646	0	0	74	123.1956567187436
n726	648	0	0	75	123.3278681249936
n714	645	0	0	82	123.1929857812436
n715	647	0	0	86	123.18363749999361
n727	651	0	0	77	123.4467248437436
n716	649	0	0	81	123.4427184374936
n717	650	0	0	84	123.4293637499936
n728	655	0	0	75	123.71515406249358
n721	653	0	0	81	123.71782499999358
n722	652	0	0	84	123.73117968749358
n718	654	0	0	91	123.70847671874358
n740	658	0	0	74	123.98358328124355
n732	656	0	0	77	123.99026062499355
n733	657	0	0	82	123.99293156249355
n741	661	0	0	73	124.2840637499935
n734	659	0	0	77	124.2907410937435
n735	660	0	0	82	124.2907410937435
n730	664	0	0	89	124.25201249999351
n742	662	0	0	72	124.55917031249346
n736	663	0	0	79	124.56985406249346
n737	665	0	0	82	124.54982203124347
n743	667	0	0	65	124.89036656249341
n738	668	0	0	81	124.9331015624934
n739	670	0	0	84	124.91039859374341
n731	669	0	0	87	124.88903109374341
n753	678	0	0	58	125.31103921874337
n758	deletion
n745	671	0	0	77	125.50601765624336
n744	679	0	0	86	125.34976781249337
n752	deletion
n754	676	0	0	61	125.59682953124336
n755	677	0	0	64	125.61285515624336
n747	673	0	0	77	125.76376312499335
n746	672	0	0	79	125.63021624999335
n749	675	0	0	77	125.98010906249331
n748	674	0	0	79	125.87861343749333
n756	685	0	0	62	126.09495937499331
n757	682	0	0	65	126.09228843749331
n751	681	0	0	77	126.19912593749329
n750	680	0	0	79	126.1096495312433
n768	690	0	0	58	126.36472406249327
n770	deletion
n760	683	0	0	75	126.49292906249326
n759	691	0	0	84	126.35537578124327
n767	deletion
n772	688	0	0	66	126.58774734374326
n769	692	0	0	69	126.58374093749326
n762	686	0	0	75	126.72396515624325
n761	684	0	0	77	126.61045031249326
n764	689	0	0	75	126.95633671874326
n763	687	0	0	77	126.87086671874326
n773	695	0	0	65	127.10991562499323
n766	694	0	0	75	127.19538562499322
n765	693	0	0	77	127.09522546874324
n785	706	0	0	58	127.3623192187432
n792	deletion
n778	697	0	0	70	127.49720156249317
n777	696	0	0	74	127.3676610937432
n774	698	0	0	82	127.3436226562432
n786	701	0	0	62	127.59869718749317
n787	699	0	0	65	127.58000062499318
n780	702	0	0	70	127.73892140624315
n779	700	0	0	72	127.62140015624317
n788	705	0	0	63	127.85644265624315
n789	703	0	0	67	127.85777812499315
n782	707	0	0	70	128.01135703124314
n775	704	0	0	79	127.85110078124315
n781	deletion
n790	709	0	0	62	128.10083343749312
n791	708	0	0	65	128.09949796874312
n784	711	0	0	70	128.2183546874931
n776	710	0	0	77	128.08480781249312
n783	deletion
n812	724	0	0	53	128.36659171874308
n805	712	0	0	62	128.33988234374308
n798	714	0	0	65	128.50948687499306
n797	713	0	0	70	128.38128187499308
n793	715	0	0	77	128.35991437499308
n806	718	0	0	60	128.65505296874304
n807	717	0	0	63	128.64704015624304
n800	719	0	0	65	128.75254218749302
n799	721	0	0	69	128.65772390624304
n794	716	0	0	75	128.62967906249304
n808	720	0	0	58	128.850031406243
n809	723	0	0	62	128.882082656243
n802	725	0	0	65	129.02497781249298
n801	722	0	0	70	128.882082656243
n795	728	0	0	74	128.879411718743
n813	739	0	0	74	129.39890906249292
n821	deletion
n810	727	0	0	57	129.12780890624296
n811	726	0	0	60	129.10510593749297
n804	729	0	0	65	129.26402671874294
n796	730	0	0	72	129.12380249999296
n803	deletion
n826	738	0	0	46	129.37487062499292
n814	731	0	0	65	129.51643031249293
n822	737	0	0	49	129.64196437499294
n823	736	0	0	52	129.64329984374294
n816	733	0	0	65	129.77016937499295
n815	732	0	0	67	129.63929343749294
n818	735	0	0	65	130.0012054687429
n817	734	0	0	67	129.88501968749293
n824	744	0	0	50	130.1160557812429
n825	742	0	0	53	130.1093784374929
n820	741	0	0	65	130.23090609374287
n819	740	0	0	67	130.1187267187429
n837	752	0	0	46	130.36979484374285
n828	743	0	0	63	130.50200624999283
n827	751	0	0	72	130.38047859374285
n835	deletion
n839	747	0	0	54	130.6168565624928
n836	750	0	0	57	130.6141856249928
n830	746	0	0	63	130.7277004687428
n829	745	0	0	65	130.6235339062428
n832	749	0	0	63	130.98143953124276
n831	748	0	0	65	130.86792468749277
n840	755	0	0	53	131.10163171874274
n834	754	0	0	63	131.20980468749272
n833	753	0	0	65	131.10163171874274
n852	766	0	0	46	131.3593771874927
n859	deletion
n845	758	0	0	58	131.47689843749268
n844	756	0	0	62	131.3580417187427
n841	757	0	0	70	131.3473579687427
n853	761	0	0	50	131.59041328124266
n854	759	0	0	53	131.57705859374266
n847	762	0	0	58	131.71861828124264
n846	760	0	0	60	131.60510343749266
n855	765	0	0	51	131.85082968749262
n856	763	0	0	55	131.84014593749262
n849	767	0	0	58	131.9710218749926
n842	764	0	0	67	131.82545578124262
n848	deletion
n857	769	0	0	50	132.0538209374926
n858	768	0	0	53	132.0484790624926
n851	771	0	0	58	132.16065843749257
n843	770	0	0	65	132.0458081249926
n850	deletion
n879	786	0	0	41	132.31290187499255
n872	772	0	0	50	132.30622453124255
n865	775	0	0	53	132.45045515624253
n864	773	0	0	58	132.33293390624254
n860	774	0	0	65	132.30622453124255
n873	778	0	0	48	132.5866729687425
n874	777	0	0	51	132.5626345312425
n867	779	0	0	53	132.6868331249925
n866	780	0	0	57	132.5933503124925
n861	776	0	0	63	132.5426024999925
n875	781	0	0	46	132.79367062499247
n876	783	0	0	50	132.80702531249247
n869	785	0	0	53	132.93122390624245
n868	782	0	0	58	132.78699328124247
n880	797	0	0	58	133.2877940624924
n885	deletion
n862	784	0	0	62	132.78699328124247
n877	788	0	0	45	133.02203578124244
n878	787	0	0	48	133.01669390624244
n871	deletion
n863	789	0	0	60	133.01669390624244
n870	deletion
n893	793	0	0	34	133.3038196874924
n894	791	0	0	46	133.2851231249924
n886	792	0	0	54	133.4200054687424
n895	795	0	0	42	133.6523770312424
n887	794	0	0	50	133.54019765624238
n896	796	0	0	41	133.77390468749238
n882	798	0	0	53	133.92080624999238
n897	799	0	0	34	134.03298562499236
n883	800	0	0	50	134.02363734374237
n884	801	0	0	58	134.15317781249234
n908	802	0	0	29	134.23597687499233
n906	803	0	0	53	134.26402171874233
n899	804	0	0	58	134.4135942187423
n910	808	0	0	50	134.63127562499227
n909	805	0	0	51	134.53111546874229
n900	806	0	0	57	134.5150898437423
n901	807	0	0	58	134.64062390624227
n912	811	0	0	46	134.84895703124224
n911	809	0	0	48	134.73410671874225
n902	810	0	0	60	134.75547421874225
n903	812	0	0	62	134.86631812499223
n913	815	0	0	41	134.95980093749222
n914	814	0	0	45	134.96380734374222
n915	816	0	0	53	135.0773221874922
n905	817	0	0	60	135.0799931249922
n904	813	0	0	63	134.97582656249222
n929	820	0	0	46	135.19751437499218
n922	818	0	0	66	135.35109328124216
n916	823	0	0	70	135.20018531249218
n921	deletion
n930	821	0	0	54	135.55942640624212
n923	819	0	0	62	135.44858249999214
n931	822	0	0	53	135.6635929687421
n918	824	0	0	65	135.8051526562421
n932	825	0	0	46	135.91599656249207
n919	826	0	0	62	135.90264187499207
n920	827	0	0	70	136.02817593749205
n943	828	0	0	41	136.11498140624204
n941	829	0	0	65	136.14169078124203
n934	830	0	0	70	136.28592140624204
n945	834	0	0	62	136.508944687492
n944	831	0	0	63	136.41011999999202
n935	832	0	0	69	136.39275890624202
n936	833	0	0	70	136.510280156242
n947	837	0	0	58	136.739980781242
n946	835	0	0	60	136.615782187492
n937	836	0	0	72	136.626465937492
n938	838	0	0	74	136.749329062492
n948	840	0	0	53	136.84815374999198
n949	841	0	0	57	136.87753406249197
n950	deletion
n940	842	0	0	72	137.00707453124195
n939	839	0	0	75	136.87219218749198
n956	846	0	0	58	137.26481999999197
n957	847	0	0	62	137.28084562499197
n952	845	0	0	72	137.42106984374198
n951	844	0	0	74	137.29152937499197
n958	848	0	0	60	137.66679609374197
n953	849	0	0	70	137.54927484374198
n959	851	0	0	58	137.81503312499197
n954	850	0	0	67	137.94323812499198
n960	852	0	0	55	138.19964812499197
n955	853	0	0	65	138.08212687499199
n966	855	0	0	53	138.35189156249197
n962	854	0	0	63	138.47742562499198
n967	856	0	0	51	138.75119671874197
n963	857	0	0	62	138.62699812499199
n968	859	0	0	50	138.89008546874197
n964	858	0	0	60	139.01962593749195
n969	860	0	0	48	139.29072609374194
n965	861	0	0	58	139.17320484374196
n975	863	0	0	46	139.41626015624195
n971	862	0	0	55	139.56182624999195
n976	864	0	0	43	139.82891999999197
n972	865	0	0	53	139.69403765624196
n977	867	0	0	41	139.94510578124198
n973	866	0	0	51	140.09200734374198
n978	868	0	0	39	140.35910109374197
n974	869	0	0	50	140.225554218742
n984	871	0	0	38	140.50199624999195
n980	870	0	0	48	140.64222046874193
n985	872	0	0	36	140.9119851562419
n981	874	0	0	46	140.78511562499193
n986	873	0	0	34	141.04953843749192
n982	875	0	0	48	141.1590468749919
n983	878	0	0	46	141.3179676562419
n987	877	0	0	65	141.46887562499188
n988	876	0	0	68	141.45552093749188
n992	880	0	0	65	141.63580921874185
n993	879	0	0	68	141.60642890624186
n995	881	0	0	63	142.91785921874185
n996	882	0	0	67	142.93655578124185
n999	885	0	0	62	144.22261218749173
n1000	884	0	0	65	144.21860578124173
n997	883	0	0	70	144.21459937499174
n998	886	0	0	77	144.19590281249174
n1003	889	0	0	60	145.46593359374165
n1004	890	0	0	63	145.45792078124165
n1001	887	0	0	68	145.44723703124166
n1002	888	0	0	80	145.44590156249166
n1009	891	0	0	59	146.60775937499162
n1010	892	0	0	62	146.59707562499162
n1005	894	0	0	67	146.59440468749162
n1006	893	0	0	79	146.59440468749162
n1011	895	0	0	58	147.53056828124156
n1012	896	0	0	62	147.52121999999156
n1007	897	0	0	74	147.53056828124156
n1008	898	0	0	79	147.64808953124154
n1021	901	0	0	57	147.78697828124152
n1022	899	0	0	60	147.77629453124152
n1013	900	0	0	67	147.77896546874152
n1014	902	0	0	79	147.77629453124152
n1015	903	0	0	72	148.0447237499915
n1016	904	0	0	77	148.1422129687415
n1024	906	0	0	56	148.30380468749146
n1025	905	0	0	60	148.29579187499147
n1017	908	0	0	65	148.29712734374147
n1018	909	0	0	77	148.29312093749147
n1019	910	0	0	72	148.56555656249145
n1020	911	0	0	75	148.67506499999143
n1039	912	0	0	55	148.8099473437414
n1040	913	0	0	60	148.8072764062414
n1027	915	0	0	63	148.8086118749914
n1028	914	0	0	75	148.80059906249141
n1041	918	0	0	54	149.07437015624137
n1042	916	0	0	60	149.07837656249137
n1029	919	0	0	69	149.06502187499137
n1030	920	0	0	74	149.17319484374136
n1043	925	0	0	53	149.31876093749133
n1044	924	0	0	55	149.31475453124133
n1045	921	0	0	59	149.30540624999134
n1031	922	0	0	62	149.30540624999134
n1032	923	0	0	67	149.31208359374133
n1033	926	0	0	74	149.30407078124134
n1046	931	0	0	51	149.57784187499132
n1047	932	0	0	55	149.56181624999132
n1048	929	0	0	60	149.56982906249132
n1038	927	0	0	72	149.57383546874132
n1034	928	0	0	79	149.56315171874132
n1035	930	0	0	84	149.6646473437413
n1049	933	0	0	65	150.14808703124126
n1051	934	0	0	63	151.37404734374127
n1053	935	0	0	66	152.6560973437412
n1054	947	0	0	69	152.6454135937412
n1055	946	0	0	75	152.6347298437412
n1057	936	0	0	48	152.9085009374912
n1058	937	0	0	54	153.0099965624912
n1059	938	0	0	54	153.1542271874912
n1060	939	0	0	45	153.46138499999117
n1061	940	0	0	51	153.53617124999116
n1068	941	0	0	51	153.69375656249116
n1069	942	0	0	41	153.95951484374112
n1070	943	0	0	48	154.0556685937411
n1071	945	0	0	48	154.18387359374108
n1072	951	0	0	49	154.48702499999106
n1065	950	0	0	65	154.49770874999106
n1066	948	0	0	70	154.50305062499106
n1067	949	0	0	73	154.47901218749107
n1073	952	0	0	73	154.75011234374105
n1075	953	0	0	72	155.96405343749106
n1077	963	0	0	72	157.19802656249104
n1078	967	0	0	74	157.21538765624103
n1079	968	0	0	78	157.20336843749104
n1080	966	0	0	81	157.18867828124104
n1082	954	0	0	62	157.47713953124102
n1083	955	0	0	69	157.57729968749103
n1084	956	0	0	69	157.70817562499101
n1085	957	0	0	54	157.968592031241
n1086	958	0	0	60	158.07810046874098
n1091	959	0	0	60	158.22233109374096
n1092	960	0	0	50	158.51079234374092
n1093	961	0	0	57	158.5909204687409
n1094	962	0	0	57	158.74449937499088
n1095	964	0	0	38	159.01693499999087
n1096	965	0	0	50	159.12644343749085
n1097	969	0	0	72	159.28937062499082
n1099	970	0	0	71	160.50331171874083
n1101	980	0	0	71	161.70790453124076
n1102	984	0	0	75	161.70790453124076
n1103	983	0	0	78	161.69588531249076
n1104	985	0	0	81	161.68119515624076
n1106	971	0	0	54	161.95095984374072
n1107	972	0	0	63	162.0377653124907
n1108	973	0	0	63	162.17932499999068
n1109	974	0	0	51	162.45843796874067
n1110	975	0	0	59	162.55325624999065
n1115	976	0	0	59	162.69481593749063
n1116	977	0	0	47	162.9525614062406
n1117	978	0	0	54	163.06607624999057
n1118	979	0	0	54	163.20496499999055
n1119	981	0	0	42	163.47205874999054
n1120	982	0	0	51	163.60293468749052
n1121	986	0	0	71	163.7431589062405
n1123	987	0	0	70	164.90101031249048
n1126	988	0	0	70	166.10293218749038
n1127	997	0	0	74	166.10693859374038
n1128	994	0	0	77	166.09625484374038
n1125	995	0	0	80	166.08957749999038
n1130	991	0	0	56	166.39807078124036
n1131	989	0	0	65	166.49021812499035
n1132	990	0	0	65	166.64246156249033
n1133	992	0	0	53	166.9002070312403
n1134	993	0	0	62	167.0030381249903
n1144	996	0	0	62	167.13658499999028
n1145	999	0	0	50	167.39700140624026
n1146	998	0	0	53	167.40634968749026
n1147	1002	0	0	53	167.53989656249024
n1148	1001	0	0	56	167.52787734374024
n1136	1003	0	0	82	167.42504624999026
n1149	1005	0	0	53	167.65207593749022
n1150	1004	0	0	56	167.63738578124023
n1137	1006	0	0	83	167.65875328124022
n1151	1009	0	0	50	167.90982140624018
n1152	1007	0	0	53	167.90982140624018
n1153	1010	0	0	53	168.00998156249017
n1154	1011	0	0	56	168.00463968749017
n1138	1008	0	0	82	167.8964667187402
n1156	1012	0	0	70	168.15287671874015
n1157	1015	0	0	74	168.14887031249015
n1158	1014	0	0	77	168.16756687499014
n1155	1016	0	0	80	168.15154124999015
n1160	1018	0	0	56	168.41729953124013
n1161	1013	0	0	65	168.49342124999012
n1162	1017	0	0	65	168.6269681249901
n1163	1020	0	0	53	168.88604906249006
n1164	1019	0	0	62	168.97552546874005
n1177	1021	0	0	62	169.10907234374002
n1178	1024	0	0	74	169.37616609374
n1166	1023	0	0	77	169.36948874999
n1167	1022	0	0	82	169.36281140624
n1179	1026	0	0	75	169.62456328123997
n1168	1025	0	0	78	169.61655046873997
n1169	1027	0	0	83	169.61788593748997
n1180	1029	0	0	74	169.88497968748996
n1170	1028	0	0	77	169.88765062498996
n1171	1030	0	0	82	169.88097328123996
n1190	1037	0	0	61	170.26425281248993
n1191	1032	0	0	67	170.26825921873993
n1192	1031	0	0	70	170.25891093748993
n1181	1033	0	0	75	170.25757546873993
n1182	1034	0	0	79	170.25757546873993
n1183	1036	0	0	82	170.25891093748993
n1184	1035	0	0	87	170.25757546873993
n1193	1040	0	0	59	171.03481828123984
n1194	1039	0	0	65	171.02680546873984
n1195	1038	0	0	68	171.02680546873984
n1189	1041	0	0	77	171.02680546873984
n1185	1042	0	0	80	171.02680546873984
n1186	1043	0	0	85	171.14432671873982
n1208	1048	0	0	58	171.2631834374898
n1209	1047	0	0	61	171.2805445312398
n1210	1044	0	0	66	171.2511642187398
n1205	1045	0	0	78	171.2605124999898
n1196	1046	0	0	85	171.2524996874898
n1211	1053	0	0	56	171.54229640623979
n1212	1049	0	0	61	171.53962546873979
n1206	1051	0	0	71	171.54229640623979
n1197	1050	0	0	77	171.5276062499898
n1198	1052	0	0	83	171.63577921873977
n1213	1058	0	0	53	171.78134531248975
n1214	1055	0	0	61	171.78000984373975
n1199	1054	0	0	71	171.77466796873975
n1200	1056	0	0	80	171.78268078123975
n1201	1057	0	0	83	171.76264874998975
n1215	1063	0	0	54	172.0791548437397
n1216	1061	0	0	61	172.0484390624897
n1202	1060	0	0	70	172.0471035937397
n1203	1059	0	0	78	171.99234937498971
n1204	1062	0	0	82	172.0471035937397
n1225	1067	0	0	59	172.33556484373966
n1226	1064	0	0	63	172.33289390623966
n1217	1066	0	0	68	172.34758406248966
n1218	1065	0	0	80	172.32087468748966
n1227	1071	0	0	58	172.59331031248962
n1228	1069	0	0	61	172.58796843748962
n1219	1068	0	0	66	172.59731671873962
n1220	1070	0	0	78	172.57862015623962
n1229	1077	0	0	56	172.8510557812396
n1230	1073	0	0	59	172.8483848437396
n1221	1072	0	0	65	172.8403720312396
n1222	1074	0	0	77	172.8363656249896
n1231	1076	0	0	54	173.10212390623957
n1232	1075	0	0	58	173.09277562498957
n1223	1078	0	0	66	173.08876921873957
n1224	1079	0	0	78	173.08342734373957
n1233	1083	0	0	68	173.39325609373952
n1234	1085	0	0	71	173.39192062498952
n1235	1084	0	0	80	173.39192062498952
n1237	1081	0	0	41	173.6429887499895
n1238	1080	0	0	49	173.76184546873952
n1239	1082	0	0	49	173.8820376562395
n1240	1087	0	0	53	174.13978312498946
n1241	1086	0	0	61	174.23994328123948
n1242	1089	0	0	68	174.37749656248945
n1243	1093	0	0	71	174.37749656248945
n1244	1090	0	0	80	174.37616109373946
n1246	1091	0	0	41	174.62188734373944
n1247	1088	0	0	50	174.70468640623943
n1248	1092	0	0	50	174.8368978124894
n1249	1094	0	0	53	175.1106689062394
n1250	1095	0	0	62	175.20014531248938
n1251	1101	0	0	67	175.37509171873938
n1252	1100	0	0	72	175.37909812498938
n1253	1099	0	0	79	175.37108531248938
n1255	1097	0	0	39	175.62883078123937
n1256	1096	0	0	48	175.71296531248936
n1257	1098	0	0	48	175.84651218748934
n1258	1102	0	0	51	176.1082640624893
n1259	1103	0	0	60	176.2070887499893
n1260	1110	0	0	65	176.3860415624893
n1261	1109	0	0	67	176.3913834374893
n1262	1106	0	0	71	176.3793642187393
n1263	1108	0	0	77	176.3700159374893
n1265	1105	0	0	38	176.62509046873927
n1266	1104	0	0	47	176.72925703123926
n1267	1107	0	0	47	176.86413937498924
n1268	1111	0	0	50	177.1392459374892
n1269	1112	0	0	59	177.2340642187392
n1270	1117	0	0	63	177.39699140623918
n1271	1118	0	0	67	177.39699140623918
n1272	1121	0	0	72	177.38096578123918
n1273	1116	0	0	75	177.38897859373918
n1275	1114	0	0	36	177.63069843748917
n1276	1113	0	0	48	177.7228457812392
n1277	1115	0	0	48	177.86574093748916
n1278	1119	0	0	48	178.12615734373912
n1279	1120	0	0	60	178.21964015623914
n1280	1126	0	0	65	178.4359860937391
n1281	1127	0	0	68	178.4399924999891
n1282	1130	0	0	71	178.4319796874891
n1283	1125	0	0	74	178.4266378124891
n1285	1123	0	0	36	178.6910606249891
n1286	1122	0	0	48	178.7845434374891
n1287	1124	0	0	48	178.92209671873908
n1288	1128	0	0	48	179.20120968748907
n1289	1129	0	0	60	179.31873093748908
n1290	1136	0	0	63	179.46963890623906
n1291	1133	0	0	67	179.45761968748906
n1292	1135	0	0	72	179.45361328123906
n1294	1132	0	0	36	179.73005531248904
n1295	1131	0	0	48	179.80751249998903
n1296	1134	0	0	48	179.945065781239
n1297	1137	0	0	48	180.226849687489
n1298	1138	0	0	60	180.33235171873898
n1299	1141	0	0	59	180.46856953123896
n1300	1143	0	0	62	180.47257593748895
n1301	1144	0	0	65	180.46456312498896
n1302	1145	0	0	68	180.45387937498896
n1304	1140	0	0	36	180.71830218748894
n1305	1139	0	0	48	180.79041749998893
n1306	1142	0	0	48	180.9520092187389
n1307	1146	0	0	48	181.2244448437389
n1308	1147	0	0	60	181.32994687498888
n1309	1150	0	0	60	181.47284203123886
n1310	1153	0	0	63	181.48886765623885
n1311	1152	0	0	67	181.47417749998885
n1313	1149	0	0	36	181.72524562498884
n1314	1148	0	0	48	181.80136734373883
n1315	1151	0	0	48	181.9749782812388
n1316	1154	0	0	48	182.18331140623877
n1317	1155	0	0	60	182.30884546873878
n1318	1157	0	0	60	182.48512734373878
n1319	1160	0	0	63	182.49046921873878
n1320	1161	0	0	68	182.47444359373878
n1322	1158	0	0	36	182.73085359373874
n1323	1156	0	0	48	182.83101374998873
n1324	1159	0	0	48	182.9979473437387
n1325	1163	0	0	48	183.24767999998866
n1326	1162	0	0	60	183.38523328123864
n1327	1169	0	0	63	183.5842181249886
n1328	1166	0	0	68	183.5762053124886
n1330	1164	0	0	48	183.8780212499886
n1331	1165	0	0	60	183.97951687498858
n1332	1167	0	0	48	184.15179234373855
n1333	1168	0	0	60	184.29468749998853
n1335	1175	0	0	62	184.75809515623848
n1336	1174	0	0	68	184.76343703123848
n1338	1170	0	0	47	185.02251796873844
n1339	1171	0	0	59	185.13336187498842
n1340	1172	0	0	47	185.2909471874884
n1341	1173	0	0	59	185.46188718748837
n1343	1180	0	0	63	185.96001703123832
n1344	1181	0	0	68	185.95066874998832
n1346	1176	0	0	48	186.2231043749883
n1347	1177	0	0	60	186.31925812498832
n1348	1179	0	0	48	186.48485624998833
n1349	1178	0	0	60	186.6344287499883
n1351	1184	0	0	63	187.08448171873826
n1352	1185	0	0	68	187.08314624998826
n1354	1182	0	0	48	187.34890453123825
n1355	1183	0	0	60	187.45173562498826
n1356	1186	0	0	48	187.63202390623826
n1357	1187	0	0	60	187.75088062498824
n1359	1191	0	0	63	188.2543523437382
n1360	1189	0	0	68	188.2423331249882
n1364	1188	0	0	48	188.52278156248815
n1365	1190	0	0	60	188.66167031248813
n1366	1192	0	0	48	188.8165846874881
n1367	1193	0	0	60	188.9007192187381
n1368	1194	0	0	48	189.0689882812381
n1361	1195	0	0	56	189.0649818749881
n1369	1196	0	0	60	189.17181937498808
n1362	1197	0	0	68	189.18116765623807
n1378	1198	0	0	48	189.31738546873805
n1370	1199	0	0	56	189.31604999998805
n1379	1200	0	0	60	189.42288749998804
n1371	deletion
n1380	1201	0	0	60	189.57379546873804
n1381	1204	0	0	63	189.68998124998805
n1372	1202	0	0	68	189.57245999998804
n1373	1203	0	0	80	189.67395562498805
n1382	1206	0	0	60	189.82219265623803
n1383	1208	0	0	63	189.95974593748804
n1374	1205	0	0	68	189.82486359373803
n1375	1207	0	0	80	189.94906218748804
n1384	1210	0	0	60	190.08795093748802
n1385	1212	0	0	63	190.20680765623803
n1376	1209	0	0	68	190.09195734373802
n1377	1211	0	0	80	190.19612390623803
n1393	1213	0	0	60	190.435172812488
n1394	1216	0	0	63	190.435172812488
n1386	1214	0	0	68	190.436508281238
n1387	1215	0	0	80	190.433837343738
n1397	1223	0	0	58	191.40338765623792
n1395	1220	0	0	59	191.26583437498795
n1398	1221	0	0	61	191.39003296873793
n1396	1217	0	0	62	191.25915703123795
n1392	1219	0	0	67	191.28319546873794
n1388	1218	0	0	74	191.26316343748795
n1389	1222	0	0	79	191.37133640623793
n1409	1227	0	0	58	191.5128960937379
n1410	1226	0	0	61	191.5048832812379
n1405	1225	0	0	67	191.5035478124879
n1399	1224	0	0	79	191.4995414062379
n1413	1232	0	0	56	191.89083374998788
n1411	1230	0	0	57	191.7693060937379
n1414	1233	0	0	59	191.89484015623788
n1412	1228	0	0	60	191.7813253124879
n1406	1231	0	0	65	191.7893381249879
n1400	1229	0	0	72	191.7759834374879
n1401	1234	0	0	77	191.88415640623788
n1415	1238	0	0	56	192.03105796873785
n1416	1236	0	0	59	192.01503234373786
n1407	1237	0	0	65	192.02304515623786
n1402	1235	0	0	77	192.01503234373786
n1419	1245	0	0	54	192.43837593748782
n1417	1239	0	0	55	192.30215812498784
n1420	1244	0	0	57	192.42368578123782
n1418	1240	0	0	58	192.29815171873784
n1408	1241	0	0	63	192.30482906248784
n1403	1242	0	0	70	192.30215812498784
n1404	1243	0	0	75	192.40365374998782
n1431	1253	0	0	53	192.62267062498782
n1432	1251	0	0	56	192.63736078123782
n1428	1246	0	0	63	192.62267062498782
n1425	1249	0	0	68	192.64670906248782
n1426	1248	0	0	70	192.63602531248782
n1421	1247	0	0	75	192.61866421873782
n1429	1250	0	0	62	193.25434734373778
n1422	1252	0	0	74	193.23965718748778
n1433	1255	0	0	51	193.52678296873773
n1434	1256	0	0	55	193.51743468748774
n1423	1254	0	0	63	193.51877015623774
n1427	1261	0	0	70	193.56551156248773
n1440	deletion
n1424	1258	0	0	75	193.49740265623774
n1446	1257	0	0	50	193.7751801562377
n1447	1264	0	0	53	193.7644964062377
n1439	1259	0	0	65	193.7751801562377
n1435	1260	0	0	77	193.7578190624877
n1448	1262	0	0	48	194.0128935937377
n1449	1265	0	0	51	194.02090640623769
n1441	1263	0	0	67	194.0168999999877
n1442	deletion
n1436	1266	0	0	79	194.0102226562377
n1450	1269	0	0	46	194.24259421873765
n1451	1268	0	0	50	194.25194249998765
n1443	1267	0	0	68	194.24392968748765
n1444	deletion
n1437	1271	0	0	80	194.24259421873765
n1452	1272	0	0	46	194.5136943749876
n1453	1273	0	0	50	194.5217071874876
n1454	1270	0	0	53	194.4936623437376
n1445	1275	0	0	70	194.5136943749876
n1438	1274	0	0	82	194.4976687499876
n1462	1279	0	0	39	194.7527432812376
n1463	1280	0	0	46	194.91032859373757
n1455	1276	0	0	67	194.7767817187376
n1456	1278	0	0	70	194.7781171874876
n1457	1277	0	0	79	194.7701043749876
n1465	1282	0	0	46	195.13602281248754
n1464	1281	0	0	55	195.02517890623756
n1466	1285	0	0	39	195.26422781248755
n1467	1286	0	0	46	195.39510374998753
n1459	1283	0	0	70	195.25621499998755
n1460	1284	0	0	82	195.24953765623755
n1469	1288	0	0	46	195.65151374998752
n1468	1287	0	0	55	195.52063781248754
n1474	1289	0	0	41	195.79975078123752
n1475	1290	0	0	46	195.9760326562375
n1470	1292	0	0	82	195.81176999998752
n1471	1291	0	0	94	195.80776359373752
n1477	1294	0	0	46	196.23644906248745
n1476	1293	0	0	56	196.09889578123747
n1478	1295	0	0	41	196.33928015623746
n1479	1296	0	0	46	196.49552999998744
n1481	1298	0	0	46	196.7399207812374
n1480	1297	0	0	56	196.60503843748742
n1472	1306	0	0	70	196.58233546873743
n1473	1299	0	0	82	196.56096796873743
n1486	1300	0	0	43	196.8280617187374
n1487	1302	0	0	46	196.94291203123737
n1489	1304	0	0	46	197.19665109373733
n1488	1303	0	0	58	197.06978156248735
n1490	1305	0	0	43	197.33687531248734
n1491	1307	0	0	46	197.46107390623732
n1493	1311	0	0	46	197.68276171873728
n1492	1308	0	0	58	197.5639049999873
n1484	1309	0	0	67	197.5906143749873
n1485	1310	0	0	79	197.5772596874873
n1502	1315	0	0	44	197.81096671873726
n1503	1314	0	0	46	197.96588109373724
n1494	1313	0	0	65	197.83099874998726
n1495	1312	0	0	77	197.81497312498726
n1505	1319	0	0	46	198.1635304687372
n1504	1316	0	0	56	198.05535749998722
n1496	1318	0	0	62	198.08206687498722
n1497	1317	0	0	74	198.06871218748722
n1506	1320	0	0	34	198.3277931249872
n1507	1322	0	0	46	198.4600045312372
n1498	1321	0	0	59	198.3438187499872
n1499	1323	0	0	71	198.3291285937372
n1509	1327	0	0	46	198.66299578123716
n1508	1325	0	0	53	198.56283562498717
n1500	1324	0	0	58	198.55882921873717
n1501	1326	0	0	70	198.54948093748717
n1516	1330	0	0	39	198.79120078123714
n1517	1331	0	0	46	198.9421087499871
n1510	1328	0	0	58	198.80989734373713
n1511	1329	0	0	70	198.80188453123714
n1519	1333	0	0	46	199.1571192187371
n1518	1332	0	0	55	199.05295265623712
n1522	deletion
n1520	deletion
n1521	1337	0	0	46	199.4522578124871
n1513	1334	0	0	70	199.29867890623711
n1514	1335	0	0	82	199.29200156248712
n1523	1339	0	0	46	199.66326187498709
n1528	deletion
n1529	deletion
n1524	1343	0	0	82	199.8248535937371
n1525	1342	0	0	94	199.8195117187371
n1531	deletion
n1530	deletion
n1532	deletion
n1533	deletion
n1535	deletion
n1534	deletion
n1526	1356	0	0	70	200.58874171873703
n1527	1350	0	0	82	200.57004515623703
n1540	1351	0	0	43	200.818442343737
n1541	1352	0	0	51	200.96400843748697
n1543	1354	0	0	51	201.20305734373693
n1542	1353	0	0	58	201.08286515623695
n1544	1355	0	0	43	201.3192431249869
n1545	1357	0	0	51	201.4554609374869
n1547	1361	0	0	51	201.63842015623686
n1546	1358	0	0	58	201.56096296873687
n1538	1360	0	0	67	201.57164671873687
n1539	1359	0	0	79	201.55695656248687
n1556	1363	0	0	44	201.79199906248684
n1557	1364	0	0	51	201.92421046873682
n1548	1362	0	0	64	201.80802468748684
n1549	1365	0	0	76	201.79867640623684
n1559	1369	0	0	51	202.1779495312368
n1558	1367	0	0	60	202.04440265623683
n1550	1368	0	0	65	202.05375093748683
n1551	1366	0	0	77	202.04440265623683
n1560	1371	0	0	45	202.2834515624868
n1561	1373	0	0	53	202.42501124998677
n1552	1370	0	0	60	202.3008126562368
n1553	1372	0	0	72	202.2941353124868
n1563	1377	0	0	53	202.63467984373673
n1562	1374	0	0	60	202.51582312498675
n1554	1375	0	0	63	202.55989359373675
n1555	1376	0	0	75	202.54787437498675
n1577	1379	0	0	46	202.7869232812367
n1578	1378	0	0	58	202.7936006249867
n1564	1380	0	0	62	202.8136326562367
n1566	1382	0	0	70	202.9258120312367
n1565	1381	0	0	74	202.8056198437367
n1580	1386	0	0	62	203.16085453123665
n1579	1383	0	0	63	203.05802343748667
n1567	1384	0	0	69	203.04600421873667
n1568	1385	0	0	70	203.15417718748665
n1582	1392	0	0	58	203.39723249998661
n1581	1388	0	0	60	203.26635656248664
n1569	1387	0	0	69	203.26902749998663
n1571	1390	0	0	70	203.38654874998662
n1570	1389	0	0	72	203.27169843748663
n1572	1391	0	0	74	203.39189062498662
n1584	1397	0	0	56	203.61892031248658
n1583	1393	0	0	57	203.5080764062366
n1573	1395	0	0	72	203.5054054687366
n1575	1396	0	0	74	203.63361046873658
n1574	1394	0	0	75	203.5214310937366
n1576	1398	0	0	77	203.62826859373658
n1596	1402	0	0	53	203.88334312498654
n1595	1401	0	0	55	203.75113171873656
n1585	1400	0	0	75	203.75246718748656
n1586	1399	0	0	79	203.75113171873656
n1598	1404	0	0	50	204.14242406248655
n1597	1403	0	0	51	204.01688999998655
n1599	1406	0	0	51	204.26795812498654
n1600	1408	0	0	53	204.4095178124865
n1589	1409	0	0	79	204.39215671873652
n1587	1405	0	0	80	204.26128078123654
n1590	1410	0	0	82	204.39349218748652
n1588	1407	0	0	84	204.25994531248654
n1601	1413	0	0	55	204.5096779687365
n1602	1415	0	0	56	204.60850265623648
n1593	1414	0	0	75	204.63120562498648
n1591	1411	0	0	77	204.5150198437365
n1594	1416	0	0	79	204.62185734373648
n1592	1412	0	0	80	204.5030006249865
n1618	1417	0	0	58	204.73804312498646
n1603	1418	0	0	74	204.74338499998646
n1604	1419	0	0	77	204.73537218748646
n1620	1424	0	0	63	205.10663249998643
n1619	1422	0	0	65	205.00380140623645
n1605	1420	0	0	71	204.99712406248645
n1607	1423	0	0	72	205.11464531248643
n1608	1425	0	0	79	205.12399359373643
n1606	1421	0	0	80	204.99712406248645
n1622	1431	0	0	60	205.3630424999864
n1621	1428	0	0	62	205.2268246874864
n1609	1426	0	0	67	205.21480546873642
n1611	1430	0	0	75	205.3523587499864
n1610	1427	0	0	77	205.2281601562364
n1612	1429	0	0	78	205.3470168749864
n1624	1437	0	0	57	205.58205937498636
n1623	1434	0	0	59	205.47655734373637
n1613	1433	0	0	74	205.46854453123638
n1625	1439	0	0	74	205.68622593748634
n1615	deletion
n1616	1436	0	0	78	205.57271109373636
n1614	1432	0	0	79	205.46186718748638
n1617	1435	0	0	81	205.59007218748636
n1650	1443	0	0	53	205.80508265623632
n1649	1440	0	0	55	205.69824515623634
n1628	1441	0	0	74	205.81843734373632
n1626	deletion
n1629	deletion
n1627	1438	0	0	83	205.69423874998634
n1630	1442	0	0	83	205.80374718748632
n1652	1450	0	0	50	206.0361187499863
n1651	1447	0	0	51	205.9185974999863
n1631	1444	0	0	75	205.9239393749863
n1634	1449	0	0	77	206.05214437498628
n1632	deletion
n1635	deletion
n1633	1446	0	0	84	205.9399649999863
n1638	deletion
n1636	1448	0	0	86	206.0294414062363
n1654	1458	0	0	46	206.25780656248625
n1653	1453	0	0	48	206.14562718748627
n1637	1452	0	0	79	206.14696265623627
n1640	1457	0	0	79	206.25513562498625
n1641	1454	0	0	84	206.26047749998625
n1639	deletion
n1642	1455	0	0	88	206.27249671873625
n1655	1461	0	0	45	206.39402437498623
n1657	1465	0	0	45	206.5168874999862
n1656	1463	0	0	48	206.38868249998623
n1658	1468	0	0	48	206.5102101562362
n1643	1462	0	0	77	206.39402437498623
n1646	1469	0	0	77	206.5168874999862
n1644	1460	0	0	84	206.40203718748623
n1647	1466	0	0	84	206.5168874999862
n1645	1464	0	0	89	206.39803078123623
n1648	1467	0	0	89	206.5168874999862
n1667	1473	0	0	44	206.6450924999862
n1668	1474	0	0	46	206.6490989062362
n1659	1471	0	0	77	206.6490989062362
n1660	1472	0	0	82	206.6504343749862
n1661	1470	0	0	86	206.6490989062362
n1670	1476	0	0	43	207.16058343748617
n1671	1478	0	0	46	207.15257062498617
n1663	1477	0	0	75	207.15257062498617
n1664	1479	0	0	82	207.15791249998617
n1665	1475	0	0	87	207.15524156248617
n1677	1480	0	0	47	207.8403370312361
n1676	1483	0	0	53	207.8376660937361
n1675	1485	0	0	63	207.8416724999861
n1673	1484	0	0	68	207.8390015624861
n1678	1482	0	0	46	208.67366953123607
n1674	1481	0	0	70	208.67099859373607
n1687	1486	0	0	44	208.95411796873609
n1679	1489	0	0	71	208.95812437498608
n1682	1488	0	0	62	209.36811328123608
n1681	1487	0	0	63	209.24391468748607
n1684	1491	0	0	62	209.62185234373607
n1683	1490	0	0	63	209.50566656248608
n1686	1493	0	0	62	209.8542239062361
n1685	1492	0	0	63	209.74605093748607
n1693	1494	0	0	47	209.9984545312361
n1692	1498	0	0	53	209.9864353124861
n1691	1500	0	0	63	209.9850998437361
n1689	1495	0	0	68	209.9864353124861
n1694	1496	0	0	46	210.89722499998607
n1690	1497	0	0	70	210.88387031248607
n1703	1499	0	0	45	211.18301531248605
n1695	1503	0	0	72	211.18835718748605
n1698	1502	0	0	62	211.593004218736
n1697	1501	0	0	63	211.49150859373603
n1700	1505	0	0	62	211.82938218748598
n1699	1504	0	0	63	211.727886562486
n1702	1507	0	0	62	212.08846312498594
n1701	1506	0	0	63	211.97895468748595
n1712	1508	0	0	46	212.2620740624859
n1713	1509	0	0	53	212.2620740624859
n1705	1510	0	0	71	212.2553967187359
n1707	1512	0	0	62	212.65603734373587
n1706	1511	0	0	63	212.5465289062359
n1709	1514	0	0	62	212.91111187498583
n1708	1513	0	0	63	212.78557781248585
n1711	1516	0	0	62	213.1341351562358
n1710	1515	0	0	63	213.03931687498581
n1723	1518	0	0	46	213.29572687498577
n1724	1519	0	0	55	213.28904953123578
n1716	1517	0	0	70	213.29038499998578
n1718	1521	0	0	64	213.68301281248577
n1717	1520	0	0	65	213.5748398437358
n1720	1523	0	0	64	213.92606812498573
n1719	1522	0	0	65	213.82590796873575
n1722	1525	0	0	64	214.1878199999857
n1721	1524	0	0	65	214.0529376562357
n1733	1528	0	0	46	214.3520826562357
n1734	1527	0	0	56	214.3293796874857
n1727	1526	0	0	70	214.3507471874857
n1729	1530	0	0	65	214.74471046873566
n1728	1529	0	0	67	214.63253109373568
n1736	1533	0	0	46	214.91698593748566
n1737	1531	0	0	55	214.91164406248566
n1730	1532	0	0	70	214.89695390623567
n1732	1535	0	0	63	215.25619499998564
n1731	1534	0	0	65	215.16004124998565
n1745	1538	0	0	46	215.44182515623564
n1746	1537	0	0	53	215.43781874998564
n1739	1536	0	0	70	215.41511578123564
n1741	1540	0	0	62	215.7890470312356
n1740	1539	0	0	63	215.67419671873563
n1748	1541	0	0	46	215.93060671873562
n1749	1543	0	0	55	215.93461312498562
n1742	1542	0	0	70	215.92793578123562
n1744	1545	0	0	63	216.24310640623557
n1743	1544	0	0	65	216.1255851562356
n1758	1547	0	0	58	216.57830906248552
n1759	1546	0	0	65	216.57697359373552
n1751	1548	0	0	83	216.56094796873552
n1755	1550	0	0	74	217.16992171873542
n1753	deletion
n1752	1549	0	0	75	217.02702656248545
n1754	deletion
n1757	1552	0	0	74	217.3862676562354
n1756	1551	0	0	75	217.2901139062354
n1769	1557	0	0	58	217.5772396874854
n1770	1556	0	0	67	217.5638849999854
n1762	1553	0	0	82	217.5358401562354
n1764	1555	0	0	76	217.90977140623536
n1763	1554	0	0	77	217.80827578123538
n1766	1559	0	0	76	218.17152328123532
n1765	1558	0	0	77	218.04465374998534
n1768	1561	0	0	76	218.43594609373528
n1767	1560	0	0	77	218.3090765624853
n1779	1563	0	0	58	218.59486687498526
n1780	1564	0	0	68	218.56281562498526
n1773	1562	0	0	82	218.56682203123526
n1775	1566	0	0	77	218.96212078123523
n1774	1565	0	0	79	218.84326406248525
n1782	1569	0	0	58	219.10100953123523
n1783	1568	0	0	67	219.10368046873523
n1776	1567	0	0	82	219.09700312498524
n1778	1571	0	0	76	219.4789471874852
n1777	1570	0	0	77	219.36142593748522
n1791	1574	0	0	58	219.62584874998518
n1792	1572	0	0	68	219.61917140623518
n1785	1573	0	0	82	219.61382953123518
n1787	1576	0	0	77	219.98642531248515
n1786	1575	0	0	79	219.87157499998517
n1794	1577	0	0	58	220.14801703123513
n1788	1579	0	0	82	220.13065593748513
n1795	1578	0	0	60	220.40042062498512
n1796	1581	0	0	62	220.5259546874851
n1789	1580	0	0	77	220.4257945312351
n1790	1583	0	0	80	220.40175609373512
n1807	1582	0	0	63	220.65015328123508
n1808	1584	0	0	65	220.78102921873506
n1805	1585	0	0	70	220.65683062498508
n1809	1587	0	0	67	220.89187312498504
n1810	1589	0	0	68	221.00939437498502
n1799	1586	0	0	75	220.89721499998504
n1800	1588	0	0	79	220.88386031248504
n1811	1591	0	0	70	221.140270312485
n1801	deletion
n1802	1590	0	0	77	221.120238281235
n1812	1592	0	0	72	221.38332562498496
n1813	1593	0	0	74	221.50485328123494
n1803	1596	0	0	89	221.39267390623496
n1804	1598	0	0	92	221.39000296873496
n1827	1594	0	0	75	221.62905187498492
n1828	1597	0	0	77	221.7519149999849
n1821	1595	0	0	82	221.64641296873492
n1829	1599	0	0	79	221.8721071874849
n1830	1602	0	0	80	221.9789446874849
n1816	1600	0	0	87	221.88279093748488
n1817	1601	0	0	91	221.8681007812349
n1831	1605	0	0	82	222.1218398437349
n1818	1603	0	0	86	222.1298526562349
n1819	1604	0	0	89	222.1258462499849
n1832	1609	0	0	80	222.43701046873488
n1825	1607	0	0	86	222.43166859373488
n1826	1606	0	0	89	222.45170062498488
n1820	1608	0	0	96	222.4143074999849
n1844	1612	0	0	79	222.68540765623484
n1836	1610	0	0	82	222.71211703123484
n1837	1611	0	0	87	222.71211703123484
n1845	1615	0	0	78	222.9685270312348
n1838	1614	0	0	82	222.9605142187348
n1839	1613	0	0	87	222.9898945312348
n1834	1617	0	0	94	222.9551723437348
n1846	1618	0	0	77	223.24897546873476
n1840	1616	0	0	84	223.26099468748475
n1841	1619	0	0	87	223.25698828123475
n1847	1620	0	0	70	223.5868490624847
n1842	1621	0	0	86	223.6322549999847
n1843	1622	0	0	89	223.6108874999847
n1835	1623	0	0	92	223.5895199999847
n1858	1632	0	0	63	224.02888921873466
n1863	deletion
n1848	1633	0	0	79	224.08764984373465
n1856	deletion
n1849	1624	0	0	82	224.23588687498463
n1857	1631	0	0	91	224.04224390623466
n1859	1630	0	0	66	224.3467307812346
n1860	1629	0	0	69	224.3574145312346
n1851	1626	0	0	82	224.4589101562346
n1850	1625	0	0	84	224.3427243749846
n1853	1628	0	0	82	224.72733937498455
n1852	1627	0	0	84	224.61248906248457
n1861	1641	0	0	67	224.84352515623453
n1862	1636	0	0	70	224.84486062498453
n1855	1634	0	0	82	224.9810784374845
n1854	1635	0	0	84	224.87290546873453
n1874	1646	0	0	63	225.0905868749845
n1876	deletion
n1864	1647	0	0	77	225.1039415624845
n1872	deletion
n1865	1637	0	0	80	225.24283031248447
n1873	1642	0	0	89	225.0852449999845
n1878	1640	0	0	71	225.35100328123448
n1875	1645	0	0	74	225.35367421873448
n1867	1639	0	0	80	225.4938984374845
n1866	1638	0	0	82	225.35901609373448
n1869	1644	0	0	80	225.74897296873448
n1868	1643	0	0	82	225.6221034374845
n1879	1650	0	0	70	225.86115234373446
n1871	1649	0	0	80	225.97466718748444
n1870	1648	0	0	82	225.87317156248446
n1891	1664	0	0	63	226.11622687498442
n1898	deletion
n1884	1653	0	0	75	226.2537801562344
n1883	1651	0	0	79	226.12958156248442
n1880	1652	0	0	87	226.10687859373442
n1892	1656	0	0	67	226.38064968748438
n1893	1654	0	0	70	226.37263687498438
n1886	1657	0	0	75	226.50618374998436
n1885	1655	0	0	77	226.37931421873438
n1894	1658	0	0	68	226.60901484373434
n1895	1659	0	0	72	226.60901484373434
n1888	1660	0	0	75	226.75458093748432
n1881	1661	0	0	84	226.60901484373434
n1887	deletion
n1896	1663	0	0	67	226.8614184374843
n1897	1662	0	0	70	226.8480637499843
n1890	1666	0	0	75	226.9695914062343
n1882	1665	0	0	82	226.8480637499843
n1889	deletion
n1918	1681	0	0	58	227.14720874998426
n1911	1667	0	0	67	227.13786046873426
n1904	1668	0	0	70	227.29411031248424
n1907	1677	0	0	75	227.65468687498418
n1903	deletion
n1899	1669	0	0	82	227.12183484373426
n1912	1674	0	0	65	227.4450182812342
n1913	1672	0	0	68	227.4396764062342
n1906	1673	0	0	70	227.5358301562342
n1905	1670	0	0	74	227.41296703123422
n1900	1671	0	0	80	227.40361874998422
n1914	1675	0	0	63	227.65602234373418
n1915	1678	0	0	67	227.65201593748418
n1919	1695	0	0	67	228.1968871874841
n1927	deletion
n1908	1679	0	0	70	227.80292390623416
n1901	1676	0	0	79	227.66002874998418
n1916	1682	0	0	62	227.90174859373414
n1917	1680	0	0	65	227.89106484373414
n1909	1683	0	0	68	227.93780624998413
n1910	1684	0	0	70	228.05265656248412
n1902	1685	0	0	77	227.89373578123414
n1929	1693	0	0	51	228.1568231249841
n1934	deletion
n1920	1686	0	0	70	228.3598143749841
n1928	1692	0	0	79	228.1835324999841
n1930	1694	0	0	54	228.4826774999841
n1931	1690	0	0	57	228.4840129687341
n1922	1688	0	0	70	228.6055406249841
n1921	1687	0	0	72	228.4880193749841
n1924	1691	0	0	70	228.83791218748405
n1923	1689	0	0	72	228.72439734373407
n1932	1701	0	0	55	228.94742062498403
n1933	1696	0	0	58	228.94608515623403
n1926	1697	0	0	70	229.071619218734
n1925	1698	0	0	72	228.97279453123403
n1946	1708	0	0	51	229.187804999984
n1935	1709	0	0	65	229.201159687484
n1943	deletion
n1936	1699	0	0	68	229.36141593748397
n1944	1704	0	0	77	229.179792187484
n1948	1702	0	0	59	229.43219578123396
n1945	1707	0	0	62	229.44020859373396
n1938	1703	0	0	68	229.58577468748393
n1937	1700	0	0	70	229.46024062498395
n1940	1706	0	0	68	229.8181462499839
n1939	1705	0	0	70	229.69795406248392
n1949	1710	0	0	58	229.94902218748388
n1942	1712	0	0	68	230.05318874998386
n1941	1711	0	0	70	229.93967390623388
n1963	1718	0	0	51	230.18807109373384
n1964	1717	0	0	55	230.18673562498384
n1965	1715	0	0	58	230.20009031248384
n1956	1719	0	0	63	230.29357312498382
n1955	1714	0	0	67	230.16536812498384
n1950	deletion
n1958	1721	0	0	63	230.5152609374838
n1957	1720	0	0	65	230.4244490624838
n1966	1725	0	0	44	230.64747234373377
n1967	1723	0	0	51	230.63945953123377
n1968	1722	0	0	56	230.64213046873377
n1959	1727	0	0	60	230.68085906248376
n1960	1728	0	0	63	230.79303843748374
n1951	1726	0	0	68	230.64747234373377
n1952	1724	0	0	72	230.61942749998377
n1969	1730	0	0	39	230.87450203123373
n1970	1729	0	0	51	230.85714093748373
n1961	1733	0	0	58	230.97332671873372
n1962	1734	0	0	63	231.0614676562337
n1953	1732	0	0	67	230.88251484373373
n1954	1731	0	0	70	230.86916015623373
n1983	1738	0	0	34	231.1295765624837
n1976	1737	0	0	58	231.24709781248367
n1975	1735	0	0	67	231.1242346874837
n1971	1736	0	0	70	231.1282410937337
n1984	1742	0	0	46	231.36061265623366
n1978	1741	0	0	56	231.49549499998363
n1977	1739	0	0	65	231.38198015623365
n1972	1740	0	0	68	231.36194812498366
n1985	1746	0	0	34	231.61301624998362
n1980	1745	0	0	55	231.7238601562336
n1979	1744	0	0	63	231.62236453123361
n1987	1756	0	0	63	232.08710765623354
n1992	deletion
n1973	1743	0	0	67	231.59699062498362
n1986	1748	0	0	46	231.83603953123358
n1982	1749	0	0	53	231.96691546873356
n1981	1747	0	0	62	231.84004593748358
n1974	1750	0	0	65	231.85206515623358
n2000	1754	0	0	39	232.10580421873354
n1993	1751	0	0	59	232.23000281248352
n2001	1753	0	0	47	232.47706453123348
n1994	1752	0	0	55	232.3622142187335
n2002	1755	0	0	46	232.59057937498346
n1989	1757	0	0	58	232.73881640623344
n2003	1759	0	0	39	232.83497015623342
n1990	1758	0	0	55	232.84164749998342
n1991	1760	0	0	63	232.9458140624834
n2014	1761	0	0	34	233.07668999998342
n2012	1762	0	0	58	233.0847028124834
n2005	1763	0	0	63	233.2142432812334
n2016	1767	0	0	55	233.45596312498336
n2015	1764	0	0	56	233.35446749998337
n2006	1765	0	0	62	233.33309999998338
n2007	1766	0	0	63	233.45062124998336
n2018	1770	0	0	51	233.68967015623332
n2017	1768	0	0	53	233.56280062498334
n2008	1769	0	0	65	233.56947796873334
n2009	1771	0	0	67	233.68699921873332
n2023	1774	0	0	46	233.7791465624833
n2019	1773	0	0	50	233.7764756249833
n2020	1775	0	0	58	233.90334515623329
n2011	1776	0	0	65	233.91536437498328
n2010	1772	0	0	68	233.8045204687333
n2037	1780	0	0	51	234.03822749998326
n2030	1777	0	0	71	234.18112265623324
n2024	1782	0	0	75	234.03956296873326
n2029	deletion
n2038	1779	0	0	59	234.4161651562332
n2031	1778	0	0	67	234.29997937498322
n2039	1781	0	0	58	234.5149898437332
n2026	1783	0	0	70	234.64052390623317
n2040	1785	0	0	51	234.73667765623316
n2027	1784	0	0	67	234.74602593748315
n2028	1786	0	0	75	234.84752156248314
n2051	1787	0	0	46	234.93833343748315
n2049	1788	0	0	70	234.96904921873315
n2042	1789	0	0	75	235.10927343748315
n2053	1793	0	0	67	235.33763859373312
n2052	1790	0	0	68	235.22145281248314
n2043	1791	0	0	74	235.21076906248314
n2044	1792	0	0	75	235.34298046873312
n2055	1796	0	0	63	235.56066187498308
n2054	1794	0	0	65	235.4431406249831
n2045	1795	0	0	77	235.4591662499831
n2046	1797	0	0	79	235.58202937498308
n2060	1799	0	0	58	235.70222156248306
n2056	1800	0	0	62	235.73961468748305
n2057	deletion
n2048	1801	0	0	77	235.85980687498304
n2047	1798	0	0	80	235.70489249998306
n2066	1805	0	0	63	236.16696468748302
n2067	1806	0	0	67	236.16295828123302
n2062	1804	0	0	77	236.25911203123303
n2061	1803	0	0	79	236.13891984373302
n2068	1807	0	0	65	236.52887671873302
n2063	1808	0	0	75	236.40868453123304
n2069	1810	0	0	63	236.65574624998303
n2064	1809	0	0	72	236.771932031233
n2070	1811	0	0	60	237.047038593733
n2065	1812	0	0	70	236.913491718733
n2076	1814	0	0	58	237.169901718733
n2072	1813	0	0	68	237.311461406233
n2077	1815	0	0	56	237.58256156248302
n2073	1816	0	0	67	237.44233734373302
n2078	1818	0	0	55	237.71210203123303
n2074	1817	0	0	65	237.817604062483
n2079	1819	0	0	53	238.087368749983
n2075	1820	0	0	63	237.96183468748302
n2085	1822	0	0	51	238.216909218733
n2081	1821	0	0	60	238.365146249983
n2086	1823	0	0	48	238.614878906233
n2082	1824	0	0	58	238.52006062498302
n2087	1826	0	0	46	238.759109531233
n2083	1825	0	0	56	238.87796624998302
n2088	1827	0	0	44	239.14906640623303
n2084	1828	0	0	55	239.01819046873302
n2094	1830	0	0	43	239.285284218733
n2090	1829	0	0	53	239.40681187498302
n2095	1831	0	0	41	239.68058296873303
n2091	1833	0	0	51	239.54570062498303
n2096	1832	0	0	39	239.80077515623304
n2092	1834	0	0	53	239.93031562498302
n2093	1837	0	0	51	240.063862499983
n2097	1836	0	0	70	240.19340296873298
n2098	1835	0	0	73	240.18405468748298
n2102	1839	0	0	70	240.33496265623296
n2103	1838	0	0	73	240.32828531248296
n2105	1841	0	0	68	241.57427765623294
n2106	1840	0	0	72	241.54890374998294
n2109	1844	0	0	67	242.65867828123285
n2110	1843	0	0	70	242.67203296873285
n2107	1842	0	0	75	242.66402015623285
n2108	1845	0	0	82	242.64131718748285
n2113	1846	0	0	65	243.74174343748274
n2114	1849	0	0	68	243.74708531248274
n2111	1848	0	0	73	243.73907249998274
n2112	1847	0	0	85	243.73239515623274
n2121	1851	0	0	64	244.82747953123265
n2122	1850	0	0	67	244.82347312498266
n2115	1853	0	0	72	244.82480859373266
n2116	1852	0	0	84	244.82347312498266
n2125	1859	0	0	61	245.7997007812326
n2123	1857	0	0	63	245.6728312499826
n2126	1860	0	0	65	245.7810042187326
n2124	1854	0	0	69	245.6688248437326
n2117	1855	0	0	72	245.6728312499826
n2119	1861	0	0	73	245.7903524999826
n2118	1856	0	0	77	245.6755021874826
n2120	1858	0	0	82	245.7823396874826
n2139	1864	0	0	61	245.91588656248257
n2140	1863	0	0	65	245.90653828123257
n2127	1865	0	0	73	245.90253187498257
n2128	1862	0	0	82	245.90653828123257
n2143	1871	0	0	60	246.29916609373254
n2141	1867	0	0	61	246.17096109373256
n2144	1873	0	0	63	246.28848234373254
n2142	1866	0	0	67	246.17096109373256
n2129	1868	0	0	70	246.17096109373256
n2131	1870	0	0	72	246.28981781248254
n2130	1869	0	0	75	246.16829015623256
n2132	1872	0	0	80	246.28581140623254
n2145	1875	0	0	60	246.41802281248252
n2146	1877	0	0	63	246.41401640623252
n2133	1876	0	0	72	246.41134546873252
n2134	1874	0	0	80	246.40867453123252
n2149	1883	0	0	58	246.78260578123246
n2147	1881	0	0	60	246.66374906248248
n2150	1885	0	0	61	246.77726390623246
n2148	1879	0	0	65	246.66508453123248
n2135	1878	0	0	68	246.65974265623248
n2137	1884	0	0	70	246.77859937498246
n2136	1880	0	0	73	246.65974265623248
n2138	1882	0	0	79	246.78794765623246
n2161	1887	0	0	58	246.90947531248244
n2162	1889	0	0	61	246.89879156248244
n2151	1888	0	0	70	246.90813984373244
n2152	1886	0	0	79	246.91348171873244
n2165	1894	0	0	56	247.27272281248239
n2163	1893	0	0	58	247.1565370312324
n2166	1895	0	0	60	247.2607035937324
n2164	1891	0	0	64	247.1498596874824
n2153	1890	0	0	67	247.1578724999824
n2155	1896	0	0	68	247.27272281248239
n2154	1892	0	0	72	247.1538660937324
n2156	1897	0	0	77	247.27138734373239
n2167	1901	0	0	56	247.41695343748236
n2168	1900	0	0	60	247.41695343748236
n2157	1899	0	0	68	247.41294703123236
n2158	1898	0	0	77	247.40894062498236
n2169	1905	0	0	56	247.70007281248232
n2170	1904	0	0	59	247.68404718748232
n2159	1902	0	0	65	247.69606640623232
n2160	1903	0	0	77	247.69606640623232
n2178	1910	0	0	55	248.07801046873226
n2179	1908	0	0	58	248.06999765623226
n2171	1906	0	0	65	248.08201687498226
n2172	1907	0	0	77	248.07801046873226
n2173	1909	0	0	64	248.59884328123218
n2174	1913	0	0	76	248.59884328123218
n2180	1912	0	0	53	248.85258234373214
n2181	1911	0	0	56	248.84590499998214
n2175	1914	0	0	65	248.84857593748214
n2176	1924	0	0	72	248.86059515623214
n2177	1915	0	0	77	248.82987937498214
n2195	1919	0	0	52	249.0969731249821
n2196	1918	0	0	55	249.0756056249821
n2182	1916	0	0	67	249.0929667187321
n2183	deletion
n2184	1917	0	0	79	249.0889603124821
n2197	1923	0	0	50	249.3280092187321
n2198	1922	0	0	53	249.3280092187321
n2185	1920	0	0	68	249.3280092187321
n2186	deletion
n2187	1921	0	0	80	249.3280092187321
n2199	1931	0	0	48	249.56705812498205
n2200	1929	0	0	52	249.56305171873205
n2188	1927	0	0	70	249.57907734373205
n2189	1925	0	0	72	249.58308374998205
n2190	1926	0	0	82	249.56972906248205
n2201	deletion
n2202	deletion
n2203	1928	0	0	55	249.77672671873202
n2204	1930	0	0	58	249.80210062498202
n2191	1932	0	0	67	249.81278437498202
n2192	1935	0	0	72	249.81812624998201
n2193	1934	0	0	76	249.81411984373202
n2194	1933	0	0	79	249.81545531248202
n2213	1939	0	0	41	250.04114953123198
n2214	1941	0	0	48	250.19205749998196
n2205	1936	0	0	68	250.06385249998198
n2206	1937	0	0	72	250.05183328123198
n2207	1940	0	0	77	250.06518796873198
n2208	1938	0	0	80	250.05984609373198
n2216	1943	0	0	48	250.44579656248195
n2215	1942	0	0	56	250.33762359373196
n2217	1946	0	0	41	250.56198234373196
n2218	1947	0	0	48	250.71422578123193
n2210	1944	0	0	72	250.55797593748196
n2211	1945	0	0	84	250.55797593748196
n2220	1949	0	0	48	250.94926828123192
n2219	1948	0	0	56	250.82640515623194
n2225	1951	0	0	43	251.0761378124819
n2226	1953	0	0	48	251.24574234373188
n2221	1954	0	0	84	251.0828151562319
n2222	1952	0	0	96	251.0801442187319
n2228	1956	0	0	48	251.49547499998184
n2227	1955	0	0	58	251.38196015623186
n2229	1957	0	0	43	251.61032531248185
n2230	1958	0	0	48	251.75188499998185
n2232	1960	0	0	48	251.99494031248182
n2231	1959	0	0	58	251.87341265623184
n2223	1972	0	0	72	251.86272890623184
n2224	1961	0	0	84	251.85471609373184
n2237	1962	0	0	44	252.1004423437318
n2238	1963	0	0	48	252.23398921873178
n2240	1965	0	0	48	252.46235437498174
n2239	1964	0	0	60	252.35151046873176
n2241	1966	0	0	44	252.59456578123175
n2242	1967	0	0	48	252.69205499998174
n2244	1971	0	0	48	252.9230910937317
n2243	1968	0	0	60	252.80022796873172
n2235	1969	0	0	68	252.8416274999817
n2236	1970	0	0	80	252.8322792187317
n2253	1975	0	0	46	253.04996062498168
n2254	deletion
n2245	1973	0	0	67	253.10471484373167
n2246	1974	0	0	79	253.08601828123167
n2256	1979	0	0	48	253.37848593748163
n2255	1976	0	0	58	253.29835781248164
n2247	1978	0	0	64	253.33708640623163
n2248	1977	0	0	76	253.33040906248164
n2257	deletion
n2258	deletion
n2249	1981	0	0	61	253.56945796873163
n2250	1982	0	0	73	253.55610328123163
n2260	1986	0	0	48	253.8979832812316
n2259	1983	0	0	55	253.78580390623162
n2251	1984	0	0	60	253.82186156248162
n2252	1985	0	0	72	253.79782312498162
n2267	1989	0	0	41	254.01683999998158
n2268	1990	0	0	48	254.18110265623156
n2261	1987	0	0	60	254.04087843748158
n2262	1988	0	0	72	254.02752374998158
n2270	1992	0	0	48	254.41748062498155
n2269	1991	0	0	56	254.31197859373157
n2271	1995	0	0	41	254.53500187498156
n2272	1996	0	0	48	254.67389062498154
n2264	1993	0	0	72	254.52164718748156
n2265	1994	0	0	84	254.51897624998156
n2274	1998	0	0	48	254.89958484373153
n2273	1997	0	0	56	254.77805718748152
n2279	1999	0	0	43	255.03179624998154
n2280	2001	0	0	48	255.1947234374815
n2275	2002	0	0	84	255.02912531248154
n2276	2000	0	0	96	255.02511890623154
n2282	2004	0	0	48	255.43510781248148
n2281	2003	0	0	58	255.3229284374815
n2283	2005	0	0	43	255.52859062498146
n2284	2006	0	0	48	255.65946656248144
n2286	2008	0	0	48	255.8571159374814
n2285	2007	0	0	58	255.76496859373142
n2277	2019	0	0	72	255.76363312498142
n2278	2009	0	0	84	255.75562031248143
n2291	2010	0	0	44	255.9826499999814
n2292	2011	0	0	48	256.1509190624815
n2294	2013	0	0	48	256.32586546873154
n2293	2012	0	0	60	256.2203634374815
n2295	2014	0	0	41	256.47677343748154
n2296	2015	0	0	48	256.6156621874816
n2298	deletion
n2297	2016	0	0	56	256.7131514062317
n2289	2018	0	0	68	256.7238351562317
n2290	2017	0	0	80	256.7118159374817
n2307	2022	0	0	38	256.9428520312319
n2308	2023	0	0	46	257.0897535937319
n2299	2021	0	0	65	256.9722323437319
n2300	2020	0	0	77	256.9789096874819
n2310	2027	0	0	46	257.291409374982
n2309	2024	0	0	53	257.1805654687319
n2301	2026	0	0	62	257.20059749998194
n2302	2025	0	0	74	257.1939201562319
n2311	2029	0	0	38	257.431633593732
n2312	2030	0	0	46	257.5665159374821
n2303	2028	0	0	59	257.45834296873204
n2304	2031	0	0	71	257.440981874982
n2314	2035	0	0	46	257.7387914062323
n2313	2032	0	0	53	257.64664406248215
n2305	2033	0	0	58	257.6760243749822
n2306	2034	0	0	70	257.6666760937322
n2321	2037	0	0	39	257.8923703124824
n2322	2039	0	0	46	258.0459492187326
n2315	2036	0	0	58	257.9230860937324
n2316	2038	0	0	70	257.9070604687324
n2324	2041	0	0	46	258.2729789062326
n2323	2040	0	0	54	258.14477390623256
n2325	2044	0	0	39	258.3784809374826
n2326	2045	0	0	46	258.53205984373267
n2318	2042	0	0	70	258.40251937498266
n2319	2043	0	0	82	258.39851296873263
n2328	2047	0	0	46	258.75775406248266
n2327	2046	0	0	54	258.6348909374827
n2333	2048	0	0	41	258.87393984373267
n2334	2049	0	0	46	259.0341960937328
n2329	2052	0	0	82	258.9140039062328
n2330	2050	0	0	94	258.9086620312327
n2336	2053	0	0	46	259.25989031248304
n2335	2051	0	0	56	259.14503999998294
n2337	2054	0	0	41	259.377411562483
n2338	2055	0	0	46	259.51897124998305
n2340	2057	0	0	46	259.74466546873316
n2339	2056	0	0	56	259.6364924999831
n2331	2063	0	0	70	259.6458407812331
n2332	2058	0	0	82	259.62714421873306
n2345	2059	0	0	42	259.85684484373326
n2346	2060	0	0	46	259.99439812498343
n2348	2062	0	0	46	260.2227632812335
n2347	2061	0	0	58	260.10791296873344
n2349	2064	0	0	42	260.3523037499835
n2350	2065	0	0	46	260.4978698437335
n2352	2069	0	0	46	260.6955192187336
n2351	2066	0	0	58	260.59936546873354
n2343	2067	0	0	66	260.59402359373354
n2344	2068	0	0	78	260.5820043749835
n2361	2072	0	0	44	260.8290660937337
n2362	2073	0	0	46	260.9799740624838
n2353	2071	0	0	65	260.8450917187337
n2354	2070	0	0	77	260.8210532812337
n2364	2077	0	0	46	261.1429012499838
n2363	2074	0	0	56	261.0520893749838
n2355	2076	0	0	62	261.0721214062338
n2356	2075	0	0	74	261.0654440624838
n2365	2078	0	0	34	261.2938092187338
n2366	2080	0	0	46	261.4260206249839
n2357	2079	0	0	59	261.32986687498385
n2358	2081	0	0	71	261.31384124998385
n2368	2085	0	0	46	261.622334531234
n2367	2082	0	0	53	261.53552906248393
n2359	2083	0	0	58	261.540870937484
n2360	2084	0	0	70	261.5315226562339
n2375	2088	0	0	39	261.7518749999841
n2376	2089	0	0	46	261.8961056249843
n2369	2086	0	0	58	261.77991984373415
n2370	2087	0	0	70	261.7759134374841
n2378	2091	0	0	46	262.1418318749843
n2377	2090	0	0	54	262.0216396874843
n2379	2094	0	0	41	262.2486693749843
n2380	2095	0	0	46	262.41159656248436
n2372	2092	0	0	70	262.2580176562343
n2373	2093	0	0	82	262.2540112499843
n2382	2097	0	0	46	262.6119168749844
n2381	2096	0	0	56	262.4957310937344
n2389	2098	0	0	43	262.71207703123446
n2390	2099	0	0	51	262.88301703123454
n2383	2100	0	0	82	262.7160834374845
n2384	2103	0	0	94	262.71207703123446
n2392	2102	0	0	51	263.0860082812346
n2391	2101	0	0	58	262.9871835937346
n2393	2106	0	0	44	263.1981876562347
n2394	2107	0	0	51	263.3490956249849
n2386	2105	0	0	83	263.2062004687347
n2387	2104	0	0	95	263.2035295312347
n2396	2109	0	0	51	263.58280265623506
n2395	2108	0	0	59	263.46261046873497
n2397	2110	0	0	71	263.9313599999854
n2399	2111	0	0	70	265.13194640623595
n2404	2113	0	0	59	266.44204124998595
n2401	2112	0	0	68	266.4300220312359
n2406	2114	0	0	58	267.71207203123595
n2408	2115	0	0	57	268.908652031236
n2407	2116	0	0	72	268.89930374998596
n2411	2117	0	0	70	270.184024687486
n2416	2119	0	0	60	271.446042656236
n2413	2118	0	0	69	271.454055468736
n2418	2120	0	0	58	272.713402499986
n2420	2121	0	0	56	273.931349999986
n2419	2122	0	0	77	273.927343593736
n2423	2123	0	0	75	275.12926546873655
n2428	2126	0	0	65	276.3859415624866
n2429	2125	0	0	68	276.36457406248655
n2425	2124	0	0	74	276.3712514062366
n2431	2127	0	0	63	277.51307718748694
n2432	2128	0	0	67	277.4983870312369
n2435	2131	0	0	62	278.62685812498745
n2436	2132	0	0	65	278.6175098437374
n2433	2130	0	0	70	278.61884531248745
n2434	2129	0	0	82	278.6054906249874
n2439	2133	0	0	60	279.716600624988
n2440	2134	0	0	63	279.709923281238
n2437	2136	0	0	68	279.70057499998796
n2438	2135	0	0	80	279.68588484373794
n2443	2138	0	0	59	280.8931485937385
n2444	2137	0	0	62	280.8797939062385
n2441	2140	0	0	67	280.87578749998846
n2442	2139	0	0	79	280.86911015623843
n2454	2146	0	0	58	282.1351345312394
n2451	2141	0	0	63	282.13379906248935
n2452	2143	0	0	65	282.6586382812398
n2449	deletion
n2447	2144	0	0	68	282.6866831249898
n2448	2142	0	0	80	282.6573028124898
n2453	2145	0	0	62	282.9270674999901
n2450	2147	0	0	77	282.9243965624901
n2458	2148	0	0	58	283.3691076562405
n2455	2158	0	0	75	283.22754796874034
n2456	2154	0	0	79	283.21686421874034
n2460	2150	0	0	58	283.59880828124074
n2459	2149	0	0	60	283.48395796874064
n2461	2151	0	0	57	283.71098765624083
n2462	2152	0	0	58	283.82183156249084
n2464	2155	0	0	51	284.0421839062409
n2463	2153	0	0	55	283.9366818749909
n2468	2157	0	0	53	284.29058109374097
n2467	2156	0	0	56	284.1770662499909
n2465	2166	0	0	70	284.1743953124909
n2466	2165	0	0	77	284.1463504687409
n2470	deletion
n2469	2159	0	0	50	284.4201215624911
n2472	2162	0	0	41	284.7499823437414
n2471	2161	0	0	44	284.64047390624125
n2474	2164	0	0	34	284.99837953124154
n2473	2163	0	0	38	284.8755164062415
n2481	2167	0	0	39	285.1466165624916
n2482	2169	0	0	41	285.2668087499917
n2475	2172	0	0	67	285.1319264062416
n2476	2168	0	0	75	285.10655249999155
n2483	2170	0	0	43	285.38566546874176
n2484	2171	0	0	44	285.5058576562418
n2485	2173	0	0	46	285.6207079687419
n2486	2174	0	0	48	285.735558281242
n2477	2176	0	0	68	285.6260498437419
n2478	2175	0	0	72	285.6207079687419
n2487	2179	0	0	50	285.86109234374214
n2488	2180	0	0	51	285.9892973437422
n2479	2177	0	0	67	285.86910515624214
n2480	2178	0	0	70	285.86109234374214
n2503	2196	0	0	46	286.0827801562422
n2497	2181	0	0	53	286.0974703124923
n2498	2182	0	0	55	286.24170093749245
n2489	2183	0	0	67	286.10948953124233
n2490	2184	0	0	70	286.0961348437423
n2499	2185	0	0	56	286.3418610937425
n2500	2187	0	0	57	286.4580468749927
n2491	2188	0	0	65	286.3752478124926
n2492	2186	0	0	68	286.3498739062425
n2501	2189	0	0	58	286.59693562499285
n2495	deletion
n2493	2191	0	0	63	286.61296124999285
n2494	2190	0	0	67	286.59426468749285
n2502	2192	0	0	56	286.86135843749287
n2496	2193	0	0	65	286.84399734374284
n2512	2205	0	0	51	287.15649703124296
n2513	2204	0	0	55	287.13379406249294
n2505	2195	0	0	58	287.241967031243
n2504	2194	0	0	63	287.1297876562429
n2507	2198	0	0	58	287.495706093743
n2506	2197	0	0	60	287.364830156243
n2508	2199	0	0	57	287.58785343749304
n2509	2200	0	0	58	287.708045624993
n2511	2202	0	0	63	287.941752656243
n2510	2201	0	0	67	287.806870312493
n2522	2208	0	0	46	288.07262859374305
n2523	2209	0	0	53	288.06194484374305
n2514	2203	0	0	62	288.049925624993
n2515	2206	0	0	63	288.16744687499306
n2516	2207	0	0	65	288.27428437499304
n2517	2210	0	0	67	288.40115390624305
n2518	2211	0	0	68	288.50398499999307
n2519	2212	0	0	69	288.6148289062431
n2521	2214	0	0	70	288.8592196874931
n2520	2213	0	0	72	288.7283437499931
n2532	2223	0	0	63	288.9687281249931
n2533	2225	0	0	67	288.9553734374931
n2524	2215	0	0	69	288.9660571874931
n2525	2216	0	0	70	289.0902557812431
n2527	2218	0	0	70	289.32262734374314
n2526	2217	0	0	72	289.1810676562431
n2528	2219	0	0	69	289.41744562499315
n2529	2220	0	0	70	289.52561859374316
n2531	2222	0	0	75	289.7633320312432
n2530	2221	0	0	79	289.6311206249932
n2542	2227	0	0	58	289.86482765624316
n2543	2229	0	0	65	289.85681484374317
n2534	2224	0	0	74	289.86215671874317
n2535	2226	0	0	75	289.9689942187433
n2536	2228	0	0	77	290.08384453124347
n2537	2230	0	0	79	290.1960239062436
n2538	2231	0	0	80	290.3082032812436
n2539	2232	0	0	81	290.4163762499936
n2541	2234	0	0	82	290.63939953124367
n2540	2233	0	0	84	290.52187828124363
n2552	2247	0	0	75	290.75291437499374
n2553	2242	0	0	79	290.7382242187437
n2544	2235	0	0	81	290.74490156249374
n2545	2236	0	0	82	290.8691001562438
n2547	2238	0	0	82	291.0787687499938
n2546	2237	0	0	84	290.9585765624938
n2548	2239	0	0	81	291.1815998437438
n2549	2240	0	0	82	291.2871018749939
n2551	2243	0	0	87	291.5168024999939
n2550	2241	0	0	91	291.3899329687439
n2562	2249	0	0	70	291.61963359374397
n2563	2245	0	0	74	291.623639999994
n2564	2246	0	0	77	291.61696265624397
n2554	2244	0	0	86	291.61963359374397
n2555	2248	0	0	87	291.7358193749941
n2556	2250	0	0	89	291.8439923437442
n2557	2251	0	0	91	291.9735328124942
n2565	2254	0	0	68	292.05633187499427
n2566	2253	0	0	70	292.0710220312443
n2567	2259	0	0	74	292.0429771874943
n2568	2257	0	0	77	292.04164171874424
n2558	2252	0	0	92	292.0830412499943
n2559	2255	0	0	93	292.2005624999944
n2561	2260	0	0	94	292.5317587499947
n2560	2256	0	0	96	292.3127418749946
n2577	2262	0	0	67	292.54110703124474
n2578	2261	0	0	70	292.5210749999947
n2569	2263	0	0	93	292.64927999999486
n2570	2264	0	0	94	292.7748140624949
n2572	2266	0	0	91	292.98181171874506
n2571	2265	0	0	92	292.8723032812449
n2579	2271	0	0	63	292.95376687499504
n2580	2267	0	0	67	292.944418593745
n2574	2269	0	0	87	293.17812562499523
n2573	2268	0	0	89	293.08597828124516
n2576	deletion
n2575	2270	0	0	86	293.26493109374525
n2589	2273	0	0	58	293.41316812499537
n2590	2276	0	0	65	293.4225164062454
n2591	2274	0	0	68	293.40916171874534
n2582	deletion
n2581	deletion
n2584	2278	0	0	77	293.7310096874957
n2583	2277	0	0	79	293.6335204687457
n2592	2282	0	0	58	293.8926014062459
n2593	2281	0	0	65	293.88592406249586
n2594	2279	0	0	68	293.86322109374584
n2586	2283	0	0	74	293.96338124999596
n2585	2280	0	0	75	293.85787921874584
n2587	2284	0	0	77	294.0728896874961
n2588	2285	0	0	80	294.1730498437462
n2598	2286	0	0	58	294.4321307812464
n2595	2295	0	0	75	294.33998343749636
n2596	2292	0	0	79	294.3092676562463
n2600	2288	0	0	58	294.64981218749654
n2599	2287	0	0	60	294.54698109374647
n2601	2289	0	0	57	294.7646624999966
n2602	2290	0	0	58	294.8728354687466
n2604	2293	0	0	51	295.0731557812468
n2603	2291	0	0	55	294.97299562499666
n2608	2296	0	0	53	295.3322367187469
n2607	2294	0	0	56	295.20803812499685
n2605	2304	0	0	70	295.21605093749685
n2606	2298	0	0	77	295.1906770312468
n2610	deletion
n2609	2297	0	0	50	295.4444160937469
n2612	2301	0	0	41	295.780954218747
n2611	2300	0	0	44	295.66209749999695
n2614	2303	0	0	34	295.9973001562471
n2613	2302	0	0	38	295.889127187497
n2621	2305	0	0	39	296.14286624999716
n2622	2306	0	0	41	296.2617229687473
n2615	2310	0	0	67	296.13485343749716
n2616	2307	0	0	75	296.12016328124713
n2623	2308	0	0	43	296.37523781249735
n2624	2309	0	0	44	296.49409453124747
n2625	2311	0	0	46	296.6022674999976
n2626	2312	0	0	48	296.7131114062477
n2617	2314	0	0	68	296.6049384374976
n2618	2313	0	0	72	296.59291921874757
n2627	2317	0	0	50	296.82395531249784
n2628	2318	0	0	51	296.94147656249794
n2619	2315	0	0	67	296.8252907812479
n2620	2316	0	0	70	296.82395531249784
n2643	2332	0	0	46	297.036294843748
n2637	2319	0	0	53	297.06300421874806
n2638	2320	0	0	55	297.20189296874815
n2629	2321	0	0	67	297.05899781249803
n2630	2322	0	0	70	297.049649531248
n2639	2323	0	0	56	297.29804671874825
n2640	2325	0	0	57	297.4062196874984
n2631	2326	0	0	65	297.3087304687483
n2632	2324	0	0	68	297.3047240624983
n2641	2328	0	0	58	297.54510843749847
n2635	deletion
n2633	2329	0	0	63	297.53709562499847
n2634	2327	0	0	67	297.53308921874844
n2642	2330	0	0	56	297.79751203124874
n2636	2331	0	0	65	297.7961765624987
n2652	2341	0	0	51	298.08063140624904
n2653	2340	0	0	55	298.069947656249
n2645	2334	0	0	58	298.1994881249991
n2644	2333	0	0	63	298.071283124999
n2647	2336	0	0	58	298.4385370312491
n2646	2335	0	0	60	298.3210157812491
n2648	2337	0	0	57	298.5440390624991
n2649	2338	0	0	58	298.6655667187491
n2651	2342	0	0	63	298.89259640624914
n2650	2339	0	0	67	298.76839781249913
n2662	2345	0	0	46	298.9940920312492
n2663	2346	0	0	53	298.98741468749915
n2654	2343	0	0	62	299.0034403124992
n2655	2344	0	0	63	299.11294874999925
n2656	2347	0	0	65	299.22646359374926
n2657	2348	0	0	67	299.3573395312493
n2658	2349	0	0	68	299.4574996874993
n2659	2350	0	0	69	299.57234999999935
n2661	2352	0	0	70	299.8100634374996
n2660	2351	0	0	72	299.68319390624947
n2672	2362	0	0	63	299.9182364062497
n2673	2361	0	0	67	299.8928624999997
n2664	2353	0	0	69	299.8968689062497
n2665	2354	0	0	70	300.0063773437498
n2667	2356	0	0	70	300.24141984374995
n2666	2355	0	0	72	300.0998601562499
n2668	2357	0	0	69	300.34558640625
n2669	2358	0	0	70	300.46310765625003
n2671	2360	0	0	75	300.68479546875005
n2670	2359	0	0	79	300.55792593750004
n2682	2365	0	0	58	300.7876265625001
n2683	2366	0	0	65	300.77961375000007
n2674	2363	0	0	74	300.7929684375001
n2675	2364	0	0	75	300.89713500000016
n2676	2367	0	0	77	301.0093143750002
n2677	2368	0	0	79	301.12416468750024
n2678	2369	0	0	80	301.2269957812503
n2679	2370	0	0	81	301.3445170312504
n2681	2372	0	0	82	301.56086296875037
n2680	2371	0	0	84	301.4513545312504
n2692	2382	0	0	75	301.67437781250044
n2693	2380	0	0	79	301.6770487500005
n2684	2373	0	0	81	301.66903593750044
n2685	2374	0	0	82	301.79457000000053
n2687	2376	0	0	82	302.0055740625006
n2686	2375	0	0	84	301.88404640625055
n2688	2377	0	0	81	302.11508250000065
n2689	2378	0	0	82	302.2139071875007
n2691	2381	0	0	87	302.4556270312508
n2690	2379	0	0	91	302.32608656250073
n2702	2384	0	0	70	302.5330842187508
n2703	2386	0	0	77	302.5451034375008
n2694	2383	0	0	86	302.55845812500087
n2695	2385	0	0	87	302.67197296875105
n2696	2387	0	0	89	302.7748040625011
n2697	2388	0	0	91	302.89366078125124
n2704	2391	0	0	68	302.99782734375134
n2705	2392	0	0	70	303.00450468750137
n2706	2395	0	0	77	302.9964918750013
n2698	2389	0	0	92	302.9898145312513
n2699	2390	0	0	93	303.1060003125014
n2701	2394	0	0	94	303.3250171875015
n2700	2393	0	0	96	303.2088314062514
n2715	2398	0	0	67	303.47859609375166
n2716	2397	0	0	70	303.4852734375017
n2708	2399	0	0	70	303.6642262500019
n2707	2396	0	0	94	303.4545576562516
n2717	2402	0	0	63	303.764386406252
n2718	2403	0	0	67	303.772399218752
n2710	2401	0	0	70	303.89793328125216
n2709	2400	0	0	72	303.763050937502
n2711	2404	0	0	69	303.9900806250022
n2712	2405	0	0	70	304.09958906250216
n2719	2407	0	0	63	304.2224521875022
n2720	2406	0	0	67	304.2090975000022
n2714	2409	0	0	75	304.3319606250023
n2713	2408	0	0	79	304.2010846875022
n2729	2412	0	0	58	304.4574946875024
n2730	2413	0	0	65	304.4347917187523
n2721	2410	0	0	74	304.44414000000234
n2722	2411	0	0	75	304.5603257812525
n2723	2414	0	0	77	304.67651156250264
n2724	2415	0	0	79	304.7940328125028
n2731	2418	0	0	56	304.89152203125286
n2732	2419	0	0	58	304.91155406250294
n2733	2422	0	0	65	304.8928575000029
n2725	2416	0	0	80	304.8968639062529
n2726	2417	0	0	81	305.014385156253
n2728	2421	0	0	82	305.2360729687532
n2727	2420	0	0	84	305.12389359375305
n2742	2425	0	0	55	305.37896812500344
n2743	2424	0	0	58	305.3776326562534
n2735	2426	0	0	58	305.59932046875355
n2734	2423	0	0	82	305.3629425000034
n2744	2430	0	0	51	305.7048225000037
n2745	2429	0	0	55	305.69547421875365
n2737	2428	0	0	58	305.8303565625037
n2736	2427	0	0	60	305.7048225000037
n2738	2431	0	0	57	305.9184975000037
n2739	2432	0	0	58	306.0280059375038
n2746	2434	0	0	51	306.1428562500038
n2747	2433	0	0	55	306.1428562500038
n2741	2436	0	0	63	306.24835828125384
n2740	2435	0	0	67	306.1468626562538
n2756	2438	0	0	46	306.3925889062539
n2757	2439	0	0	53	306.38591156250385
n2748	2437	0	0	57	306.3819051562538
n2749	2440	0	0	58	306.511445625004
n2751	2442	0	0	65	306.72779156250425
n2750	2441	0	0	68	306.6329732812541
n2758	2448	0	0	46	306.8760285937543
n2759	2446	0	0	53	306.8640093750043
n2760	2444	0	0	56	306.8693512500043
n2752	deletion
n2753	2445	0	0	72	307.03094296875446
n2755	2449	0	0	62	307.35145546875475
n2754	2447	0	0	70	307.17650906250464
n2761	2450	0	0	63	307.60653000000497
n2763	2451	0	0	58	308.7416784375056
n2768	2453	0	0	51	309.94092937500596
n2765	2452	0	0	55	309.94092937500596
n2770	2454	0	0	46	311.13483843750606
n2773	2455	0	0	43	312.33408937500604
n2771	2456	0	0	63	312.35412140625607
n2772	2457	0	0	67	312.32607656250605
n2776	2459	0	0	58	313.49861812500683
n2777	2458	0	0	65	313.4638959375068
n2783	2462	0	0	51	314.6791725000072
n2779	2460	0	0	55	314.6484567187572
n2784	deletion
n2780	2461	0	0	63	314.6431148437572
n2789	2466	0	0	46	315.75155390625775
n2790	2465	0	0	53	315.7395346875077
n2787	2463	0	0	63	316.4887326562583
n2788	2464	0	0	67	316.4767134375083
n2793	2467	0	0	43	316.7785293750084
n2794	2468	0	0	51	316.79321953125844
n2791	2472	0	0	58	316.7892131250084
n2792	2470	0	0	65	316.7625037500084
n2796	2471	0	0	51	317.5691268750086
n2797	2469	0	0	55	317.54108203125855
n2803	2478	0	0	46	317.8749492187587
n2804	2477	0	0	53	317.8562526562586
n2798	2473	0	0	55	317.8749492187587
n2799	2474	0	0	63	317.87094281250864
n2801	2476	0	0	75	318.60812156250887
n2802	2475	0	0	79	318.60678609375884
n2807	2479	0	0	43	318.893911875009
n2808	2480	0	0	51	318.904595625009
n2805	2482	0	0	70	318.896582812509
n2806	2483	0	0	77	318.86987343750894
n2810	2484	0	0	63	319.6230778125094
n2811	2481	0	0	67	319.5910265625094
n2817	2490	0	0	58	319.9516031250096
n2818	2487	0	0	65	319.9275646875095
n2812	2485	0	0	67	319.94626125000957
n2813	2486	0	0	75	319.92890015625954
n2815	2489	0	0	87	320.63135671876023
n2816	2488	0	0	91	320.62067296876023
n2826	2491	0	0	55	320.8877667187604
n2827	2492	0	0	63	320.8770829687604
n2820	2493	0	0	87	321.1188028125105
n2821	2494	0	0	91	321.1107900000105
n2822	2496	0	0	82	321.4019221875107
n2823	2495	0	0	89	321.3832256250107
n2824	2497	0	0	79	321.6396356250107
n2825	2498	0	0	87	321.6316228125107
n2830	2499	0	0	79	321.90806484376077
n2831	2500	0	0	87	321.89471015626077
n2835	2502	0	0	75	322.1484492187608
n2836	2501	0	0	79	322.1110560937608
n2837	2504	0	0	70	322.4115365625108
n2838	2503	0	0	77	322.3955109375108
n2839	2506	0	0	67	322.65592734376077
n2840	2505	0	0	75	322.65859828126077
n2848	2508	0	0	67	322.90699546876084
n2849	2507	0	0	75	322.90966640626084
n2842	2509	0	0	63	323.162070000011
n2843	2511	0	0	67	323.150050781261
n2844	2512	0	0	58	323.4425184375113
n2845	2510	0	0	65	323.42649281251124
n2846	2513	0	0	55	323.6829028125115
n2847	2514	0	0	63	323.6535225000115
n2852	2515	0	0	55	323.9192807812616
n2853	2516	0	0	63	323.9206162500116
n2857	2518	0	0	51	324.187710000012
n2858	2517	0	0	55	324.171684375012
n2859	2520	0	0	46	324.47082937501204
n2860	2519	0	0	53	324.44144906251205
n2861	2522	0	0	43	324.72189750001235
n2862	2521	0	0	51	324.73258125001234
n2863	2526	0	0	53	324.9929976562626
n2864	2527	0	0	58	324.9783075000126
n2867	2524	0	0	46	325.2400593750127
n2868	2523	0	0	50	325.25474953126275
n2869	2525	0	0	39	325.5311915625128
n2865	2528	0	0	51	325.7809242187629
n2866	2529	0	0	55	325.77424687501286
n2870	2534	0	0	53	326.0667145312629
n2871	2533	0	0	58	326.0506889062629
n2874	2531	0	0	46	326.3151117187629
n2875	2530	0	0	50	326.3070989062629
n2876	2532	0	0	39	326.57152171876305
n2872	2535	0	0	51	326.83193812501315
n2873	2536	0	0	55	326.8199189062631
n2877	2539	0	0	53	327.0950254687634
n2878	2541	0	0	58	327.07899984376337
n2881	2538	0	0	46	327.3607837500137
n2882	2537	0	0	50	327.3527709375137
n2883	2540	0	0	39	327.61452281251377
n2879	2543	0	0	51	327.8509007812638
n2880	2542	0	0	55	327.8509007812638
n2884	2546	0	0	50	328.130013750014
n2885	2544	0	0	53	328.13802656251397
n2886	2548	0	0	58	328.12066546876395
n2890	2545	0	0	46	328.415804062514
n2891	2547	0	0	34	328.70693625001417
n2892	2552	0	0	46	329.0274487500144
n2887	2549	0	0	53	329.0301196875144
n2888	2551	0	0	56	329.0341260937644
n2889	2550	0	0	62	329.0301196875144
n2897	2553	0	0	39	329.7392535937649
n2893	2554	0	0	55	329.71788609376483
n2894	2555	0	0	63	329.72189250001486
n2899	2557	0	0	38	330.97189125001535
n2900	2556	0	0	39	330.9932587500154
n2909	2564	0	0	36	332.2659604687662
n2910	2563	0	0	39	332.2419220312662
n2901	2558	0	0	63	332.27397328126625
n2902	2559	0	0	65	332.50233843751647
n2904	2561	0	0	62	332.7680967187668
n2903	2560	0	0	63	332.6358853125166
n2905	2562	0	0	63	332.8856179687668
n2906	2565	0	0	65	332.9977973437668
n2907	2566	0	0	67	333.12333140626686
n2908	2567	0	0	68	333.2421881250169
n2919	2573	0	0	34	333.36371578126705
n2920	2571	0	0	39	333.3650512500171
n2911	2568	0	0	70	333.3690576562671
n2912	2569	0	0	72	333.48924984376725
n2913	2570	0	0	74	333.61478390626735
n2914	2572	0	0	75	333.7282987500174
n2915	2574	0	0	77	333.85116187501745
n2916	2575	0	0	79	333.9860442187675
n2917	2576	0	0	80	334.0928817187675
n2918	2577	0	0	82	334.2037256250175
n2928	2586	0	0	32	334.4080523437676
n2929	2581	0	0	39	334.39469765626757
n2921	2578	0	0	84	334.3987040625176
n2922	2579	0	0	86	334.63107562501784
n2923	2580	0	0	87	334.78599000001805
n2924	2582	0	0	89	334.9368979687681
n2925	2583	0	0	91	335.0517482812681
n2926	2584	0	0	92	335.1559148437681
n2927	2585	0	0	94	335.2881262500181
n2933	2590	0	0	31	335.4563953125182
n2934	2588	0	0	39	335.46841453126825
n2930	2587	0	0	96	335.4523889062682
n2931	2589	0	0	94	336.0640335937686
n2944	2601	0	0	32	336.7130714062688
n2945	2595	0	0	39	336.71173593751877
n2935	2591	0	0	87	336.7157423437688
n2936	2592	0	0	89	336.932088281269
n2938	2594	0	0	86	337.17781453126935
n2937	2593	0	0	87	337.07498343751917
n2939	2596	0	0	87	337.2873229687694
n2940	2597	0	0	89	337.3888185937694
n2941	2598	0	0	91	337.4983270312694
n2942	2599	0	0	92	337.6078354687694
n2943	2600	0	0	94	337.71066656251946
n2949	2605	0	0	31	337.84421343751967
n2950	2604	0	0	39	337.81883953126965
n2946	2602	0	0	96	337.84154250001967
n2947	2603	0	0	94	338.45986453127006
n2960	2616	0	0	32	339.1943723437702
n2961	2610	0	0	39	339.1770112500202
n2951	2606	0	0	87	339.21440437502025
n2952	2607	0	0	89	339.4668079687704
n2954	2609	0	0	86	339.7111987500206
n2953	2608	0	0	87	339.59634843752053
n2955	2611	0	0	87	339.8113589062707
n2956	2612	0	0	89	339.91552546877074
n2957	2613	0	0	91	340.0223629687707
n2958	2614	0	0	92	340.14923250002073
n2959	2615	0	0	94	340.31616609377073
n2964	2617	0	0	31	340.7061229687712
n2965	2618	0	0	39	340.69143281252116
n2962	2620	0	0	84	340.7208131250212
n2963	2619	0	0	96	340.69143281252116
n2968	2622	0	0	82	342.46894171877204
n2969	2621	0	0	94	342.464935312522
n2979	2623	0	0	34	344.00072437502234
n2980	2624	0	0	38	344.01007265627237
n2981	2626	0	0	41	344.00606625002234
n2982	2627	0	0	46	343.9913760937723
n2973	2625	0	0	53	343.9900406250223
n2974	2629	0	0	56	343.9940470312723
n2975	2630	0	0	58	344.00339531252234
n2976	2628	0	0	62	343.9967179687723
n2992	2633	0	0	39	345.5992804687727
n2993	2636	0	0	43	345.6019514062727
n2994	2637	0	0	46	345.59794500002266
n2995	2632	0	0	51	345.59260312502266
n2988	2631	0	0	55	345.58592578127264
n2989	2635	0	0	58	345.58859671877264
n2985	2634	0	0	63	345.5845903125226
insertion	38	0	0	71	22.036569843750147
insertion	62	0	0	79	29.282823281250216
insertion	195	0	0	66	72.9099164062474
insertion	514	0	0	86	107.52526640624463
insertion	562	0	0	72	114.48572953124427
insertion	563	0	0	71	114.59390249999427
insertion	564	0	0	72	114.73679765624425
insertion	565	0	0	71	114.84497062499425
insertion	566	0	0	72	114.99721406249424
insertion	567	0	0	71	115.14278015624424
insertion	598	0	0	72	118.96355624999389
insertion	600	0	0	71	119.09576765624388
insertion	602	0	0	72	119.20394062499386
insertion	603	0	0	71	119.34683578124385
insertion	604	0	0	72	119.46035062499385
insertion	605	0	0	71	119.59790390624384
insertion	642	0	0	84	122.79100968749367
insertion	666	0	0	72	124.65665953124345
insertion	790	0	0	53	133.15291171874242
insertion	843	0	0	60	137.01108093749195
insertion	907	0	0	76	148.33585593749146
insertion	917	0	0	62	149.10375046874137
insertion	944	0	0	66	152.7388964062412
insertion	1000	0	0	70	166.17905390624037
insertion	1301	0	0	80	196.87346765623738
insertion	1336	0	0	41	199.26662765623712
insertion	1338	0	0	56	199.54574062498708
insertion	1340	0	0	43	199.7941378124871
insertion	1341	0	0	51	199.99312265623706
insertion	1344	0	0	58	200.09996015623705
insertion	1345	0	0	51	200.23484249998702
insertion	1346	0	0	43	200.32832531248704
insertion	1347	0	0	51	200.47789781248704
insertion	1348	0	0	58	200.58607078123703
insertion	1349	0	0	51	200.692908281237
insertion	1445	0	0	86	205.9319521874863
insertion	1459	0	0	48	206.32057359373624
insertion	1451	0	0	86	206.16165281248627
insertion	1456	0	0	89	206.28585140623625
insertion	1713	0	0	74	230.21478046873384
insertion	1716	0	0	73	230.20543218748384
insertion	1802	0	0	65	235.84778765623304
insertion	1950	0	0	95	251.1415757812319
insertion	1980	0	0	38	253.56010968748163
insertion	2160	0	0	46	284.53363640624116
insertion	2258	0	0	93	292.4262567187446
insertion	2272	0	0	83	293.4639159374954
insertion	2275	0	0	81	293.5520568749955
insertion	2299	0	0	46	295.54591171874694
insertion	2443	0	0	62	306.88270593750434
