xml_id	midi_id	track	channel	pitch	onset
n6	2	0	0	54	3.2703022520833334
n5	1	0	0	57	2.8707292229166668
n4	0	0	0	61	2.4572672916666667
n7	3	0	0	62	3.6859009375
n11	5	0	0	59	5.131415131250001
n10	4	0	0	61	4.943380764583334
n12	6	0	0	61	5.338680285416667
n14	7	0	0	66	6.53846775
n15	8	0	0	59	6.977570731249999
n19	10	0	0	56	8.37500795625
n18	9	0	0	57	8.186973589583333
n21	12	0	0	54	8.970093991666666
n20	11	0	0	57	8.565179077083332
n22	15	0	0	56	9.589752699999998
n29	22	0	0	54	10.950865104166665
n30	23	0	0	56	11.3653954125
n31	24	0	0	57	11.770310327083333
n32	25	0	0	59	12.174156864583333
n25	26	0	0	66	12.164541470833333
n33	28	0	0	61	12.582276910416665
n27	29	0	0	61	12.963687529166664
n26	27	0	0	64	12.576935025
n34	30	0	0	63	13.750013062499999
n28	31	0	0	69	13.364328935416665
n42	34	0	0	64	14.15065446875
n37	33	0	0	66	14.71475756875
n36	32	0	0	68	14.54809074375
n43	35	0	0	64	15.307706849999999
n38	36	0	0	68	14.918817591666667
n45	38	0	0	58	15.712621764583332
n40	37	0	0	73	16.07373321875
n46	39	0	0	60	16.870742522916668
n41	40	0	0	66	16.478648133333333
n53	43	0	0	61	17.269247175
n49	42	0	0	63	17.836555406250003
n48	41	0	0	64	17.664546695833334
n51	48	0	0	61	18.4551457375
n54	deletion
n50	44	0	0	64	18.05450433125
n57	54	0	0	58	19.392112439583332
n56	51	0	0	60	19.205146449999997
n52	46	0	0	63	19.01818046041667
n59	58	0	0	56	19.992540360416665
n58	57	0	0	60	19.602582724999998
n60	60	0	0	61	20.397455275
n66	62	0	0	64	20.412412554166664
n61	61	0	0	73	20.788481287499998
n67	63	0	0	57	21.582285460416664
n62	64	0	0	66	21.191259447916664
n68	66	0	0	62	21.976516604166665
n64	65	0	0	71	22.34724345208333
n69	67	0	0	56	23.144252756249994
n65	68	0	0	64	22.746816481249994
n75	69	0	0	61	23.554509556249993
n71	70	0	0	69	23.93912530624999
n76	71	0	0	59	24.324809433333325
n72	72	0	0	68	24.714767068749993
n77	73	0	0	57	25.128228999999994
n73	74	0	0	66	25.47651992916666
n80	75	0	0	49	26.253230068749993
n78	76	0	0	56	25.888913483333326
n74	77	0	0	65	26.262845462499993
n93	79	0	0	42	27.023529945833324
n92	78	0	0	45	26.64318770416666
n88	81	0	0	54	26.651734720833325
n81	80	0	0	66	26.650666343749993
n94	84	0	0	50	27.41348758124999
n83	82	0	0	71	27.79169306874999
n97	86	0	0	47	28.73400165624999
n96	85	0	0	49	28.549172420833326
n85	87	0	0	64	28.552377552083325
n84	83	0	0	68	28.177377195833323
n98	91	0	0	49	28.930583039583322
n91	89	0	0	52	28.938061679166655
n87	88	0	0	69	29.329087691666654
n113	93	0	0	54	30.08336191249999
n107	94	0	0	57	29.68913076874999
n100	92	0	0	63	30.08977217499999
n99	90	0	0	66	29.694472654166656
n114	99	0	0	47	30.458362268749987
n106	96	0	0	59	30.872892577083316
n105	95	0	0	62	30.46904603958332
n101	97	0	0	68	30.862208806249985
n117	102	0	0	44	31.778876343749978
n116	101	0	0	45	31.607936010416648
n109	103	0	0	56	31.23934591666665
n103	100	0	0	61	31.61861978124998
n102	98	0	0	65	31.24255104791665
n119	105	0	0	42	32.38357777291664
n118	104	0	0	45	31.99041500624998
n111	106	0	0	57	32.379304264583304
n104	113	0	0	66	32.00323553124998
n134	108	0	0	44	32.95622788958332
n126	116	0	0	59	32.74896273541664
n127	115	0	0	62	33.09832204166665
n129	117	0	0	56	33.829091966666645
n121	118	0	0	65	33.479732660416644
n135	122	0	0	42	34.234006881249975
n130	120	0	0	57	34.228664995833306
n131	123	0	0	61	34.617554254166635
n122	121	0	0	66	34.214776093749975
n123	124	0	0	69	34.59618671249997
n136	131	0	0	50	34.9626400520833
n133	126	0	0	54	35.37717036041663
n124	125	0	0	71	34.9818708395833
n125	127	0	0	74	35.37076009791663
n146	128	0	0	56	35.73400830624996
n147	129	0	0	59	36.11435054791663
n138	130	0	0	68	36.10580353124996
n153	135	0	0	49	36.495761166666625
n149	133	0	0	57	36.872898277083294
n139	132	0	0	69	36.495761166666625
n140	134	0	0	73	36.87182989999996
n154	139	0	0	47	37.26606104374996
n150	137	0	0	62	37.26285591249996
n141	136	0	0	66	37.67311271249996
n142	138	0	0	68	37.83657440624995
n155	142	0	0	52	38.38358347291661
n151	149	0	0	59	38.02247201874995
n144	145	0	0	66	38.532087887499955
n143	141	0	0	68	38.20409612291662
n145	146	0	0	68	38.61648967708329
n169	150	0	0	45	39.13037905416662
n168	148	0	0	49	38.753241943749956
n162	151	0	0	61	39.12717392291662
n161	147	0	0	64	38.74042141874995
n156	152	0	0	69	38.74362654999995
n170	159	0	0	54	39.505379410416616
n163	153	0	0	63	39.49362726249995
n164	154	0	0	66	39.90281568541662
n157	155	0	0	75	39.88358489791662
n165	157	0	0	60	40.63679074166662
n159	158	0	0	68	40.63679074166662
n158	156	0	0	72	40.26392713958329
n171	163	0	0	52	41.02567999999996
n166	160	0	0	61	41.00858596666662
n167	161	0	0	64	41.400680356249964
n160	162	0	0	73	41.39427009374997
n186	165	0	0	51	41.755381547916635
n179	164	0	0	58	42.184869135416626
n180	166	0	0	60	42.373971879166625
n172	167	0	0	78	41.81627904166663
n187	172	0	0	56	42.90068178124995
n182	173	0	0	58	43.055596458333284
n181	169	0	0	60	42.73722008749995
n183	174	0	0	60	43.13999824791661
n173	175	0	0	75	42.57162163958329
n189	178	0	0	49	43.674186789583274
n188	176	0	0	52	43.29063941666661
n184	180	0	0	61	43.29811805624994
n175	179	0	0	76	43.68166542916661
n174	177	0	0	80	43.29170779374994
n190	187	0	0	57	44.06414442499994
n185	182	0	0	66	44.4380764041666
n176	181	0	0	78	44.0630760479166
n177	183	0	0	81	44.43593964999994
n198	185	0	0	59	45.2201284291666
n197	184	0	0	62	44.83658105624993
n191	186	0	0	74	45.196624133333266
n205	192	0	0	56	45.59940229374994
n199	189	0	0	64	45.99790694583327
n192	188	0	0	76	45.598333916666604
n193	190	0	0	80	45.99790694583327
n207	195	0	0	49	46.7810273479166
n201	194	0	0	57	46.78316410208326
n200	191	0	0	61	46.3835910729166
n194	193	0	0	73	46.76713844583327
n208	201	0	0	54	47.160301212499924
n203	198	0	0	61	47.53102806041659
n202	deletion
n196	197	0	0	69	47.528891306249925
n195	196	0	0	71	47.13893367083326
n217	200	0	0	57	48.329105741666595
n216	199	0	0	59	47.924190827083265
n209	202	0	0	68	47.918848941666596
n222	205	0	0	53	48.73508903333327
n218	204	0	0	56	48.71799499999993
n210	203	0	0	73	49.099405618749934
n219	209	0	0	54	49.49150000833327
n223	deletion
n224	207	0	0	57	49.8771841354166
n212	208	0	0	66	49.86650036458327
n211	206	0	0	69	49.478679483333266
n225	210	0	0	59	50.2650050166666
n226	211	0	0	62	50.65816778333326
n215	212	0	0	71	50.64427888124993
n213	214	0	0	74	50.2521844916666
n241	215	0	0	52	51.3996214791666
n240	213	0	0	56	51.028894631249926
n234	219	0	0	64	51.051330549999925
n229	217	0	0	71	51.600476370833256
n228	216	0	0	73	51.422057397916596
n242	218	0	0	57	51.83124582083326
n243	221	0	0	61	52.201972668749924
n235	220	0	0	64	52.19556240624993
n230	223	0	0	73	51.810946656249925
n245	224	0	0	51	52.946631495833266
n244	222	0	0	54	52.58017815624993
n236	227	0	0	69	52.570562762499925
n232	225	0	0	78	52.94022123333327
n246	226	0	0	56	53.33979426249993
n247	228	0	0	59	53.73509378333326
n239	230	0	0	66	53.89535034583326
n238	229	0	0	68	53.74150404583326
n233	232	0	0	71	53.33872588541659
n262	234	0	0	49	54.45731669166659
n261	231	0	0	53	54.10582063124993
n255	235	0	0	65	54.46800046249992
n254	233	0	0	68	54.10475225416659
n250	237	0	0	68	54.625051893749934
n249	236	0	0	69	54.477615856249926
n263	238	0	0	54	54.83338542499993
n264	241	0	0	57	55.24043709374993
n256	239	0	0	66	54.840864064583265
n252	243	0	0	66	55.2169327979166
n251	240	0	0	69	54.8259067854166
n266	245	0	0	56	55.96800188749994
n265	242	0	0	59	55.5951382854166
n259	246	0	0	63	56.1496259916666
n258	244	0	0	64	55.993642937499935
n253	249	0	0	68	55.586591268749935
n268	248	0	0	59	56.753259043749935
n267	247	0	0	61	56.3611646541666
n260	251	0	0	64	56.349412506249934
n281	253	0	0	54	57.5278324291666
n280	250	0	0	58	57.15176369583327
n277	254	0	0	61	57.7009095166666
n276	252	0	0	62	57.526764052083266
n269	256	0	0	66	57.1336012854166
n283	257	0	0	57	58.2810382729166
n282	255	0	0	59	57.9124481791666
n278	262	0	0	62	57.89214901458327
n270	258	0	0	71	58.26928612499993
n285	261	0	0	52	59.03531249374993
n284	259	0	0	56	58.656038629166595
n271	260	0	0	64	58.65817538333326
n272	263	0	0	68	59.022491968749925
n286	264	0	0	54	59.420996620833265
n287	267	0	0	57	59.80240723958327
n279	269	0	0	61	59.4028342104166
n273	265	0	0	69	59.407107718749934
n274	266	0	0	73	59.789586714583265
n297	270	0	0	47	60.5502711979166
n296	268	0	0	50	60.15390329999993
n292	271	0	0	62	60.54279255833327
n288	272	0	0	66	60.1592451854166
n299	275	0	0	40	61.329118091666594
n298	274	0	0	52	60.93702370208326
n293	273	0	0	59	60.94022883333326
n294	276	0	0	64	61.329118091666594
n289	277	0	0	68	60.93168181666659
n300	278	0	0	45	61.73189625208326
n301	279	0	0	57	62.20198216874993
n295	281	0	0	61	61.746853531249926
n290	280	0	0	69	61.73937489166659
n303	283	0	0	54	63.39535937083327
n302	282	0	0	56	62.722281808333264
n316	285	0	0	49	63.93061628958327
n315	284	0	0	53	63.53424839166661
n310	286	0	0	61	63.90924874791661
n317	290	0	0	54	64.31843717083328
n312	288	0	0	57	64.93809587916661
n311	287	0	0	59	64.30989015416661
n313	292	0	0	56	65.10583108124993
n306	289	0	0	74	65.48617332291661
n319	296	0	0	52	66.30882367708325
n318	293	0	0	53	65.88040446666659
n314	294	0	0	61	66.29920828333326
n308	295	0	0	71	66.46801186249992
n307	291	0	0	73	65.89001986041659
n334	297	0	0	50	67.02890983124995
n325	300	0	0	54	66.6560462291666
n321	298	0	0	66	67.02570469999995
n326	deletion
n320	299	0	0	70	66.64856758958327
n336	303	0	0	47	67.81630374166664
n335	301	0	0	49	67.41886746666664
n328	304	0	0	62	67.99365433749999
n327	302	0	0	64	67.4113888270833
n322	309	0	0	71	67.41993584374997
n338	307	0	0	49	68.53318476458331
n337	306	0	0	52	68.16459467083332
n329	305	0	0	61	68.16245791666665
n330	308	0	0	67	68.53532151874998
n340	312	0	0	42	69.28532223124998
n339	310	0	0	54	68.91352700624998
n332	314	0	0	64	69.44985230208331
n331	313	0	0	66	68.90818512083331
n324	316	0	0	69	69.30562139583331
n323	311	0	0	70	68.90818512083331
n351	319	0	0	47	69.64750206249997
n347	317	0	0	59	70.02036566458331
n346	315	0	0	63	69.64963881666664
n342	318	0	0	71	70.00861351666664
n353	321	0	0	49	70.76822962291664
n348	325	0	0	64	70.41246005416664
n344	322	0	0	68	70.92314429999998
n343	320	0	0	69	70.40391303749998
n354	323	0	0	45	71.11224704374999
n355	324	0	0	61	71.51288844999999
n345	328	0	0	66	71.11865730624999
n357	329	0	0	57	72.44665002083333
n356	327	0	0	59	71.8975042
n350	331	0	0	62	72.27784644166667
n349	326	0	0	63	71.9039144625
n371	332	0	0	52	73.01823176041667
n370	330	0	0	56	72.628274125
n364	334	0	0	59	73.17421481458334
n363	333	0	0	61	73.0193001375
n358	335	0	0	64	72.62613737083333
n372	341	0	0	57	73.36759106666668
n365	336	0	0	61	73.37720646041667
n366	338	0	0	66	73.76609571875001
n359	337	0	0	69	73.76075383333334
n368	340	0	0	59	74.52784857916669
n367	339	0	0	62	74.15284822291669
n360	343	0	0	71	74.13468581250002
n374	345	0	0	52	75.27891766875003
n373	342	0	0	56	74.89537029583336
n369	346	0	0	64	74.88896003333336
n361	344	0	0	68	75.26930227500003
n385	348	0	0	57	75.67101205833337
n379	347	0	0	61	76.03532864375003
n375	351	0	0	73	75.66353341875003
n386	349	0	0	54	76.81203878333339
n380	352	0	0	66	76.43062816458338
n376	350	0	0	69	76.80028663541673
n387	354	0	0	59	77.19558615625007
n382	353	0	0	69	77.55776598750008
n377	358	0	0	74	77.1934494020834
n388	355	0	0	56	78.33661288125008
n384	357	0	0	66	78.48939080416675
n383	356	0	0	68	77.95520226250008
n403	366	0	0	61	78.67849354791674
n395	359	0	0	64	78.68063030208342
n396	360	0	0	71	79.0673828062501
n390	361	0	0	74	79.0577674125001
n398	363	0	0	68	79.8099048791668
n397	362	0	0	69	79.43704127708344
n392	365	0	0	71	79.96161442500015
n391	364	0	0	73	79.4295626375001
n405	370	0	0	61	80.55670046041682
n400	368	0	0	64	80.54067480416683
n399	367	0	0	66	80.15285392291683
n393	369	0	0	69	80.15712743125016
n407	374	0	0	57	81.50114580208353
n406	372	0	0	59	80.94131621041683
n402	373	0	0	61	81.32272682916687
n401	371	0	0	62	80.93170081666683
n394	375	0	0	78	80.94131621041683
n421	377	0	0	56	81.6763596437502
n415	378	0	0	59	81.6667442500002
n409	376	0	0	76	82.05456513125021
n422	380	0	0	58	82.48832622708355
n416	383	0	0	66	82.45627491458353
n411	381	0	0	73	83.06524985208355
n410	379	0	0	74	82.46909543958354
n423	386	0	0	59	83.2169593979169
n418	385	0	0	62	83.60157514791689
n413	384	0	0	71	83.59516488541689
n412	382	0	0	74	83.22764316875023
n424	388	0	0	55	84.00007980000021
n420	389	0	0	59	84.59196070416688
n419	387	0	0	61	83.98191738958354
n414	392	0	0	76	83.98191738958354
n436	391	0	0	54	84.77358480833354
n432	394	0	0	54	85.1379013937502
n431	390	0	0	58	84.76076428333354
n426	393	0	0	78	85.13896977083353
n437	396	0	0	55	85.90820127083352
n433	401	0	0	59	85.53640604583352
n428	397	0	0	71	85.91033802500019
n427	395	0	0	74	85.52465389791685
n439	399	0	0	49	86.66140711458353
n438	398	0	0	52	86.28854351250018
n429	400	0	0	73	86.28320162708351
n440	409	0	0	54	87.06311689791686
n434	404	0	0	58	87.05456988125019
n435	403	0	0	66	87.42743348333353
n430	402	0	0	70	87.44666427083354
n448	408	0	0	59	88.18063932708353
n447	406	0	0	62	87.81952787291686
n441	405	0	0	71	87.83555352916686
n442	407	0	0	74	88.19025472083352
n456	411	0	0	50	88.96269135208352
n455	410	0	0	52	88.56204994583352
n449	415	0	0	67	88.55563968333352
n444	413	0	0	71	89.1186744062502
n443	412	0	0	73	88.58448586458353
n458	416	0	0	45	89.68277750625019
n457	414	0	0	49	89.31952929791686
n452	419	0	0	64	89.85158108541685
n451	418	0	0	66	89.68705101458352
n445	417	0	0	69	89.31418741250019
n460	422	0	0	49	90.41141067708352
n459	420	0	0	50	90.06205137083352
n453	425	0	0	66	90.03854707500018
n446	423	0	0	74	90.41888931666686
n472	424	0	0	47	90.81312046041685
n473	426	0	0	50	91.19025757083351
n461	428	0	0	67	90.80350506666686
n465	427	0	0	71	91.16354814375018
n475	431	0	0	47	92.11226699375018
n474	429	0	0	49	91.56098441875018
n466	433	0	0	64	91.55991604166685
n462	430	0	0	73	91.94239503750018
n477	434	0	0	42	92.6699598312502
n476	432	0	0	46	92.29709622916685
n469	436	0	0	61	92.82594288541688
n468	435	0	0	62	92.67743847083354
n463	439	0	0	66	92.29495947500018
n478	440	0	0	47	93.04282343333355
n471	438	0	0	59	93.4156870354169
n470	437	0	0	62	93.03107128541689
n490	443	0	0	44	94.3323545729169
n489	442	0	0	45	94.15820910833355
n485	446	0	0	61	93.79816603125023
n479	441	0	0	65	94.17209801041689
n491	448	0	0	45	94.51291030000023
n480	444	0	0	66	94.53000433333357
n481	445	0	0	69	94.92744060833355
n494	451	0	0	42	95.82487735833357
n493	450	0	0	44	95.6592789104169
n486	453	0	0	59	95.2906888166669
n482	447	0	0	63	95.2938939479169
n483	449	0	0	66	95.67423618958357
n496	454	0	0	40	96.42530527916692
n495	452	0	0	44	96.0374843979169
n487	455	0	0	68	96.41462150833358
n484	457	0	0	71	96.03962115208357
n509	458	0	0	37	97.18064787708357
n508	456	0	0	49	96.80244238958358
n505	463	0	0	64	96.79282699583358
n499	460	0	0	68	97.34624632500024
n498	459	0	0	69	97.19240002500024
n510	465	0	0	49	97.53855420000023
n500	461	0	0	69	97.5438960854169
n501	462	0	0	73	97.90073403125024
n513	468	0	0	45	98.79603402708358
n512	467	0	0	47	98.64325610416691
n506	470	0	0	62	98.2810762729169
n502	464	0	0	66	98.27573438750024
n503	466	0	0	69	98.64325610416691
n515	472	0	0	44	99.38898330833358
n514	469	0	0	47	99.00757268958358
n507	471	0	0	71	99.40073545625025
n504	475	0	0	74	99.00970944375025
n530	473	0	0	41	99.76932555000025
n531	476	0	0	56	100.15180454583358
n522	479	0	0	65	100.15607805416691
n521	474	0	0	68	99.76718879583358
n517	477	0	0	74	100.14966779166691
n533	480	0	0	49	100.89860012708358
n532	478	0	0	53	100.54069380416692
n524	484	0	0	68	100.90714714375025
n519	482	0	0	71	101.0556515583336
n518	481	0	0	73	100.51184762291692
n534	483	0	0	54	101.25009618750026
n535	485	0	0	56	101.62509654375027
n527	487	0	0	65	101.77787446666694
n526	486	0	0	66	101.6197546583336
n520	492	0	0	69	101.24795943333359
n537	490	0	0	54	102.36868699375029
n536	488	0	0	57	101.99154988333362
n529	491	0	0	63	102.34945620625028
n528	489	0	0	66	101.98513962083362
n550	495	0	0	44	103.11868770625028
n549	493	0	0	56	102.75223436666695
n547	498	0	0	60	102.75116598958363
n540	496	0	0	66	103.30885882708363
n539	494	0	0	68	103.14112362500029
n551	499	0	0	56	103.8558678937503
n542	500	0	0	63	103.84838925416696
n541	497	0	0	68	103.50437183333362
n553	505	0	0	49	104.62509939375029
n552	503	0	0	52	104.24368877500031
n548	501	0	0	61	104.2468939062503
n543	502	0	0	64	104.24368877500031
n544	504	0	0	76	104.62082588541696
n554	509	0	0	57	105.04283483333363
n546	507	0	0	73	105.67424568958369
n545	506	0	0	75	105.0449715875003
n572	513	0	0	54	106.37082754791703
n571	511	0	0	56	106.21270773958369
n555	508	0	0	72	105.82702361250037
n563	510	0	0	75	106.20202396875037
n556	512	0	0	78	106.20843423125037
n573	518	0	0	56	106.55672516041703
n565	517	0	0	72	107.11869150625036
n564	514	0	0	73	106.57702432500037
n558	516	0	0	75	106.97446060000036
n557	515	0	0	76	106.57381919375037
n575	520	0	0	61	107.69027324583374
n567	521	0	0	71	107.69775188541708
n566	519	0	0	73	107.33023016875039
n559	522	0	0	76	107.32702503750039
n576	529	0	0	54	108.09411978333375
n569	deletion
n568	523	0	0	69	108.09839329166708
n561	526	0	0	73	108.62189806250042
n560	525	0	0	75	108.46057312291707
n595	533	0	0	51	109.38578767708374
n594	532	0	0	52	109.23194137708376
n581	528	0	0	60	108.85053075833375
n582	530	0	0	63	109.23621488541708
n578	531	0	0	72	109.22232598333376
n577	527	0	0	80	108.83236834791708
n597	535	0	0	49	109.96912156458373
n596	534	0	0	52	109.57809555208374
n583	537	0	0	56	109.57809555208374
n584	536	0	0	68	109.9808737125004
n579	542	0	0	73	109.58236906041707
n598	540	0	0	51	110.3751048562504
n588	543	0	0	64	110.92425067708372
n585	538	0	0	66	110.37617323333373
n587	541	0	0	66	110.74155819583372
n586	539	0	0	68	110.54604518958372
n599	546	0	0	56	111.08771237083371
n591	547	0	0	63	111.45202895625039
n590	545	0	0	64	111.26826809791704
n589	544	0	0	66	111.10907991250038
n592	549	0	0	66	111.63472143750039
n580	548	0	0	72	111.10373802708371
n622	552	0	0	49	111.83237119791704
n613	554	0	0	63	112.36014947708372
n610	550	0	0	64	111.85480711666705
n612	553	0	0	64	112.1924142750004
n611	551	0	0	66	112.00544828541706
n600	555	0	0	73	111.82916606666704
n616	559	0	0	61	112.91784231458372
n615	557	0	0	63	112.72446606250038
n614	556	0	0	64	112.56634625416704
n617	560	0	0	64	113.08450913958373
n601	558	0	0	73	112.92638933125039
n618	561	0	0	63	113.2789537687504
n619	564	0	0	68	113.64327035416706
n605	566	0	0	69	113.82168932708373
n602	562	0	0	71	113.28750078541707
n604	565	0	0	71	113.64754386250038
n603	563	0	0	73	113.45737274166706
n620	567	0	0	61	113.99583479166706
n621	570	0	0	65	114.37190352500039
n608	571	0	0	68	114.36869839375039
n607	569	0	0	69	114.16891187916707
n606	568	0	0	71	114.0193390875004
n609	572	0	0	71	114.54925412083372
n640	579	0	0	59	115.26186163541709
n639	577	0	0	61	115.08557941666709
n638	575	0	0	62	114.91143395208374
n637	573	0	0	66	114.73622011041707
n628	580	0	0	68	115.26399838958376
n625	574	0	0	69	114.7308782250004
n627	578	0	0	69	115.09092130208376
n626	576	0	0	71	114.88899803333373
n648	585	0	0	54	115.79177666875042
n642	583	0	0	57	115.59412690833376
n641	581	0	0	61	115.43280196875043
n643	590	0	0	62	115.77895614375042
n631	586	0	0	66	115.77681938958375
n630	584	0	0	68	115.59519528541709
n629	582	0	0	69	115.45844301875043
n632	587	0	0	69	115.95416998541707
n652	595	0	0	50	116.66036723750041
n649	589	0	0	52	116.14434110625041
n651	594	0	0	52	116.49797392083374
n650	591	0	0	54	116.30246091458375
n645	593	0	0	56	116.48194826458375
n633	588	0	0	68	116.13472571250041
n634	592	0	0	73	116.48622177291708
n655	602	0	0	49	117.27682081458374
n654	599	0	0	50	117.02147869166707
n653	598	0	0	52	116.87404265416707
n656	603	0	0	52	117.38259014583376
n646	596	0	0	58	116.85053835833374
n647	601	0	0	61	117.22981222291708
n635	597	0	0	66	116.8526751125004
n636	600	0	0	70	117.21058143541707
n673	610	0	0	49	118.10160792291708
n670	604	0	0	50	117.58771854583375
n672	609	0	0	50	117.94562486875041
n671	607	0	0	52	117.74476997708376
n682	606	0	0	54	117.58771854583375
n658	608	0	0	66	117.93280434375042
n657	605	0	0	71	117.57489802083376
n676	614	0	0	47	118.65609562916708
n675	612	0	0	49	118.47019801666708
n674	611	0	0	50	118.29712092916708
n677	615	0	0	50	118.82276245416709
n661	613	0	0	66	118.65182212083376
n659	621	0	0	71	118.29605255208375
n679	619	0	0	42	119.3772501604171
n678	616	0	0	49	119.01934383750043
n665	622	0	0	63	119.5535323791671
n662	617	0	0	64	119.0214805916671
n664	620	0	0	64	119.37831853750043
n663	618	0	0	66	119.19883118750045
n680	623	0	0	54	119.74477187708376
n681	626	0	0	57	120.11977223333378
n668	627	0	0	61	120.10160982291711
n667	625	0	0	63	119.90823357083377
n666	624	0	0	64	119.76079753333376
n669	628	0	0	64	120.27255015625043
n660	634	0	0	69	119.73836161458377
n703	629	0	0	47	120.47233667083377
n704	633	0	0	59	120.82810623958376
n690	635	0	0	61	120.98836280208377
n687	630	0	0	63	120.4573793916671
n689	632	0	0	63	120.82062760000044
n688	631	0	0	64	120.6368667416671
n705	637	0	0	52	121.18173905416711
n706	deletion
n693	640	0	0	60	121.54071375416711
n692	638	0	0	61	121.34413237083379
n691	636	0	0	63	121.19562795625045
n694	641	0	0	63	121.71699597291712
n685	647	0	0	68	121.17746554583378
n708	645	0	0	44	122.26934692500046
n707	642	0	0	45	121.90075683125045
n698	648	0	0	60	122.4370821270838
n695	643	0	0	61	121.91571411041711
n697	646	0	0	61	122.2640050395838
n696	644	0	0	63	122.08451768958379
n709	649	0	0	45	122.63366351041714
n710	652	0	0	57	122.99904847291714
n699	650	0	0	61	122.64007377291713
n702	655	0	0	61	123.1582366583338
n701	653	0	0	63	122.99584334166714
n700	651	0	0	64	122.81635599166714
n686	654	0	0	66	122.63045837916714
n729	663	0	0	54	123.89862197708378
n726	658	0	0	56	123.36122830416713
n728	660	0	0	56	123.71806625000045
n727	659	0	0	57	123.54498916250044
n719	657	0	0	60	123.38045909166712
n720	662	0	0	63	123.74584405416711
n711	656	0	0	68	123.37404882916712
n712	661	0	0	72	123.72447651250044
n732	668	0	0	52	124.47127209375046
n731	667	0	0	54	124.26080180833378
n730	664	0	0	56	124.0855879666671
n733	671	0	0	56	124.66037483750046
n721	666	0	0	64	124.11763927916711
n722	669	0	0	68	124.46913533958379
n713	665	0	0	73	124.0887930979171
n714	670	0	0	76	124.44883617500045
n737	677	0	0	52	125.36870884375043
n734	672	0	0	54	124.85375108958378
n736	676	0	0	54	125.1977685104171
n735	673	0	0	56	125.00225550416711
n723	675	0	0	68	125.2009736416671
n716	674	0	0	76	125.19242662500045
n740	682	0	0	51	125.9317435666671
n739	681	0	0	52	125.7148630187504
n738	679	0	0	54	125.57276886666708
n741	683	0	0	54	126.11336767083377
n724	678	0	0	66	125.55994834166708
n725	687	0	0	69	125.92747005833377
n717	680	0	0	75	125.55033294791708
n718	685	0	0	78	125.91678628750043
n764	690	0	0	51	126.85375298958377
n761	684	0	0	52	126.30247041458378
n763	689	0	0	52	126.66358186875044
n762	686	0	0	54	126.47127399375044
n750	691	0	0	66	126.83772733333377
n749	688	0	0	68	126.66358186875044
n743	692	0	0	72	126.67212888541711
n767	697	0	0	49	127.39435179375045
n766	695	0	0	51	127.1977704104171
n765	694	0	0	52	127.0278984541671
n768	698	0	0	52	127.5535399791671
n751	693	0	0	68	127.02683007708377
n752	696	0	0	70	127.39007828541712
n744	700	0	0	73	127.01614630625043
n769	699	0	0	43	127.7490529854171
n770	703	0	0	46	128.1304636041671
n756	705	0	0	61	128.30354069166708
n753	701	0	0	63	127.75546324791709
n755	704	0	0	63	128.14221575208376
n754	702	0	0	64	127.91465143333376
n746	706	0	0	67	128.11657470208377
n771	707	0	0	47	128.4766177791671
n772	711	0	0	52	128.85054975833378
n759	710	0	0	59	128.85589164375045
n758	709	0	0	61	128.6464897354171
n757	708	0	0	63	128.50119045208376
n760	712	0	0	63	129.0172165833338
n747	715	0	0	68	128.47875453333376
n794	713	0	0	46	129.20204581875046
n795	718	0	0	49	129.5845248145838
n784	719	0	0	59	129.75973865625048
n781	714	0	0	61	129.19563555625047
n783	717	0	0	61	129.58986670000047
n782	716	0	0	63	129.38153316875048
n774	720	0	0	70	129.59520858541714
n797	725	0	0	39	130.28110667291713
n796	722	0	0	51	129.94243113750048
n787	727	0	0	58	130.30140583750048
n786	724	0	0	59	130.08986717500048
n785	721	0	0	61	129.94136276041715
n788	728	0	0	61	130.47448292500047
n775	723	0	0	63	129.95097815416713
n776	726	0	0	67	130.29713232916714
n798	729	0	0	44	130.6550386520838
n800	735	0	0	54	131.16892802916712
n799	732	0	0	56	131.01721848333378
n789	730	0	0	59	130.6614489145838
n792	736	0	0	59	131.17640666875045
n790	731	0	0	61	130.83025249375044
n791	733	0	0	63	131.02149199166712
n777	734	0	0	68	130.64328650416712
n802	739	0	0	49	131.7437149000004
n801	737	0	0	56	131.3740564291671
n793	747	0	0	64	131.38794533125042
n780	741	0	0	68	131.91572361041707
n778	738	0	0	69	131.56636430416708
n779	740	0	0	71	131.74478327708374
n823	742	0	0	42	132.08880069791707
n825	749	0	0	52	132.62726274791706
n824	746	0	0	54	132.46273267708375
n806	748	0	0	68	132.61978410833373
n803	743	0	0	69	132.10375797708375
n805	745	0	0	69	132.46166430000042
n804	744	0	0	71	132.27362993333375
n827	753	0	0	47	133.15504102708374
n826	750	0	0	54	132.80888685208373
n817	754	0	0	63	132.80033983541708
n809	755	0	0	66	133.1699983062504
n808	752	0	0	68	132.9712801687504
n807	751	0	0	69	132.81529711458373
n810	756	0	0	69	133.3302548687504
n828	757	0	0	52	133.52576787500038
n831	763	0	0	52	134.06209317083378
n829	760	0	0	54	133.70205009375042
n830	762	0	0	56	133.87299042708378
n818	764	0	0	64	133.5353832687504
n811	758	0	0	68	133.53965677708374
n814	765	0	0	68	134.0503410229171
n812	759	0	0	69	133.6988449625004
n813	761	0	0	71	133.87833231250045
n832	766	0	0	57	134.25653780000044
n835	771	0	0	57	134.77042717708375
n833	767	0	0	59	134.41038410000044
n834	768	0	0	61	134.6016235979171
n822	773	0	0	68	134.73730748750043
n821	770	0	0	69	134.59735008958376
n820	769	0	0	71	134.41679436250044
n815	774	0	0	73	134.23196512708378
n853	779	0	0	61	135.46807741250043
n850	775	0	0	62	134.95311965833375
n852	778	0	0	62	135.2907268166671
n851	776	0	0	64	135.11123946666712
n847	780	0	0	66	134.93068373958374
n837	777	0	0	73	135.29820545625043
n856	784	0	0	59	136.03859077500044
n855	782	0	0	61	135.84200939166712
n854	781	0	0	62	135.67641094375045
n857	785	0	0	62	136.19564220625043
n848	783	0	0	66	136.02683862708378
n838	786	0	0	71	135.66679555000044
n861	792	0	0	59	136.9264121312505
n858	787	0	0	61	136.39863385208378
n860	790	0	0	61	136.7447880270838
n859	788	0	0	62	136.55354852916713
n849	793	0	0	64	136.38901845833377
n842	794	0	0	68	136.91252322916716
n841	791	0	0	69	136.74906153541716
n840	789	0	0	71	136.56316392291714
n864	800	0	0	57	137.4499169020838
n863	797	0	0	59	137.2597457812505
n862	795	0	0	61	137.0877370708338
n865	802	0	0	61	137.60589995625045
n843	796	0	0	69	137.08987382500047
n846	801	0	0	69	137.60696833333378
n844	798	0	0	71	137.26829279791716
n845	799	0	0	73	137.4499169020838
n888	808	0	0	59	137.80782322500045
n883	805	0	0	69	138.16572954791712
n869	807	0	0	73	138.3377382583338
n866	803	0	0	74	137.81530186458377
n868	806	0	0	74	138.19778086041714
n867	804	0	0	76	137.99692596875045
n889	811	0	0	64	138.90184135833377
n884	815	0	0	68	138.5407299041671
n872	812	0	0	71	138.91679863750045
n871	810	0	0	73	138.68282405625044
n870	809	0	0	74	138.56423420000044
n873	813	0	0	74	139.09735436458377
n890	820	0	0	57	139.2618844354171
n886	817	0	0	61	139.6368847916671
n877	819	0	0	71	139.8281242895838
n874	814	0	0	73	139.29820925625043
n876	818	0	0	73	139.66145746458378
n875	816	0	0	74	139.45205555625043
n891	823	0	0	62	140.35590256875048
n887	825	0	0	66	139.9915859833338
n880	824	0	0	69	140.3719282250005
n879	822	0	0	71	140.1806887270838
n878	821	0	0	73	140.0236372958338
n881	826	0	0	73	140.55141557500048
n912	827	0	0	56	140.72769779375048
n913	830	0	0	59	141.09308275625045
n904	832	0	0	66	141.26081795833377
n903	831	0	0	68	141.0952195104171
n902	829	0	0	69	140.90932189791712
n892	828	0	0	71	140.7351764333338
n915	836	0	0	49	141.80034838541712
n914	833	0	0	53	141.4445788166671
n907	837	0	0	65	141.79393812291713
n906	835	0	0	66	141.6080405104171
n905	834	0	0	68	141.45098907916713
n908	838	0	0	68	141.98410924375048
n916	844	0	0	54	142.1443658062505
n910	841	0	0	61	142.50013537500053
n909	839	0	0	66	142.14863931458385
n894	840	0	0	68	142.31316938541718
n895	842	0	0	70	142.5054772604172
n896	843	0	0	71	142.67107570833386
n917	847	0	0	54	143.21594802083385
n911	852	0	0	62	142.85911007500053
n897	845	0	0	70	142.85911007500053
n900	849	0	0	70	143.3815464687505
n898	846	0	0	71	143.0439393104172
n899	848	0	0	73	143.22876854583384
n940	856	0	0	55	143.56744408125053
n935	853	0	0	63	143.9189401416672
n919	851	0	0	70	143.73411090625052
n918	850	0	0	71	143.60376890208386
n920	854	0	0	71	143.92962391250055
n921	855	0	0	73	144.0920172291672
n941	859	0	0	56	144.65612032916718
n936	863	0	0	64	144.29928238333386
n922	857	0	0	71	144.30782940000051
n925	861	0	0	71	144.83881281041718
n923	858	0	0	73	144.46701758541718
n924	860	0	0	74	144.6817613791672
n942	867	0	0	57	145.02898393125054
n938	865	0	0	65	145.37834323750056
n927	864	0	0	71	145.20099264166723
n926	862	0	0	73	145.03966770208388
n928	866	0	0	73	145.38475350000056
n929	868	0	0	74	145.5343262916672
n943	872	0	0	58	146.08240373541722
n939	884	0	0	66	145.72449741250054
n930	869	0	0	73	145.73518118333388
n933	873	0	0	73	146.24800218333388
n931	870	0	0	74	145.89116423750056
n932	871	0	0	76	146.09629263750054
n963	877	0	0	54	146.8131736604172
n962	874	0	0	59	146.4477886979172
n947	879	0	0	73	146.94885755000055
n944	875	0	0	74	146.44031005833386
n946	878	0	0	74	146.79180611875051
n945	876	0	0	76	146.61659227708387
n964	880	0	0	47	147.1550543270839
n965	883	0	0	50	147.50975551875055
n950	885	0	0	71	147.49693499375056
n949	882	0	0	73	147.32172115208388
n948	881	0	0	74	147.15612270416722
n951	886	0	0	74	147.65825993333388
n966	887	0	0	52	147.86125157916723
n967	889	0	0	54	148.21595277083392
n957	891	0	0	62	148.3751409562506
n956	890	0	0	64	148.2063373770839
n955	888	0	0	66	148.02257651875055
n952	898	0	0	67	147.8569780708339
n969	895	0	0	52	148.9114662520839
n968	892	0	0	55	148.55997019166725
n960	896	0	0	61	148.90398761250057
n959	894	0	0	62	148.72022675416724
n958	893	0	0	64	148.56103856875058
n961	897	0	0	64	149.07599632291723
n990	902	0	0	45	149.62300538958388
n989	899	0	0	49	149.27257770625056
n980	910	0	0	57	149.2608255583339
n973	903	0	0	64	149.78112519791722
n972	901	0	0	66	149.6304840291672
n971	900	0	0	67	149.45527018750056
n992	907	0	0	42	150.3270658875006
n991	904	0	0	50	149.9883903520839
n976	908	0	0	62	150.3398864125006
n975	906	0	0	64	150.16146743958393
n974	905	0	0	66	149.99159548333392
n977	909	0	0	66	150.5033481062506
n993	911	0	0	43	150.69779273541727
n994	913	0	0	47	151.06531445208392
n984	916	0	0	54	151.22022912916728
n983	914	0	0	55	151.05676743541727
n982	912	0	0	57	150.8623228062506
n978	915	0	0	59	150.70954488333393
n995	917	0	0	40	151.41787888958396
n996	920	0	0	45	151.7693749500006
n987	921	0	0	52	151.7821954750006
n986	919	0	0	54	151.5770670750006
n985	918	0	0	55	151.4189472666673
n988	923	0	0	55	151.92215287291728
n979	922	0	0	61	151.40505836458397
n1020	927	0	0	49	152.29928998333395
n1019	925	0	0	50	152.13582828958394
n1021	929	0	0	50	152.50014487500061
n1022	930	0	0	52	152.6604014375006
n1007	926	0	0	54	152.16467447083394
n997	924	0	0	62	152.11766587916728
n998	928	0	0	66	152.48839272708395
n1023	931	0	0	50	152.8270682625006
n1025	934	0	0	54	153.21916265208395
n1024	932	0	0	55	153.0225812687506
n1026	935	0	0	55	153.37835083750062
n1010	933	0	0	59	153.20420537291727
n999	938	0	0	71	152.83882041041727
n1012	937	0	0	47	153.73946229166728
n1011	936	0	0	49	153.5727954666673
n1013	940	0	0	49	153.94245393750063
n1014	942	0	0	50	154.13155668125063
n1004	944	0	0	64	153.56852195833395
n1002	941	0	0	68	154.11980453333396
n1001	939	0	0	70	153.94672744583397
n1015	943	0	0	49	154.31531753958396
n1017	946	0	0	52	154.67001873125065
n1016	945	0	0	54	154.4894630041673
n1018	948	0	0	54	154.82065990000063
n1006	947	0	0	66	154.66254009166732
n1003	949	0	0	70	154.32279617916728
n1039	951	0	0	47	155.03647207083398
n1042	955	0	0	47	155.55463495625068
n1040	952	0	0	49	155.20207051875067
n1041	954	0	0	50	155.38903650833402
n1033	953	0	0	59	155.36766896666734
n1032	950	0	0	62	155.0151045291673
n1027	957	0	0	71	155.02685667708397
n1046	961	0	0	47	156.25762707708404
n1045	960	0	0	49	156.08454998958405
n1044	958	0	0	50	155.91788316458403
n1043	956	0	0	52	155.76403686458403
n1034	963	0	0	67	155.73091717500068
n1029	959	0	0	76	156.09737051458404
n1047	962	0	0	49	156.481986264584
n1050	967	0	0	49	156.998012395834
n1049	965	0	0	50	156.83455070208402
n1048	964	0	0	52	156.66040523750067
n1037	968	0	0	64	156.978781608334
n1036	966	0	0	66	156.83027719375067
n1030	970	0	0	69	156.46275547708402
n1051	969	0	0	50	157.18604676250067
n1054	974	0	0	50	157.731987452084
n1052	971	0	0	52	157.36980762083402
n1053	973	0	0	54	157.555705233334
n1038	976	0	0	66	157.18604676250067
n1031	972	0	0	74	157.55677361041734
n1072	977	0	0	50	158.10485105416737
n1071	975	0	0	52	157.9424577375007
n1073	979	0	0	52	158.30356919166738
n1074	980	0	0	54	158.46275737708405
n1063	deletion
n1055	982	0	0	67	157.93177396666735
n1064	978	0	0	71	158.28433840416739
n1077	985	0	0	52	159.0022878041674
n1076	983	0	0	54	158.8356209791674
n1075	981	0	0	55	158.68070630208405
n1078	986	0	0	55	159.1785700229174
n1065	988	0	0	64	158.65399687500073
n1056	984	0	0	72	159.01083482083405
n1079	987	0	0	54	159.38583517708406
n1082	994	0	0	54	159.89758780000076
n1080	990	0	0	56	159.54288660833407
n1081	992	0	0	58	159.72344233541742
n1068	995	0	0	61	159.8922459145841
n1067	991	0	0	62	159.71810045000075
n1058	993	0	0	66	159.7287842208341
n1057	989	0	0	70	159.36980952083405
n1084	999	0	0	47	160.2330582041674
n1083	996	0	0	59	160.07387001875074
n1070	1003	0	0	59	160.43711822708406
n1085	deletion
n1069	997	0	0	62	160.07173326458408
n1060	998	0	0	71	160.23412658125073
n1061	1000	0	0	73	160.44887037500072
n1062	1001	0	0	74	160.6187423312507
n1100	1006	0	0	56	161.17216166041734
n1099	1004	0	0	57	160.98199053958402
n1101	1007	0	0	59	161.34203361666732
n1096	1011	0	0	61	160.81746046875068
n1086	1002	0	0	65	160.80891345208403
n1087	1005	0	0	73	161.16681977500068
n1104	1010	0	0	54	161.8676751416673
n1103	1009	0	0	56	161.67643564375064
n1102	1008	0	0	57	161.52686285208398
n1105	1012	0	0	57	162.05891463958397
n1088	1014	0	0	66	161.52686285208398
n1109	1019	0	0	54	162.77793241666726
n1106	1013	0	0	56	162.24267549791733
n1108	1016	0	0	56	162.60058182083392
n1107	1015	0	0	57	162.42750473333396
n1097	1017	0	0	59	162.244812252084
n1090	1018	0	0	65	162.62088098541727
n1091	1020	0	0	66	162.78327430208392
n1110	1022	0	0	53	162.9595565208339
n1113	1027	0	0	53	163.4798561604172
n1111	1023	0	0	54	163.12836010000055
n1112	1025	0	0	56	163.3195995979172
n1092	1021	0	0	68	162.96169327500056
n1095	1028	0	0	68	163.47558265208386
n1093	1024	0	0	69	163.1390438708339
n1094	1026	0	0	71	163.32173635208386
n1132	1031	0	0	54	163.65186487083386
n1133	1032	0	0	56	164.01618145625054
n1134	1034	0	0	57	164.2063525770839
n1117	1035	0	0	66	164.19673718333388
n1116	1033	0	0	68	164.02900198125053
n1115	1030	0	0	69	163.8388308604172
n1114	1029	0	0	71	163.66682215000054
n1138	1041	0	0	54	164.92857548541718
n1137	1040	0	0	56	164.76084028333386
n1136	1037	0	0	57	164.5696007854172
n1135	1036	0	0	59	164.40079720625056
n1126	1042	0	0	69	164.92430197708384
n1125	1039	0	0	71	164.74801975833387
n1124	1038	0	0	73	164.58776319583387
n1118	1044	0	0	74	164.39438694375056
n1142	1048	0	0	50	165.6326359833338
n1139	1043	0	0	52	165.11019958958383
n1141	1046	0	0	52	165.47024266666716
n1140	1045	0	0	54	165.28007154583383
n1127	1050	0	0	68	165.10165257291717
n1121	1049	0	0	71	165.6326359833338
n1120	1047	0	0	73	165.47237942083382
n1145	1053	0	0	49	166.1678929020838
n1144	1052	0	0	50	165.97879015833382
n1143	1051	0	0	52	165.82601223541715
n1146	1056	0	0	52	166.34951700625047
n1131	1057	0	0	68	166.33349135000046
n1130	1054	0	0	69	166.1678929020838
n1129	1055	0	0	71	165.98733717500048
n1122	1058	0	0	73	165.82280710416714
n1165	1065	0	0	49	167.05785101250046
n1162	1060	0	0	50	166.54823514375045
n1164	1064	0	0	50	166.8965260729171
n1163	1061	0	0	52	166.7138335916671
n1155	1059	0	0	66	166.52900435625045
n1156	1063	0	0	69	166.89438931875046
n1148	1062	0	0	78	166.88156879375046
n1168	1069	0	0	47	167.63263788333379
n1167	1067	0	0	49	167.42964623750044
n1166	1066	0	0	50	167.2555007729171
n1169	1070	0	0	50	167.79930470833378
n1158	1071	0	0	66	167.7651166416671
n1157	1068	0	0	68	167.24695375625043
n1149	1072	0	0	71	167.24695375625043
n1173	1079	0	0	47	168.5108438458338
n1170	1074	0	0	49	167.96490315625044
n1172	1076	0	0	49	168.33563000416711
n1171	1075	0	0	50	168.13370673541712
n1160	1077	0	0	61	168.3345616270838
n1159	1073	0	0	65	167.9702450416671
n1152	1080	0	0	68	168.4958865666671
n1151	1078	0	0	69	168.33883513541713
n1176	1085	0	0	45	169.05251102708374
n1175	1084	0	0	47	168.86233990625044
n1174	1082	0	0	49	168.68285255625045
n1177	1086	0	0	49	169.21383596666706
n1161	1083	0	0	66	168.68926281875045
n1154	1091	0	0	66	169.05037427291708
n1153	1081	0	0	69	168.68285255625045
n1190	1090	0	0	45	169.95422128541708
n1187	1087	0	0	47	169.4296481375004
n1189	1089	0	0	47	169.79396472291708
n1188	1088	0	0	49	169.60699873333374
n1178	1097	0	0	68	169.4232378750004
n1193	1094	0	0	44	170.52580302500039
n1192	1093	0	0	45	170.3238797562504
n1191	1092	0	0	47	170.1700334562504
n1194	1096	0	0	47	170.67858094791706
n1184	1095	0	0	65	170.1572129312504
n1197	1100	0	0	42	171.2736669833337
n1196	1099	0	0	44	171.06960696041705
n1198	1101	0	0	44	171.42965003750035
n1195	1098	0	0	45	170.88370934791706
n1179	1102	0	0	66	170.90614526666707
n1185	deletion
n1180	1104	0	0	73	171.26618834375037
n1199	1103	0	0	45	171.63691519166701
n1200	1105	0	0	47	171.80892390208368
n1201	1107	0	0	49	171.9937531375003
n1202	1108	0	0	51	172.1700353562503
n1181	1106	0	0	78	171.61982115833368
n1182	1109	0	0	81	171.98520612083365
n1215	1112	0	0	49	172.73093332500028
n1214	1111	0	0	51	172.54396733541694
n1216	1113	0	0	51	172.9018736583336
n1213	1110	0	0	52	172.35913810000028
n1209	1115	0	0	68	172.7191811770836
n1203	1122	0	0	80	172.35700134583362
n1217	1114	0	0	52	173.07601912291696
n1218	1116	0	0	54	173.25443809583362
n1219	1118	0	0	56	173.41255790416696
n1220	1119	0	0	58	173.58029310625028
n1210	1117	0	0	73	173.07281399166695
n1211	1121	0	0	76	173.43285706875028
n1222	1123	0	0	58	173.94781482291694
n1221	1120	0	0	60	173.7854215062503
n1223	1124	0	0	60	174.1486697145836
n1224	1129	0	0	61	174.68606338750024
n1226	1131	0	0	61	175.01619190625024
n1212	1134	0	0	75	173.7854215062503
n1205	1126	0	0	81	174.14439620625026
n1225	1127	0	0	60	174.52260169375023
n1228	deletion
n1227	1130	0	0	63	174.87196100000025
n1207	1132	0	0	78	174.85486696666692
n1206	1128	0	0	80	174.4958922666669
n1239	1133	0	0	61	175.19888438750024
n1240	1135	0	0	63	175.38905550833357
n1242	1137	0	0	63	175.75337209375022
n1241	1136	0	0	64	175.5770898750002
n1235	1138	0	0	68	175.55251720208355
n1229	1144	0	0	76	175.2170467979169
n1246	1143	0	0	56	176.44461206666693
n1245	1141	0	0	57	176.29397089791692
n1244	1140	0	0	59	176.11234679375025
n1243	1139	0	0	61	175.93713295208357
n1237	1145	0	0	71	176.27367173333357
n1236	1142	0	0	73	175.91683378750025
n1248	1147	0	0	52	176.77901409375028
n1247	1146	0	0	54	176.55144977500026
n1249	1148	0	0	54	176.96384332916693
n1250	1149	0	0	56	177.13692041666692
n1238	1159	0	0	69	176.63478318750026
n1231	1150	0	0	76	176.97773223125026
n1251	1151	0	0	54	177.32815991458358
n1254	1155	0	0	54	177.85700657083356
n1252	1152	0	0	56	177.49482673958357
n1253	1154	0	0	57	177.69888676250022
n1232	1153	0	0	75	177.30786075000026
n1233	1156	0	0	78	177.6785875979169
n1272	1158	0	0	54	178.2117077625002
n1271	1157	0	0	56	178.0258101500002
n1273	1160	0	0	56	178.41149427708353
n1274	1161	0	0	57	178.58777649583357
n1260	1162	0	0	63	178.40508401458354
n1255	1165	0	0	72	178.04183580625022
n1278	1170	0	0	51	179.3067942729169
n1277	1167	0	0	52	179.13905907083358
n1276	1164	0	0	54	178.94781957291693
n1275	1163	0	0	56	178.77901599375025
n1262	1168	0	0	66	179.1337171854169
n1261	1166	0	0	68	178.76405871458357
n1256	1169	0	0	75	179.12089666041692
n1280	1173	0	0	49	179.8505982083336
n1279	1171	0	0	52	179.4723927208336
n1266	1175	0	0	63	180.0108547708336
n1265	1174	0	0	64	179.8505982083336
n1264	1172	0	0	66	179.6326492833336
n1257	1177	0	0	68	179.49696539375026
n1281	1184	0	0	57	180.2330772041669
n1267	1176	0	0	61	180.23521395833356
n1270	1181	0	0	61	180.73735118750022
n1268	1178	0	0	63	180.36876109375024
n1269	1179	0	0	64	180.5856416416669
n1258	1180	0	0	73	180.56854760833357
n1306	1189	0	0	54	181.46064247291693
n1305	1187	0	0	56	181.30038591041694
n1298	1185	0	0	63	180.9253855541669
n1285	1188	0	0	69	181.46064247291693
n1282	1182	0	0	71	180.94034283333357
n1284	1186	0	0	71	181.30465941875028
n1283	1183	0	0	73	181.11235154375024
n1307	1200	0	0	56	181.64654008541692
n1299	1193	0	0	64	182.02795070416693
n1288	1194	0	0	68	182.02154044166693
n1287	1192	0	0	69	181.80786502500024
n1286	1191	0	0	71	181.66683925000024
n1289	1195	0	0	71	182.20423292291693
n1300	1196	0	0	61	182.3858570270836
n1309	1201	0	0	61	182.75337874375026
n1301	1199	0	0	64	182.76726764583358
n1293	1203	0	0	68	182.9339344708336
n1290	1197	0	0	69	182.39013053541694
n1292	1202	0	0	69	182.7768830395836
n1291	1198	0	0	71	182.55679736041694
n1310	1212	0	0	54	183.13585773958363
n1303	1209	0	0	61	183.68286680625027
n1302	1206	0	0	63	183.14013124791697
n1296	1207	0	0	66	183.50444783333361
n1295	1205	0	0	68	183.31000320416695
n1294	1204	0	0	69	183.16577229791696
n1297	1208	0	0	69	183.68286680625027
n1333	1217	0	0	51	184.37090164791695
n1332	1214	0	0	52	184.2095767083336
n1328	1216	0	0	56	184.22667074166694
n1327	1211	0	0	60	183.8506020083336
n1314	1219	0	0	66	184.3666281395836
n1311	1210	0	0	68	183.86128577916693
n1313	1215	0	0	68	184.22026047916694
n1312	1213	0	0	69	184.0247474729169
n1335	1223	0	0	49	184.9232526000003
n1334	1220	0	0	52	184.55038899791694
n1329	1229	0	0	61	184.56320952291694
n1317	1224	0	0	64	184.9296628625003
n1316	1222	0	0	66	184.72667121666694
n1315	1221	0	0	68	184.56961978541693
n1318	1225	0	0	68	185.0995348187503
n1336	1233	0	0	51	185.28756918541697
n1322	1230	0	0	64	185.81748421875034
n1319	1226	0	0	66	185.3046632187503
n1321	1228	0	0	66	185.65188577083367
n1320	1227	0	0	68	185.46598815833366
n1330	1236	0	0	60	186.00979209375032
n1325	1234	0	0	63	186.35060438333363
n1324	1232	0	0	64	186.1668435250003
n1323	1231	0	0	66	185.99910832291698
n1326	1235	0	0	66	186.52581822500028
n1349	1239	0	0	48	186.8837245479169
n1348	1237	0	0	49	186.73415175625024
n1350	1240	0	0	49	187.10060509583354
n1351	1241	0	0	51	187.25124626458353
n1342	1243	0	0	56	187.06855378333356
n1341	1238	0	0	61	186.7256047395836
n1337	1242	0	0	64	186.7223996083336
n1352	1244	0	0	52	187.47987896041687
n1355	1248	0	0	52	188.0172726333335
n1353	1245	0	0	54	187.6315885062502
n1354	1246	0	0	55	187.8303066437502
n1343	1247	0	0	61	187.43714387708354
n1344	1249	0	0	64	187.8046655937502
n1359	1253	0	0	52	188.7790254937502
n1356	1250	0	0	54	188.22987967291684
n1358	1252	0	0	54	188.59205950416685
n1357	1251	0	0	55	188.4050935145835
n1345	1254	0	0	58	188.1935548520835
n1338	1256	0	0	67	188.58885437291684
n1363	1261	0	0	46	189.4916330083336
n1362	1259	0	0	47	189.33458157708358
n1361	1257	0	0	49	189.12945317708355
n1360	1255	0	0	50	188.9617179750002
n1346	1260	0	0	59	189.00231630416687
n1347	1265	0	0	61	189.32496618333357
n1340	1262	0	0	64	189.3196242979169
n1339	1258	0	0	66	188.95637608958353
n1373	1264	0	0	42	189.8677017416669
n1372	1263	0	0	47	189.6743254895836
n1374	1266	0	0	47	190.0503942229169
n1375	1267	0	0	49	190.24270209791692
n1369	1268	0	0	54	190.0760352729169
n1364	1269	0	0	62	189.69996653958358
n1376	1270	0	0	50	190.43607835000026
n1379	1274	0	0	50	190.94676259583358
n1377	1271	0	0	52	190.60488192916694
n1378	1273	0	0	54	190.78543765625025
n1370	1272	0	0	59	190.40616379166693
n1371	1275	0	0	62	190.75872822916693
n1386	1279	0	0	50	191.69676330833357
n1383	1276	0	0	52	191.15830125833358
n1385	1278	0	0	52	191.50766056458357
n1384	1277	0	0	54	191.31855782083358
n1380	1280	0	0	56	191.12518156875024
n1365	1281	0	0	66	191.50979731875023
n1390	1287	0	0	44	192.43714862708362
n1389	1286	0	0	45	192.25979803125026
n1388	1284	0	0	47	192.06535340208356
n1387	1282	0	0	49	191.8773190354169
n1381	1285	0	0	57	191.89548144583355
n1382	1290	0	0	59	192.24911426041692
n1367	1288	0	0	62	192.2459091291669
n1366	1283	0	0	64	191.87518228125023
n1418	1291	0	0	40	192.80467034375027
n1417	1289	0	0	45	192.61770435416693
n1419	1292	0	0	45	192.9820209395836
n1420	1296	0	0	47	193.16364504375028
n1404	1294	0	0	56	193.1668501750003
n1403	1293	0	0	57	192.98949957916693
n1391	1295	0	0	61	192.62411461666693
n1405	1297	0	0	49	193.3719785750003
n1408	1301	0	0	49	193.91257737916698
n1406	1298	0	0	50	193.53864540000032
n1407	1300	0	0	52	193.73202165208366
n1397	1304	0	0	57	193.34526914791695
n1392	1299	0	0	61	193.72133788125032
n1412	1307	0	0	49	194.65189432083366
n1409	1302	0	0	50	194.104885254167
n1411	1305	0	0	50	194.47881723333364
n1410	1303	0	0	52	194.287577735417
n1399	1306	0	0	59	194.48522749583364
n1400	1308	0	0	61	194.6444156812503
n1393	1310	0	0	66	194.10274850000033
n1416	1314	0	0	42	195.38693775416698
n1415	1312	0	0	44	195.207450404167
n1414	1311	0	0	45	195.011937397917
n1413	1309	0	0	47	194.84633895000033
n1401	1316	0	0	62	194.838860310417
n1395	1313	0	0	65	195.2277495687503
n1396	1315	0	0	66	195.39121126250032
n1446	1320	0	0	37	195.9424938375003
n1445	1317	0	0	41	195.58351913750033
n1430	1319	0	0	61	195.75552784791697
n1431	1322	0	0	63	195.94569896875032
n1432	1324	0	0	65	196.1102290395837
n1422	1321	0	0	66	195.94890410000033
n1421	1318	0	0	68	195.592066154167
n1423	1323	0	0	68	196.10488715416702
n1447	1333	0	0	42	196.29933178333368
n1433	1326	0	0	66	196.29185314375036
n1436	1329	0	0	66	196.8538194895837
n1434	1327	0	0	68	196.49270803541702
n1424	1325	0	0	69	196.31215230833368
n1435	1328	0	0	69	196.7031783208337
n1440	1334	0	0	69	197.58886292291706
n1437	1330	0	0	71	197.0493324958337
n1439	1332	0	0	71	197.41685421250037
n1438	1331	0	0	73	197.23309335416704
n1448	1340	0	0	41	197.7726237812504
n1443	1337	0	0	68	198.1668549250003
n1442	1336	0	0	69	197.94570086875038
n1444	1338	0	0	69	198.34954740625028
n1441	1335	0	0	71	197.78117079791704
n1428	1339	0	0	73	198.13694036666698
n1466	1343	0	0	42	198.57283821666692
n1467	1344	0	0	54	198.74591530416694
n1468	1346	0	0	56	198.94463344166692
n1469	1347	0	0	57	199.09313785625028
n1456	1341	0	0	66	198.58993225000026
n1450	1345	0	0	66	198.92860778541694
n1449	1342	0	0	69	198.57390659375025
n1473	1352	0	0	57	199.83138642083352
n1470	1348	0	0	59	199.3121551583336
n1472	1351	0	0	59	199.66471959583356
n1471	1349	0	0	61	199.4820271145836
n1457	1350	0	0	66	199.67647174375023
n1451	1355	0	0	74	199.30788165000027
n1474	1360	0	0	56	200.02796780416685
n1461	1359	0	0	62	200.5899341500002
n1458	1353	0	0	64	200.04933534583353
n1460	1356	0	0	64	200.4328827187502
n1459	1354	0	0	66	200.22241243333355
n1454	1358	0	0	71	200.55681446041686
n1453	1357	0	0	73	200.40189978333353
n1476	1364	0	0	58	201.1412167250002
n1464	1363	0	0	61	201.12946457708352
n1463	1362	0	0	62	200.94143021041685
n1462	1361	0	0	64	200.75766935208352
n1465	1365	0	0	64	201.29933653333353
n1455	1369	0	0	73	200.7544642208335
n1502	1371	0	0	57	201.87305502708352
n1501	1366	0	0	59	201.5001914250002
n1488	1373	0	0	61	202.04079022916684
n1485	1367	0	0	62	201.51408032708352
n1487	1372	0	0	62	201.8687815187502
n1486	1368	0	0	64	201.6572428562502
n1478	1370	0	0	78	201.85168748541687
n1504	1379	0	0	54	202.74698748125016
n1503	1375	0	0	56	202.22455108750017
n1491	1377	0	0	59	202.58138903333352
n1490	1376	0	0	61	202.38480765000017
n1489	1374	0	0	62	202.21707244791685
n1492	1378	0	0	62	202.74271397291682
n1479	1380	0	0	71	202.22348271041685
n1506	1385	0	0	49	203.2918597937501
n1505	1381	0	0	53	202.9168594375001
n1496	1387	0	0	59	203.43609070000008
n1493	1382	0	0	61	202.9457056187501
n1495	1386	0	0	61	203.29399654791675
n1494	1383	0	0	62	203.08245788541677
n1482	1388	0	0	68	203.44891122500007
n1481	1384	0	0	69	203.28758628541675
n1507	1397	0	0	54	203.63160370625008
n1499	1393	0	0	57	203.99378353750006
n1498	1391	0	0	59	203.80361241666674
n1497	1389	0	0	61	203.63587721458342
n1500	1394	0	0	61	204.17327088750008
n1484	1392	0	0	66	203.99698866875008
n1483	1390	0	0	69	203.62305668958342
n1518	1399	0	0	57	204.9051091895834
n1515	1395	0	0	59	204.37839928750006
n1517	1398	0	0	59	204.7587415291667
n1516	1396	0	0	61	204.56857040833341
n1508	1407	0	0	68	204.36985227083338
n1528	1403	0	0	53	205.09100680208343
n1521	1402	0	0	56	205.49057983125007
n1520	1401	0	0	57	205.27690441458338
n1519	1400	0	0	59	205.12519486875007
n1522	1404	0	0	59	205.6486996395834
n1530	1410	0	0	50	206.22241813333335
n1529	1406	0	0	54	205.83993913750007
n1523	1405	0	0	57	205.85596479375008
n1524	1409	0	0	59	206.218144625
n1511	1413	0	0	65	206.39656359791664
n1510	1408	0	0	66	206.01835811041673
n1531	1411	0	0	45	206.60062362083332
n1532	1417	0	0	47	206.98630774791667
n1525	1412	0	0	61	206.60596550625
n1526	1416	0	0	62	206.99058125625
n1513	1414	0	0	66	206.7875896104167
n1514	1415	0	0	68	207.17220536041663
n1540	1424	0	0	49	207.4339577458333
n1537	1419	0	0	57	207.43716287708332
n1533	1418	0	0	61	207.43823125416665
n1534	1420	0	0	66	207.93288984374993
n1541	1422	0	0	37	208.5119502229166
n1538	1421	0	0	56	208.5055399604166
n1535	1423	0	0	65	209.21494234374978
n1542	1425	0	0	42	210.33780665833305
n1539	1427	0	0	54	210.34528529791638
n1536	1426	0	0	66	210.3271228874997
insertion	17	0	0	56	9.789539214583332
insertion	19	0	0	56	9.95193253125
insertion	21	0	0	56	10.107915585416665
insertion	14	0	0	57	9.386761054166666
insertion	16	0	0	57	9.709410933333332
insertion	18	0	0	57	9.877146135416666
insertion	20	0	0	57	10.051291599999999
insertion	13	0	0	55	9.433769645833333
insertion	49	0	0	63	19.192325925
insertion	52	0	0	63	19.348308979166667
insertion	55	0	0	63	19.4807877375
insertion	45	0	0	64	18.802368289583335
insertion	47	0	0	64	19.117539529166667
insertion	50	0	0	64	19.277796091666666
insertion	53	0	0	64	19.42416375208333
insertion	59	0	0	63	19.59083057708333
insertion	56	0	0	64	19.558779264583332
insertion	110	0	0	44	33.13357848541665
insertion	112	0	0	44	33.29276667083331
insertion	119	0	0	44	33.45088647916664
insertion	107	0	0	45	32.77353540833331
insertion	109	0	0	45	33.080159631249984
insertion	111	0	0	45	33.22866404583331
insertion	114	0	0	45	33.39319411666664
insertion	144	0	0	68	38.45516473749995
insertion	140	0	0	69	38.049181445833284
insertion	143	0	0	69	38.36969457083328
insertion	171	0	0	60	43.01286137499995
insertion	168	0	0	61	42.57803190208329
insertion	170	0	0	61	42.904955289583285
insertion	421	0	0	69	89.84837595416685
insertion	524	0	0	66	108.46270987708374
insertion	639	0	0	54	121.56314967291712
insertion	772	0	0	57	134.95632478958376
insertion	1125	0	0	62	174.3634135083336
insertion	1190	0	0	63	181.33884748541695
insertion	1218	0	0	56	184.40936322291697
