xml_id	midi_id	track	channel	pitch	onset
n15	16	1	0	40	1.114583333333333
n13	10	1	0	50	2.0572916666666665
n12	6	1	0	51	1.751302083333333
n11	1	1	0	52	1.1015624999999998
n6	3	1	0	59	1.4570312499999998
n5	0	1	0	64	1.0846354166666665
n7	4	1	0	66	1.7578124999999998
n1	2	1	0	68	1.0377604166666665
n8	7	1	0	68	2.052083333333333
n2	5	1	0	69	1.7187499999999998
n3	8	1	0	71	2.01953125
n25	17	1	0	47	3.031250000000001
n14	11	1	0	49	2.626302083333334
n9	9	1	0	64	2.321614583333334
n10	13	1	0	69	2.609375000000001
n4	12	1	0	73	2.5924479166666674
n16	15	1	0	76	2.9934895833333344
n29	22	1	0	40	4.244791666666667
n26	23	1	0	52	4.277343750000001
n21	14	1	0	66	3.354166666666668
n23	20	1	0	68	4.235677083333334
n22	18	1	0	71	3.716145833333335
n18	21	1	0	71	4.214843750000001
n17	19	1	0	74	3.6875000000000013
n38	25	1	0	66	5.611979166666666
n19	24	1	0	69	5.15625
n35	29	1	0	69	5.895833333333334
n24	deletion
n30	26	1	0	81	5.531249999999999
n42	30	1	0	57	6.503906249999998
n40	32	1	0	62	6.485677083333331
n39	27	1	0	64	6.188802083333332
n32	31	1	0	78	6.455729166666665
n31	28	1	0	80	6.139322916666666
n57	37	1	0	49	7.44661458333333
n41	33	1	0	61	7.0468749999999964
n53	40	1	0	61	7.42708333333333
n37	35	1	0	69	6.757812499999997
n33	34	1	0	76	7.0013020833333295
n43	36	1	0	78	7.386718749999997
n58	39	1	0	50	8.07942708333333
n59	49	1	0	52	8.484374999999998
n54	42	1	0	61	8.466145833333332
n49	38	1	0	69	7.783854166666663
n44	41	1	0	76	8.04427083333333
n74	67	1	0	40	10.071614583333341
n70	54	1	0	52	10.079427083333341
n56	48	1	0	56	9.423177083333337
n55	45	1	0	57	8.85546875
n51	44	1	0	64	8.859375
n52	51	1	0	64	9.503906250000004
n64	52	1	0	64	10.019531250000007
n60	55	1	0	68	9.98177083333334
n47	50	1	0	71	9.372395833333337
n46	46	1	0	73	8.822916666666668
n72	62	1	0	50	11.03776041666668
n71	58	1	0	51	10.730468750000012
n65	53	1	0	59	10.42578125000001
n66	57	1	0	66	10.730468750000012
n67	59	1	0	68	11.032552083333346
n61	56	1	0	69	10.696614583333345
n62	60	1	0	71	10.993489583333346
n87	deletion
n83	65	1	0	47	11.984375000000014
n73	64	1	0	49	11.60286458333335
n68	61	1	0	64	11.311197916666682
n69	66	1	0	69	11.58723958333335
n63	63	1	0	73	11.55598958333335
n75	70	1	0	76	11.960937500000016
n88	75	1	0	41	12.838541666666679
n89	79	1	0	42	13.688802083333348
n84	68	1	0	52	12.360677083333346
n85	71	1	0	53	12.841145833333345
n86	77	1	0	54	13.661458333333346
n79	69	1	0	68	12.360677083333346
n80	72	1	0	68	12.805989583333345
n82	76	1	0	69	13.67057291666668
n81	73	1	0	71	12.811197916666679
n77	78	1	0	73	13.62369791666668
n76	74	1	0	74	12.790364583333345
n103	87	1	0	42	15.70963541666669
n104	83	1	0	54	15.70182291666669
n95	80	1	0	69	15.684895833333355
n90	82	1	0	73	15.661458333333355
n105	93	1	0	40	16.766927083333357
n106	90	1	0	52	16.77994791666669
n96	81	1	0	63	16.091145833333357
n99	89	1	0	68	16.76041666666669
n97	84	1	0	69	16.38932291666669
n98	85	1	0	71	16.37369791666669
n92	88	1	0	71	16.73307291666669
n91	86	1	0	75	16.36979166666669
n93	92	1	0	76	16.720052083333357
n107	98	1	0	39	17.33463541666669
n121	103	1	0	40	17.64322916666669
n108	97	1	0	51	17.33203125000002
n122	100	1	0	52	17.645833333333353
n100	91	1	0	64	17.040364583333353
n101	94	1	0	66	17.32421875000002
n102	95	1	0	71	17.298177083333353
n113	99	1	0	71	17.63671875000002
n94	96	1	0	78	17.294270833333353
n109	102	1	0	80	17.610677083333357
n125	112	1	0	32	18.494791666666686
n123	107	1	0	37	18.183593750000018
n126	111	1	0	44	18.494791666666686
n124	105	1	0	49	18.179687500000018
n114	101	1	0	68	17.906250000000018
n115	104	1	0	69	18.17317708333335
n116	106	1	0	76	18.16927083333335
n117	109	1	0	76	18.476562500000018
n110	108	1	0	81	18.151041666666682
n111	113	1	0	83	18.453125000000018
n127	117	1	0	32	19.10937500000001
n137	122	1	0	32	19.68359375000001
n128	115	1	0	44	19.10807291666668
n138	121	1	0	44	19.68229166666668
n118	110	1	0	71	18.76302083333335
n119	116	1	0	75	19.098958333333346
n133	120	1	0	75	19.65885416666668
n120	114	1	0	78	19.091145833333346
n134	119	1	0	78	19.657552083333346
n112	118	1	0	84	19.07031250000001
n129	124	1	0	84	19.632812500000014
n139	130	1	0	33	21.08723958333334
n140	129	1	0	45	21.08463541666667
n135	123	1	0	73	21.09505208333334
n136	127	1	0	76	21.054687500000004
n149	134	1	0	34	22.153645833333336
n150	133	1	0	46	22.162760416666668
n145	131	1	0	73	22.143229166666668
n146	132	1	0	76	22.13671875
n141	136	1	0	78	22.110677083333332
n132	128	1	0	85	21.688802083333336
n131	125	1	0	87	21.406250000000007
n151	141	1	0	35	23.329427083333325
n152	137	1	0	47	23.333333333333325
n147	135	1	0	69	23.31119791666666
n148	138	1	0	75	23.29557291666666
n163	146	1	0	37	24.326822916666657
n164	142	1	0	49	24.32421874999999
n157	144	1	0	64	24.32031249999999
n158	145	1	0	69	24.30598958333332
n153	143	1	0	76	24.279947916666657
n143	139	1	0	80	23.621093749999993
n144	140	1	0	81	23.906249999999993
n165	151	1	0	39	25.339843749999982
n166	150	1	0	51	25.347656249999982
n159	148	1	0	66	25.321614583333314
n160	149	1	0	69	25.296874999999982
n155	152	1	0	73	25.300781249999982
n154	147	1	0	75	24.947916666666654
n167	154	1	0	42	25.97135416666665
n168	156	1	0	54	25.97526041666665
n181	163	1	0	54	26.444010416666636
n182	161	1	0	59	26.451822916666636
n161	155	1	0	63	25.973958333333318
n173	158	1	0	63	26.434895833333304
n162	153	1	0	69	25.946614583333318
n174	159	1	0	69	26.434895833333304
n156	157	1	0	71	25.938802083333318
n169	160	1	0	71	26.40234374999997
n175	162	1	0	63	27.73046874999996
n176	164	1	0	69	27.76953124999996
n170	165	1	0	75	27.68749999999996
n185	167	1	0	51	28.075520833333297
n187	174	1	0	52	28.367187499999957
n200	181	1	0	54	28.803385416666615
n186	169	1	0	59	28.079427083333297
n188	172	1	0	59	28.346354166666625
n201	182	1	0	59	28.798177083333282
n202	183	1	0	63	28.78906249999995
n179	171	1	0	64	28.345052083333293
n177	168	1	0	66	28.059895833333297
n180	173	1	0	68	28.351562499999957
n178	170	1	0	69	28.04166666666663
n193	177	1	0	69	28.804687499999947
n189	176	1	0	71	28.756510416666618
n172	175	1	0	76	28.321614583333293
n171	166	1	0	78	28.02994791666663
n198	180	1	0	70	29.55598958333327
n197	179	1	0	71	29.45442708333327
n199	184	1	0	71	29.660156249999936
n196	178	1	0	73	29.36328124999994
n190	185	1	0	83	29.828124999999936
n206	186	1	0	54	30.19531249999993
n209	195	1	0	56	30.459635416666593
n223	197	1	0	57	30.772135416666593
n207	189	1	0	59	30.197916666666597
n210	194	1	0	59	30.475260416666597
n224	199	1	0	61	30.781249999999925
n208	187	1	0	63	30.190104166666597
n211	193	1	0	64	30.46223958333326
n225	196	1	0	64	30.769531249999925
n194	188	1	0	71	30.19921874999993
n195	191	1	0	71	30.46484374999993
n218	200	1	0	73	30.761718749999925
n192	192	1	0	80	30.440104166666593
n212	198	1	0	80	30.740885416666593
n191	190	1	0	81	30.165364583333265
n226	205	1	0	58	31.326822916666593
n229	209	1	0	59	31.634114583333254
n227	206	1	0	61	31.324218749999925
n230	211	1	0	63	31.635416666666586
n228	204	1	0	66	31.322916666666593
n231	207	1	0	66	31.635416666666586
n220	210	1	0	71	31.619791666666586
n219	203	1	0	73	31.315104166666593
n214	202	1	0	76	31.304687499999925
n215	208	1	0	76	31.610677083333254
n213	201	1	0	78	31.02994791666659
n232	216	1	0	61	32.19531249999993
n245	220	1	0	63	32.61718749999994
n233	214	1	0	64	32.196614583333265
n221	215	1	0	66	32.196614583333265
n234	221	1	0	66	32.61718749999994
n235	219	1	0	69	32.60286458333328
n222	217	1	0	70	32.19401041666659
n236	218	1	0	71	32.592447916666615
n216	212	1	0	75	31.89973958333325
n217	213	1	0	76	32.17708333333326
n247	227	1	0	59	33.80078124999997
n239	225	1	0	63	33.79817708333331
n246	222	1	0	64	33.311197916666636
n240	226	1	0	66	33.78906249999997
n237	223	1	0	68	33.300781249999964
n238	224	1	0	71	33.2942708333333
n241	228	1	0	71	33.76562499999997
n248	229	1	0	47	34.751302083333314
n251	233	1	0	49	35.40104166666666
n242	230	1	0	63	34.76432291666665
n249	234	1	0	64	35.35807291666666
n243	231	1	0	66	34.76041666666665
n250	235	1	0	68	35.34114583333332
n244	232	1	0	69	34.73177083333331
n252	236	1	0	64	36.704427083333336
n260	239	1	0	58	37.78515625
n253	237	1	0	66	37.018229166666664
n254	238	1	0	68	37.33984375
n264	246	1	0	57	39.0234375
n261	240	1	0	63	39.01171875
n257	241	1	0	78	38.985677083333336
n269	249	1	0	56	40.184895833333336
n263	244	1	0	59	39.626302083333336
n262	242	1	0	61	39.313802083333336
n270	247	1	0	65	40.19010416666667
n265	250	1	0	74	40.153645833333336
n259	245	1	0	75	39.60807291666667
n258	243	1	0	76	39.29557291666667
n266	248	1	0	83	40.12890625
n271	251	1	0	42	41.380208333333336
n267	255	1	0	81	41.35546875
n268	253	1	0	85	41.338541666666664
n272	252	1	0	44	41.658854166666664
n273	254	1	0	45	41.99739583333333
n282	256	1	0	47	42.47786458333333
n274	260	1	0	68	42.45442708333333
n275	258	1	0	76	42.467447916666664
n276	261	1	0	80	42.44140624999999
n283	257	1	0	58	42.85286458333333
n284	259	1	0	59	43.162760416666664
n285	262	1	0	64	43.463541666666664
n280	263	1	0	67	43.75260416666667
n281	264	1	0	68	44.04947916666667
n287	265	1	0	71	44.41015625
n299	272	1	0	35	45.24609375000001
n300	271	1	0	47	45.25781250000001
n289	268	1	0	56	45.24609375000001
n290	267	1	0	59	45.25781250000001
n292	270	1	0	59	45.76171875000001
n291	266	1	0	64	45.21093750000001
n293	269	1	0	64	45.73567708333334
n294	273	1	0	68	45.72135416666668
n311	279	1	0	32	46.854166666666686
n303	275	1	0	33	46.453125000000014
n312	280	1	0	44	46.85677083333335
n304	274	1	0	45	46.45572916666668
n295	277	1	0	59	46.464843750000014
n305	281	1	0	59	46.83593750000002
n296	276	1	0	63	46.453125000000014
n306	282	1	0	64	46.854166666666686
n297	278	1	0	66	46.42447916666668
n307	285	1	0	71	46.82942708333336
n313	283	1	0	58	47.20703125000002
n314	284	1	0	59	47.498697916666686
n315	286	1	0	68	47.809895833333364
n309	287	1	0	70	48.09505208333337
n310	288	1	0	71	48.37760416666671
n317	289	1	0	80	48.74869791666671
n329	297	1	0	35	49.63411458333337
n330	296	1	0	47	49.61328125000004
n319	293	1	0	56	49.628906250000036
n320	292	1	0	59	49.632812500000036
n322	294	1	0	59	50.15625000000004
n321	291	1	0	64	49.61979166666671
n323	295	1	0	64	50.115885416666714
n324	298	1	0	68	50.11458333333338
n341	304	1	0	32	51.252604166666714
n333	300	1	0	33	50.85156250000005
n342	305	1	0	44	51.26562500000005
n334	299	1	0	45	50.85546875000005
n325	302	1	0	59	50.858072916666714
n335	306	1	0	59	51.27734375000005
n326	301	1	0	63	50.846354166666714
n336	307	1	0	64	51.25781250000005
n327	303	1	0	66	50.82552083333338
n337	308	1	0	71	51.233072916666714
n343	309	1	0	58	51.59635416666672
n344	310	1	0	59	51.91015625000005
n345	311	1	0	71	52.235677083333385
n339	312	1	0	70	52.52734375000005
n340	313	1	0	71	52.83203125000005
n348	314	1	0	76	53.141927083333385
n358	318	1	0	35	53.73046875000006
n359	319	1	0	47	53.73046875000006
n349	315	1	0	80	53.44401041666672
n350	316	1	0	83	53.72786458333339
n351	317	1	0	88	53.88411458333339
n352	320	1	0	92	54.074218750000064
n372	329	1	0	40	55.45312500000007
n362	326	1	0	47	54.975260416666735
n373	333	1	0	52	55.45052083333341
n363	324	1	0	59	54.9700520833334
n364	330	1	0	64	55.44531250000007
n354	327	1	0	66	54.963541666666735
n365	331	1	0	68	55.444010416666735
n355	325	1	0	69	54.98567708333341
n356	328	1	0	75	54.9348958333334
n366	332	1	0	76	55.416666666666735
n353	321	1	0	95	54.48177083333341
n374	337	1	0	47	56.45572916666674
n375	334	1	0	59	56.44401041666674
n383	343	1	0	44	57.518229166666735
n384	341	1	0	47	57.5052083333334
n385	340	1	0	56	57.486979166666735
n369	336	1	0	64	57.1380208333334
n376	339	1	0	64	57.494791666666735
n370	335	1	0	68	57.100260416666735
n371	338	1	0	71	57.092447916666735
n377	342	1	0	71	57.4661458333334
n386	348	1	0	42	58.48567708333342
n387	345	1	0	47	58.48958333333342
n388	344	1	0	54	58.46744791666676
n396	354	1	0	40	59.52083333333342
n397	353	1	0	47	59.53255208333342
n398	351	1	0	52	59.50911458333342
n380	deletion
n389	350	1	0	64	59.54036458333342
n390	355	1	0	68	59.519531250000085
n381	347	1	0	69	59.11979166666676
n382	349	1	0	75	59.10286458333342
n391	352	1	0	76	59.49739583333342
n399	357	1	0	47	60.467447916666764
n407	362	1	0	44	61.5507812500001
n408	361	1	0	47	61.52734375000011
n394	356	1	0	71	61.12890625000011
n400	359	1	0	71	61.54166666666677
n395	358	1	0	83	61.10937500000011
n401	360	1	0	83	61.50130208333344
n409	367	1	0	42	62.54687500000009
n410	363	1	0	47	62.53906250000009
n423	372	1	0	40	63.57942708333343
n424	370	1	0	47	63.55729166666676
n404	365	1	0	75	63.18098958333343
n411	368	1	0	76	63.56640625000009
n412	371	1	0	80	63.55859375000009
n405	364	1	0	81	63.18098958333343
n406	366	1	0	87	63.162760416666764
n413	369	1	0	88	63.53776041666676
n425	378	1	0	40	64.1718750000001
n426	377	1	0	47	64.20442708333344
n427	376	1	0	52	64.1875000000001
n414	373	1	0	78	64.15885416666677
n415	375	1	0	81	64.1523437500001
n416	374	1	0	90	64.13541666666677
n431	382	1	0	40	65.17187500000009
n432	383	1	0	47	65.17057291666676
n433	381	1	0	52	65.17838541666676
n420	379	1	0	76	65.16145833333343
n421	384	1	0	80	65.14583333333343
n422	380	1	0	88	65.14322916666676
n449	388	1	0	40	66.11718750000009
n450	390	1	0	47	66.13671875000009
n451	389	1	0	52	66.13671875000009
n437	386	1	0	78	66.12109375000009
n438	387	1	0	81	66.11328125000009
n439	385	1	0	90	66.09505208333341
n455	394	1	0	40	67.15494791666677
n456	396	1	0	47	67.16666666666677
n457	395	1	0	52	67.15885416666677
n443	391	1	0	76	67.13020833333343
n444	392	1	0	80	67.1328125000001
n445	393	1	0	88	67.1093750000001
n473	401	1	0	40	68.19010416666677
n474	398	1	0	47	68.20052083333344
n475	400	1	0	51	68.16666666666677
n461	399	1	0	81	68.14453125000011
n462	402	1	0	90	68.14973958333344
n463	397	1	0	93	68.13281250000011
n479	414	1	0	40	70.30338541666676
n480	412	1	0	47	70.31510416666676
n481	413	1	0	52	70.29166666666676
n467	408	1	0	80	69.24088541666676
n468	404	1	0	88	69.22526041666676
n469	403	1	0	92	69.20052083333343
n499	417	1	0	40	71.4231770833334
n505	deletion
n500	416	1	0	47	71.44921875000006
n506	deletion
n501	420	1	0	52	71.4192708333334
n507	deletion
n485	409	1	0	78	70.31770833333343
n486	411	1	0	81	70.30338541666676
n487	415	1	0	87	70.28906250000009
n488	410	1	0	90	70.27083333333343
n493	421	1	0	76	71.42057291666673
n494	419	1	0	80	71.41406250000007
n495	418	1	0	88	71.40885416666674
n520	426	1	0	52	72.63802083333337
n521	424	1	0	56	72.63281250000004
n522	422	1	0	59	72.6471354166667
n511	425	1	0	68	72.61979166666671
n512	423	1	0	71	72.57421875000004
n526	431	1	0	52	73.82812500000006
n527	427	1	0	56	73.81901041666671
n528	428	1	0	59	73.81119791666671
n515	430	1	0	68	73.80859375000004
n516	429	1	0	71	73.78906250000004
n531	432	1	0	68	75.03255208333337
n532	433	1	0	71	75.01953125000004
n545	436	1	0	52	76.81770833333337
n553	440	1	0	52	78.13802083333333
n549	deletion
n535	435	1	0	68	76.27864583333336
n543	444	1	0	68	76.8072916666667
n536	434	1	0	71	76.25781250000003
n544	445	1	0	71	76.7994791666667
n550	437	1	0	47	77.26171875
n546	438	1	0	54	77.55208333333333
n547	439	1	0	56	77.86458333333333
n548	441	1	0	57	78.44140625
n561	442	1	0	61	78.76692708333331
n566	446	1	0	52	79.1028645833333
n563	447	1	0	56	79.90364583333327
n562	443	1	0	59	79.40624999999997
n558	449	1	0	68	80.69140624999994
n559	448	1	0	71	80.67968749999994
n560	450	1	0	73	80.67968749999994
n571	453	1	0	68	81.80078124999991
n572	451	1	0	71	81.80468749999991
n573	452	1	0	73	81.78776041666659
n584	457	1	0	53	83.14583333333321
n588	deletion
n577	456	1	0	68	82.70182291666656
n581	465	1	0	68	83.13932291666654
n578	455	1	0	71	82.68229166666656
n582	466	1	0	71	83.12499999999989
n579	454	1	0	73	82.67317708333323
n583	467	1	0	73	83.11848958333321
n589	458	1	0	49	83.59765624999986
n585	459	1	0	54	83.87369791666652
n586	460	1	0	56	84.18489583333319
n591	462	1	0	49	84.48828124999984
n587	461	1	0	57	84.7721354166665
n601	463	1	0	61	85.12239583333316
n606	469	1	0	49	85.4713541666665
n603	468	1	0	56	86.27994791666646
n602	464	1	0	59	85.75130208333314
n598	471	1	0	68	87.02604166666644
n599	472	1	0	71	87.01562499999979
n600	470	1	0	73	86.99088541666644
n611	474	1	0	68	88.20052083333309
n612	473	1	0	71	88.18098958333309
n613	475	1	0	73	88.16145833333309
n622	483	1	0	30	88.97526041666642
n623	481	1	0	42	88.97786458333309
n617	477	1	0	69	88.98697916666642
n631	479	1	0	69	89.34114583333307
n618	478	1	0	73	88.96744791666642
n632	480	1	0	73	89.33723958333307
n624	482	1	0	78	89.30859374999974
n638	489	1	0	30	89.91276041666639
n639	488	1	0	42	89.90755208333306
n633	486	1	0	73	89.6236979166664
n625	484	1	0	77	89.89322916666639
n627	487	1	0	78	90.19270833333303
n626	485	1	0	80	89.88020833333306
n628	490	1	0	81	90.18098958333303
n642	496	1	0	30	90.74088541666634
n643	494	1	0	42	90.73958333333302
n635	495	1	0	73	90.45572916666637
n629	492	1	0	80	90.69531249999969
n644	497	1	0	81	91.06249999999969
n630	491	1	0	83	90.69921874999969
n645	498	1	0	86	91.05729166666634
n656	500	1	0	30	91.67578124999967
n657	502	1	0	42	91.68229166666634
n651	503	1	0	73	91.40755208333302
n646	499	1	0	81	91.66276041666634
n648	504	1	0	81	91.93880208333302
n647	501	1	0	85	91.64322916666634
n660	507	1	0	66	92.66536458333299
n661	506	1	0	69	92.67057291666632
n653	505	1	0	73	92.27994791666633
n649	508	1	0	81	92.61848958333299
n662	509	1	0	86	92.96223958333296
n673	511	1	0	66	93.57552083333294
n674	510	1	0	69	93.57682291666627
n668	512	1	0	73	93.27213541666627
n664	514	1	0	81	93.8359374999996
n663	513	1	0	85	93.53255208333294
n677	516	1	0	40	94.41406249999959
n670	515	1	0	73	94.14583333333292
n665	517	1	0	79	94.40755208333292
n666	519	1	0	81	94.38802083333292
n678	518	1	0	86	94.75260416666623
n690	520	1	0	40	95.36588541666625
n686	522	1	0	73	95.10807291666625
n679	524	1	0	79	95.34114583333292
n682	523	1	0	81	95.64453124999959
n680	521	1	0	85	95.33203124999959
n692	528	1	0	64	96.48046874999955
n693	526	1	0	67	96.5026041666662
n694	527	1	0	69	96.48177083333287
n688	525	1	0	73	96.02994791666623
n683	529	1	0	79	96.45572916666622
n684	530	1	0	81	96.42838541666622
n697	531	1	0	86	96.83333333333286
n711	535	1	0	64	97.48177083333286
n712	533	1	0	67	97.49218749999953
n713	536	1	0	69	97.48958333333286
n704	532	1	0	73	97.20052083333286
n698	534	1	0	79	97.48046874999953
n701	537	1	0	81	97.75651041666619
n699	538	1	0	85	97.4440104166662
n717	542	1	0	62	98.37369791666619
n718	541	1	0	66	98.38671874999952
n719	543	1	0	69	98.37369791666619
n706	539	1	0	73	98.05859374999952
n707	540	1	0	78	98.36328124999952
n702	545	1	0	81	98.33984374999952
n720	544	1	0	88	98.70052083333285
n731	547	1	0	62	99.33333333333283
n732	548	1	0	66	99.33463541666616
n725	546	1	0	78	99.03255208333283
n722	549	1	0	81	99.61328124999949
n721	550	1	0	86	99.31249999999949
n735	554	1	0	58	100.24088541666616
n736	552	1	0	61	100.24088541666616
n737	553	1	0	66	100.22656249999949
n727	551	1	0	78	99.94270833333282
n723	556	1	0	85	100.20703124999949
n738	555	1	0	91	100.55729166666616
n749	560	1	0	58	101.18749999999949
n750	559	1	0	61	101.20312499999949
n751	558	1	0	66	101.18880208333282
n743	557	1	0	78	100.88932291666616
n740	561	1	0	85	101.46354166666616
n739	562	1	0	90	101.15624999999949
n755	565	1	0	59	102.14583333333282
n756	564	1	0	62	102.14062499999949
n757	566	1	0	66	102.13020833333282
n745	563	1	0	78	101.75390624999949
n741	568	1	0	86	102.10286458333282
n758	567	1	0	91	102.5208333333328
n772	576	1	0	58	103.4895833333328
n769	571	1	0	59	103.14843749999946
n773	574	1	0	61	103.4895833333328
n770	569	1	0	62	103.14973958333279
n771	570	1	0	66	103.14843749999946
n774	575	1	0	66	103.48697916666613
n763	573	1	0	78	102.86588541666615
n760	577	1	0	84	103.4544270833328
n759	572	1	0	90	103.12499999999946
n788	585	1	0	57	104.40234374999943
n775	581	1	0	58	104.07291666666612
n776	582	1	0	61	104.08723958333277
n789	583	1	0	61	104.40234374999943
n777	580	1	0	66	104.07031249999945
n790	584	1	0	66	104.40234374999943
n782	586	1	0	73	104.40624999999943
n778	588	1	0	77	104.3736979166661
n765	578	1	0	78	103.77864583333279
n761	579	1	0	85	104.04296874999945
n794	597	1	0	56	105.3281249999994
n791	593	1	0	57	104.97005208333276
n792	594	1	0	61	104.97526041666609
n795	596	1	0	63	105.31901041666607
n793	590	1	0	66	104.96744791666609
n785	595	1	0	66	105.30989583333275
n783	587	1	0	72	104.7135416666661
n784	589	1	0	73	104.96744791666609
n780	602	1	0	73	105.30598958333275
n779	592	1	0	78	104.95703124999942
n796	604	1	0	56	105.91536458333275
n797	603	1	0	63	105.90364583333275
n786	598	1	0	65	105.62499999999939
n787	599	1	0	66	105.88802083333273
n781	601	1	0	72	105.8906249999994
n802	606	1	0	72	106.30208333333272
n803	607	1	0	78	106.30859374999939
n798	605	1	0	84	106.29296874999939
n813	608	1	0	32	106.6809895833327
n815	610	1	0	36	106.96484374999937
n814	609	1	0	44	106.6770833333327
n816	611	1	0	48	106.9622395833327
n807	620	1	0	68	107.25911458333272
n804	612	1	0	69	106.94791666666603
n805	615	1	0	75	106.9544270833327
n808	617	1	0	76	107.25911458333272
n806	614	1	0	78	106.96484374999937
n800	616	1	0	80	107.24869791666605
n799	613	1	0	81	106.93619791666603
n818	618	1	0	37	107.56249999999937
n820	622	1	0	39	107.84244791666605
n819	619	1	0	49	107.55729166666605
n821	621	1	0	51	107.83854166666605
n826	629	1	0	64	108.13541666666605
n809	625	1	0	66	107.83072916666605
n827	631	1	0	68	108.13802083333272
n810	623	1	0	69	107.82682291666605
n811	626	1	0	75	107.82682291666605
n822	627	1	0	76	108.12630208333272
n801	624	1	0	78	107.81901041666605
n835	628	1	0	40	108.43619791666605
n837	633	1	0	42	108.71614583333272
n836	630	1	0	52	108.43619791666605
n838	632	1	0	54	108.70833333333272
n830	637	1	0	61	109.00390624999936
n828	634	1	0	63	108.70442708333272
n831	641	1	0	64	108.99999999999936
n829	636	1	0	69	108.71354166666605
n824	638	1	0	73	108.98567708333269
n823	635	1	0	75	108.69401041666605
n852	647	1	0	36	110.2513020833327
n840	639	1	0	43	109.29036458333269
n842	644	1	0	44	109.57552083333272
n853	649	1	0	48	110.25390624999937
n841	640	1	0	55	109.29296874999936
n843	643	1	0	56	109.57682291666605
n832	642	1	0	60	109.56640624999939
n833	645	1	0	63	109.58333333333272
n844	648	1	0	63	110.24609374999937
n845	650	1	0	66	110.23437499999937
n846	651	1	0	68	110.2278645833327
n825	646	1	0	72	109.55598958333272
n847	652	1	0	75	110.1927083333327
n854	654	1	0	60	112.82812499999933
n855	656	1	0	66	112.80468749999933
n848	653	1	0	68	112.82812499999933
n849	655	1	0	75	112.77734374999933
n872	664	1	0	49	113.97395833333263
n873	662	1	0	52	113.99999999999929
n866	663	1	0	56	113.9609374999993
n856	660	1	0	61	113.45572916666599
n857	657	1	0	64	113.45572916666599
n858	661	1	0	64	113.97135416666596
n850	658	1	0	68	113.46484374999932
n862	665	1	0	68	113.91536458333265
n851	659	1	0	76	113.43619791666599
n859	668	1	0	76	113.95572916666598
n867	667	1	0	57	114.6302083333326
n868	673	1	0	61	115.05078124999925
n869	670	1	0	64	115.04036458333259
n863	666	1	0	69	114.62890624999928
n860	669	1	0	76	114.99479166666592
n890	679	1	0	51	116.1002604166659
n884	678	1	0	58	116.09895833333258
n870	675	1	0	63	115.65234374999923
n871	672	1	0	66	115.64583333333256
n874	677	1	0	66	116.11848958333258
n864	671	1	0	69	115.63932291666589
n882	680	1	0	70	116.05468749999925
n865	674	1	0	71	115.64062499999922
n861	676	1	0	78	115.63151041666589
n875	683	1	0	78	116.08203124999925
n885	682	1	0	59	116.81380208333253
n886	686	1	0	63	117.29036458333253
n887	687	1	0	66	117.29166666666586
n876	684	1	0	69	117.26692708333253
n883	681	1	0	71	116.80338541666588
n877	685	1	0	71	117.26302083333253
n878	688	1	0	78	117.23567708333253
n888	691	1	0	64	117.90234374999919
n879	689	1	0	68	117.90494791666585
n889	deletion
n880	690	1	0	71	117.90364583333252
n899	694	1	0	74	118.3567708333325
n895	693	1	0	77	118.3294270833325
n881	692	1	0	80	117.89192708333252
n891	695	1	0	80	118.3177083333325
n904	699	1	0	64	118.73828124999916
n901	701	1	0	71	119.32682291666579
n900	698	1	0	72	119.0026041666658
n897	700	1	0	74	119.33203124999913
n896	696	1	0	76	119.0221354166658
n892	697	1	0	81	118.99739583333248
n893	702	1	0	83	119.30989583333246
n916	710	1	0	52	120.36848958333248
n906	703	1	0	64	119.62109374999913
n902	704	1	0	69	119.88802083333246
n898	705	1	0	72	119.89583333333246
n911	708	1	0	74	120.35937499999915
n912	709	1	0	80	120.35807291666582
n894	706	1	0	84	119.87499999999913
n907	707	1	0	88	120.32682291666582
n917	714	1	0	53	120.98177083333248
n918	715	1	0	56	121.38802083333248
n913	712	1	0	74	120.99348958333248
n915	720	1	0	74	121.38411458333248
n909	721	1	0	76	121.38020833333248
n914	713	1	0	81	120.97265624999915
n910	719	1	0	83	121.35677083333248
n908	711	1	0	86	120.95833333333248
n919	716	1	0	57	121.99609374999913
n931	717	1	0	59	122.30729166666578
n932	724	1	0	60	122.9192708333324
n933	726	1	0	62	123.44140624999906
n934	727	1	0	65	123.42968749999906
n927	718	1	0	68	122.60546874999909
n928	722	1	0	69	122.9153645833324
n929	725	1	0	71	123.41796874999906
n923	728	1	0	80	123.39583333333239
n922	723	1	0	81	122.8802083333324
n947	746	1	0	52	125.30989583333236
n935	730	1	0	63	124.52864583333236
n948	734	1	0	64	125.2955729166657
n936	729	1	0	66	124.5260416666657
n930	731	1	0	72	124.52734374999903
n937	733	1	0	80	125.21484374999903
n943	deletion
n924	732	1	0	81	124.48437499999903
n950	741	1	0	62	126.46484374999899
n949	737	1	0	63	126.117187499999
n944	735	1	0	71	125.79817708333235
n938	736	1	0	78	126.113281249999
n945	739	1	0	80	126.45182291666566
n939	738	1	0	81	126.06119791666568
n940	740	1	0	83	126.421874999999
n967	747	1	0	59	127.39973958333233
n951	744	1	0	61	127.01953124999899
n946	742	1	0	76	126.71614583333232
n963	749	1	0	76	127.38671874999899
n952	750	1	0	80	127.38671874999899
n941	743	1	0	81	126.99348958333232
n942	745	1	0	85	126.97916666666565
n953	748	1	0	88	127.35807291666566
n968	756	1	0	52	127.687499999999
n970	deletion
n973	765	1	0	52	128.55338541666572
n971	753	1	0	54	127.96744791666568
n974	759	1	0	56	128.26562499999903
n969	deletion
n972	751	1	0	57	127.972656249999
n975	760	1	0	59	128.2643229166657
n965	758	1	0	71	128.26692708333238
n964	752	1	0	74	127.976562499999
n954	755	1	0	81	127.96744791666568
n956	757	1	0	83	128.25130208333235
n955	754	1	0	86	127.94270833333233
n976	766	1	0	44	128.54817708333238
n979	767	1	0	45	128.82812499999903
n994	775	1	0	47	129.12369791666572
n977	771	1	0	52	128.83984374999903
n980	774	1	0	52	129.12760416666575
n978	763	1	0	56	128.54947916666572
n981	769	1	0	57	128.8346354166657
n957	762	1	0	59	128.55989583333238
n995	773	1	0	59	129.1263020833324
n960	768	1	0	61	128.84765624999903
n982	777	1	0	62	129.14062499999906
n958	764	1	0	64	128.56770833333238
n961	770	1	0	64	128.83593749999903
n983	776	1	0	69	129.12499999999906
n959	761	1	0	71	128.53515624999903
n962	772	1	0	73	128.8072916666657
n984	780	1	0	74	129.11328124999906
n996	778	1	0	35	129.40494791666572
n998	784	1	0	36	129.69140624999903
n1000	789	1	0	37	130.05468749999906
n997	779	1	0	47	129.39192708333238
n999	782	1	0	48	129.69270833333238
n1001	788	1	0	49	130.05729166666572
n988	781	1	0	63	129.6822916666657
n990	786	1	0	64	130.04557291666575
n989	783	1	0	69	129.6705729166657
n991	787	1	0	69	130.0481770833324
n985	785	1	0	75	129.6666666666657
n986	790	1	0	76	130.0247395833324
n1002	796	1	0	37	130.68229166666578
n1012	800	1	0	37	131.24609374999915
n1003	795	1	0	49	130.68098958333243
n1013	799	1	0	49	131.2526041666658
n992	793	1	0	68	130.67317708333243
n1008	798	1	0	68	131.2213541666658
n993	792	1	0	71	130.6640624999991
n1009	797	1	0	71	131.20703124999915
n987	794	1	0	77	130.64453124999906
n1004	802	1	0	77	131.1861979166658
n1014	807	1	0	38	132.37890624999918
n1015	803	1	0	50	132.37760416666583
n1010	801	1	0	66	132.37890624999918
n1011	805	1	0	69	132.35546874999918
n1023	810	1	0	39	133.41145833333252
n1024	809	1	0	51	133.3945312499992
n1020	808	1	0	66	133.40364583333252
n1021	811	1	0	69	133.37239583333255
n1016	814	1	0	71	133.34895833333255
n1007	806	1	0	78	132.95572916666586
n1006	804	1	0	80	132.66927083333252
n1025	817	1	0	40	134.4231770833325
n1026	813	1	0	52	134.4153645833325
n1022	812	1	0	68	134.40494791666583
n1035	822	1	0	42	135.38671874999915
n1036	820	1	0	54	135.3841145833325
n1031	819	1	0	57	135.40624999999915
n1032	821	1	0	62	135.3971354166658
n1027	818	1	0	69	135.35026041666583
n1018	815	1	0	73	134.6888020833325
n1019	816	1	0	74	134.9817708333325
n1037	824	1	0	44	136.32552083333252
n1038	825	1	0	56	136.34374999999918
n1033	827	1	0	59	136.32552083333252
n1034	828	1	0	62	136.31901041666586
n1029	826	1	0	66	136.28906249999918
n1028	823	1	0	68	135.9192708333325
n1047	832	1	0	47	137.36718749999915
n1048	834	1	0	52	137.38541666666583
n1049	831	1	0	59	137.34765624999915
n1046	833	1	0	62	137.3684895833325
n1030	829	1	0	64	136.88932291666583
n1039	830	1	0	64	137.32682291666583
n1042	840	1	0	62	138.76562499999918
n1040	deletion
n1041	835	1	0	68	138.42968749999918
n1053	837	1	0	44	138.77994791666583
n1056	841	1	0	45	139.0911458333325
n1070	851	1	0	47	139.46874999999923
n1054	838	1	0	52	138.7747395833325
n1057	843	1	0	52	139.09635416666583
n1071	853	1	0	52	139.49609374999923
n1055	839	1	0	56	138.76822916666583
n1072	852	1	0	56	139.49609374999923
n1058	842	1	0	57	139.09244791666583
n1044	844	1	0	61	139.05859374999915
n1065	847	1	0	62	139.46614583333255
n1059	846	1	0	64	139.4492187499992
n1045	845	1	0	69	139.02994791666583
n1043	836	1	0	71	138.73046874999918
n1068	850	1	0	63	140.19661458333255
n1067	849	1	0	64	140.0690104166659
n1069	854	1	0	64	140.29817708333255
n1066	848	1	0	66	139.97265624999923
n1060	856	1	0	76	140.4635416666659
n1076	855	1	0	47	140.79687499999926
n1079	865	1	0	49	141.0677083333326
n1095	867	1	0	50	141.38020833333266
n1077	859	1	0	52	140.8138020833326
n1080	862	1	0	52	141.08072916666595
n1096	870	1	0	54	141.39973958333266
n1078	857	1	0	56	140.8177083333326
n1081	864	1	0	57	141.08072916666595
n1097	866	1	0	57	141.40364583333266
n1061	858	1	0	64	140.81249999999926
n1063	861	1	0	64	141.08463541666595
n1088	871	1	0	66	141.381510416666
n1064	863	1	0	73	141.03385416666595
n1082	868	1	0	73	141.35677083333266
n1062	860	1	0	74	140.7708333333326
n1098	877	1	0	51	141.93229166666603
n1101	878	1	0	52	142.2421874999994
n1099	876	1	0	54	141.9309895833327
n1102	881	1	0	56	142.24348958333275
n1100	873	1	0	57	141.92838541666603
n1089	872	1	0	59	141.9231770833327
n1091	880	1	0	59	142.24739583333275
n1092	882	1	0	64	142.2382812499994
n1090	875	1	0	66	141.91796874999935
n1084	874	1	0	69	141.9036458333327
n1085	879	1	0	69	142.21223958333275
n1083	869	1	0	71	141.6302083333327
n1103	887	1	0	54	142.80468749999946
n1116	892	1	0	56	143.2070312499995
n1104	886	1	0	57	142.7981770833328
n1093	884	1	0	59	142.79296874999946
n1105	891	1	0	59	143.2187499999995
n1106	890	1	0	62	143.2109374999995
n1094	888	1	0	63	142.78906249999946
n1107	889	1	0	64	143.17708333333283
n1086	883	1	0	68	142.4921874999994
n1087	885	1	0	69	142.76432291666612
n1118	898	1	0	52	144.38020833333286
n1110	896	1	0	56	144.3697916666662
n1117	893	1	0	57	143.89843749999952
n1111	897	1	0	59	144.36458333333286
n1108	895	1	0	61	143.88020833333286
n1109	894	1	0	64	143.87239583333286
n1112	900	1	0	64	144.34895833333286
n1119	899	1	0	40	144.77083333333286
n1120	902	1	0	41	145.2526041666662
n1125	905	1	0	42	145.99739583333292
n1113	901	1	0	56	145.25130208333286
n1121	906	1	0	57	146.00911458333292
n1114	903	1	0	59	145.24999999999952
n1122	907	1	0	61	145.97005208333292
n1115	904	1	0	62	145.22526041666617
n1126	908	1	0	69	147.90234374999963
n1134	911	1	0	63	148.96744791666634
n1127	909	1	0	71	148.23177083333297
n1128	910	1	0	73	148.520833333333
n1138	918	1	0	62	150.2161458333331
n1135	912	1	0	68	150.21484374999974
n1131	913	1	0	83	150.16927083333306
n1143	921	1	0	61	151.33854166666646
n1136	914	1	0	69	150.4999999999998
n1144	919	1	0	70	151.3320312499998
n1137	916	1	0	71	150.81770833333312
n1139	922	1	0	79	151.30338541666646
n1133	917	1	0	80	150.78776041666646
n1132	915	1	0	81	150.4804687499998
n1140	920	1	0	88	151.2851562499998
n1145	923	1	0	47	152.53124999999983
n1141	927	1	0	86	152.5065104166665
n1142	925	1	0	90	152.49739583333314
n1146	924	1	0	49	152.80598958333317
n1147	926	1	0	50	153.13932291666652
n1156	928	1	0	52	153.58203124999986
n1148	932	1	0	76	153.5638020833332
n1149	929	1	0	81	153.56249999999986
n1150	931	1	0	85	153.52994791666652
n1157	930	1	0	63	153.9335937499999
n1158	933	1	0	64	154.24218749999994
n1159	934	1	0	69	154.5481770833333
n1154	935	1	0	72	154.83203124999994
n1155	936	1	0	73	155.1341145833333
n1161	937	1	0	76	155.50390624999994
n1173	944	1	0	40	156.34374999999997
n1174	943	1	0	52	156.35677083333331
n1163	940	1	0	61	156.33463541666663
n1164	939	1	0	64	156.32682291666663
n1166	942	1	0	64	156.83723958333334
n1165	938	1	0	69	156.3020833333333
n1167	941	1	0	69	156.83854166666669
n1168	945	1	0	73	156.83072916666669
n1185	951	1	0	37	158.15234375000006
n1177	947	1	0	38	157.71484375
n1186	952	1	0	49	158.1510416666667
n1178	946	1	0	50	157.70572916666669
n1169	950	1	0	64	157.70833333333334
n1179	953	1	0	64	158.14583333333337
n1170	949	1	0	68	157.70182291666669
n1180	954	1	0	69	158.1549479166667
n1171	948	1	0	71	157.67838541666669
n1181	957	1	0	76	158.1276041666667
n1187	955	1	0	63	158.51302083333337
n1188	956	1	0	64	158.81510416666674
n1189	958	1	0	73	159.14973958333343
n1183	959	1	0	75	159.43359375000009
n1184	960	1	0	76	159.72916666666674
n1191	961	1	0	81	160.08723958333343
n1203	968	1	0	40	160.97526041666674
n1204	967	1	0	52	160.97135416666674
n1193	964	1	0	61	160.96875000000009
n1194	962	1	0	64	160.94661458333343
n1196	966	1	0	64	161.50000000000006
n1195	963	1	0	69	160.92708333333343
n1197	965	1	0	69	161.4752604166667
n1198	969	1	0	73	161.4635416666667
n1215	975	1	0	37	162.73437500000006
n1207	971	1	0	38	162.2955729166667
n1216	976	1	0	49	162.7291666666667
n1208	970	1	0	50	162.29687500000006
n1199	972	1	0	64	162.28906250000006
n1209	977	1	0	64	162.71875000000006
n1200	974	1	0	68	162.28906250000006
n1210	978	1	0	69	162.7135416666667
n1201	973	1	0	71	162.26953125000006
n1211	979	1	0	76	162.7018229166667
n1217	980	1	0	63	163.0807291666667
n1218	981	1	0	64	163.40234375000006
n1219	deletion
n1213	983	1	0	75	164.00911458333346
n1214	984	1	0	76	164.30338541666677
n1222	985	1	0	80	164.60677083333343
n1231	991	1	0	40	165.20572916666677
n1232	989	1	0	52	165.21614583333343
n1223	986	1	0	81	164.89843750000009
n1224	987	1	0	85	165.19791666666677
n1225	988	1	0	88	165.57552083333343
n1243	997	1	0	33	167.01302083333343
n1235	994	1	0	40	166.4401041666668
n1244	1000	1	0	45	167.02213541666677
n1236	993	1	0	52	166.4609375000001
n1227	995	1	0	59	166.46354166666677
n1237	999	1	0	61	166.98567708333343
n1228	992	1	0	62	166.45052083333346
n1229	996	1	0	68	166.4166666666668
n1238	998	1	0	69	166.97395833333343
n1226	990	1	0	93	165.96223958333346
n1245	1004	1	0	40	168.1028645833335
n1246	1001	1	0	52	168.0872395833335
n1254	1009	1	0	37	169.24218750000023
n1255	1007	1	0	40	169.23177083333357
n1256	1008	1	0	49	169.2135416666669
n1247	1005	1	0	57	169.21614583333357
n1241	1002	1	0	61	168.8072916666669
n1242	1003	1	0	64	168.79427083333357
n1248	1006	1	0	64	169.1861979166669
n1257	1012	1	0	35	170.28645833333357
n1258	1011	1	0	40	170.29036458333357
n1259	1010	1	0	47	170.27083333333357
n1268	1016	1	0	33	171.37760416666697
n1269	1019	1	0	40	171.39583333333363
n1270	1020	1	0	45	171.38020833333363
n1260	1017	1	0	61	171.40234375000028
n1251	1013	1	0	62	170.97656250000026
n1252	1015	1	0	64	170.9739583333336
n1261	1021	1	0	64	171.38541666666697
n1253	1014	1	0	68	170.9583333333336
n1262	1018	1	0	69	171.36067708333363
n1271	1026	1	0	40	172.42968750000034
n1273	deletion
n1283	1032	1	0	37	173.5559895833338
n1284	1030	1	0	40	173.54296875000045
n1285	1031	1	0	49	173.53515625000045
n1272	1022	1	0	52	173.14192708333374
n1265	1023	1	0	64	173.14583333333374
n1274	1027	1	0	64	173.5208333333338
n1275	1029	1	0	69	173.51953125000045
n1266	1025	1	0	73	173.1210937500004
n1267	1024	1	0	76	173.11588541666706
n1276	1028	1	0	76	173.49739583333377
n1286	1034	1	0	35	174.58723958333383
n1287	1035	1	0	40	174.59114583333383
n1288	1033	1	0	47	174.58072916666717
n1301	1044	1	0	33	175.67447916666717
n1302	1043	1	0	40	175.69401041666717
n1303	1042	1	0	45	175.67447916666717
n1279	1036	1	0	68	175.2812500000005
n1289	1040	1	0	69	175.66927083333383
n1290	1045	1	0	73	175.65625000000048
n1280	1037	1	0	74	175.2890625000005
n1281	1039	1	0	76	175.25911458333385
n1282	1038	1	0	80	175.2578125000005
n1291	1041	1	0	81	175.64973958333383
n1304	1050	1	0	33	176.32291666666717
n1305	1049	1	0	40	176.34244791666717
n1306	1046	1	0	45	176.32291666666717
n1292	1051	1	0	71	176.31119791666717
n1293	1048	1	0	74	176.3046875000005
n1294	1047	1	0	83	176.27994791666717
n1310	1056	1	0	33	177.36197916666725
n1311	1055	1	0	40	177.3763020833339
n1312	1054	1	0	45	177.35416666666725
n1298	1052	1	0	69	177.3606770833339
n1299	1057	1	0	73	177.3528645833339
n1300	1053	1	0	81	177.33984375000057
n1328	1065	1	0	33	179.41406250000065
n1334	deletion
n1329	1064	1	0	40	179.42578125000063
n1335	deletion
n1330	1067	1	0	45	179.41927083333397
n1316	1060	1	0	71	178.35286458333394
n1317	1061	1	0	74	178.34114583333394
n1318	1058	1	0	83	178.32552083333394
n1336	1074	1	0	45	180.513020833334
n1322	1066	1	0	69	179.411458333334
n1323	1068	1	0	73	179.403645833334
n1324	1069	1	0	81	179.395833333334
n1352	1080	1	0	45	181.56250000000068
n1353	1081	1	0	52	181.56640625000068
n1354	1070	1	0	56	180.48307291666734
n1340	1071	1	0	74	180.477864583334
n1341	1075	1	0	83	180.46875000000068
n1342	1072	1	0	86	180.44401041666734
n1358	1086	1	0	45	182.66015625000063
n1359	1084	1	0	52	182.67187500000063
n1360	1078	1	0	57	181.56640625000068
n1346	1079	1	0	73	181.55078125000068
n1347	1077	1	0	81	181.53906250000068
n1348	1076	1	0	85	181.51041666666734
n1376	1091	1	0	45	183.8437500000007
n1377	1088	1	0	50	182.64453125000063
n1378	1089	1	0	52	183.85286458333405
n1379	1082	1	0	56	182.63932291666728
n1364	1085	1	0	71	182.63671875000063
n1365	1087	1	0	80	182.63020833333397
n1366	1083	1	0	83	182.61458333333397
n1384	1097	1	0	45	185.11848958333417
n1385	1104	1	0	49	185.04687500000082
n1409	deletion
n1386	1101	1	0	52	185.04166666666748
n1410	deletion
n1387	1095	1	0	57	183.82552083333402
n1370	1094	1	0	69	183.82942708333402
n1371	1092	1	0	73	183.8359375000007
n1372	deletion
n1408	1108	1	0	45	186.26953125000085
n1411	1098	1	0	55	185.03906250000082
n1412	deletion
n1391	deletion
n1392	1102	1	0	70	185.05338541666748
n1393	deletion
n1394	deletion
n1418	1116	1	0	45	187.45833333333428
n1419	1120	1	0	50	187.46614583333428
n1420	1119	1	0	53	187.45703125000094
n1421	1115	1	0	59	187.4479166666676
n1399	1114	1	0	65	187.4479166666676
n1400	1118	1	0	68	187.4479166666676
n1401	1122	1	0	71	187.44531250000094
n1402	1121	1	0	74	187.4440104166676
n1403	1117	1	0	77	187.43359375000094
n1446	1123	1	0	45	189.16536458333425
n1454	deletion
n1447	1128	1	0	50	189.18098958333425
n1455	deletion
n1448	1124	1	0	53	189.1718750000009
n1456	deletion
n1449	1127	1	0	59	189.1640625000009
n1457	deletion
n1427	1125	1	0	65	189.15755208333425
n1437	deletion
n1428	1131	1	0	68	189.16145833333425
n1438	deletion
n1429	1129	1	0	71	189.15755208333425
n1439	deletion
n1430	1133	1	0	74	189.15755208333425
n1440	deletion
n1431	1126	1	0	77	189.1432291666676
n1441	deletion
n1478	1130	1	0	57	193.31119791666762
n1479	1132	1	0	59	193.6236979166676
n1480	1134	1	0	61	193.93750000000094
n1472	1136	1	0	69	193.9752604166676
n1473	1137	1	0	76	193.9244791666676
n1488	1139	1	0	54	195.11328125000097
n1481	1135	1	0	62	194.2721354166676
n1482	1138	1	0	64	194.58203125000094
n1484	1140	1	0	69	195.08593750000097
n1483	1142	1	0	75	195.02994791666762
n1489	1141	1	0	53	196.32682291666768
n1510	1167	1	0	52	197.4153645833344
n1504	1146	1	0	57	197.41796875000105
n1498	1145	1	0	61	197.40885416666774
n1486	1143	1	0	71	196.6783854166677
n1487	1144	1	0	72	196.98437500000105
n1490	1151	1	0	73	197.42187500000105
n1491	1152	1	0	76	197.36718750000108
n1505	1148	1	0	59	197.86328125000105
n1506	1149	1	0	61	198.1692708333344
n1507	1154	1	0	61	198.4661458333344
n1499	1147	1	0	62	197.8294270833344
n1500	1150	1	0	64	198.15625000000105
n1501	1153	1	0	64	198.4661458333344
n1508	1158	1	0	62	198.7578125000011
n1509	1161	1	0	63	199.07552083333442
n1521	1162	1	0	64	199.41015625000102
n1502	1156	1	0	66	198.7773437500011
n1503	deletion
n1496	1159	1	0	69	199.05338541666777
n1515	1163	1	0	69	199.40625000000102
n1494	1157	1	0	71	198.7460937500011
n1497	1160	1	0	73	199.02604166666777
n1511	1168	1	0	73	199.35286458333437
n1495	1155	1	0	74	198.73307291666777
n1529	1177	1	0	52	200.3632812500011
n1524	1172	1	0	59	200.34635416666777
n1523	1165	1	0	61	199.96744791666774
n1522	1164	1	0	62	199.6809895833344
n1517	1171	1	0	62	200.36979166666777
n1516	1170	1	0	64	199.99218750000108
n1514	1180	1	0	68	200.30989583333442
n1513	1169	1	0	69	199.9622395833344
n1512	1166	1	0	71	199.66015625000105
n1536	1184	1	0	45	201.5104166666678
n1537	1182	1	0	57	201.49218750000114
n1527	1178	1	0	59	201.21093750000114
n1526	1176	1	0	61	201.0260416666678
n1530	1181	1	0	61	201.47656250000114
n1525	1173	1	0	62	200.70182291666777
n1520	1179	1	0	62	201.17968750000114
n1519	1175	1	0	64	201.0156250000011
n1518	1174	1	0	66	200.7070312500011
n1531	1183	1	0	69	201.47005208333448
n1538	1190	1	0	66	202.7265625000012
n1539	1189	1	0	69	202.7148437500012
n1532	1185	1	0	71	201.8450520833345
n1533	1186	1	0	73	202.14843750000117
n1534	1187	1	0	73	202.69661458333454
n1535	1188	1	0	81	202.65104166666788
n1546	1192	1	0	65	203.86458333333454
n1547	1191	1	0	68	203.8632812500012
n1540	1194	1	0	74	203.84505208333454
n1541	1193	1	0	80	203.84895833333454
n1542	1195	1	0	83	203.81901041666788
n1548	1200	1	0	57	205.01171875000122
n1549	1198	1	0	63	205.00390625000122
n1550	1196	1	0	66	204.99739583333456
n1543	1197	1	0	72	204.98437500000122
n1544	1199	1	0	78	204.97786458333456
n1545	1201	1	0	84	204.9518229166679
n1557	1205	1	0	56	206.24739583333454
n1558	1204	1	0	59	206.24869791666788
n1559	1202	1	0	62	206.23697916666788
n1560	1203	1	0	64	206.22656250000122
n1551	1207	1	0	76	206.22005208333456
n1552	1208	1	0	83	206.22265625000122
n1553	1206	1	0	88	206.20052083333456
n1561	1212	1	0	57	207.5234375000013
n1562	1209	1	0	61	207.5195312500013
n1563	1210	1	0	64	207.51302083333465
n1554	1211	1	0	85	207.4726562500013
n1581	1219	1	0	50	208.4804687500013
n1574	1215	1	0	62	208.4726562500013
n1556	1214	1	0	76	208.15104166666796
n1564	1216	1	0	78	208.4492187500013
n1555	1213	1	0	81	207.8398437500013
n1582	1223	1	0	52	209.49869791666808
n1577	1224	1	0	56	209.4921875000014
n1576	1221	1	0	57	209.17057291666805
n1575	1217	1	0	59	208.86067708333468
n1567	1222	1	0	71	209.45572916666808
n1569	deletion
n1566	1220	1	0	73	209.15234375000136
n1565	1218	1	0	74	208.85026041666802
n1578	1227	1	0	52	210.27083333333474
n1579	1231	1	0	56	210.27083333333474
n1580	1228	1	0	59	210.2773437500014
n1570	1225	1	0	64	209.82682291666808
n1571	1230	1	0	64	210.24479166666808
n1572	1226	1	0	68	210.2656250000014
n1573	1233	1	0	71	210.24088541666808
n1568	1229	1	0	76	210.21354166666808
n1597	1236	1	0	57	212.11588541666808
n1598	1234	1	0	61	212.10156250000142
n1586	1235	1	0	64	212.13020833333474
n1604	1243	1	0	64	214.15625000000145
n1599	deletion
n1587	1237	1	0	69	212.13541666666808
n1588	1238	1	0	73	212.07421875000142
n1611	1239	1	0	40	214.1901041666681
n1612	1240	1	0	52	214.19270833333476
n1605	1241	1	0	56	214.19531250000142
n1606	1242	1	0	59	214.18359375000145
n1623	1245	1	0	56	215.7096354166681
n1622	1244	1	0	57	215.38151041666808
n1624	1246	1	0	57	216.0065104166681
n1632	1249	1	0	51	217.11458333333474
n1625	1247	1	0	59	216.34114583333476
n1626	1248	1	0	61	216.68359375000142
n1633	1253	1	0	50	218.36848958333474
n1634	1252	1	0	52	218.35807291666808
n1629	1250	1	0	59	218.32161458333474
n1645	1257	1	0	49	219.60546875000142
n1646	1256	1	0	52	219.59765625000142
n1631	1254	1	0	56	219.03255208333474
n1630	1251	1	0	57	218.70963541666808
n1635	1255	1	0	64	219.53385416666808
n1647	1269	1	0	47	220.9231770833348
n1648	1268	1	0	52	220.9192708333348
n1639	1259	1	0	71	220.90234375000145
n1640	1260	1	0	74	220.89062500000145
n1636	1258	1	0	76	220.88281250000145
n1663	1275	1	0	45	222.18489583333476
n1664	1276	1	0	52	222.18489583333476
n1643	1264	1	0	68	221.7291666666681
n1641	1261	1	0	69	221.35546875000145
n1644	1266	1	0	71	221.72265625000145
n1642	1263	1	0	73	221.3606770833348
n1655	1271	1	0	73	222.17187500000142
n1637	1262	1	0	76	221.3502604166681
n1638	1267	1	0	76	221.71875000000145
n1656	1272	1	0	76	222.16406250000142
n1649	1273	1	0	81	222.14843750000142
n1665	1281	1	0	40	223.66145833333476
n1666	1280	1	0	52	223.6705729166681
n1657	1277	1	0	81	223.07421875000142
n1650	1274	1	0	83	222.63151041666808
n1659	1283	1	0	83	223.6393229166681
n1658	1279	1	0	85	223.07421875000142
n1660	1284	1	0	86	223.6315104166681
n1651	1278	1	0	88	223.04557291666808
n1652	1282	1	0	88	223.6197916666681
n1678	1292	1	0	33	226.4479166666681
n1667	1289	1	0	40	225.01692708333476
n1668	deletion
n1661	1286	1	0	83	224.99218750000142
n1669	1291	1	0	83	226.42968750000145
n1662	1287	1	0	86	224.97656250000142
n1670	1290	1	0	86	226.41015625000145
n1653	1285	1	0	90	224.25260416666808
n1654	1288	1	0	92	224.95572916666808
n1671	1294	1	0	92	226.3932291666681
n1679	1296	1	0	33	229.6041666666681
n1676	1293	1	0	40	228.50781250000142
n1680	1300	1	0	40	229.6588541666681
n1677	1299	1	0	45	229.5963541666681
n1672	1297	1	0	81	229.5885416666681
n1673	1298	1	0	85	229.59114583333476
n1674	1295	1	0	93	229.56380208333476
insertion	43	1	0	69	8.468749999999998
insertion	47	1	0	64	9.410156250000004
insertion	126	1	0	87	21.712239583333336
insertion	290	1	0	65	49.63020833333337
insertion	322	1	0	70	54.9270833333334
insertion	323	1	0	70	54.98828125000007
insertion	346	1	0	66	59.12630208333342
insertion	405	1	0	40	69.26041666666676
insertion	407	1	0	47	69.26822916666676
insertion	406	1	0	52	69.25911458333343
insertion	476	1	0	75	88.72395833333307
insertion	493	1	0	82	91.11197916666636
insertion	591	1	0	72	104.97526041666609
insertion	600	1	0	71	105.91145833333275
insertion	791	1	0	78	130.6497395833324
insertion	982	1	0	76	163.71354166666677
insertion	1063	1	0	33	178.3554687500006
insertion	1062	1	0	40	178.3867187500006
insertion	1059	1	0	45	178.3593750000006
insertion	1073	1	0	52	180.509114583334
insertion	1090	1	0	81	183.79427083333402
insertion	1093	1	0	49	183.85286458333405
insertion	1096	1	0	58	185.01822916666748
insertion	1099	1	0	76	185.01171875000082
insertion	1100	1	0	79	184.99479166666748
insertion	1103	1	0	67	185.02734375000082
insertion	1105	1	0	77	186.23307291666754
insertion	1106	1	0	65	186.25260416666754
insertion	1107	1	0	59	186.2591145833342
insertion	1109	1	0	74	186.2473958333342
insertion	1110	1	0	50	186.2838541666675
insertion	1111	1	0	53	186.2786458333342
insertion	1112	1	0	68	186.28125000000085
insertion	1113	1	0	71	186.2552083333342
insertion	1232	1	0	68	210.36848958333474
insertion	1265	1	0	75	221.75520833333476
insertion	1270	1	0	80	222.18098958333476
