xml_id	midi_id	track	channel	pitch	onset
n16	5	1	0	56	1.0666666666666667
n17	3	1	0	59	1.071875
n18	2	1	0	63	1.0854166666666665
n1	0	1	0	68	1.0583333333333333
n8	10	1	0	68	1.944791666666667
n2	1	1	0	70	1.18125
n7	9	1	0	70	1.8208333333333335
n3	4	1	0	71	1.33125
n6	8	1	0	71	1.7052083333333334
n4	6	1	0	73	1.4510416666666668
n5	7	1	0	75	1.5760416666666668
n20	13	1	0	56	2.1000000000000005
n21	14	1	0	58	2.1041666666666674
n22	12	1	0	61	2.1041666666666674
n12	17	1	0	64	2.4645833333333345
n9	11	1	0	67	2.0875000000000004
n10	15	1	0	68	2.1947916666666676
n11	16	1	0	70	2.3322916666666678
n26	21	1	0	58	2.9729166666666678
n25	20	1	0	59	2.8427083333333343
n24	19	1	0	61	2.7197916666666675
n13	18	1	0	63	2.6135416666666678
n41	22	1	0	56	3.102083333333334
n43	26	1	0	56	3.360416666666669
n42	23	1	0	63	3.2281250000000012
n44	27	1	0	63	3.461458333333335
n28	24	1	0	68	3.3385416666666687
n29	25	1	0	71	3.3291666666666684
n45	28	1	0	55	3.6052083333333353
n47	31	1	0	55	3.879166666666669
n46	29	1	0	63	3.7437500000000026
n48	35	1	0	63	4.012500000000003
n30	30	1	0	68	3.6177083333333355
n32	32	1	0	70	3.869791666666669
n31	33	1	0	71	3.594791666666669
n33	34	1	0	73	3.8625000000000025
n49	36	1	0	56	4.121875000000003
n51	40	1	0	56	4.388541666666669
n50	37	1	0	63	4.252083333333336
n52	41	1	0	63	4.503125000000002
n35	39	1	0	68	4.400000000000002
n36	38	1	0	71	4.3833333333333355
n53	42	1	0	51	4.643750000000002
n55	46	1	0	51	4.921875000000001
n54	43	1	0	63	4.801041666666668
n56	49	1	0	63	5.029166666666669
n39	47	1	0	67	4.931250000000001
n37	44	1	0	68	4.6677083333333345
n40	48	1	0	70	4.921875000000001
n38	45	1	0	71	4.646875000000001
n72	55	1	0	56	5.261458333333335
n73	54	1	0	59	5.231250000000002
n74	52	1	0	63	5.212500000000002
n57	50	1	0	68	5.198958333333335
n58	51	1	0	70	5.306250000000002
n59	53	1	0	71	5.450000000000002
n60	56	1	0	73	5.564583333333335
n64	60	1	0	68	6.0708333333333355
n63	59	1	0	70	5.9458333333333355
n62	58	1	0	71	5.821875000000002
n61	57	1	0	75	5.685416666666669
n76	63	1	0	56	6.197916666666669
n77	65	1	0	58	6.220833333333335
n78	62	1	0	61	6.202083333333335
n68	67	1	0	64	6.576041666666668
n65	61	1	0	67	6.216666666666669
n66	64	1	0	68	6.325000000000001
n67	66	1	0	70	6.465625000000001
n82	71	1	0	58	7.093750000000003
n81	70	1	0	59	6.963541666666669
n80	69	1	0	61	6.844791666666668
n69	68	1	0	63	6.715625000000001
n97	72	1	0	56	7.215625000000002
n99	76	1	0	56	7.468750000000003
n98	73	1	0	63	7.341666666666669
n100	77	1	0	63	7.576041666666669
n84	75	1	0	71	7.476041666666669
n85	74	1	0	80	7.459375000000002
n101	78	1	0	55	7.726041666666669
n103	81	1	0	55	7.998958333333336
n102	79	1	0	63	7.8572916666666694
n104	85	1	0	63	8.115625000000003
n86	80	1	0	71	7.734375000000003
n88	83	1	0	73	7.983333333333336
n87	82	1	0	80	7.723958333333336
n89	84	1	0	82	7.969791666666669
n105	86	1	0	56	8.238541666666668
n107	89	1	0	56	8.498958333333336
n106	87	1	0	63	8.365625000000003
n108	91	1	0	63	8.620833333333339
n91	90	1	0	71	8.527083333333337
n92	88	1	0	80	8.502083333333337
n109	93	1	0	51	8.760416666666671
n111	96	1	0	51	9.036458333333337
n110	94	1	0	63	8.903125000000005
n112	99	1	0	63	9.161458333333337
n95	98	1	0	70	9.040625000000004
n93	92	1	0	71	8.768750000000004
n96	97	1	0	79	9.02291666666667
n94	95	1	0	80	8.760416666666671
n126	100	1	0	56	9.283333333333335
n128	104	1	0	56	9.541666666666668
n127	101	1	0	63	9.40625
n129	106	1	0	63	9.661458333333334
n115	105	1	0	67	9.661458333333334
n113	103	1	0	68	9.536458333333334
n116	107	1	0	70	9.646875000000001
n114	102	1	0	71	9.536458333333334
n130	110	1	0	54	9.792708333333335
n132	112	1	0	54	10.059375000000003
n131	111	1	0	63	9.920833333333336
n133	115	1	0	63	10.18541666666667
n117	109	1	0	68	9.777083333333335
n118	108	1	0	71	9.756250000000001
n119	113	1	0	71	10.07291666666667
n120	114	1	0	80	10.053125000000003
n134	116	1	0	53	10.301041666666672
n136	118	1	0	53	10.579166666666673
n135	117	1	0	61	10.446875000000006
n137	121	1	0	61	10.716666666666674
n121	119	1	0	68	10.59270833333334
n122	120	1	0	71	10.58333333333334
n138	122	1	0	49	10.83958333333334
n140	124	1	0	49	11.126041666666676
n139	123	1	0	61	10.986458333333342
n141	128	1	0	61	11.24375000000001
n125	125	1	0	65	11.13750000000001
n124	127	1	0	68	11.230208333333342
n123	126	1	0	70	11.120833333333342
n155	129	1	0	54	11.37812500000001
n157	131	1	0	54	11.641666666666676
n156	130	1	0	61	11.500000000000009
n158	134	1	0	61	11.757291666666676
n144	135	1	0	65	11.79062500000001
n142	132	1	0	66	11.64687500000001
n145	136	1	0	68	11.761458333333342
n143	133	1	0	70	11.62812500000001
n159	139	1	0	53	11.885416666666677
n161	142	1	0	53	12.15312500000001
n160	140	1	0	61	12.011458333333342
n162	144	1	0	61	12.28125000000001
n146	137	1	0	66	11.885416666666677
n147	138	1	0	70	11.879166666666677
n148	141	1	0	70	12.17812500000001
n149	143	1	0	78	12.161458333333343
n163	145	1	0	51	12.418750000000012
n165	147	1	0	51	12.70416666666668
n164	146	1	0	59	12.571875000000013
n166	150	1	0	59	12.823958333333348
n150	148	1	0	66	12.709375000000014
n151	149	1	0	70	12.690625000000013
n167	151	1	0	47	12.95520833333335
n169	153	1	0	47	13.225000000000016
n168	152	1	0	59	13.078125000000016
n170	157	1	0	59	13.34583333333335
n154	154	1	0	63	13.232291666666683
n153	156	1	0	66	13.354166666666682
n152	155	1	0	68	13.23020833333335
n184	158	1	0	53	13.475000000000016
n186	161	1	0	53	13.752083333333351
n185	159	1	0	59	13.61458333333335
n187	165	1	0	59	13.882291666666683
n171	160	1	0	62	13.752083333333351
n173	163	1	0	63	13.879166666666682
n174	164	1	0	66	13.882291666666683
n172	162	1	0	68	13.74270833333335
n188	168	1	0	51	14.014583333333348
n190	170	1	0	51	14.272916666666683
n189	169	1	0	59	14.133333333333349
n191	173	1	0	59	14.41770833333335
n175	167	1	0	65	14.020833333333348
n176	166	1	0	68	14.00208333333335
n177	171	1	0	68	14.293750000000017
n178	172	1	0	77	14.28020833333335
n192	174	1	0	50	14.547916666666683
n194	178	1	0	50	14.819791666666683
n193	175	1	0	58	14.685416666666683
n195	179	1	0	58	14.963541666666682
n179	176	1	0	65	14.83958333333335
n180	177	1	0	68	14.819791666666683
n196	180	1	0	46	15.08333333333335
n198	182	1	0	46	15.366666666666685
n197	181	1	0	58	15.232291666666685
n199	185	1	0	58	15.468750000000018
n183	deletion
n182	186	1	0	65	15.484375000000018
n181	184	1	0	66	15.355208333333351
n214	187	1	0	51	15.625000000000018
n215	190	1	0	54	15.751041666666683
n216	191	1	0	56	15.872916666666685
n217	192	1	0	58	16.015625000000018
n200	188	1	0	63	15.646875000000017
n201	189	1	0	66	15.625000000000018
n219	195	1	0	51	16.42500000000002
n218	193	1	0	59	16.132291666666685
n205	197	1	0	66	16.555208333333347
n204	196	1	0	68	16.43020833333335
n203	194	1	0	70	16.28437500000002
n220	198	1	0	50	16.69791666666668
n221	201	1	0	59	16.959375000000012
n207	200	1	0	63	16.808333333333348
n206	199	1	0	65	16.686458333333345
n208	202	1	0	65	16.95416666666668
n209	204	1	0	68	17.07916666666668
n223	207	1	0	49	17.482291666666676
n222	203	1	0	58	17.22916666666668
n211	206	1	0	65	17.357291666666676
n210	205	1	0	67	17.22916666666668
n212	208	1	0	67	17.489583333333343
n213	209	1	0	70	17.62395833333334
n238	210	1	0	48	17.77395833333334
n239	211	1	0	51	17.879166666666674
n240	212	1	0	53	18.031250000000007
n241	215	1	0	55	18.15833333333334
n225	214	1	0	68	18.047916666666673
n224	213	1	0	70	17.759375000000006
n243	218	1	0	47	18.565625000000004
n242	216	1	0	56	18.297916666666673
n229	220	1	0	63	18.70416666666667
n228	219	1	0	64	18.57291666666667
n227	217	1	0	66	18.420833333333338
n244	221	1	0	46	18.846875
n245	224	1	0	55	19.117708333333333
n231	223	1	0	60	18.990624999999998
n230	222	1	0	61	18.835416666666667
n232	225	1	0	61	19.110416666666666
n233	226	1	0	64	19.228125000000002
n247	230	1	0	45	19.637499999999996
n246	227	1	0	54	19.379166666666666
n235	229	1	0	61	19.47708333333333
n234	228	1	0	63	19.354166666666668
n236	231	1	0	63	19.63020833333333
n237	232	1	0	66	19.74583333333333
n262	233	1	0	44	19.892708333333328
n263	234	1	0	48	19.999999999999993
n264	237	1	0	49	20.14791666666666
n265	238	1	0	51	20.283333333333324
n249	236	1	0	64	20.15729166666666
n248	235	1	0	66	19.88854166666666
n267	241	1	0	44	20.688541666666655
n266	239	1	0	52	20.42499999999999
n253	243	1	0	59	20.813541666666655
n252	242	1	0	61	20.67395833333332
n251	240	1	0	63	20.53645833333332
n268	244	1	0	43	20.946874999999988
n269	247	1	0	52	21.211458333333322
n255	246	1	0	56	21.078124999999986
n254	245	1	0	58	20.940624999999986
n256	248	1	0	58	21.222916666666656
n257	249	1	0	61	21.322916666666657
n271	253	1	0	42	21.73645833333332
n270	250	1	0	51	21.472916666666656
n259	252	1	0	58	21.59479166666665
n258	251	1	0	60	21.485416666666655
n260	254	1	0	60	21.740624999999987
n261	255	1	0	63	21.851041666666653
n288	256	1	0	41	22.004166666666652
n289	259	1	0	50	22.270833333333318
n273	258	1	0	55	22.119791666666654
n272	257	1	0	56	22.004166666666652
n274	260	1	0	56	22.26145833333332
n275	261	1	0	59	22.380208333333318
n291	265	1	0	40	22.807291666666643
n290	262	1	0	49	22.52812499999998
n277	264	1	0	56	22.655208333333313
n276	263	1	0	58	22.52812499999998
n278	266	1	0	58	22.79895833333331
n279	267	1	0	61	22.919791666666644
n292	268	1	0	39	23.077083333333313
n293	271	1	0	41	23.354166666666643
n280	269	1	0	55	23.08437499999998
n283	273	1	0	61	23.479166666666643
n282	272	1	0	63	23.35833333333331
n281	270	1	0	64	23.215624999999978
n295	277	1	0	39	23.880208333333307
n294	274	1	0	43	23.610416666666644
n285	276	1	0	61	23.74895833333331
n287	279	1	0	61	24.003124999999972
n284	275	1	0	70	23.616666666666646
n286	278	1	0	70	23.88854166666664
n312	280	1	0	44	24.15937499999997
n313	283	1	0	46	24.421874999999968
n296	281	1	0	60	24.14999999999997
n299	285	1	0	66	24.54374999999997
n298	284	1	0	68	24.426041666666634
n297	282	1	0	69	24.269791666666634
n315	289	1	0	44	24.961458333333304
n314	286	1	0	48	24.689583333333303
n301	288	1	0	66	24.813541666666637
n303	291	1	0	66	25.067708333333304
n300	287	1	0	75	24.68124999999997
n302	290	1	0	75	24.95312499999997
n316	292	1	0	49	25.22187499999997
n317	295	1	0	51	25.49166666666663
n307	297	1	0	59	25.628124999999965
n306	296	1	0	61	25.49166666666663
n305	294	1	0	62	25.357291666666633
n304	293	1	0	65	25.22187499999997
n319	301	1	0	49	26.040624999999967
n318	298	1	0	53	25.7677083333333
n309	300	1	0	59	25.896874999999966
n311	303	1	0	59	26.169791666666633
n308	299	1	0	68	25.75729166666663
n310	302	1	0	68	26.03854166666663
n336	304	1	0	54	26.309374999999964
n337	307	1	0	56	26.573958333333294
n320	305	1	0	58	26.309374999999964
n323	309	1	0	64	26.69583333333329
n322	308	1	0	66	26.56041666666663
n321	306	1	0	67	26.42499999999996
n339	313	1	0	54	27.121874999999953
n338	310	1	0	58	26.851041666666625
n325	312	1	0	64	26.983333333333288
n327	315	1	0	64	27.249999999999954
n324	311	1	0	73	26.838541666666625
n326	314	1	0	73	27.109374999999954
n341	319	1	0	58	27.661458333333286
n340	316	1	0	59	27.386458333333287
n328	317	1	0	63	27.386458333333287
n329	318	1	0	66	27.52916666666662
n330	320	1	0	68	27.642708333333285
n331	321	1	0	70	27.768749999999955
n343	325	1	0	54	28.191666666666624
n342	322	1	0	56	27.92083333333329
n335	327	1	0	63	28.322916666666625
n334	326	1	0	65	28.185416666666622
n333	324	1	0	66	28.03958333333329
n332	323	1	0	71	27.913541666666625
n360	328	1	0	53	28.481249999999957
n361	331	1	0	56	28.73645833333329
n344	329	1	0	62	28.47395833333329
n347	333	1	0	68	28.877083333333285
n346	332	1	0	70	28.749999999999954
n345	330	1	0	71	28.606249999999957
n363	337	1	0	46	29.282291666666616
n362	334	1	0	50	29.002083333333285
n349	336	1	0	68	29.13854166666662
n351	339	1	0	68	29.412499999999948
n348	335	1	0	77	29.00416666666662
n350	338	1	0	77	29.282291666666616
n365	343	1	0	49	29.817708333333282
n364	340	1	0	51	29.555208333333283
n352	341	1	0	66	29.547916666666616
n353	342	1	0	70	29.68124999999995
n354	344	1	0	75	29.82187499999995
n355	345	1	0	77	29.93958333333328
n367	349	1	0	46	30.360416666666616
n366	346	1	0	48	30.084374999999948
n358	350	1	0	72	30.360416666666616
n357	348	1	0	75	30.218749999999947
n359	351	1	0	75	30.494791666666615
n356	347	1	0	78	30.084374999999948
n383	352	1	0	48	30.62499999999995
n384	355	1	0	51	30.889583333333285
n368	353	1	0	69	30.62499999999995
n371	357	1	0	75	31.006249999999948
n370	356	1	0	77	30.889583333333285
n369	354	1	0	78	30.748958333333285
n386	361	1	0	41	31.422916666666616
n385	358	1	0	45	31.15312499999995
n373	360	1	0	75	31.29583333333328
n375	363	1	0	75	31.561458333333285
n372	359	1	0	84	31.15312499999995
n374	362	1	0	84	31.427083333333282
n387	365	1	0	46	31.723958333333286
n376	364	1	0	74	31.717708333333285
n377	366	1	0	75	31.845833333333285
n378	367	1	0	77	31.98749999999995
n379	368	1	0	82	32.12812499999997
n392	372	1	0	65	32.660416666666634
n391	371	1	0	66	32.515624999999964
n390	370	1	0	68	32.374999999999964
n380	369	1	0	70	32.25312499999997
n407	373	1	0	63	32.79791666666664
n408	375	1	0	65	32.93749999999997
n409	377	1	0	66	33.057291666666636
n410	379	1	0	68	33.17187499999997
n394	374	1	0	74	32.93541666666664
n395	376	1	0	75	33.04791666666664
n396	378	1	0	77	33.17187499999997
n414	388	1	0	63	33.688541666666644
n413	387	1	0	65	33.54479166666664
n412	384	1	0	66	33.43541666666664
n411	381	1	0	70	33.301041666666634
n399	383	1	0	75	33.44479166666664
n398	382	1	0	77	33.37291666666663
n397	380	1	0	78	33.27916666666663
n400	386	1	0	80	33.59999999999998
n401	385	1	0	83	33.58749999999998
n418	394	1	0	59	34.24374999999996
n415	389	1	0	62	33.831249999999976
n416	390	1	0	63	33.98437499999998
n417	393	1	0	65	34.11562499999997
n404	395	1	0	74	34.13437499999997
n402	391	1	0	80	33.855208333333316
n405	397	1	0	82	34.12604166666664
n403	392	1	0	83	33.851041666666646
n422	400	1	0	53	34.753124999999955
n421	399	1	0	54	34.63333333333329
n420	398	1	0	56	34.51145833333329
n419	396	1	0	58	34.386458333333294
n437	401	1	0	51	34.89687499999995
n439	405	1	0	51	35.13645833333329
n438	402	1	0	58	35.02291666666662
n440	406	1	0	58	35.26249999999995
n424	404	1	0	75	35.161458333333286
n425	403	1	0	78	35.15208333333329
n441	407	1	0	50	35.420833333333285
n443	410	1	0	50	35.71458333333328
n442	408	1	0	58	35.56770833333328
n444	414	1	0	58	35.84374999999994
n426	409	1	0	75	35.43958333333328
n428	411	1	0	77	35.72395833333328
n427	412	1	0	78	35.42916666666662
n429	413	1	0	80	35.71458333333328
n445	415	1	0	51	35.978124999999935
n447	419	1	0	51	36.223958333333265
n446	416	1	0	58	36.120833333333266
n448	420	1	0	58	36.37187499999994
n431	418	1	0	75	36.2510416666666
n432	417	1	0	78	36.230208333333266
n449	421	1	0	46	36.48645833333327
n451	426	1	0	46	36.75833333333327
n450	deletion
n452	deletion
n435	425	1	0	74	36.781249999999936
n433	423	1	0	75	36.499999999999936
n436	427	1	0	77	36.769791666666606
n434	424	1	0	78	36.47708333333327
n467	429	1	0	47	37.02812499999994
n469	434	1	0	47	37.29583333333327
n468	430	1	0	54	37.181249999999935
n470	432	1	0	54	37.42499999999994
n454	431	1	0	75	37.30208333333327
n471	435	1	0	46	37.57083333333327
n473	440	1	0	46	37.82916666666661
n472	438	1	0	54	37.689583333333275
n474	442	1	0	54	37.97395833333327
n456	439	1	0	74	37.763541666666605
n455	433	1	0	75	37.55520833333327
n466	437	1	0	75	37.689583333333275
n457	441	1	0	75	37.82499999999994
n464	deletion
n465	436	1	0	76	37.624999999999936
n475	443	1	0	47	38.124999999999936
n477	446	1	0	47	38.39583333333328
n476	444	1	0	54	38.27604166666661
n478	447	1	0	54	38.521874999999945
n459	445	1	0	75	38.39583333333328
n479	448	1	0	43	38.67604166666662
n481	452	1	0	43	38.93958333333329
n480	450	1	0	52	38.79166666666662
n482	454	1	0	52	39.067708333333286
n461	451	1	0	71	38.80833333333329
n460	449	1	0	73	38.67187499999995
n462	453	1	0	73	38.93958333333329
n463	455	1	0	82	39.06874999999995
n501	457	1	0	44	39.213541666666615
n503	460	1	0	44	39.474999999999945
n502	458	1	0	51	39.34687499999995
n504	461	1	0	51	39.619791666666615
n488	459	1	0	63	39.48333333333328
n483	456	1	0	71	39.213541666666615
n505	463	1	0	43	39.753124999999955
n507	468	1	0	43	40.002083333333296
n506	466	1	0	51	39.86979166666663
n508	471	1	0	51	40.14166666666663
n490	467	1	0	62	39.966666666666626
n489	462	1	0	63	39.74166666666662
n500	465	1	0	63	39.890624999999964
n491	470	1	0	63	40.027083333333294
n498	deletion
n499	464	1	0	64	39.82916666666662
n484	469	1	0	73	39.74687499999995
n509	472	1	0	44	40.29583333333329
n511	480	1	0	44	40.54583333333329
n510	473	1	0	51	40.43020833333329
n512	478	1	0	51	40.67708333333329
n495	deletion
n494	475	1	0	63	40.59895833333329
n493	474	1	0	64	40.540624999999956
n485	477	1	0	71	40.28020833333329
n513	479	1	0	42	40.814583333333296
n515	484	1	0	42	41.11041666666662
n514	481	1	0	51	40.96354166666662
n516	485	1	0	51	41.23958333333329
n496	483	1	0	63	40.841666666666626
n486	482	1	0	70	40.82499999999996
n497	486	1	0	75	41.10833333333329
n532	487	1	0	41	41.392708333333296
n535	491	1	0	48	41.79791666666663
n534	489	1	0	50	41.673958333333296
n533	488	1	0	51	41.52499999999996
n525	499	1	0	68	41.38541666666663
n519	492	1	0	75	41.798958333333296
n518	490	1	0	77	41.673958333333296
n536	494	1	0	50	41.94999999999996
n538	497	1	0	53	42.229166666666636
n537	495	1	0	56	42.08541666666663
n539	498	1	0	56	42.356249999999974
n520	493	1	0	77	41.94062499999996
n521	496	1	0	80	42.21249999999997
n540	501	1	0	46	42.48958333333331
n542	508	1	0	48	42.75729166666664
n541	deletion
n543	deletion
n527	507	1	0	66	42.88229166666664
n522	500	1	0	74	42.49479166666664
n523	505	1	0	77	42.74374999999997
n546	514	1	0	46	43.285416666666634
n544	510	1	0	50	43.021874999999966
n547	515	1	0	56	43.437499999999964
n545	deletion
n531	516	1	0	62	43.41979166666663
n529	512	1	0	63	43.14791666666663
n528	509	1	0	65	43.02916666666663
n530	513	1	0	65	43.2989583333333
n524	518	1	0	70	43.021874999999966
n563	519	1	0	51	43.5583333333333
n565	522	1	0	51	43.8395833333333
n564	520	1	0	54	43.6864583333333
n566	524	1	0	54	43.96249999999997
n555	517	1	0	63	43.55416666666663
n557	525	1	0	65	43.971874999999976
n556	521	1	0	66	43.8395833333333
n550	526	1	0	68	43.967708333333306
n549	523	1	0	70	43.834374999999966
n567	529	1	0	49	44.08437499999997
n569	531	1	0	49	44.38333333333331
n568	530	1	0	58	44.226041666666646
n570	534	1	0	58	44.51770833333331
n558	527	1	0	66	44.09374999999997
n551	528	1	0	70	44.086458333333304
n559	532	1	0	70	44.40208333333331
n552	533	1	0	78	44.38333333333331
n571	535	1	0	48	44.65416666666664
n573	537	1	0	48	44.93645833333331
n572	536	1	0	56	44.79583333333331
n574	540	1	0	56	45.07083333333331
n560	538	1	0	66	44.94791666666664
n553	539	1	0	75	44.938541666666644
n575	541	1	0	44	45.199999999999974
n577	547	1	0	44	45.46458333333331
n578	546	1	0	54	45.628124999999976
n576	542	1	0	56	45.33854166666664
n562	544	1	0	63	45.59895833333331
n561	543	1	0	65	45.487499999999976
n554	545	1	0	72	45.47916666666664
n592	548	1	0	49	45.73333333333331
n594	551	1	0	49	45.99999999999998
n593	549	1	0	53	45.851041666666646
n595	553	1	0	53	46.14479166666664
n586	554	1	0	63	46.139583333333306
n585	550	1	0	65	46.01354166666665
n580	556	1	0	66	46.116666666666646
n579	552	1	0	68	45.99479166666664
n596	558	1	0	48	46.268749999999976
n598	562	1	0	48	46.54479166666665
n599	561	1	0	56	46.66249999999998
n597	deletion
n587	555	1	0	65	46.23645833333331
n581	557	1	0	68	46.24583333333331
n588	559	1	0	68	46.558333333333316
n582	560	1	0	77	46.54479166666665
n600	563	1	0	46	46.81145833333331
n602	565	1	0	46	47.10208333333331
n601	564	1	0	54	46.942708333333314
n603	568	1	0	54	47.21458333333331
n589	566	1	0	65	47.10208333333331
n583	567	1	0	73	47.09374999999998
n604	569	1	0	42	47.358333333333306
n606	575	1	0	42	47.62395833333331
n607	573	1	0	53	47.77499999999998
n605	570	1	0	54	47.51562499999997
n591	572	1	0	62	47.74895833333331
n590	571	1	0	63	47.632291666666646
n584	574	1	0	70	47.61874999999998
n624	576	1	0	48	47.895833333333314
n626	580	1	0	48	48.18437499999998
n625	577	1	0	51	48.036458333333314
n627	582	1	0	51	48.29895833333331
n615	581	1	0	65	48.29479166666664
n614	578	1	0	66	48.177083333333314
n608	579	1	0	69	48.167708333333316
n628	585	1	0	46	48.44062499999998
n630	588	1	0	46	48.71458333333331
n629	587	1	0	54	48.57499999999998
n631	591	1	0	54	48.84270833333331
n617	586	1	0	63	48.56666666666665
n616	583	1	0	66	48.43541666666665
n609	584	1	0	70	48.433333333333316
n618	589	1	0	72	48.719791666666644
n610	590	1	0	75	48.719791666666644
n632	592	1	0	45	48.97916666666664
n634	597	1	0	45	49.24374999999997
n633	593	1	0	53	49.11041666666664
n635	598	1	0	53	49.36979166666664
n620	596	1	0	70	49.344791666666644
n619	594	1	0	72	49.233333333333306
n611	595	1	0	75	49.22499999999997
n636	601	1	0	41	49.48854166666664
n638	604	1	0	41	49.77291666666665
n639	605	1	0	51	49.89791666666666
n637	603	1	0	53	49.62395833333332
n622	deletion
n621	600	1	0	71	49.50416666666665
n612	599	1	0	74	49.49583333333331
n623	607	1	0	80	49.77708333333332
n613	606	1	0	83	49.77291666666665
n655	609	1	0	46	50.18229166666665
n654	608	1	0	50	50.07187499999999
n656	612	1	0	51	50.32708333333332
n657	614	1	0	54	50.48020833333332
n650	613	1	0	75	50.486458333333324
n649	611	1	0	77	50.40729166666665
n648	610	1	0	78	50.343749999999986
n640	615	1	0	82	50.06562499999999
n659	618	1	0	46	50.93854166666666
n658	616	1	0	58	50.64583333333333
n651	621	1	0	74	50.631249999999994
n642	619	1	0	77	50.923958333333324
n643	620	1	0	80	51.056249999999984
n641	617	1	0	82	50.771874999999994
n660	623	1	0	39	51.26458333333332
n661	624	1	0	43	51.90416666666666
n662	625	1	0	46	52.01562499999999
n653	626	1	0	75	51.72604166666667
n645	627	1	0	79	51.72604166666667
n644	622	1	0	80	51.321874999999984
n663	628	1	0	51	52.13020833333332
n681	632	1	0	51	52.968749999999986
n682	633	1	0	53	53.097916666666656
n664	629	1	0	75	52.701041666666654
n665	630	1	0	77	52.841666666666654
n666	631	1	0	79	52.968749999999986
n667	635	1	0	80	53.097916666666656
n683	634	1	0	55	53.210416666666646
n684	638	1	0	58	53.48854166666665
n671	640	1	0	73	53.620833333333316
n670	639	1	0	75	53.49999999999998
n669	637	1	0	76	53.35416666666665
n668	636	1	0	82	53.21770833333331
n686	644	1	0	61	54.054166666666646
n685	641	1	0	63	53.76770833333332
n675	646	1	0	69	54.174999999999976
n672	642	1	0	72	53.77916666666665
n673	643	1	0	73	53.89895833333331
n674	645	1	0	75	54.047916666666644
n688	650	1	0	56	54.60833333333331
n687	647	1	0	60	54.32708333333331
n679	652	1	0	63	54.743749999999984
n678	651	1	0	64	54.605208333333316
n677	649	1	0	66	54.45937499999998
n676	648	1	0	68	54.32708333333331
n706	656	1	0	49	55.15624999999998
n705	653	1	0	61	54.88541666666665
n689	654	1	0	64	54.88749999999998
n691	657	1	0	64	55.16770833333331
n690	655	1	0	73	55.01562499999998
n692	658	1	0	73	55.28645833333331
n707	659	1	0	47	55.42395833333331
n708	662	1	0	59	55.70208333333331
n693	660	1	0	65	55.44166666666664
n695	663	1	0	65	55.710416666666646
n694	661	1	0	74	55.55937499999998
n696	664	1	0	74	55.82395833333331
n710	668	1	0	45	56.26354166666665
n709	665	1	0	57	55.97916666666664
n700	670	1	0	66	56.395833333333314
n699	669	1	0	68	56.25833333333331
n698	667	1	0	69	56.108333333333306
n697	666	1	0	73	55.97499999999997
n711	671	1	0	44	56.533333333333324
n712	674	1	0	56	56.81041666666666
n701	672	1	0	65	56.548958333333324
n704	676	1	0	71	56.943749999999994
n703	675	1	0	73	56.81041666666666
n702	673	1	0	74	56.67291666666666
n730	680	1	0	42	57.36458333333333
n729	677	1	0	54	57.09166666666666
n713	678	1	0	70	57.09166666666666
n714	679	1	0	71	57.21458333333332
n715	681	1	0	73	57.36041666666666
n716	683	1	0	75	57.49166666666666
n731	682	1	0	49	57.64062499999999
n732	686	1	0	52	57.90625
n720	688	1	0	68	58.04270833333333
n719	687	1	0	69	57.91354166666667
n718	685	1	0	71	57.76875
n717	684	1	0	76	57.64479166666666
n733	689	1	0	46	58.18020833333333
n734	692	1	0	49	58.45208333333333
n724	694	1	0	64	58.582291666666656
n721	690	1	0	67	58.19166666666666
n722	691	1	0	68	58.31979166666666
n723	693	1	0	70	58.459374999999994
n735	695	1	0	43	58.71562499999999
n736	698	1	0	51	58.98333333333333
n728	700	1	0	58	59.128125
n727	699	1	0	59	58.99791666666666
n726	697	1	0	61	58.85729166666666
n725	696	1	0	63	58.722916666666656
n754	704	1	0	44	59.53125
n753	701	1	0	56	59.25625
n737	702	1	0	59	59.266666666666666
n739	705	1	0	59	59.545833333333334
n738	703	1	0	68	59.39791666666667
n740	706	1	0	68	59.655208333333334
n755	707	1	0	42	59.800000000000004
n756	710	1	0	54	60.060416666666676
n741	708	1	0	60	59.81354166666667
n743	711	1	0	60	60.07500000000001
n742	709	1	0	69	59.93437500000001
n744	712	1	0	69	60.18437500000001
n758	716	1	0	40	60.607291666666676
n757	713	1	0	52	60.34375000000001
n748	718	1	0	61	60.72083333333334
n747	717	1	0	63	60.60937500000001
n746	715	1	0	64	60.46875000000001
n745	714	1	0	68	60.33229166666668
n759	719	1	0	39	60.870833333333344
n760	722	1	0	51	61.150000000000006
n749	720	1	0	60	60.870833333333344
n752	724	1	0	66	61.26666666666667
n751	723	1	0	68	61.150000000000006
n750	721	1	0	69	60.99062500000001
n778	728	1	0	37	61.682291666666686
n777	725	1	0	49	61.40937500000001
n761	726	1	0	65	61.41875000000001
n762	727	1	0	66	61.54791666666668
n763	729	1	0	68	61.678125000000016
n764	deletion
n780	732	1	0	61	62.07291666666669
n781	735	1	0	63	62.200000000000024
n782	736	1	0	65	62.32812500000002
n765	731	1	0	71	61.95104166666669
n768	737	1	0	71	62.35312500000002
n767	734	1	0	73	62.21666666666669
n766	733	1	0	74	62.08020833333336
n784	741	1	0	54	62.77083333333335
n783	738	1	0	66	62.47604166666669
n772	743	1	0	68	62.90416666666669
n769	739	1	0	70	62.50000000000002
n770	740	1	0	71	62.62291666666668
n771	742	1	0	73	62.77500000000002
n786	746	1	0	54	63.190625000000026
n787	748	1	0	56	63.3104166666667
n788	750	1	0	58	63.44375000000002
n776	749	1	0	61	63.43229166666669
n775	747	1	0	63	63.30625000000003
n774	745	1	0	64	63.168750000000024
n773	744	1	0	66	63.03750000000002
n806	754	1	0	47	63.86666666666668
n805	751	1	0	59	63.57812500000002
n789	752	1	0	63	63.57812500000002
n790	753	1	0	64	63.709375000000016
n791	755	1	0	66	63.84895833333335
n792	756	1	0	68	63.975000000000016
n808	758	1	0	47	64.26145833333334
n809	761	1	0	49	64.3875
n810	762	1	0	51	64.521875
n793	757	1	0	69	64.12500000000001
n796	763	1	0	69	64.52604166666666
n795	760	1	0	71	64.39166666666667
n794	759	1	0	73	64.26145833333334
n812	767	1	0	40	64.94479166666665
n811	764	1	0	52	64.66979166666665
n800	769	1	0	66	65.06249999999999
n797	765	1	0	68	64.66562499999999
n798	766	1	0	69	64.80624999999998
n799	768	1	0	71	64.94479166666665
n814	771	1	0	40	65.37187499999999
n815	774	1	0	42	65.47187499999998
n816	775	1	0	44	65.61354166666665
n804	776	1	0	59	65.60312499999998
n803	773	1	0	61	65.47395833333331
n802	772	1	0	62	65.34374999999999
n801	770	1	0	64	65.21666666666665
n829	778	1	0	45	65.75312499999998
n831	781	1	0	45	66.021875
n830	779	1	0	52	65.86979166666666
n832	783	1	0	52	66.15520833333332
n817	777	1	0	61	65.75312499999998
n818	780	1	0	61	66.02395833333333
n819	782	1	0	69	66.01458333333333
n833	784	1	0	44	66.28854166666666
n835	788	1	0	44	66.57708333333332
n834	786	1	0	52	66.42604166666666
n836	791	1	0	52	66.72291666666665
n820	785	1	0	61	66.29583333333332
n822	789	1	0	62	66.57187499999999
n821	787	1	0	69	66.27916666666665
n823	790	1	0	71	66.56770833333333
n837	792	1	0	45	66.85208333333333
n839	796	1	0	45	67.14270833333332
n838	793	1	0	52	66.99479166666666
n840	797	1	0	52	67.24166666666665
n825	794	1	0	61	67.10833333333332
n826	795	1	0	69	67.10416666666666
n841	798	1	0	41	67.3802083333333
n843	800	1	0	41	67.64166666666662
n842	799	1	0	50	67.51562499999996
n844	802	1	0	50	67.76354166666663
n827	801	1	0	59	67.38229166666663
n828	803	1	0	68	67.3614583333333
n861	804	1	0	42	67.91354166666663
n863	810	1	0	42	68.16770833333328
n862	805	1	0	49	68.03854166666662
n864	811	1	0	49	68.28645833333327
n846	806	1	0	57	68.16562499999995
n848	808	1	0	59	68.29374999999993
n847	807	1	0	66	68.16041666666662
n849	809	1	0	68	68.27916666666661
n865	814	1	0	40	68.42708333333327
n867	816	1	0	40	68.6979166666666
n866	815	1	0	49	68.5572916666666
n868	819	1	0	49	68.83645833333325
n850	812	1	0	61	68.41874999999993
n852	817	1	0	68	68.7010416666666
n851	813	1	0	69	68.4135416666666
n853	818	1	0	73	68.69374999999994
n869	820	1	0	39	68.97395833333324
n870	821	1	0	43	69.07604166666657
n871	822	1	0	46	69.22291666666656
n872	823	1	0	49	69.36354166666658
n855	824	1	0	67	69.25729166666657
n856	825	1	0	76	69.24270833333324
n876	833	1	0	43	69.93020833333323
n875	830	1	0	44	69.77708333333322
n874	828	1	0	46	69.63333333333323
n873	826	1	0	47	69.52083333333323
n857	827	1	0	68	69.52604166666656
n859	831	1	0	70	69.82083333333323
n860	832	1	0	73	69.79687499999989
n858	829	1	0	75	69.52083333333323
n893	834	1	0	44	70.09270833333322
n895	844	1	0	44	70.35833333333322
n894	835	1	0	51	70.20520833333322
n896	838	1	0	51	70.48541666666655
n880	839	1	0	67	70.46145833333323
n878	836	1	0	68	70.36666666666656
n881	841	1	0	70	70.47812499999989
n879	837	1	0	71	70.34479166666655
n897	843	1	0	42	70.60520833333321
n899	846	1	0	42	70.88229166666652
n898	845	1	0	51	70.7302083333332
n900	848	1	0	51	71.01562499999984
n882	840	1	0	68	70.61249999999987
n884	847	1	0	70	70.89583333333319
n883	842	1	0	71	70.61249999999987
n885	849	1	0	75	70.89062499999986
n901	850	1	0	41	71.16354166666649
n902	851	1	0	45	71.30937499999982
n903	852	1	0	48	71.43645833333314
n904	854	1	0	51	71.55416666666645
n887	853	1	0	69	71.45416666666647
n888	857	1	0	78	71.43229166666647
n908	863	1	0	45	72.13437499999968
n907	861	1	0	46	71.99687499999972
n906	858	1	0	48	71.84999999999972
n905	856	1	0	49	71.72083333333309
n889	855	1	0	70	71.73229166666641
n891	860	1	0	72	72.00624999999971
n892	862	1	0	75	72.00624999999971
n890	859	1	0	77	71.72812499999975
n926	864	1	0	46	72.28437499999967
n927	868	1	0	48	72.5666666666663
n909	865	1	0	65	72.305208333333
n912	870	1	0	68	72.6979166666663
n911	869	1	0	70	72.5760416666663
n910	867	1	0	71	72.44374999999964
n925	866	1	0	74	72.29062499999966
n929	874	1	0	46	73.1197916666663
n928	871	1	0	50	72.84374999999963
n914	873	1	0	68	72.99270833333297
n916	875	1	0	68	73.24479166666632
n913	872	1	0	77	72.84062499999963
n915	876	1	0	77	73.12916666666631
n930	877	1	0	51	73.39374999999966
n931	880	1	0	53	73.67499999999966
n917	878	1	0	67	73.41249999999965
n920	882	1	0	73	73.81770833333299
n919	881	1	0	75	73.67499999999966
n918	879	1	0	76	73.527083333333
n933	886	1	0	51	74.22604166666632
n932	883	1	0	55	73.96145833333298
n922	885	1	0	73	74.07499999999965
n924	888	1	0	73	74.34166666666631
n921	884	1	0	82	73.94895833333298
n923	887	1	0	82	74.22291666666632
n950	889	1	0	56	74.48333333333298
n951	892	1	0	58	74.76562499999962
n937	894	1	0	66	74.8937499999996
n936	893	1	0	68	74.76041666666629
n935	891	1	0	69	74.61874999999964
n934	890	1	0	72	74.48854166666631
n953	898	1	0	56	75.32395833333291
n952	895	1	0	60	75.04166666666626
n939	897	1	0	66	75.17604166666625
n941	899	1	0	66	75.44062499999957
n938	896	1	0	75	75.04166666666626
n940	900	1	0	75	75.32187499999958
n954	901	1	0	61	75.58124999999957
n955	904	1	0	63	75.85624999999955
n942	902	1	0	65	75.58854166666623
n945	906	1	0	71	75.99166666666622
n944	905	1	0	73	75.85624999999955
n943	903	1	0	74	75.70624999999956
n957	910	1	0	61	76.40833333333289
n956	907	1	0	65	76.13020833333289
n947	deletion
n949	deletion
n946	908	1	0	80	76.13020833333289
n948	911	1	0	80	76.40833333333289
n968	915	1	0	66	76.69999999999955
n958	913	1	0	70	76.68854166666621
n959	914	1	0	73	76.83229166666621
n960	916	1	0	75	76.95520833333288
n961	917	1	0	77	77.08229166666621
n972	922	1	0	61	77.65833333333289
n971	921	1	0	63	77.51562499999956
n970	919	1	0	65	77.37916666666622
n963	920	1	0	70	77.51770833333289
n962	918	1	0	78	77.23124999999955
n974	925	1	0	58	77.93854166666623
n973	924	1	0	60	77.79374999999956
n975	927	1	0	60	78.08541666666622
n976	928	1	0	63	78.18854166666621
n964	923	1	0	69	77.79895833333289
n965	926	1	0	78	78.05312499999955
n978	931	1	0	60	78.46041666666619
n977	930	1	0	62	78.31562499999953
n979	933	1	0	62	78.6135416666662
n980	934	1	0	65	78.75208333333285
n967	932	1	0	68	78.62083333333285
n966	929	1	0	77	78.3291666666662
n992	938	1	0	63	79.17291666666618
n991	937	1	0	65	78.88541666666617
n981	935	1	0	67	78.88437499999951
n982	936	1	0	70	79.00937499999951
n983	939	1	0	72	79.16041666666618
n984	940	1	0	74	79.31041666666617
n996	945	1	0	58	79.83437499999951
n995	944	1	0	59	79.6937499999995
n994	942	1	0	61	79.5687499999995
n986	943	1	0	66	79.72395833333283
n985	941	1	0	75	79.44895833333284
n998	948	1	0	55	80.0999999999995
n997	947	1	0	56	79.9687499999995
n999	950	1	0	56	80.24270833333283
n1000	951	1	0	59	80.37604166666617
n987	946	1	0	65	79.97395833333283
n988	949	1	0	74	80.22916666666616
n1002	954	1	0	56	80.62083333333284
n1001	953	1	0	58	80.4968749999995
n1003	956	1	0	58	80.77499999999951
n1004	957	1	0	61	80.90104166666617
n990	955	1	0	64	80.78437499999951
n989	952	1	0	73	80.51666666666617
n1016	960	1	0	59	81.32083333333284
n1015	958	1	0	61	81.03749999999951
n1005	961	1	0	63	81.05104166666618
n1006	959	1	0	67	81.17708333333285
n1007	962	1	0	68	81.33124999999951
n1008	963	1	0	70	81.46041666666618
n1020	968	1	0	54	81.97604166666616
n1019	967	1	0	56	81.8468749999995
n1018	965	1	0	58	81.72708333333283
n1010	966	1	0	63	81.87708333333283
n1009	964	1	0	71	81.59270833333284
n1022	971	1	0	51	82.24895833333282
n1021	970	1	0	53	82.11354166666617
n1023	973	1	0	53	82.3999999999995
n1024	974	1	0	56	82.52083333333282
n1011	969	1	0	62	82.13020833333283
n1012	972	1	0	71	82.39166666666615
n1026	977	1	0	53	82.79687499999947
n1025	976	1	0	55	82.65416666666614
n1027	979	1	0	55	82.93749999999947
n1028	980	1	0	58	83.06249999999947
n1014	978	1	0	61	82.94583333333281
n1013	975	1	0	70	82.66874999999948
n1038	983	1	0	50	83.35416666666613
n1037	982	1	0	51	83.19791666666615
n1039	985	1	0	51	83.4895833333328
n1040	986	1	0	54	83.61041666666614
n1029	981	1	0	60	83.20208333333281
n1030	984	1	0	69	83.4739583333328
n1042	989	1	0	51	83.86458333333282
n1041	988	1	0	52	83.73854166666615
n1043	991	1	0	52	84.01458333333282
n1044	992	1	0	56	84.1562499999995
n1032	990	1	0	59	84.0343749999995
n1031	987	1	0	68	83.75104166666615
n1046	995	1	0	48	84.43437499999949
n1045	994	1	0	50	84.28958333333283
n1047	997	1	0	50	84.58333333333283
n1048	998	1	0	53	84.69999999999949
n1033	993	1	0	58	84.29374999999949
n1034	996	1	0	68	84.57499999999949
n1050	1001	1	0	50	84.97187499999949
n1049	1000	1	0	51	84.83124999999949
n1051	1003	1	0	51	85.09999999999948
n1052	1004	1	0	54	85.24062499999948
n1036	1002	1	0	57	85.13229166666615
n1035	999	1	0	67	84.84479166666615
n1064	1007	1	0	46	85.51666666666614
n1063	1006	1	0	48	85.38437499999948
n1065	1008	1	0	48	85.6614583333328
n1066	1010	1	0	51	85.79479166666611
n1053	1005	1	0	56	85.40104166666615
n1054	1009	1	0	66	85.66354166666613
n1068	1013	1	0	48	86.07187499999947
n1067	1012	1	0	49	85.92916666666612
n1069	1015	1	0	49	86.2270833333328
n1070	1017	1	0	52	86.35624999999943
n1056	1014	1	0	56	86.2427083333328
n1057	1016	1	0	64	86.2270833333328
n1055	1011	1	0	65	85.93958333333279
n1071	1018	1	0	46	86.51145833333277
n1072	1020	1	0	47	86.62708333333276
n1074	1025	1	0	47	86.90416666666607
n1073	1021	1	0	49	86.75208333333275
n1060	1023	1	0	55	86.80312499999941
n1058	1019	1	0	56	86.51562499999943
n1061	1024	1	0	63	86.78854166666608
n1059	1022	1	0	64	86.51145833333277
n1075	1026	1	0	49	87.04687499999939
n1078	1029	1	0	49	87.44687499999938
n1076	1027	1	0	55	87.19374999999938
n1077	1028	1	0	58	87.33749999999938
n1096	1035	1	0	44	87.85729166666604
n1095	1033	1	0	46	87.73854166666604
n1097	1036	1	0	46	87.99999999999937
n1094	1030	1	0	47	87.59791666666604
n1079	1031	1	0	68	87.59270833333271
n1080	1032	1	0	70	87.73854166666604
n1081	1034	1	0	71	87.85729166666604
n1082	1037	1	0	73	87.99479166666605
n1098	1039	1	0	47	88.1083333333327
n1099	1041	1	0	49	88.24479166666603
n1100	1042	1	0	51	88.37916666666602
n1101	1043	1	0	52	88.51458333333268
n1086	1045	1	0	68	88.51458333333268
n1085	1044	1	0	70	88.38541666666602
n1084	1040	1	0	71	88.24999999999936
n1083	1038	1	0	75	88.13437499999935
n1103	1049	1	0	43	88.92499999999934
n1102	1047	1	0	52	88.65208333333268
n1090	1051	1	0	64	89.063541666666
n1087	1046	1	0	67	88.66666666666602
n1088	1048	1	0	68	88.79895833333268
n1089	1050	1	0	70	88.932291666666
n1107	1055	1	0	58	89.60624999999933
n1106	1054	1	0	59	89.463541666666
n1105	1053	1	0	61	89.33333333333267
n1091	1052	1	0	63	89.21458333333267
n1122	1056	1	0	56	89.73645833333266
n1124	1060	1	0	56	90.00312499999934
n1123	1057	1	0	63	89.86458333333267
n1125	1061	1	0	63	90.11770833333267
n1109	1059	1	0	71	90.02395833333267
n1110	1058	1	0	80	90.00312499999934
n1126	1062	1	0	55	90.269791666666
n1128	1066	1	0	55	90.58229166666601
n1127	1063	1	0	63	90.413541666666
n1129	1069	1	0	63	90.697916666666
n1111	1064	1	0	71	90.294791666666
n1113	1067	1	0	73	90.58229166666601
n1112	1065	1	0	80	90.28124999999933
n1114	1068	1	0	82	90.56770833333267
n1130	1070	1	0	56	90.84999999999935
n1132	1074	1	0	56	91.11354166666602
n1131	1071	1	0	63	90.98645833333269
n1133	1075	1	0	63	91.23749999999937
n1116	1073	1	0	71	91.1333333333327
n1117	1072	1	0	80	91.12291666666603
n1134	1077	1	0	51	91.37604166666603
n1136	1082	1	0	51	91.68437499999938
n1135	1078	1	0	63	91.53020833333271
n1137	1083	1	0	63	91.81249999999939
n1120	1080	1	0	70	91.69062499999937
n1118	1076	1	0	71	91.40937499999937
n1121	1081	1	0	79	91.67083333333271
n1119	1079	1	0	80	91.3895833333327
n1152	1084	1	0	56	91.9312499999994
n1153	1086	1	0	58	92.0562499999994
n1154	1088	1	0	59	92.18333333333273
n1155	1090	1	0	61	92.30416666666606
n1139	1085	1	0	67	92.07916666666605
n1140	1087	1	0	68	92.17395833333272
n1141	1089	1	0	70	92.29479166666606
n1159	1099	1	0	56	92.80833333333274
n1158	1098	1	0	58	92.68645833333274
n1157	1095	1	0	59	92.5624999999994
n1156	1092	1	0	63	92.42916666666606
n1144	1094	1	0	68	92.52395833333274
n1143	1093	1	0	70	92.5031249999994
n1142	1091	1	0	71	92.39166666666607
n1145	1096	1	0	73	92.72604166666608
n1146	1097	1	0	76	92.71458333333274
n1163	1105	1	0	52	93.38749999999939
n1160	1100	1	0	55	92.97499999999941
n1161	1101	1	0	56	93.11770833333273
n1162	1104	1	0	58	93.2406249999994
n1149	1106	1	0	67	93.28124999999939
n1147	1102	1	0	73	92.99166666666608
n1150	1108	1	0	75	93.2749999999994
n1148	1103	1	0	76	92.97916666666607
n1167	1111	1	0	46	93.92604166666605
n1166	1110	1	0	47	93.80520833333271
n1165	1109	1	0	49	93.64791666666605
n1164	1107	1	0	51	93.50833333333273
n1182	1112	1	0	44	94.05937499999938
n1184	1116	1	0	44	94.33124999999937
n1183	1113	1	0	56	94.20312499999936
n1185	1117	1	0	56	94.4614583333327
n1169	1114	1	0	68	94.33541666666603
n1170	1115	1	0	71	94.31979166666603
n1186	1118	1	0	54	94.60416666666602
n1188	1124	1	0	54	94.87499999999935
n1187	1119	1	0	63	94.74895833333268
n1189	1125	1	0	63	95.02499999999935
n1173	1122	1	0	68	94.89583333333267
n1171	1120	1	0	69	94.59999999999935
n1174	1123	1	0	72	94.88020833333267
n1172	1121	1	0	73	94.5927083333327
n1190	1126	1	0	52	95.15416666666601
n1192	1133	1	0	52	95.43124999999932
n1191	1127	1	0	61	95.29062499999934
n1193	1130	1	0	61	95.55624999999934
n1176	1128	1	0	68	95.43124999999932
n1177	1129	1	0	73	95.42708333333266
n1194	1132	1	0	51	95.704166666666
n1196	1136	1	0	51	95.97812499999932
n1195	1134	1	0	60	95.84687499999933
n1197	1138	1	0	60	96.12916666666598
n1180	1137	1	0	66	95.99791666666599
n1178	1131	1	0	69	95.70833333333266
n1181	1139	1	0	75	95.97604166666599
n1179	1135	1	0	78	95.704166666666
n1214	1140	1	0	49	96.24791666666597
n1216	1143	1	0	49	96.5249999999993
n1215	1141	1	0	61	96.38541666666596
n1217	1145	1	0	61	96.6437499999993
n1198	1142	1	0	68	96.52916666666596
n1199	1144	1	0	76	96.5218749999993
n1218	1146	1	0	59	96.80833333333264
n1220	1152	1	0	59	97.08124999999929
n1219	1147	1	0	68	96.93854166666597
n1221	1153	1	0	68	97.22083333333262
n1202	1150	1	0	73	97.09583333333262
n1200	1148	1	0	74	96.80833333333264
n1203	1151	1	0	77	97.09583333333262
n1201	1149	1	0	78	96.80833333333264
n1222	1154	1	0	58	97.37499999999929
n1224	1157	1	0	58	97.6499999999993
n1223	1155	1	0	67	97.49062499999928
n1225	1161	1	0	67	97.78229166666596
n1209	1156	1	0	73	97.6499999999993
n1213	1160	1	0	75	97.76562499999929
n1212	1158	1	0	76	97.64583333333263
n1204	1159	1	0	82	97.6499999999993
n1226	1165	1	0	56	97.91041666666597
n1228	1169	1	0	56	98.19479166666596
n1227	1166	1	0	68	98.02708333333263
n1229	1171	1	0	68	98.30208333333263
n1210	1162	1	0	73	97.92291666666597
n1211	1167	1	0	73	98.19895833333263
n1205	1163	1	0	76	97.92291666666597
n1207	1168	1	0	76	98.19479166666596
n1206	1164	1	0	82	97.91041666666597
n1208	1170	1	0	82	98.19479166666596
n1247	1178	1	0	64	98.88645833333264
n1244	1172	1	0	67	98.4781249999993
n1245	1173	1	0	68	98.59791666666597
n1246	1177	1	0	70	98.74166666666598
n1243	1174	1	0	73	98.48229166666596
n1230	1175	1	0	76	98.47083333333264
n1231	1176	1	0	82	98.4781249999993
n1251	1185	1	0	58	99.44062499999932
n1250	1182	1	0	59	99.30729166666598
n1249	1180	1	0	61	99.17395833333264
n1248	1179	1	0	63	99.0281249999993
n1234	1184	1	0	73	99.4187499999993
n1233	1183	1	0	75	99.28854166666598
n1232	1181	1	0	76	99.15416666666597
n1252	1186	1	0	56	99.55104166666598
n1253	1189	1	0	59	99.85208333333266
n1238	1191	1	0	68	99.96249999999932
n1235	1187	1	0	71	99.56874999999933
n1236	1188	1	0	73	99.697916666666
n1237	1190	1	0	75	99.829166666666
n1254	1192	1	0	61	100.11145833333265
n1255	1195	1	0	63	100.39166666666598
n1242	1197	1	0	67	100.53124999999932
n1241	1196	1	0	68	100.37604166666598
n1240	1194	1	0	70	100.24999999999932
n1239	1193	1	0	71	100.11562499999931
n1273	1201	1	0	52	100.96979166666596
n1272	1198	1	0	64	100.68124999999931
n1256	1199	1	0	68	100.67187499999932
n1258	1202	1	0	68	100.96979166666596
n1257	1200	1	0	71	100.7968749999993
n1259	1203	1	0	71	101.06666666666597
n1278	1207	1	0	48	101.51145833333264
n1279	1208	1	0	51	101.51770833333264
n1274	1206	1	0	57	101.5031249999993
n1260	1204	1	0	66	101.22083333333264
n1262	1209	1	0	66	101.49791666666597
n1261	1205	1	0	75	101.33958333333264
n1263	1210	1	0	75	101.6312499999993
n1280	1215	1	0	49	102.06354166666597
n1281	1217	1	0	51	102.1718749999993
n1275	1214	1	0	56	102.06354166666597
n1264	1211	1	0	65	101.7874999999993
n1266	1213	1	0	65	102.06354166666597
n1265	1212	1	0	73	101.9124999999993
n1267	1216	1	0	73	102.18854166666597
n1282	1220	1	0	53	102.32604166666599
n1283	1223	1	0	53	102.60312499999931
n1276	1218	1	0	56	102.32604166666599
n1277	1222	1	0	56	102.6093749999993
n1268	1219	1	0	61	102.33229166666598
n1270	1224	1	0	61	102.62708333333264
n1269	1221	1	0	71	102.45520833333265
n1271	1225	1	0	71	102.7531249999993
n1308	1230	1	0	42	103.15833333333262
n1307	1228	1	0	52	102.8968749999993
n1300	1227	1	0	54	102.8968749999993
n1284	1226	1	0	66	102.8968749999993
n1286	1231	1	0	66	103.17812499999928
n1285	1229	1	0	70	103.0062499999993
n1287	1232	1	0	70	103.28958333333262
n1309	1236	1	0	46	103.7239583333326
n1310	1237	1	0	49	103.71979166666594
n1302	1235	1	0	55	103.71041666666595
n1288	1233	1	0	64	103.44479166666595
n1290	1238	1	0	64	103.71562499999928
n1289	1234	1	0	73	103.56354166666594
n1291	1239	1	0	73	103.8395833333326
n1311	1243	1	0	47	104.26562499999926
n1312	1246	1	0	49	104.38541666666592
n1304	1244	1	0	54	104.26562499999926
n1292	1240	1	0	63	103.9927083333326
n1294	1242	1	0	63	104.26562499999926
n1293	1241	1	0	71	104.11874999999927
n1295	1245	1	0	71	104.38020833333259
n1313	1247	1	0	51	104.52604166666592
n1314	1252	1	0	51	104.80312499999924
n1305	1248	1	0	54	104.52604166666592
n1306	1251	1	0	54	104.79270833333258
n1296	1249	1	0	59	104.52604166666592
n1298	1253	1	0	59	104.79895833333258
n1297	1250	1	0	70	104.66458333333259
n1299	1254	1	0	70	104.92604166666592
n1337	1259	1	0	40	105.36562499999927
n1336	1255	1	0	51	105.09062499999926
n1331	1257	1	0	52	105.0989583333326
n1315	1256	1	0	64	105.08541666666594
n1317	1260	1	0	64	105.38229166666594
n1316	1258	1	0	68	105.20312499999928
n1318	1261	1	0	68	105.49166666666594
n1338	1266	1	0	44	105.92083333333258
n1339	1264	1	0	47	105.92083333333258
n1332	1265	1	0	54	105.91145833333259
n1319	1262	1	0	63	105.65104166666593
n1321	1267	1	0	63	105.91562499999925
n1320	1263	1	0	71	105.76770833333259
n1322	1268	1	0	71	106.0447916666659
n1340	1273	1	0	46	106.46354166666589
n1341	deletion
n1333	1272	1	0	53	106.46354166666589
n1323	1269	1	0	62	106.19479166666589
n1325	1271	1	0	62	106.47499999999923
n1324	1270	1	0	70	106.32187499999922
n1326	1274	1	0	70	106.5979166666659
n1343	1282	1	0	49	107.0499999999992
n1342	1277	1	0	50	106.74687499999922
n1335	1280	1	0	52	107.0281249999992
n1334	1276	1	0	53	106.74270833333256
n1327	1278	1	0	58	106.74687499999922
n1329	1281	1	0	58	107.04479166666587
n1328	1279	1	0	68	106.89270833333254
n1330	1283	1	0	68	107.18541666666586
n1372	1286	1	0	47	107.73229166666586
n1373	1288	1	0	49	107.92916666666585
n1363	1285	1	0	51	107.3687499999992
n1365	1289	1	0	51	108.11666666666585
n1369	1300	1	0	51	110.54062499999918
n1345	1287	1	0	63	107.54791666666586
n1358	1291	1	0	63	108.31979166666585
n1356	deletion
n1344	1284	1	0	67	107.36458333333253
n1346	1292	1	0	68	107.73437499999919
n1347	1290	1	0	70	107.91458333333252
n1366	1294	1	0	39	108.51354166666584
n1359	1296	1	0	61	108.76145833333253
n1350	1295	1	0	67	108.52187499999918
n1348	deletion
n1351	1297	1	0	70	108.51354166666584
n1349	1293	1	0	71	108.11249999999919
n1367	1298	1	0	44	109.0531249999992
n1368	1299	1	0	47	110.43749999999918
n1361	1302	1	0	59	109.75833333333253
n1354	1303	1	0	63	109.76562499999919
n1355	1301	1	0	68	109.74479166666586
n1370	1304	1	0	56	110.68541666666584
insertion	183	1	0	62	15.377083333333351
insertion	422	1	0	56	36.6260416666666
insertion	428	1	0	56	36.894791666666606
insertion	476	1	0	61	40.70624999999996
insertion	503	1	0	56	42.63437499999997
insertion	506	1	0	56	42.89687499999997
insertion	502	1	0	70	42.60729166666664
insertion	504	1	0	68	42.75312499999997
insertion	511	1	0	56	43.17291666666664
insertion	602	1	0	68	49.61041666666665
insertion	730	1	0	69	61.809375000000024
insertion	909	1	0	71	76.26666666666621
insertion	912	1	0	71	76.53333333333288
insertion	1275	1	0	48	106.60208333333256
