xml_id	midi_id	track	channel	pitch	onset
n11	3	1	0	62	1.5229166666666665
n13	5	1	0	62	1.7072916666666662
n12	4	1	0	63	1.6166666666666665
n10	2	1	0	65	1.4374999999999998
n9	1	1	0	67	1.3479166666666664
n8	0	1	0	68	1.2635416666666663
n1	17	1	0	71	1.0062499999999999
n2	16	1	0	74	1.0125
n3	15	1	0	77	1.0218749999999999
n4	12	1	0	79	1.0177083333333332
n5	13	1	0	83	1.0125
n15	7	1	0	55	1.8812499999999996
n17	9	1	0	55	2.0666666666666664
n16	8	1	0	56	1.967708333333333
n14	6	1	0	59	1.8010416666666662
n19	11	1	0	50	2.2322916666666672
n21	18	1	0	50	2.4239583333333337
n20	14	1	0	51	2.327083333333334
n18	10	1	0	53	2.153125
n31	20	1	0	43	2.598958333333334
n33	22	1	0	43	2.789583333333334
n32	21	1	0	44	2.686458333333334
n30	19	1	0	47	2.5187500000000003
n35	24	1	0	38	2.9645833333333345
n37	26	1	0	38	3.153125000000001
n36	25	1	0	39	3.053125000000001
n34	23	1	0	41	2.883333333333334
n39	28	1	0	31	3.332291666666668
n41	30	1	0	31	3.527083333333335
n38	27	1	0	36	3.2437500000000012
n40	29	1	0	36	3.429166666666668
n43	36	1	0	31	3.748958333333335
n45	40	1	0	31	3.9708333333333354
n42	31	1	0	36	3.637500000000002
n44	37	1	0	36	3.8541666666666687
n28	38	1	0	67	3.953125000000002
n24	33	1	0	68	3.6239583333333347
n25	34	1	0	75	3.6322916666666685
n26	32	1	0	77	3.637500000000002
n29	39	1	0	79	3.953125000000002
n27	35	1	0	80	3.6281250000000016
n51	41	1	0	35	4.088541666666669
n53	43	1	0	67	4.513541666666669
n52	42	1	0	68	4.411458333333335
n46	56	1	0	74	4.093750000000002
n47	55	1	0	77	4.093750000000002
n48	53	1	0	79	4.093750000000002
n49	54	1	0	86	4.093750000000002
n55	45	1	0	62	4.693750000000001
n57	47	1	0	62	4.86875
n56	46	1	0	63	4.769791666666667
n54	44	1	0	65	4.605208333333335
n59	49	1	0	55	5.035416666666666
n61	51	1	0	55	5.220833333333332
n60	50	1	0	56	5.119791666666666
n58	48	1	0	59	4.958333333333333
n63	57	1	0	50	5.387499999999998
n65	59	1	0	50	5.558333333333332
n64	58	1	0	51	5.473958333333332
n62	52	1	0	53	5.308333333333332
n75	61	1	0	43	5.739583333333332
n77	63	1	0	43	5.9187499999999975
n76	62	1	0	44	5.822916666666665
n74	60	1	0	47	5.658333333333331
n79	65	1	0	38	6.094791666666664
n81	67	1	0	38	6.27708333333333
n80	66	1	0	39	6.18020833333333
n78	64	1	0	41	6.011458333333331
n83	69	1	0	31	6.46458333333333
n85	71	1	0	31	6.665624999999996
n87	77	1	0	31	6.8958333333333295
n82	68	1	0	36	6.37083333333333
n84	70	1	0	36	6.566666666666663
n89	81	1	0	31	7.111458333333327
n86	72	1	0	36	6.78020833333333
n88	78	1	0	36	6.995833333333328
n72	79	1	0	67	7.106249999999994
n68	75	1	0	68	6.747916666666663
n69	76	1	0	75	6.757291666666664
n70	73	1	0	77	6.757291666666664
n73	80	1	0	79	7.106249999999994
n71	74	1	0	80	6.757291666666664
n108	82	1	0	35	7.267708333333328
n90	83	1	0	77	7.280208333333328
n91	84	1	0	79	7.271874999999994
n110	89	1	0	79	7.85104166666666
n109	87	1	0	80	7.737499999999994
n92	86	1	0	86	7.280208333333328
n93	85	1	0	89	7.267708333333328
n95	90	1	0	91	7.846874999999994
n94	88	1	0	92	7.732291666666661
n112	93	1	0	74	8.055208333333328
n114	97	1	0	74	8.24270833333333
n113	95	1	0	75	8.143749999999994
n111	92	1	0	77	7.95416666666666
n97	94	1	0	86	8.04791666666666
n99	98	1	0	86	8.237499999999995
n98	96	1	0	87	8.143749999999994
n96	91	1	0	89	7.95416666666666
n116	102	1	0	67	8.418749999999996
n118	105	1	0	67	8.608333333333327
n117	103	1	0	68	8.504166666666661
n115	100	1	0	71	8.341666666666663
n101	101	1	0	79	8.422916666666662
n103	106	1	0	79	8.608333333333327
n102	104	1	0	80	8.519791666666661
n100	99	1	0	83	8.332291666666663
n120	109	1	0	62	8.80416666666666
n122	113	1	0	62	8.974999999999993
n121	111	1	0	63	8.866666666666662
n119	107	1	0	65	8.69479166666666
n105	110	1	0	74	8.793749999999994
n107	114	1	0	74	8.96666666666666
n106	112	1	0	75	8.886458333333328
n104	108	1	0	77	8.70104166666666
n140	117	1	0	55	9.15729166666666
n142	121	1	0	55	9.331249999999995
n141	119	1	0	56	9.236458333333328
n139	116	1	0	59	9.06666666666666
n124	118	1	0	67	9.152083333333326
n126	122	1	0	67	9.331249999999995
n125	120	1	0	68	9.245833333333328
n123	115	1	0	71	9.06041666666666
n144	126	1	0	50	9.513541666666661
n146	129	1	0	50	9.690624999999995
n145	127	1	0	51	9.598958333333329
n143	123	1	0	53	9.424999999999995
n128	125	1	0	62	9.513541666666661
n130	130	1	0	62	9.702083333333329
n129	128	1	0	63	9.612499999999995
n127	124	1	0	65	9.420833333333329
n148	133	1	0	43	9.878124999999995
n150	137	1	0	43	10.059374999999994
n149	135	1	0	44	9.963541666666663
n147	132	1	0	47	9.793749999999996
n132	134	1	0	55	9.887499999999996
n134	138	1	0	55	10.07291666666666
n133	136	1	0	56	9.987499999999995
n131	131	1	0	59	9.784374999999995
n152	142	1	0	38	10.265624999999993
n154	145	1	0	38	10.440624999999994
n153	143	1	0	39	10.336458333333326
n151	140	1	0	41	10.155208333333327
n136	141	1	0	50	10.249999999999993
n138	146	1	0	50	10.42291666666666
n137	144	1	0	51	10.34791666666666
n135	139	1	0	53	10.159374999999994
n172	149	1	0	35	10.623958333333325
n171	deletion
n174	152	1	0	41	10.818749999999994
n173	150	1	0	43	10.724999999999993
n156	148	1	0	47	10.628124999999992
n155	147	1	0	48	10.527083333333326
n158	153	1	0	53	10.818749999999994
n157	151	1	0	55	10.730208333333326
n176	157	1	0	38	11.00104166666666
n178	161	1	0	38	11.210416666666662
n175	155	1	0	39	10.912499999999994
n177	159	1	0	39	11.094791666666662
n160	156	1	0	50	10.99479166666666
n162	160	1	0	50	11.165624999999995
n159	154	1	0	51	10.906249999999995
n161	158	1	0	51	11.098958333333329
n180	164	1	0	35	11.338541666666664
n179	163	1	0	36	11.279166666666663
n182	168	1	0	44	11.551041666666665
n181	166	1	0	46	11.454166666666666
n164	165	1	0	47	11.357291666666665
n163	162	1	0	48	11.262499999999996
n166	169	1	0	56	11.556249999999999
n165	167	1	0	58	11.466666666666665
n184	173	1	0	41	11.748958333333336
n186	177	1	0	41	11.946875000000004
n183	170	1	0	43	11.657291666666667
n185	174	1	0	43	11.843750000000004
n168	172	1	0	53	11.73541666666667
n170	176	1	0	53	11.92604166666667
n167	171	1	0	55	11.65
n169	175	1	0	55	11.830208333333337
n204	180	1	0	38	12.090625000000006
n203	178	1	0	39	12.044791666666672
n188	181	1	0	50	12.110416666666675
n206	184	1	0	50	12.369791666666675
n187	179	1	0	51	12.012500000000005
n205	182	1	0	51	12.237500000000008
n190	185	1	0	62	12.341666666666676
n189	183	1	0	63	12.242708333333342
n208	189	1	0	47	12.544791666666677
n210	192	1	0	47	12.732291666666681
n207	187	1	0	48	12.454166666666676
n209	190	1	0	48	12.633333333333345
n192	188	1	0	59	12.525000000000011
n194	193	1	0	59	12.715625000000014
n191	186	1	0	60	12.438541666666676
n193	191	1	0	60	12.623958333333345
n212	196	1	0	43	12.910416666666682
n214	200	1	0	43	13.093750000000016
n211	194	1	0	44	12.815625000000015
n213	198	1	0	44	13.007291666666683
n196	197	1	0	55	12.910416666666682
n198	201	1	0	55	13.104166666666682
n195	195	1	0	56	12.809375000000015
n197	199	1	0	56	13.007291666666683
n216	204	1	0	39	13.278125000000015
n218	208	1	0	39	13.463541666666684
n215	202	1	0	41	13.195833333333349
n217	206	1	0	41	13.369791666666684
n200	205	1	0	51	13.300000000000017
n202	209	1	0	51	13.49270833333335
n199	203	1	0	53	13.195833333333349
n201	207	1	0	53	13.39895833333335
n223	211	1	0	36	13.620833333333353
n224	deletion
n219	210	1	0	48	13.602083333333352
n225	212	1	0	48	13.823958333333353
n226	213	1	0	50	13.93125000000002
n227	214	1	0	51	14.023958333333352
n228	215	1	0	55	14.110416666666685
n229	216	1	0	60	14.195833333333352
n230	217	1	0	62	14.294791666666686
n234	221	1	0	55	14.666666666666687
n233	220	1	0	60	14.570833333333354
n232	219	1	0	62	14.480208333333353
n231	218	1	0	63	14.37500000000002
n238	225	1	0	43	15.03125000000002
n237	224	1	0	48	14.929166666666687
n236	223	1	0	50	14.830208333333355
n235	222	1	0	51	14.754166666666688
n248	226	1	0	36	15.116666666666688
n249	227	1	0	43	15.24791666666669
n250	228	1	0	48	15.321875000000023
n251	229	1	0	50	15.41979166666669
n255	233	1	0	43	15.787500000000026
n254	232	1	0	48	15.697916666666693
n253	231	1	0	50	15.60833333333336
n252	230	1	0	51	15.519791666666691
n256	234	1	0	36	15.89583333333336
n257	235	1	0	43	16.000000000000025
n258	236	1	0	48	16.114583333333357
n259	239	1	0	50	16.239583333333357
n242	237	1	0	72	16.23541666666669
n243	238	1	0	84	16.23541666666669
n263	247	1	0	43	16.733333333333356
n262	244	1	0	48	16.584375000000023
n261	243	1	0	50	16.471875000000022
n260	242	1	0	51	16.36041666666669
n244	240	1	0	74	16.337500000000023
n246	246	1	0	75	16.71458333333336
n245	241	1	0	86	16.33854166666669
n247	245	1	0	87	16.71979166666669
n280	248	1	0	36	16.864583333333353
n281	249	1	0	43	17.040625000000023
n282	250	1	0	48	17.12604166666669
n283	253	1	0	50	17.229166666666693
n264	252	1	0	75	16.81979166666669
n265	251	1	0	87	16.821875000000023
n284	254	1	0	51	17.317708333333357
n285	255	1	0	55	17.421875000000025
n286	256	1	0	60	17.528125000000024
n287	257	1	0	62	17.628125000000026
n291	264	1	0	55	18.041666666666696
n290	260	1	0	60	17.929166666666696
n289	259	1	0	62	17.83020833333336
n288	258	1	0	63	17.72291666666669
n268	261	1	0	67	17.968750000000032
n272	265	1	0	67	18.071875000000027
n269	262	1	0	72	17.989583333333364
n270	266	1	0	75	18.0041666666667
n271	263	1	0	79	17.96250000000003
n275	269	1	0	79	18.06250000000003
n295	276	1	0	43	18.450000000000024
n294	272	1	0	48	18.353125000000023
n293	271	1	0	50	18.240625000000023
n292	270	1	0	51	18.14166666666669
n276	273	1	0	67	18.387500000000024
n273	267	1	0	72	18.08020833333336
n277	275	1	0	72	18.406250000000025
n274	268	1	0	75	18.112500000000026
n278	deletion
n279	274	1	0	79	18.387500000000024
n311	278	1	0	36	18.54479166666669
n312	279	1	0	43	18.68229166666669
n313	280	1	0	48	18.777083333333355
n314	283	1	0	50	18.869791666666686
n296	282	1	0	68	18.53541666666669
n297	277	1	0	72	18.53541666666669
n298	deletion
n299	281	1	0	80	18.512500000000024
n318	288	1	0	43	19.25312500000002
n317	287	1	0	48	19.156250000000018
n316	286	1	0	50	19.06458333333335
n315	285	1	0	51	18.967708333333352
n319	290	1	0	36	19.384375000000016
n320	292	1	0	43	19.48333333333335
n321	293	1	0	48	19.588541666666682
n322	296	1	0	50	19.706250000000015
n300	289	1	0	67	19.388541666666683
n305	294	1	0	72	19.729166666666682
n303	291	1	0	79	19.384375000000016
n306	295	1	0	84	19.734375000000014
n326	304	1	0	43	20.17812500000002
n325	301	1	0	48	20.047916666666683
n324	300	1	0	50	19.92916666666668
n323	299	1	0	51	19.83229166666668
n307	297	1	0	74	19.83229166666668
n309	302	1	0	75	20.172916666666683
n308	298	1	0	86	19.83229166666668
n310	303	1	0	87	20.17500000000002
n343	305	1	0	36	20.304166666666685
n344	306	1	0	43	20.46250000000002
n345	307	1	0	48	20.55833333333335
n346	310	1	0	50	20.666666666666682
n327	309	1	0	75	20.272916666666685
n328	308	1	0	87	20.27708333333335
n347	311	1	0	51	20.755208333333346
n348	312	1	0	55	20.86041666666668
n349	313	1	0	60	20.95729166666668
n350	314	1	0	62	21.053125000000012
n354	321	1	0	55	21.452083333333345
n353	317	1	0	60	21.341666666666683
n352	316	1	0	62	21.23854166666668
n351	315	1	0	63	21.148958333333344
n331	318	1	0	67	21.42916666666668
n332	320	1	0	72	21.442708333333346
n333	322	1	0	75	21.46354166666668
n334	319	1	0	79	21.434375000000014
n358	334	1	0	43	21.870833333333344
n357	329	1	0	48	21.76875000000001
n356	328	1	0	50	21.654166666666676
n355	327	1	0	51	21.556250000000013
n335	325	1	0	67	21.520833333333346
n339	330	1	0	67	21.85729166666668
n336	323	1	0	72	21.530208333333345
n340	332	1	0	72	21.866666666666678
n337	324	1	0	75	21.561458333333345
n341	333	1	0	75	21.889583333333345
n338	326	1	0	79	21.525000000000013
n342	331	1	0	79	21.85729166666668
n363	335	1	0	36	21.99375000000001
n364	336	1	0	42	22.172916666666673
n365	337	1	0	48	22.25208333333334
n366	338	1	0	50	22.343750000000007
n359	343	1	0	69	21.97500000000001
n360	347	1	0	72	21.97500000000001
n361	348	1	0	75	21.994791666666675
n362	345	1	0	81	21.969791666666676
n370	342	1	0	42	22.712500000000002
n372	346	1	0	42	22.888541666666676
n369	341	1	0	48	22.608333333333338
n368	340	1	0	50	22.513541666666672
n367	339	1	0	51	22.44791666666667
n371	344	1	0	36	22.790625000000002
n373	349	1	0	48	23.00000000000001
n374	350	1	0	50	23.085416666666678
n378	354	1	0	42	23.500000000000007
n377	353	1	0	48	23.392708333333342
n376	352	1	0	50	23.288541666666678
n375	351	1	0	51	23.19062500000001
n397	355	1	0	35	23.66041666666667
n398	359	1	0	47	23.858333333333338
n399	360	1	0	50	23.97916666666667
n400	362	1	0	55	24.10416666666667
n379	357	1	0	74	23.65104166666667
n380	358	1	0	81	23.66041666666667
n381	356	1	0	86	23.65104166666667
n404	364	1	0	47	24.49062500000001
n403	363	1	0	50	24.354166666666675
n402	deletion
n401	361	1	0	62	24.206250000000004
n383	366	1	0	67	24.196875000000006
n384	367	1	0	74	24.202083333333338
n385	365	1	0	79	24.196875000000006
n405	368	1	0	34	24.607291666666672
n406	369	1	0	46	24.760416666666675
n407	373	1	0	49	24.916666666666675
n408	375	1	0	55	24.98333333333334
n410	deletion
n388	370	1	0	67	24.91250000000001
n389	372	1	0	73	24.92812500000001
n390	371	1	0	79	24.91250000000001
n412	382	1	0	46	25.34062500000001
n411	379	1	0	49	25.15937500000001
n409	374	1	0	61	25.05937500000001
n394	380	1	0	67	25.322916666666675
n391	376	1	0	68	25.02187500000001
n392	378	1	0	73	25.026041666666675
n395	383	1	0	73	25.369791666666675
n396	381	1	0	79	25.322916666666675
n393	377	1	0	80	25.017708333333342
n433	386	1	0	33	25.429166666666674
n434	388	1	0	45	25.495833333333337
n435	391	1	0	48	25.653125000000003
n436	393	1	0	53	25.78229166666667
n413	384	1	0	67	25.425000000000008
n414	385	1	0	72	25.425000000000008
n416	389	1	0	72	25.645833333333336
n415	387	1	0	79	25.41562500000001
n417	390	1	0	84	25.64166666666667
n440	396	1	0	45	26.196874999999995
n439	395	1	0	48	26.078124999999996
n438	394	1	0	53	26.00208333333333
n437	392	1	0	60	25.934375
n419	398	1	0	65	25.930208333333333
n420	397	1	0	72	25.95
n421	399	1	0	77	25.916666666666668
n441	400	1	0	32	26.33854166666666
n442	401	1	0	44	26.47708333333333
n443	405	1	0	48	26.662499999999994
n444	410	1	0	53	26.73437499999999
n424	402	1	0	65	26.64895833333333
n425	404	1	0	72	26.670833333333327
n426	403	1	0	77	26.64895833333333
n448	414	1	0	44	27.114583333333325
n447	411	1	0	48	26.91562499999999
n446	deletion
n445	407	1	0	60	26.80208333333332
n430	413	1	0	65	27.09687499999999
n427	406	1	0	67	26.75520833333332
n428	409	1	0	72	26.760416666666654
n431	415	1	0	72	27.12604166666666
n432	412	1	0	77	27.080208333333324
n429	408	1	0	79	26.75520833333332
n457	416	1	0	31	27.221874999999994
n458	417	1	0	43	27.33541666666666
n460	419	1	0	47	27.55729166666666
n459	418	1	0	48	27.452083333333327
n449	428	1	0	64	27.22604166666666
n450	427	1	0	72	27.261458333333326
n451	429	1	0	76	27.203124999999993
n462	421	1	0	48	27.74479166666666
n461	420	1	0	49	27.64270833333333
n464	423	1	0	49	27.933333333333323
n463	422	1	0	50	27.843749999999993
n466	425	1	0	50	28.107291666666658
n465	424	1	0	51	28.03229166666666
n468	430	1	0	51	28.295833333333324
n467	426	1	0	52	28.202083333333324
n470	432	1	0	52	28.495833333333323
n469	431	1	0	53	28.405208333333324
n472	437	1	0	53	28.71770833333332
n471	434	1	0	54	28.59999999999999
n455	433	1	0	63	28.652083333333323
n456	435	1	0	75	28.665624999999988
n480	439	1	0	54	28.911458333333318
n479	438	1	0	55	28.82395833333332
n482	443	1	0	55	29.124999999999986
n481	442	1	0	56	29.024999999999984
n475	441	1	0	63	28.753124999999986
n473	450	1	0	71	28.790624999999984
n476	440	1	0	75	28.757291666666653
n486	447	1	0	53	29.523958333333315
n485	446	1	0	55	29.437499999999982
n484	445	1	0	56	29.339583333333316
n483	444	1	0	58	29.236458333333317
n477	454	1	0	62	29.224999999999984
n478	452	1	0	74	29.208333333333318
n490	453	1	0	47	29.924999999999976
n489	451	1	0	48	29.82083333333331
n488	449	1	0	50	29.717708333333313
n487	448	1	0	51	29.619791666666647
n494	458	1	0	38	30.315624999999972
n493	457	1	0	41	30.21041666666664
n492	456	1	0	43	30.117708333333308
n491	455	1	0	44	30.003124999999976
n496	459	1	0	36	30.391666666666637
n497	460	1	0	43	30.524999999999967
n498	461	1	0	48	30.61249999999997
n499	462	1	0	50	30.7083333333333
n500	463	1	0	51	30.7927083333333
n501	464	1	0	55	30.889583333333302
n502	465	1	0	60	30.973958333333304
n503	466	1	0	62	31.062499999999968
n507	470	1	0	55	31.446874999999967
n506	469	1	0	60	31.353124999999963
n505	468	1	0	62	31.2489583333333
n504	467	1	0	63	31.1614583333333
n511	474	1	0	43	31.830208333333303
n510	473	1	0	48	31.718749999999968
n509	472	1	0	50	31.632291666666635
n508	471	1	0	51	31.540624999999967
n521	475	1	0	36	31.922916666666634
n522	476	1	0	43	32.0208333333333
n523	477	1	0	48	32.13541666666664
n524	478	1	0	50	32.231249999999974
n528	482	1	0	43	32.6302083333333
n527	481	1	0	48	32.5208333333333
n526	480	1	0	50	32.4427083333333
n525	479	1	0	51	32.33437499999997
n529	483	1	0	36	32.733333333333306
n530	484	1	0	43	32.84374999999998
n531	485	1	0	48	32.99479166666666
n532	488	1	0	50	33.10104166666666
n515	486	1	0	72	33.05833333333332
n516	487	1	0	84	33.06249999999999
n536	496	1	0	43	33.65624999999999
n535	493	1	0	48	33.46249999999999
n534	492	1	0	50	33.34270833333333
n533	491	1	0	51	33.232291666666654
n517	489	1	0	74	33.17083333333333
n519	495	1	0	75	33.60833333333333
n518	490	1	0	86	33.16354166666666
n520	494	1	0	87	33.59479166666666
n553	497	1	0	36	33.796874999999986
n554	498	1	0	43	33.970833333333324
n555	499	1	0	48	34.06770833333332
n556	501	1	0	50	34.17916666666665
n537	502	1	0	75	33.738541666666656
n538	500	1	0	87	33.738541666666656
n557	503	1	0	51	34.294791666666654
n558	504	1	0	55	34.398958333333326
n559	505	1	0	60	34.506249999999994
n560	506	1	0	62	34.606249999999996
n562	508	1	0	62	34.8125
n564	513	1	0	55	35.038541666666674
n563	509	1	0	60	34.91875
n561	507	1	0	63	34.7125
n541	511	1	0	67	34.96458333333334
n545	514	1	0	67	35.06770833333334
n542	512	1	0	72	34.97916666666667
n546	515	1	0	72	35.07187500000001
n543	517	1	0	75	35.00416666666668
n544	510	1	0	79	34.959375
n548	516	1	0	79	35.06770833333334
n568	524	1	0	43	35.46041666666669
n567	520	1	0	48	35.35416666666668
n566	519	1	0	50	35.24062500000001
n565	518	1	0	51	35.14583333333334
n549	521	1	0	67	35.396875000000016
n550	523	1	0	72	35.41562500000002
n547	deletion
n551	deletion
n552	522	1	0	79	35.390625000000014
n584	525	1	0	36	35.56458333333337
n585	526	1	0	43	35.685416666666704
n586	527	1	0	48	35.78020833333336
n587	529	1	0	50	35.866666666666696
n569	530	1	0	68	35.55000000000003
n570	534	1	0	72	35.538541666666696
n571	deletion
n572	528	1	0	80	35.52500000000003
n591	535	1	0	43	36.26250000000004
n590	533	1	0	48	36.13958333333337
n589	532	1	0	50	36.04583333333337
n588	531	1	0	51	35.9510416666667
n592	536	1	0	36	36.396875000000044
n593	540	1	0	43	36.53437500000004
n594	541	1	0	48	36.63958333333338
n595	544	1	0	50	36.75208333333338
n573	537	1	0	67	36.43645833333338
n578	543	1	0	72	36.766666666666715
n576	539	1	0	79	36.434375000000045
n579	542	1	0	84	36.766666666666715
n599	552	1	0	43	37.20520833333338
n598	549	1	0	48	37.08125000000005
n597	548	1	0	50	36.985416666666715
n596	547	1	0	51	36.87916666666671
n580	545	1	0	74	36.87916666666671
n582	550	1	0	75	37.22604166666672
n581	546	1	0	86	36.87916666666671
n583	551	1	0	87	37.22604166666672
n616	553	1	0	36	37.342708333333384
n617	554	1	0	43	37.50208333333338
n618	555	1	0	48	37.60937500000005
n619	558	1	0	50	37.70312500000005
n600	557	1	0	75	37.31458333333338
n601	556	1	0	87	37.31875000000005
n620	559	1	0	51	37.795833333333384
n621	560	1	0	55	37.907291666666715
n622	561	1	0	60	38.00520833333338
n623	562	1	0	62	38.09791666666671
n627	570	1	0	55	38.48541666666672
n626	565	1	0	60	38.376041666666715
n625	564	1	0	62	38.28333333333339
n624	563	1	0	63	38.192708333333385
n604	566	1	0	67	38.46979166666672
n605	568	1	0	72	38.48541666666672
n606	569	1	0	75	38.50104166666672
n607	567	1	0	79	38.46979166666672
n631	582	1	0	43	38.906250000000064
n630	577	1	0	48	38.794791666666725
n629	576	1	0	50	38.68750000000006
n628	575	1	0	51	38.587500000000055
n608	572	1	0	67	38.55729166666672
n612	578	1	0	67	38.8895833333334
n609	571	1	0	72	38.55729166666672
n613	579	1	0	72	38.88541666666673
n610	573	1	0	75	38.56250000000006
n614	580	1	0	75	38.910416666666734
n611	574	1	0	79	38.55729166666672
n615	581	1	0	79	38.88541666666673
n636	583	1	0	36	39.03229166666673
n637	584	1	0	41	39.1833333333334
n638	585	1	0	48	39.2958333333334
n639	586	1	0	50	39.379166666666734
n632	593	1	0	69	39.01875000000006
n633	597	1	0	75	39.0364583333334
n634	595	1	0	77	39.0364583333334
n635	594	1	0	81	39.013541666666725
n643	590	1	0	41	39.77916666666674
n645	592	1	0	41	39.969791666666744
n642	589	1	0	48	39.65937500000007
n641	588	1	0	50	39.582291666666734
n640	587	1	0	51	39.479166666666735
n644	591	1	0	36	39.87291666666674
n646	596	1	0	48	40.082291666666755
n647	598	1	0	50	40.19062500000009
n651	602	1	0	41	40.69479166666677
n650	601	1	0	48	40.532291666666765
n649	600	1	0	50	40.401041666666764
n648	599	1	0	51	40.305208333333425
n664	603	1	0	38	40.8500000000001
n665	604	1	0	46	41.11875000000011
n667	606	1	0	46	41.28020833333345
n666	605	1	0	47	41.20416666666678
n652	608	1	0	70	40.91875000000011
n653	609	1	0	77	40.943750000000115
n654	607	1	0	82	40.88333333333344
n669	611	1	0	46	41.542708333333444
n671	613	1	0	46	41.718750000000114
n670	612	1	0	47	41.642708333333445
n668	610	1	0	58	41.43854166666678
n655	614	1	0	70	41.62812500000011
n656	617	1	0	77	41.63229166666678
n657	615	1	0	82	41.61250000000011
n672	616	1	0	39	41.81562500000011
n673	618	1	0	46	41.95312500000011
n675	620	1	0	46	42.145833333333435
n674	619	1	0	47	42.065625000000104
n658	621	1	0	70	42.09479166666677
n659	622	1	0	79	42.1062500000001
n660	624	1	0	82	42.0906250000001
n677	625	1	0	46	42.38333333333345
n679	627	1	0	46	42.55937500000011
n678	626	1	0	47	42.48541666666678
n676	623	1	0	58	42.264583333333434
n661	628	1	0	71	42.502083333333445
n662	629	1	0	79	42.517708333333445
n663	630	1	0	83	42.506250000000115
n699	631	1	0	40	42.673958333333445
n700	632	1	0	46	42.78229166666678
n702	634	1	0	46	42.96562500000012
n701	633	1	0	48	42.89166666666678
n683	636	1	0	72	42.90833333333345
n684	638	1	0	79	42.91979166666678
n685	637	1	0	82	42.92916666666678
n686	635	1	0	84	42.90416666666678
n704	640	1	0	46	43.197916666666785
n706	642	1	0	46	43.389583333333455
n705	641	1	0	48	43.28437500000012
n703	639	1	0	58	43.072916666666785
n687	644	1	0	73	43.301041666666784
n688	643	1	0	82	43.305208333333454
n689	645	1	0	85	43.30625000000012
n707	646	1	0	41	43.487500000000125
n708	647	1	0	46	43.61770833333346
n710	652	1	0	46	43.87395833333346
n709	648	1	0	58	43.745833333333465
n690	649	1	0	74	43.741666666666795
n691	651	1	0	82	43.76458333333346
n692	650	1	0	86	43.741666666666795
n711	653	1	0	42	43.99062500000013
n712	656	1	0	46	44.07500000000013
n714	659	1	0	46	44.19062500000013
n713	658	1	0	58	44.1854166666668
n693	654	1	0	75	43.985416666666794
n696	660	1	0	76	44.17604166666679
n694	657	1	0	82	43.9947916666668
n697	662	1	0	82	44.18125000000013
n695	655	1	0	87	43.981250000000124
n698	661	1	0	88	44.18125000000013
n728	664	1	0	41	44.4135416666668
n729	665	1	0	46	44.53333333333347
n730	666	1	0	50	44.61562500000014
n731	670	1	0	53	44.722916666666805
n715	668	1	0	77	44.41145833333347
n716	671	1	0	82	44.4135416666668
n717	669	1	0	86	44.4135416666668
n718	667	1	0	89	44.4135416666668
n732	672	1	0	58	44.841666666666804
n733	673	1	0	62	44.937500000000135
n735	675	1	0	65	45.2291666666668
n734	674	1	0	67	45.02083333333347
n739	683	1	0	55	45.63750000000013
n738	682	1	0	58	45.5697916666668
n737	681	1	0	62	45.45625000000013
n736	676	1	0	65	45.3510416666668
n719	677	1	0	74	45.3510416666668
n720	679	1	0	77	45.3604166666668
n721	680	1	0	82	45.3697916666668
n722	678	1	0	86	45.34687500000013
n743	690	1	0	41	46.08229166666681
n742	689	1	0	48	46.01145833333348
n741	686	1	0	51	45.904166666666804
n740	684	1	0	53	45.78750000000013
n725	687	1	0	75	45.7791666666668
n726	deletion
n727	688	1	0	81	45.78750000000013
n724	691	1	0	84	46.108333333333476
n723	685	1	0	86	45.7791666666668
n750	692	1	0	34	46.23854166666681
n753	695	1	0	47	46.641666666666815
n752	694	1	0	48	46.54166666666681
n751	693	1	0	49	46.44270833333348
n744	706	1	0	74	46.21250000000014
n745	705	1	0	77	46.21875000000014
n746	704	1	0	82	46.20833333333347
n754	696	1	0	46	46.74791666666681
n757	699	1	0	46	47.04479166666681
n756	698	1	0	47	46.94375000000014
n755	697	1	0	48	46.846875000000146
n758	700	1	0	45	47.141666666666815
n761	703	1	0	45	47.43125000000015
n760	702	1	0	46	47.33854166666682
n759	701	1	0	47	47.24062500000015
n762	707	1	0	44	47.51458333333348
n765	710	1	0	44	47.81458333333349
n764	709	1	0	45	47.71770833333349
n763	708	1	0	46	47.62187500000015
n776	711	1	0	32	48.011458333333486
n777	712	1	0	43	48.312500000000156
n778	713	1	0	44	48.406250000000156
n766	718	1	0	71	47.993750000000155
n767	721	1	0	75	48.00625000000015
n768	719	1	0	80	48.00625000000015
n769	717	1	0	83	47.99479166666682
n781	716	1	0	46	48.721875000000175
n779	714	1	0	47	48.51770833333349
n782	720	1	0	47	48.80729166666685
n780	715	1	0	51	48.60729166666683
n785	724	1	0	50	49.13333333333352
n783	722	1	0	51	48.92187500000018
n786	725	1	0	51	49.234375000000185
n784	723	1	0	56	49.03229166666685
n789	733	1	0	55	49.6156250000002
n787	727	1	0	56	49.39479166666686
n790	735	1	0	56	49.68020833333353
n788	731	1	0	59	49.489583333333535
n770	726	1	0	63	49.34895833333352
n774	734	1	0	65	49.6312500000002
n771	729	1	0	68	49.36458333333352
n772	728	1	0	71	49.359375000000185
n773	730	1	0	75	49.34270833333352
n775	732	1	0	77	49.6250000000002
n799	736	1	0	39	49.80729166666688
n801	738	1	0	53	50.118750000000205
n802	739	1	0	54	50.214583333333536
n800	737	1	0	63	50.01458333333354
n791	747	1	0	66	49.769791666666876
n792	748	1	0	70	49.81770833333354
n793	746	1	0	75	49.801041666666876
n794	749	1	0	78	49.765625000000206
n805	742	1	0	50	50.53854166666689
n806	743	1	0	51	50.635416666666885
n803	740	1	0	58	50.33541666666687
n804	741	1	0	63	50.43333333333354
n809	750	1	0	45	50.93229166666689
n810	751	1	0	46	51.01770833333356
n807	744	1	0	54	50.744791666666885
n808	745	1	0	58	50.84375000000021
n813	756	1	0	41	51.36041666666689
n814	759	1	0	42	51.46770833333356
n811	754	1	0	51	51.13333333333356
n812	755	1	0	54	51.24270833333356
n795	752	1	0	66	51.10416666666689
n797	757	1	0	68	51.43645833333356
n796	753	1	0	78	51.10937500000023
n798	758	1	0	80	51.43854166666689
n825	760	1	0	30	51.57187500000023
n826	761	1	0	41	51.90104166666691
n827	762	1	0	42	51.922916666666914
n815	767	1	0	69	51.5666666666669
n816	769	1	0	73	51.57187500000023
n817	768	1	0	78	51.578125000000234
n818	765	1	0	81	51.56145833333356
n830	766	1	0	44	52.242708333333596
n828	763	1	0	45	52.032291666666914
n831	770	1	0	45	52.3333333333336
n829	764	1	0	49	52.11770833333359
n834	773	1	0	48	52.625000000000284
n832	771	1	0	49	52.425000000000274
n835	774	1	0	49	52.71562500000028
n833	772	1	0	54	52.53229166666694
n838	781	1	0	53	53.101041666666966
n836	775	1	0	54	52.87604166666696
n839	784	1	0	54	53.1625000000003
n837	780	1	0	57	52.96666666666696
n819	776	1	0	61	52.830208333333616
n823	783	1	0	63	53.1625000000003
n820	778	1	0	66	52.847916666666954
n821	777	1	0	69	52.843750000000284
n822	779	1	0	73	52.810416666666946
n824	782	1	0	75	53.15520833333363
n848	785	1	0	37	53.30208333333364
n850	787	1	0	51	53.61041666666698
n851	788	1	0	52	53.70104166666698
n849	786	1	0	61	53.52083333333364
n840	794	1	0	64	53.28750000000031
n841	796	1	0	68	53.28750000000031
n842	792	1	0	73	53.28333333333364
n843	795	1	0	76	53.26041666666697
n854	791	1	0	48	54.026041666667
n855	793	1	0	49	54.10000000000033
n852	789	1	0	56	53.80833333333366
n853	790	1	0	61	53.917708333333664
n858	799	1	0	43	54.40937500000034
n859	800	1	0	44	54.52083333333368
n856	797	1	0	52	54.19479166666701
n857	798	1	0	56	54.305208333333674
n862	805	1	0	39	54.895833333333684
n863	808	1	0	40	55.02916666666702
n860	802	1	0	49	54.630208333333684
n861	804	1	0	52	54.74479166666702
n844	801	1	0	64	54.626041666667014
n846	806	1	0	66	54.95625000000035
n845	803	1	0	76	54.621875000000344
n847	807	1	0	78	54.95625000000035
n874	809	1	0	36	55.105208333333685
n876	811	1	0	55	55.45937500000035
n877	812	1	0	56	55.54479166666702
n875	810	1	0	63	55.366666666667015
n864	820	1	0	68	55.11979166666702
n865	821	1	0	75	55.16041666666702
n866	818	1	0	78	55.11562500000035
n867	822	1	0	80	55.09062500000035
n881	816	1	0	52	55.921875000000355
n880	815	1	0	54	55.817708333333684
n879	814	1	0	56	55.72500000000035
n878	813	1	0	57	55.63854166666702
n885	824	1	0	45	56.3020833333337
n884	823	1	0	48	56.205208333333694
n883	819	1	0	49	56.107291666667024
n882	817	1	0	51	56.00416666666702
n888	831	1	0	39	56.62395833333371
n886	825	1	0	43	56.415625000000375
n887	827	1	0	44	56.51250000000038
n889	834	1	0	44	56.71354166666705
n868	826	1	0	68	56.391666666667035
n872	832	1	0	70	56.70208333333371
n869	830	1	0	75	56.40416666666704
n870	828	1	0	78	56.40833333333371
n871	829	1	0	80	56.391666666667035
n873	833	1	0	82	56.70833333333371
n904	835	1	0	38	56.808333333333714
n906	841	1	0	57	57.104166666667055
n907	842	1	0	58	57.20312500000039
n905	840	1	0	65	57.01354166666705
n890	837	1	0	71	56.82083333333372
n891	839	1	0	77	56.82500000000039
n892	838	1	0	80	56.82500000000039
n893	836	1	0	83	56.808333333333714
n911	846	1	0	54	57.60416666666705
n910	845	1	0	56	57.50729166666705
n909	844	1	0	58	57.41770833333372
n908	843	1	0	59	57.31354166666706
n894	850	1	0	70	57.291666666667055
n895	851	1	0	77	57.31354166666706
n896	847	1	0	80	57.31354166666706
n897	848	1	0	82	57.295833333333725
n915	854	1	0	47	58.01354166666706
n914	853	1	0	50	57.905208333333725
n913	852	1	0	51	57.81875000000039
n912	849	1	0	53	57.707291666667054
n918	861	1	0	41	58.3406250000004
n916	855	1	0	45	58.11875000000039
n917	857	1	0	46	58.2187500000004
n919	864	1	0	46	58.43020833333373
n898	856	1	0	70	58.123958333333725
n902	863	1	0	72	58.43958333333373
n899	858	1	0	77	58.1406250000004
n900	860	1	0	80	58.13541666666706
n901	859	1	0	82	58.13125000000039
n903	862	1	0	84	58.4437500000004
n928	865	1	0	40	58.52916666666707
n930	871	1	0	59	58.84791666666707
n931	872	1	0	60	58.91666666666707
n929	870	1	0	67	58.7250000000004
n920	867	1	0	73	58.538541666667065
n921	869	1	0	79	58.56145833333373
n922	868	1	0	82	58.554166666667065
n923	866	1	0	85	58.54479166666707
n935	876	1	0	56	59.34583333333375
n934	875	1	0	58	59.24166666666708
n933	874	1	0	60	59.129166666667075
n932	873	1	0	61	59.02291666666707
n924	891	1	0	72	59.0343750000004
n925	890	1	0	82	59.04375000000041
n926	889	1	0	84	59.03958333333374
n938	879	1	0	52	59.63437500000042
n937	878	1	0	53	59.543750000000415
n936	877	1	0	55	59.44791666666708
n939	880	1	0	55	59.74583333333375
n943	884	1	0	48	60.121875000000436
n942	883	1	0	49	60.0104166666671
n941	882	1	0	52	59.931250000000425
n940	881	1	0	53	59.83125000000042
n945	885	1	0	47	60.22083333333377
n946	886	1	0	48	60.32083333333377
n948	892	1	0	48	60.52812500000044
n947	887	1	0	49	60.420833333333775
n952	896	1	0	41	60.92708333333376
n951	895	1	0	43	60.818750000000435
n950	894	1	0	44	60.7166666666671
n949	893	1	0	46	60.619791666667105
n956	900	1	0	35	61.33958333333377
n955	899	1	0	36	61.2291666666671
n954	898	1	0	37	61.10625000000043
n953	897	1	0	40	61.01666666666709
n960	904	1	0	31	61.92708333333377
n959	903	1	0	32	61.74895833333377
n958	902	1	0	34	61.58958333333377
n957	901	1	0	36	61.45104166666711
n971	905	1	0	29	62.19895833333377
n972	906	1	0	36	62.49270833333377
n973	908	1	0	41	62.623958333333775
n974	912	1	0	43	62.74687500000044
n961	909	1	0	80	62.1854166666671
n962	911	1	0	84	62.19895833333377
n963	910	1	0	89	62.19895833333377
n964	907	1	0	92	62.18958333333377
n975	913	1	0	44	62.84375000000045
n976	914	1	0	48	62.95312500000045
n977	915	1	0	53	63.05104166666711
n978	917	1	0	55	63.16770833333378
n979	920	1	0	56	63.26250000000044
n980	921	1	0	60	63.38541666666711
n981	922	1	0	65	63.49062500000045
n982	923	1	0	67	63.60000000000045
n965	918	1	0	77	63.21145833333378
n966	919	1	0	84	63.21354166666711
n967	916	1	0	89	63.21562500000044
n986	930	1	0	60	64.00937500000046
n985	929	1	0	65	63.90833333333379
n984	928	1	0	67	63.80937500000046
n983	927	1	0	68	63.70833333333379
n968	925	1	0	72	63.64583333333378
n969	926	1	0	77	63.65520833333379
n970	924	1	0	84	63.65000000000045
n997	934	1	0	56	64.53437500000044
n994	931	1	0	61	64.12916666666712
n996	933	1	0	61	64.43333333333378
n995	932	1	0	65	64.33020833333379
n987	936	1	0	70	64.12604166666712
n988	945	1	0	77	64.13750000000046
n989	935	1	0	82	64.12916666666712
n1001	940	1	0	41	64.95625000000044
n1000	939	1	0	44	64.83645833333377
n999	938	1	0	49	64.7541666666671
n998	937	1	0	53	64.64583333333377
n1003	942	1	0	32	65.16145833333375
n1002	941	1	0	37	65.06354166666709
n1004	944	1	0	37	65.26145833333375
n1005	947	1	0	41	65.35520833333375
n990	943	1	0	68	65.0541666666671
n992	946	1	0	80	65.0541666666671
n1007	949	1	0	32	65.56458333333374
n1006	948	1	0	37	65.47291666666707
n1008	950	1	0	37	65.6812500000004
n1009	951	1	0	41	65.77916666666708
n1020	952	1	0	29	65.91666666666708
n1021	953	1	0	36	66.15520833333372
n1022	954	1	0	41	66.27604166666704
n1023	959	1	0	43	66.39583333333371
n1010	955	1	0	80	65.90312500000041
n1011	958	1	0	84	65.91666666666708
n1012	956	1	0	89	65.92083333333375
n1013	957	1	0	92	65.90729166666708
n1024	960	1	0	44	66.47812500000038
n1025	961	1	0	48	66.58437500000036
n1026	962	1	0	53	66.68750000000037
n1027	963	1	0	55	66.81562500000038
n1028	967	1	0	56	66.89479166666705
n1029	968	1	0	60	67.00833333333371
n1030	969	1	0	65	67.1083333333337
n1031	970	1	0	67	67.2177083333337
n1014	965	1	0	77	66.83333333333371
n1015	966	1	0	84	66.83333333333371
n1016	964	1	0	89	66.83333333333371
n1035	977	1	0	60	67.61354166666705
n1034	976	1	0	65	67.51250000000037
n1033	975	1	0	67	67.4177083333337
n1032	974	1	0	68	67.30312500000036
n1017	972	1	0	72	67.28437500000037
n1018	973	1	0	77	67.2895833333337
n1019	971	1	0	84	67.2895833333337
n1047	981	1	0	60	68.15937500000035
n1044	978	1	0	62	67.75104166666704
n1046	980	1	0	62	68.06250000000036
n1045	979	1	0	65	67.96979166666702
n1036	985	1	0	72	67.74687500000037
n1037	986	1	0	77	67.75104166666704
n1038	983	1	0	84	67.74687500000037
n1051	988	1	0	48	68.54687500000034
n1050	987	1	0	50	68.45937500000035
n1049	984	1	0	53	68.36562500000034
n1048	982	1	0	56	68.24062500000035
n1055	992	1	0	36	68.93125000000035
n1054	991	1	0	38	68.85104166666702
n1053	990	1	0	41	68.75000000000036
n1052	989	1	0	44	68.62812500000035
n1056	993	1	0	32	69.044791666667
n1057	997	1	0	36	69.17604166666699
n1058	1002	1	0	38	69.30833333333366
n1059	999	1	0	44	69.44062500000034
n1039	994	1	0	71	69.022916666667
n1042	1000	1	0	72	69.44583333333367
n1040	996	1	0	77	69.03125000000033
n1041	995	1	0	83	69.02812500000033
n1043	1001	1	0	84	69.457291666667
n1065	1004	1	0	31	69.61666666666696
n1066	1005	1	0	43	69.60833333333363
n1068	1007	1	0	67	70.15833333333362
n1067	1006	1	0	68	70.05312500000029
n1060	1021	1	0	74	69.59687500000031
n1061	1019	1	0	77	69.60104166666697
n1062	1018	1	0	83	69.6125000000003
n1063	1016	1	0	86	69.60104166666697
n1070	1009	1	0	62	70.35520833333361
n1072	1011	1	0	62	70.55000000000027
n1071	1010	1	0	63	70.44687500000028
n1069	1008	1	0	65	70.2645833333336
n1074	1013	1	0	55	70.73541666666694
n1076	1015	1	0	55	70.92187500000027
n1075	1014	1	0	56	70.8145833333336
n1073	1012	1	0	59	70.64062500000027
n1078	1020	1	0	50	71.10416666666694
n1080	1023	1	0	50	71.28645833333361
n1079	1022	1	0	51	71.17812500000026
n1077	1017	1	0	53	71.01354166666694
n1090	1025	1	0	43	71.47604166666693
n1092	1027	1	0	43	71.66250000000025
n1091	1026	1	0	44	71.55625000000026
n1089	1024	1	0	47	71.38229166666694
n1094	1029	1	0	38	71.83958333333358
n1096	1031	1	0	38	72.02812500000024
n1095	1030	1	0	39	71.9197916666669
n1093	1028	1	0	41	71.73645833333359
n1098	1033	1	0	31	72.20833333333357
n1100	1035	1	0	31	72.41666666666688
n1097	1032	1	0	36	72.12708333333357
n1099	1034	1	0	36	72.3166666666669
n1102	1041	1	0	31	72.65625000000018
n1104	1045	1	0	31	72.87812500000018
n1101	1036	1	0	36	72.52812500000022
n1103	1042	1	0	36	72.75937500000018
n1087	1043	1	0	67	72.86770833333351
n1083	1039	1	0	68	72.52395833333355
n1084	1040	1	0	75	72.53333333333354
n1085	1037	1	0	77	72.53750000000021
n1088	1044	1	0	79	72.86875000000018
n1086	1038	1	0	80	72.52604166666688
n1110	1046	1	0	35	73.00937500000018
n1112	1049	1	0	67	73.50000000000018
n1111	1048	1	0	68	73.38854166666685
n1105	1064	1	0	77	73.00937500000018
n1106	1063	1	0	79	73.01979166666685
n1107	1060	1	0	86	73.02395833333351
n1108	1061	1	0	89	73.02395833333351
n1114	1051	1	0	62	73.69479166666684
n1116	1053	1	0	62	73.87708333333349
n1115	1052	1	0	63	73.7708333333335
n1113	1050	1	0	65	73.59687500000018
n1118	1055	1	0	55	74.05937500000013
n1120	1057	1	0	55	74.25000000000011
n1119	1056	1	0	56	74.14270833333346
n1117	1054	1	0	59	73.97708333333348
n1122	1059	1	0	50	74.43020833333345
n1124	1065	1	0	50	74.61875000000013
n1123	1062	1	0	51	74.50833333333347
n1121	1058	1	0	53	74.33020833333345
n1134	1067	1	0	43	74.8041666666668
n1136	1069	1	0	43	74.98958333333347
n1135	1068	1	0	44	74.88750000000013
n1133	1066	1	0	47	74.7104166666668
n1138	1071	1	0	38	75.17604166666679
n1140	1073	1	0	38	75.3687500000001
n1139	1072	1	0	39	75.26145833333345
n1137	1070	1	0	41	75.0885416666668
n1142	1075	1	0	31	75.54791666666678
n1144	1077	1	0	31	75.75625000000011
n1141	1074	1	0	36	75.47083333333345
n1143	1076	1	0	36	75.66250000000011
n1146	1083	1	0	31	76.02395833333341
n1148	1087	1	0	31	76.26562500000007
n1145	1078	1	0	36	75.87916666666675
n1147	1084	1	0	36	76.12604166666675
n1131	1085	1	0	67	76.25833333333341
n1127	1081	1	0	68	75.86354166666676
n1128	1082	1	0	75	75.87500000000009
n1129	1080	1	0	77	75.87916666666675
n1132	1086	1	0	79	76.26354166666674
n1130	1079	1	0	80	75.87083333333342
n1167	deletion
n1149	1090	1	0	77	76.52187500000007
n1150	1091	1	0	79	76.52187500000007
n1169	1098	1	0	79	77.19791666666673
n1168	1095	1	0	80	77.02916666666673
n1151	1093	1	0	86	76.52604166666673
n1152	1094	1	0	91	76.52187500000007
n1154	1099	1	0	91	77.17916666666673
n1153	1096	1	0	92	77.0270833333334
n1171	1102	1	0	74	77.44687500000006
n1173	1106	1	0	74	77.65104166666671
n1172	1104	1	0	75	77.55000000000005
n1170	1101	1	0	77	77.32291666666673
n1156	1103	1	0	86	77.43541666666673
n1158	1107	1	0	86	77.65104166666671
n1157	1105	1	0	87	77.54583333333339
n1155	1100	1	0	89	77.31041666666673
n1175	1110	1	0	67	77.86458333333336
n1177	1114	1	0	67	78.05416666666669
n1176	1112	1	0	68	77.94375000000004
n1174	1109	1	0	71	77.76145833333338
n1160	1111	1	0	79	77.85625000000003
n1162	1115	1	0	79	78.04062500000002
n1161	1113	1	0	80	77.9510416666667
n1159	1108	1	0	83	77.75416666666672
n1179	1118	1	0	62	78.253125
n1181	1122	1	0	62	78.44062499999998
n1180	1120	1	0	63	78.31979166666666
n1178	1116	1	0	65	78.15000000000002
n1164	1119	1	0	74	78.23125
n1166	1123	1	0	74	78.42395833333332
n1165	1121	1	0	75	78.33333333333331
n1163	1117	1	0	77	78.13854166666668
n1199	1126	1	0	55	78.62499999999997
n1201	1130	1	0	55	78.81666666666663
n1200	1128	1	0	56	78.69999999999997
n1198	1125	1	0	59	78.52604166666664
n1183	1127	1	0	67	78.6114583333333
n1185	1131	1	0	67	78.7927083333333
n1184	1129	1	0	68	78.70937499999997
n1182	1124	1	0	71	78.51249999999997
n1203	1135	1	0	50	78.99999999999996
n1205	1138	1	0	50	79.18124999999992
n1204	1136	1	0	51	79.07395833333328
n1202	1132	1	0	53	78.90416666666664
n1187	1134	1	0	62	78.98333333333329
n1189	1139	1	0	62	79.17395833333326
n1188	1137	1	0	63	79.0854166666666
n1186	1133	1	0	65	78.88854166666664
n1207	1142	1	0	43	79.35937499999993
n1209	1146	1	0	43	79.55729166666659
n1208	1144	1	0	44	79.44374999999991
n1206	1140	1	0	47	79.27604166666659
n1191	1143	1	0	55	79.36666666666659
n1193	1147	1	0	55	79.56145833333325
n1192	1145	1	0	56	79.46874999999991
n1190	1141	1	0	59	79.26458333333325
n1211	1151	1	0	38	79.76041666666654
n1213	1154	1	0	38	79.94166666666655
n1212	1152	1	0	39	79.82812499999989
n1210	1149	1	0	41	79.65208333333324
n1195	1150	1	0	50	79.74895833333322
n1197	1155	1	0	50	79.92916666666655
n1196	1153	1	0	51	79.84895833333321
n1194	1148	1	0	53	79.64791666666657
n1231	1159	1	0	35	80.13645833333322
n1230	1157	1	0	36	80.09791666666656
n1233	1162	1	0	41	80.34062499999987
n1232	1160	1	0	43	80.25208333333322
n1215	1158	1	0	47	80.13645833333322
n1214	1156	1	0	48	80.03333333333322
n1217	1163	1	0	53	80.33541666666655
n1216	1161	1	0	55	80.24270833333321
n1235	1167	1	0	38	80.52916666666653
n1237	1171	1	0	38	80.74687499999985
n1234	1165	1	0	39	80.42604166666653
n1236	1169	1	0	39	80.61874999999985
n1219	1166	1	0	50	80.51770833333319
n1221	1170	1	0	50	80.70104166666651
n1218	1164	1	0	51	80.42187499999987
n1220	1168	1	0	51	80.62395833333318
n1239	1174	1	0	35	80.89270833333318
n1238	1173	1	0	36	80.81041666666651
n1241	1178	1	0	44	81.10833333333316
n1240	1176	1	0	46	81.00729166666649
n1223	1175	1	0	47	80.89270833333318
n1222	1172	1	0	48	80.79895833333318
n1225	1179	1	0	56	81.10833333333316
n1224	1177	1	0	58	81.00729166666649
n1243	1184	1	0	41	81.32708333333316
n1245	1188	1	0	41	81.52604166666649
n1242	1180	1	0	43	81.2510416666665
n1244	1185	1	0	43	81.41145833333316
n1227	1183	1	0	53	81.29687499999982
n1229	1187	1	0	53	81.49374999999982
n1226	1182	1	0	55	81.20624999999983
n1228	1186	1	0	55	81.39374999999983
n1263	1191	1	0	38	81.69583333333314
n1262	1190	1	0	39	81.62812499999981
n1247	1192	1	0	50	81.67916666666648
n1265	1195	1	0	50	82.03645833333314
n1246	1189	1	0	51	81.58958333333315
n1264	1193	1	0	51	81.8687499999998
n1249	1196	1	0	62	82.01145833333314
n1248	1194	1	0	63	81.86354166666648
n1267	1200	1	0	47	82.2562499999998
n1269	1203	1	0	47	82.47187499999977
n1266	1198	1	0	48	82.16249999999981
n1268	1201	1	0	48	82.36458333333312
n1251	1199	1	0	59	82.25104166666647
n1253	1204	1	0	59	82.45104166666644
n1250	1197	1	0	60	82.13958333333315
n1252	1202	1	0	60	82.35937499999979
n1271	1207	1	0	43	82.65833333333306
n1273	1212	1	0	43	82.86041666666635
n1270	1205	1	0	44	82.5427083333331
n1272	1209	1	0	44	82.75833333333304
n1255	1208	1	0	55	82.64687499999974
n1257	1211	1	0	55	82.84270833333302
n1254	1206	1	0	56	82.54791666666642
n1256	1210	1	0	56	82.74374999999972
n1275	1215	1	0	39	83.05729166666634
n1277	1220	1	0	39	83.28749999999965
n1274	1213	1	0	41	82.9624999999997
n1276	1217	1	0	41	83.16354166666633
n1259	1216	1	0	51	83.04687499999967
n1261	1219	1	0	51	83.26041666666633
n1258	1214	1	0	53	82.93854166666635
n1260	1218	1	0	53	83.15520833333301
n1282	1222	1	0	36	83.38020833333299
n1283	1223	1	0	43	83.52083333333297
n1278	1221	1	0	48	83.37812499999966
n1284	1224	1	0	48	83.62187499999963
n1285	1225	1	0	50	83.72499999999964
n1286	1226	1	0	51	83.81354166666631
n1287	1227	1	0	55	83.91145833333297
n1288	1228	1	0	60	83.99895833333296
n1289	1229	1	0	62	84.10520833333297
n1293	1233	1	0	55	84.50208333333295
n1292	1232	1	0	60	84.39895833333296
n1291	1231	1	0	62	84.29687499999963
n1290	1230	1	0	63	84.1822916666663
n1297	1237	1	0	43	84.86458333333294
n1296	1236	1	0	48	84.76041666666629
n1295	1235	1	0	50	84.67291666666628
n1294	1234	1	0	51	84.58541666666628
n1309	1238	1	0	36	84.96249999999961
n1310	1239	1	0	43	85.06770833333294
n1311	1240	1	0	48	85.1687499999996
n1312	1241	1	0	50	85.2781249999996
n1316	1245	1	0	43	85.66874999999959
n1318	1247	1	0	43	85.87916666666625
n1315	1244	1	0	48	85.55520833333293
n1314	1243	1	0	50	85.4531249999996
n1313	1242	1	0	51	85.3718749999996
n1317	1246	1	0	36	85.76249999999959
n1319	1250	1	0	48	86.00937499999958
n1320	1253	1	0	50	86.1552083333329
n1301	1248	1	0	72	86.03020833333291
n1302	1249	1	0	84	86.03020833333291
n1324	1261	1	0	43	86.65520833333291
n1323	1258	1	0	48	86.48854166666624
n1322	1257	1	0	50	86.3677083333329
n1321	1256	1	0	51	86.28333333333289
n1303	1251	1	0	73	86.17187499999956
n1305	1254	1	0	74	86.31041666666623
n1307	1259	1	0	75	86.6739583333329
n1304	1252	1	0	85	86.17604166666622
n1306	1255	1	0	86	86.31041666666623
n1308	1260	1	0	87	86.67812499999957
n1341	1262	1	0	36	86.79374999999958
n1342	1263	1	0	43	86.97812499999955
n1343	1264	1	0	48	87.06666666666622
n1344	1267	1	0	50	87.16874999999956
n1325	1266	1	0	75	86.76874999999957
n1326	1265	1	0	87	86.76874999999957
n1345	1268	1	0	51	87.26666666666623
n1346	1269	1	0	55	87.37291666666623
n1347	1270	1	0	60	87.4864583333329
n1348	1271	1	0	62	87.58541666666623
n1352	1278	1	0	55	88.00416666666622
n1351	1274	1	0	60	87.86979166666623
n1350	1273	1	0	62	87.77499999999957
n1349	1272	1	0	63	87.6833333333329
n1329	1275	1	0	67	87.95937499999957
n1330	1277	1	0	72	87.97291666666624
n1331	1279	1	0	75	87.99374999999957
n1332	1276	1	0	79	87.95937499999957
n1356	1291	1	0	43	88.43437499999956
n1355	1286	1	0	48	88.31041666666623
n1354	1285	1	0	50	88.19374999999955
n1353	1284	1	0	51	88.09895833333289
n1333	1283	1	0	67	88.0458333333329
n1337	1288	1	0	67	88.40104166666623
n1334	1280	1	0	72	88.06770833333289
n1338	1289	1	0	72	88.41874999999956
n1335	1281	1	0	75	88.09374999999956
n1339	1290	1	0	75	88.4458333333329
n1336	1282	1	0	79	88.05208333333289
n1340	1287	1	0	79	88.39479166666624
n1379	1292	1	0	36	88.53854166666623
n1380	1293	1	0	43	88.68229166666622
n1381	1294	1	0	48	88.7885416666662
n1382	1297	1	0	50	88.87604166666621
n1357	1296	1	0	68	88.54895833333289
n1358	1298	1	0	72	88.5427083333329
n1359	1301	1	0	75	88.60312499999957
n1360	1295	1	0	80	88.53124999999957
n1386	1303	1	0	43	89.32812499999955
n1385	1302	1	0	48	89.17708333333287
n1384	1300	1	0	50	89.0729166666662
n1383	1299	1	0	51	88.98333333333288
n1387	1306	1	0	36	89.43958333333288
n1388	1307	1	0	43	89.57708333333285
n1389	1310	1	0	48	89.67083333333285
n1390	1313	1	0	50	89.79999999999951
n1361	1304	1	0	67	89.43958333333288
n1365	1308	1	0	71	89.65729166666618
n1367	1312	1	0	72	89.78124999999952
n1364	1305	1	0	79	89.42604166666621
n1366	1309	1	0	83	89.65416666666619
n1368	1311	1	0	84	89.78645833333285
n1394	1324	1	0	43	90.3312499999995
n1393	1320	1	0	48	90.13854166666617
n1392	1319	1	0	50	90.03020833333284
n1391	1316	1	0	51	89.92604166666618
n1372	1314	1	0	73	89.89895833333286
n1374	1317	1	0	74	90.01770833333285
n1377	1321	1	0	75	90.35937499999949
n1373	1315	1	0	85	89.90520833333285
n1375	1318	1	0	86	90.02499999999951
n1378	1322	1	0	87	90.36249999999949
n1411	1326	1	0	36	90.48541666666614
n1412	1327	1	0	43	90.66979166666613
n1413	1329	1	0	48	90.7708333333328
n1414	1331	1	0	50	90.86979166666613
n1395	1330	1	0	75	90.46249999999948
n1396	1328	1	0	87	90.46249999999948
n1415	1332	1	0	51	90.96249999999947
n1416	1333	1	0	55	91.06874999999947
n1417	1334	1	0	60	91.17604166666614
n1418	1335	1	0	62	91.28229166666613
n1422	1343	1	0	55	91.68124999999944
n1421	1338	1	0	60	91.56562499999944
n1420	1337	1	0	62	91.46249999999945
n1419	1336	1	0	63	91.36666666666612
n1399	1339	1	0	67	91.66041666666611
n1400	1341	1	0	72	91.66562499999944
n1401	1342	1	0	75	91.69270833333277
n1402	1340	1	0	79	91.66041666666611
n1426	1354	1	0	43	92.09062499999943
n1425	1350	1	0	48	91.98437499999943
n1424	1349	1	0	50	91.87916666666611
n1423	1348	1	0	51	91.77708333333277
n1403	1346	1	0	67	91.74270833333277
n1407	1352	1	0	67	92.1010416666661
n1404	1345	1	0	72	91.7541666666661
n1408	1353	1	0	72	92.11041666666611
n1405	1344	1	0	75	91.7635416666661
n1409	1355	1	0	75	92.1635416666661
n1406	1347	1	0	79	91.74687499999943
n1410	1351	1	0	79	92.09999999999944
n1431	1357	1	0	36	92.22604166666609
n1432	1358	1	0	42	92.39583333333273
n1433	1359	1	0	48	92.49270833333273
n1434	1360	1	0	50	92.57708333333274
n1427	1366	1	0	69	92.22187499999943
n1428	1369	1	0	72	92.23020833333275
n1429	1370	1	0	75	92.23437499999942
n1430	1368	1	0	81	92.2197916666661
n1438	1364	1	0	42	92.96145833333273
n1437	1363	1	0	48	92.8499999999994
n1436	1362	1	0	50	92.7562499999994
n1435	1361	1	0	51	92.67604166666607
n1439	1365	1	0	36	93.05104166666607
n1440	1367	1	0	42	93.17083333333272
n1441	1371	1	0	48	93.2708333333327
n1442	1372	1	0	50	93.37499999999937
n1444	1374	1	0	50	93.5895833333327
n1446	1379	1	0	42	93.84479166666601
n1445	1375	1	0	48	93.70104166666603
n1443	1373	1	0	51	93.4895833333327
n1476	1380	1	0	35	93.91041666666601
n1477	1382	1	0	47	93.98124999999935
n1478	1383	1	0	50	94.15416666666601
n1479	1385	1	0	55	94.28333333333268
n1447	1376	1	0	69	93.69166666666604
n1448	1377	1	0	74	93.78749999999935
n1449	1378	1	0	81	93.82291666666602
n1450	1381	1	0	86	93.91562499999934
n1483	1387	1	0	47	94.710416666666
n1482	1386	1	0	50	94.557291666666
n1481	deletion
n1480	1384	1	0	62	94.41666666666602
n1452	1388	1	0	67	94.42083333333268
n1453	1390	1	0	74	94.42812499999934
n1454	1389	1	0	79	94.41666666666602
n1484	1391	1	0	34	94.84166666666601
n1485	1392	1	0	46	95.016666666666
n1486	1399	1	0	49	95.23124999999933
n1487	1404	1	0	55	95.36562499999933
n1456	1393	1	0	67	95.08124999999933
n1459	1396	1	0	67	95.26874999999933
n1457	1394	1	0	73	95.09687499999933
n1460	1397	1	0	73	95.27708333333267
n1458	1395	1	0	79	95.07708333333267
n1461	1398	1	0	79	95.26458333333267
n1491	1409	1	0	46	95.74166666666595
n1490	1405	1	0	49	95.5656249999993
n1489	deletion
n1488	1403	1	0	61	95.47604166666598
n1466	1402	1	0	67	95.40104166666599
n1473	1410	1	0	67	95.75833333333262
n1492	1413	1	0	67	95.84791666666592
n1469	1406	1	0	68	95.52708333333264
n1467	1400	1	0	73	95.40520833333265
n1470	1408	1	0	73	95.52916666666597
n1474	1412	1	0	73	95.77187499999928
n1468	1401	1	0	79	95.40104166666599
n1475	1411	1	0	79	95.75937499999928
n1494	1415	1	0	79	95.8427083333326
n1471	1407	1	0	80	95.52708333333264
n1523	1416	1	0	33	95.87499999999925
n1524	1417	1	0	45	95.8979166666659
n1525	1422	1	0	48	96.02395833333257
n1526	1420	1	0	53	96.1666666666659
n1528	1423	1	0	53	96.38958333333257
n1493	1414	1	0	72	95.85937499999925
n1495	1419	1	0	72	95.96458333333257
n1496	1418	1	0	84	95.9760416666659
n1530	1425	1	0	45	96.5885416666659
n1529	1424	1	0	48	96.4666666666659
n1527	1421	1	0	60	96.3104166666659
n1498	1428	1	0	65	96.31874999999923
n1499	1426	1	0	72	96.33020833333255
n1500	1427	1	0	77	96.31458333333256
n1531	1429	1	0	32	96.72604166666589
n1532	1430	1	0	44	96.88020833333255
n1533	1438	1	0	48	97.1854166666659
n1534	1439	1	0	53	97.20833333333256
n1502	1431	1	0	65	96.99374999999922
n1505	1434	1	0	65	97.19270833333256
n1503	1432	1	0	72	97.00729166666589
n1506	1435	1	0	72	97.19687499999922
n1504	1433	1	0	77	96.98333333333255
n1507	1436	1	0	77	97.19062499999923
n1538	1450	1	0	44	97.78124999999919
n1537	1446	1	0	48	97.5562499999992
n1536	1445	1	0	53	97.46979166666588
n1535	1441	1	0	60	97.38749999999922
n1511	1437	1	0	64	97.36874999999922
n1514	1442	1	0	65	97.46979166666588
n1520	1451	1	0	65	97.79895833333252
n1517	1448	1	0	67	97.59062499999919
n1512	1444	1	0	72	97.45729166666588
n1515	1447	1	0	72	97.56770833333253
n1521	1452	1	0	72	97.81770833333252
n1540	1458	1	0	72	97.94374999999916
n1548	1469	1	0	72	98.40937499999913
n1518	deletion
n1513	1440	1	0	76	97.36458333333256
n1516	1443	1	0	77	97.47187499999922
n1522	1453	1	0	77	97.79479166666586
n1519	1449	1	0	79	97.5562499999992
n1549	1454	1	0	31	97.9520833333325
n1550	1456	1	0	43	98.07083333333249
n1552	1461	1	0	47	98.30208333333248
n1551	1459	1	0	48	98.18437499999915
n1539	1457	1	0	64	97.9520833333325
n1541	1455	1	0	76	97.93124999999917
n1554	1463	1	0	48	98.5312499999991
n1553	1462	1	0	49	98.41249999999913
n1556	1465	1	0	49	98.73437499999909
n1555	1464	1	0	50	98.63645833333243
n1542	1471	1	0	63	98.40312499999914
n1543	1470	1	0	75	98.37812499999914
n1558	1467	1	0	50	98.92187499999908
n1557	1466	1	0	51	98.83333333333242
n1560	1472	1	0	51	99.10104166666575
n1559	1468	1	0	52	99.01145833333241
n1562	1474	1	0	52	99.3062499999991
n1561	1473	1	0	53	99.20833333333242
n1564	1478	1	0	53	99.51145833333244
n1563	1475	1	0	54	99.40833333333244
n1546	1476	1	0	63	99.49583333333244
n1547	1477	1	0	75	99.5031249999991
n1572	1480	1	0	54	99.72604166666578
n1571	1479	1	0	55	99.61458333333245
n1574	1484	1	0	55	99.93333333333244
n1573	1482	1	0	56	99.83645833333244
n1567	1483	1	0	63	99.60104166666578
n1565	1493	1	0	71	99.60104166666578
n1568	1481	1	0	75	99.58749999999911
n1578	1488	1	0	53	100.36979166666578
n1577	1487	1	0	55	100.26458333333242
n1576	1486	1	0	56	100.15729166666577
n1575	1485	1	0	58	100.05833333333243
n1569	1495	1	0	62	100.04895833333242
n1570	1496	1	0	74	100.04270833333243
n1582	1492	1	0	47	100.75729166666575
n1581	1491	1	0	48	100.6593749999991
n1580	1490	1	0	50	100.56666666666578
n1579	1489	1	0	51	100.45208333333244
n1586	1499	1	0	38	101.13854166666577
n1585	1498	1	0	41	101.04583333333244
n1584	1497	1	0	43	100.94479166666576
n1583	1494	1	0	44	100.84479166666576
n1588	1500	1	0	36	101.22812499999911
n1589	1501	1	0	43	101.34791666666575
n1590	1502	1	0	48	101.44583333333243
n1591	1503	1	0	50	101.54583333333242
n1592	1504	1	0	51	101.62916666666575
n1593	1505	1	0	55	101.72708333333242
n1594	1506	1	0	60	101.8177083333324
n1595	1507	1	0	62	101.92916666666571
n1599	1511	1	0	55	102.31458333333232
n1598	1510	1	0	60	102.21354166666568
n1597	1509	1	0	62	102.11249999999902
n1596	1508	1	0	63	102.01770833333237
n1603	1515	1	0	43	102.68437499999898
n1602	1514	1	0	48	102.58958333333233
n1601	1513	1	0	50	102.49166666666565
n1600	1512	1	0	51	102.40937499999899
n1620	1516	1	0	36	102.78020833333233
n1621	1517	1	0	43	102.88124999999897
n1622	1518	1	0	48	102.99374999999897
n1623	1519	1	0	50	103.10104166666562
n1627	1523	1	0	43	103.48229166666562
n1626	1522	1	0	48	103.37708333333228
n1625	1521	1	0	50	103.27812499999895
n1624	1520	1	0	51	103.19374999999896
n1628	1524	1	0	36	103.59062499999895
n1629	1525	1	0	43	103.72083333333228
n1630	1528	1	0	48	103.8385416666656
n1631	1531	1	0	50	103.96874999999893
n1606	1526	1	0	71	103.78854166666561
n1608	1529	1	0	72	103.94583333333227
n1607	1527	1	0	83	103.78854166666561
n1609	1530	1	0	84	103.94999999999894
n1635	1542	1	0	43	104.59062499999892
n1634	1539	1	0	48	104.33645833333226
n1633	1538	1	0	50	104.21770833333227
n1632	1535	1	0	51	104.10208333333226
n1613	1533	1	0	73	104.0822916666656
n1615	1534	1	0	74	104.20833333333226
n1618	1540	1	0	75	104.56770833333226
n1614	1532	1	0	85	104.08854166666559
n1616	1536	1	0	86	104.20833333333226
n1619	1541	1	0	87	104.57291666666559
n1652	1543	1	0	36	104.70624999999892
n1653	1544	1	0	43	104.87708333333225
n1654	1545	1	0	48	104.96354166666559
n1655	1548	1	0	50	105.06145833333224
n1636	1546	1	0	75	104.66354166666558
n1637	1547	1	0	87	104.66354166666558
n1656	1549	1	0	51	105.1562499999989
n1657	1550	1	0	55	105.26666666666557
n1658	1551	1	0	60	105.37916666666557
n1659	1552	1	0	62	105.48541666666557
n1663	1559	1	0	55	105.9020833333322
n1662	1555	1	0	60	105.77812499999888
n1661	1554	1	0	62	105.67916666666555
n1660	1553	1	0	63	105.5843749999989
n1640	1556	1	0	67	105.86562499999887
n1641	1558	1	0	72	105.8708333333322
n1642	deletion
n1643	1557	1	0	79	105.86145833333221
n1667	1570	1	0	43	106.34166666666555
n1666	1565	1	0	48	106.23333333333221
n1665	1564	1	0	50	106.11041666666554
n1664	1563	1	0	51	106.0114583333322
n1644	1562	1	0	67	105.9520833333322
n1648	1566	1	0	67	106.29374999999888
n1645	1560	1	0	72	105.97083333333221
n1649	1568	1	0	72	106.31666666666554
n1646	deletion
n1650	1569	1	0	75	106.34166666666555
n1647	1561	1	0	79	105.9614583333322
n1651	1567	1	0	79	106.28958333333222
n1690	1571	1	0	36	106.44999999999885
n1691	1572	1	0	43	106.61145833333218
n1692	1573	1	0	48	106.69791666666552
n1693	1576	1	0	50	106.78645833333218
n1668	1574	1	0	68	106.44999999999885
n1669	1577	1	0	72	106.44374999999886
n1670	1581	1	0	75	106.49479166666552
n1671	1575	1	0	80	106.43437499999887
n1697	1582	1	0	43	107.21562499999885
n1696	1580	1	0	48	107.08854166666552
n1695	1579	1	0	50	106.98749999999885
n1694	1578	1	0	51	106.89583333333218
n1698	1585	1	0	36	107.33124999999885
n1699	1586	1	0	43	107.46458333333216
n1700	1589	1	0	48	107.57708333333215
n1701	1592	1	0	50	107.71145833333216
n1672	1583	1	0	67	107.32708333333218
n1676	1587	1	0	71	107.54895833333215
n1678	1590	1	0	72	107.70624999999883
n1675	1584	1	0	79	107.31979166666552
n1677	1588	1	0	83	107.54895833333215
n1679	1591	1	0	84	107.71145833333216
n1705	1610	1	0	43	108.25624999999883
n1704	1605	1	0	48	108.13333333333216
n1703	1598	1	0	50	107.9760416666655
insertion	1604	1	0	50	108.10833333333215
n1702	1596	1	0	51	107.84999999999884
n1682	1594	1	0	73	107.83333333333218
n1684	1595	1	0	74	107.94895833333217
n1688	1607	1	0	75	108.33854166666549
n1686	1599	1	0	77	108.06249999999883
n1683	1593	1	0	85	107.84062499999884
n1685	1597	1	0	86	107.95624999999883
n1689	1608	1	0	87	108.3479166666655
n1687	1600	1	0	89	108.07812499999883
n1722	1611	1	0	36	108.44791666666549
n1723	1612	1	0	43	108.63854166666547
n1724	1613	1	0	48	108.75833333333215
n1725	1616	1	0	50	108.84791666666548
n1706	1615	1	0	75	108.43854166666549
n1707	1614	1	0	87	108.43854166666549
n1726	1617	1	0	51	108.93541666666549
n1727	1618	1	0	55	109.03958333333215
n1728	1619	1	0	60	109.15104166666548
n1729	1620	1	0	62	109.25312499999882
n1733	1628	1	0	55	109.65937499999878
n1732	1623	1	0	60	109.54479166666546
n1731	1622	1	0	62	109.44791666666546
n1730	1621	1	0	63	109.34895833333213
n1710	1624	1	0	67	109.63958333333211
n1711	1626	1	0	72	109.64374999999878
n1712	1627	1	0	75	109.65937499999878
n1713	1625	1	0	79	109.63437499999878
n1737	1640	1	0	43	110.07708333333208
n1736	1635	1	0	48	109.96770833333208
n1735	1634	1	0	50	109.85729166666542
n1734	1633	1	0	51	109.7583333333321
n1714	1631	1	0	67	109.72291666666544
n1718	1636	1	0	67	110.07708333333208
n1715	1629	1	0	72	109.7270833333321
n1719	1637	1	0	72	110.08124999999875
n1716	1630	1	0	75	109.75416666666544
n1720	1639	1	0	75	110.11249999999875
n1717	1632	1	0	79	109.7270833333321
n1721	1638	1	0	79	110.08124999999875
n1741	1641	1	0	36	110.20937499999876
n1742	1642	1	0	42	110.41354166666541
n1743	1643	1	0	48	110.49687499999875
n1744	1644	1	0	50	110.58958333333209
n1738	1649	1	0	69	110.19374999999876
n1739	1654	1	0	75	110.20937499999876
n1740	1651	1	0	81	110.19374999999876
n1748	1648	1	0	42	110.97708333333208
n1750	1652	1	0	42	111.19270833333206
n1747	1647	1	0	48	110.86458333333208
n1746	1646	1	0	50	110.75729166666541
n1745	1645	1	0	51	110.69062499999875
n1749	1650	1	0	36	111.06666666666541
n1751	1655	1	0	48	111.29374999999871
n1752	1656	1	0	50	111.41458333333205
n1756	1660	1	0	42	111.96041666666538
n1755	1659	1	0	48	111.80624999999871
n1754	1658	1	0	50	111.67083333333204
n1753	1657	1	0	51	111.53229166666539
n1772	1661	1	0	37	112.22499999999872
n1773	1662	1	0	49	112.59583333333202
n1774	1666	1	0	54	112.76145833333203
n1775	1667	1	0	56	112.87499999999868
n1757	1663	1	0	70	112.26562499999872
n1758	1665	1	0	73	112.27083333333205
n1759	1664	1	0	82	112.27083333333205
n1779	1671	1	0	49	113.295833333332
n1781	1675	1	0	49	113.46979166666532
n1778	1670	1	0	54	113.186458333332
n1777	1669	1	0	56	113.10104166666534
n1776	1668	1	0	58	112.98541666666534
n1780	1672	1	0	37	113.38437499999866
n1782	1678	1	0	54	113.62916666666533
n1783	1679	1	0	56	113.74687499999867
n1760	1673	1	0	68	113.36041666666533
n1761	1676	1	0	70	113.36041666666533
n1762	1677	1	0	73	113.36979166666534
n1763	1674	1	0	80	113.36041666666533
n1787	deletion
n1786	1686	1	0	54	114.08124999999866
n1785	1685	1	0	56	113.99270833333199
n1784	1684	1	0	58	113.86666666666532
n1768	1688	1	0	65	114.21249999999867
n1764	1680	1	0	66	113.84791666666533
n1765	1682	1	0	70	113.85729166666532
n1769	1687	1	0	70	114.20416666666533
n1766	1681	1	0	73	113.87187499999865
n1770	1689	1	0	73	114.22187499999868
n1771	1690	1	0	77	114.242708333332
n1767	1683	1	0	78	113.85104166666532
n1796	1692	1	0	37	114.32083333333202
n1797	1693	1	0	49	114.442708333332
n1798	1694	1	0	55	114.605208333332
n1799	1695	1	0	58	114.69062499999868
n1788	1699	1	0	65	114.29479166666535
n1789	1709	1	0	70	114.29895833333201
n1790	1696	1	0	73	114.31041666666535
n1791	1697	1	0	77	114.28541666666534
n1803	1702	1	0	56	115.12083333333197
n1802	1701	1	0	58	115.01979166666531
n1801	1700	1	0	60	114.90624999999866
n1800	1698	1	0	61	114.79895833333201
n1807	1706	1	0	49	115.52708333333197
n1806	1705	1	0	52	115.43229166666532
n1805	1704	1	0	53	115.34895833333198
n1804	1703	1	0	55	115.23854166666531
n1792	1707	1	0	64	115.22916666666531
n1794	1708	1	0	76	115.22291666666531
n1811	1713	1	0	43	115.95104166666529
n1810	1712	1	0	44	115.86874999999863
n1809	1711	1	0	46	115.76874999999863
n1808	1710	1	0	48	115.64895833333196
n1828	1714	1	0	35	116.1510416666653
n1829	1715	1	0	47	116.39791666666527
n1830	1719	1	0	52	116.52083333333194
n1831	1721	1	0	54	116.63645833333194
n1812	1718	1	0	68	116.19374999999862
n1813	1720	1	0	71	116.20312499999862
n1814	1717	1	0	76	116.21249999999863
n1815	1716	1	0	80	116.18854166666529
n1835	1725	1	0	47	117.02395833333195
n1837	1727	1	0	47	117.23020833333193
n1834	1724	1	0	52	116.91666666666528
n1833	1723	1	0	54	116.82499999999862
n1832	1722	1	0	56	116.73541666666529
n1836	1726	1	0	35	117.1312499999986
n1838	1732	1	0	52	117.35520833333192
n1839	1733	1	0	54	117.48333333333193
n1816	1728	1	0	66	117.12708333333194
n1817	1731	1	0	68	117.1312499999986
n1818	1730	1	0	71	117.14270833333194
n1819	1729	1	0	78	117.1156249999986
n1843	deletion
n1842	1740	1	0	52	117.80208333333191
n1841	1739	1	0	54	117.70312499999858
n1840	1737	1	0	56	117.60624999999858
n1824	1741	1	0	63	117.88854166666525
n1820	1734	1	0	64	117.56874999999859
n1821	1738	1	0	68	117.57291666666525
n1825	1744	1	0	68	117.91145833333192
n1822	1735	1	0	71	117.59062499999858
n1826	1743	1	0	71	117.89999999999858
n1827	1742	1	0	75	117.89687499999859
n1823	1736	1	0	76	117.56458333333192
n1852	1745	1	0	35	118.0208333333319
n1853	1746	1	0	47	118.12916666666523
n1854	1747	1	0	53	118.28437499999855
n1855	1748	1	0	56	118.38958333333187
n1844	1751	1	0	63	117.9927083333319
n1845	1762	1	0	68	118.0208333333319
n1846	1749	1	0	71	118.01666666666523
n1847	1750	1	0	75	117.98749999999858
n1859	1755	1	0	54	118.81770833333188
n1858	1754	1	0	56	118.70937499999854
n1857	1753	1	0	58	118.6072916666652
n1856	1752	1	0	59	118.50520833333186
n1863	1761	1	0	47	119.26770833333184
n1862	1758	1	0	50	119.14999999999853
n1861	1757	1	0	51	119.03749999999853
n1860	1756	1	0	53	118.94270833333186
n1848	1759	1	0	62	118.89895833333186
n1850	1760	1	0	74	118.88749999999854
n1867	1766	1	0	41	119.71458333333182
n1866	1765	1	0	42	119.61666666666515
n1865	1764	1	0	44	119.49166666666515
n1864	1763	1	0	46	119.39999999999849
n1871	1767	1	0	34	119.98958333333182
n1872	1768	1	0	46	120.30624999999847
n1873	1769	1	0	51	120.45104166666513
n1874	1770	1	0	53	120.56562499999846
n1868	1777	1	0	67	120.10624999999848
n1869	1779	1	0	75	120.13854166666515
n1870	1778	1	0	79	120.07291666666515
n1878	1774	1	0	46	120.9583333333318
n1880	1776	1	0	46	121.16249999999845
n1877	1773	1	0	51	120.84062499999847
n1876	1772	1	0	53	120.77812499999847
n1875	1771	1	0	55	120.6645833333318
n1879	1775	1	0	34	121.04062499999844
n1881	1780	1	0	51	121.2822916666651
n1882	1781	1	0	53	121.39791666666511
n1886	1785	1	0	46	121.82083333333178
n1885	1784	1	0	51	121.66249999999845
n1884	1783	1	0	53	121.58437499999845
n1883	1782	1	0	55	121.47708333333178
n1893	1786	1	0	35	121.97812499999844
n1894	1787	1	0	47	122.28229166666509
n1895	1788	1	0	50	122.43854166666509
n1896	1789	1	0	55	122.5260416666651
n1890	1790	1	0	67	122.1104166666651
n1892	1796	1	0	74	122.14374999999843
n1887	1803	1	0	79	122.06458333333177
n1900	1794	1	0	47	122.89583333333177
n1902	1797	1	0	47	123.15104166666507
n1899	1793	1	0	50	122.7854166666651
n1898	1792	1	0	55	122.71145833333178
n1897	1791	1	0	62	122.6291666666651
n1901	1795	1	0	35	123.01354166666509
n1903	1798	1	0	50	123.27916666666506
n1904	1799	1	0	55	123.37604166666506
n1891	1804	1	0	67	123.02083333333175
n1908	1806	1	0	47	123.90624999999838
n1907	1802	1	0	50	123.72708333333172
n1906	1801	1	0	55	123.60104166666505
n1905	1800	1	0	62	123.50729166666505
n1889	1805	1	0	77	123.70312499999838
n1913	1807	1	0	36	124.09687499999838
n1914	1808	1	0	43	124.376041666665
n1915	1809	1	0	48	124.48749999999833
n1916	1810	1	0	50	124.60624999999834
n1911	1819	1	0	67	124.18854166666505
n1912	1818	1	0	72	124.2395833333317
n1909	1815	1	0	77	124.12708333333171
n1917	1811	1	0	51	124.70312499999834
n1918	1812	1	0	55	124.80729166666501
n1919	1813	1	0	60	124.91562499999834
n1920	1814	1	0	62	125.041666666665
n1924	1822	1	0	55	125.46249999999829
n1923	1820	1	0	60	125.3593749999983
n1922	1817	1	0	62	125.24791666666496
n1921	1816	1	0	63	125.13541666666498
n1910	1821	1	0	75	125.08020833333165
n1928	1826	1	0	43	125.88229166666494
n1927	1825	1	0	48	125.77083333333161
n1926	1824	1	0	50	125.66145833333161
n1925	1823	1	0	51	125.57499999999828
n1938	1827	1	0	29	126.09270833333159
n1939	1830	1	0	37	126.27083333333155
n1940	1831	1	0	41	126.36562499999822
n1941	1833	1	0	43	126.48437499999821
n1936	1847	1	0	65	125.97291666666493
n1937	1828	1	0	68	126.03541666666493
n1929	1829	1	0	75	126.10937499999825
n1931	1834	1	0	75	126.4749999999982
n1930	1832	1	0	77	126.39583333333155
n1942	1835	1	0	44	126.58541666666487
n1943	1836	1	0	49	126.69895833333153
n1944	1837	1	0	53	126.79062499999819
n1945	1840	1	0	55	126.92395833333153
n1947	1842	1	0	55	127.1458333333315
n1932	1838	1	0	73	126.56458333333154
n1933	1839	1	0	75	126.89583333333152
n1949	1844	1	0	49	127.3885416666648
n1948	1843	1	0	53	127.26145833333148
n1946	1841	1	0	56	127.0270833333315
n1934	1845	1	0	77	126.99166666666486
n1953	1851	1	0	32	128.00104166666478
n1952	1850	1	0	37	127.83854166666478
n1951	1848	1	0	41	127.6822916666648
n1950	1846	1	0	44	127.51874999999814
n1935	1849	1	0	68	127.48124999999814
n1956	1852	1	0	31	128.20208333333147
n1958	1854	1	0	39	128.70937499999823
n1957	1853	1	0	40	128.61770833333154
n1954	1879	1	0	63	128.24166666666483
n1955	1880	1	0	72	128.21562499999814
n1960	1856	1	0	40	128.91041666666493
n1959	1855	1	0	41	128.8052083333316
n1962	1858	1	0	41	129.08020833333163
n1961	1857	1	0	42	129.00312499999828
n1964	1860	1	0	42	129.32291666666498
n1963	1859	1	0	43	129.20520833333163
n1966	1862	1	0	43	129.48958333333164
n1965	1861	1	0	44	129.410416666665
n1968	1864	1	0	44	129.66249999999835
n1967	1863	1	0	45	129.56770833333167
n1970	1866	1	0	45	129.84374999999835
n1969	1865	1	0	46	129.74687499999834
n1974	1868	1	0	46	130.01979166666501
n1973	1867	1	0	47	129.92604166666501
n1976	1870	1	0	47	130.23333333333167
n1975	1869	1	0	48	130.11562499999835
n1978	1872	1	0	48	130.388541666665
n1977	1871	1	0	49	130.297916666665
n1980	1874	1	0	49	130.59374999999835
n1979	1873	1	0	50	130.48437499999832
n1982	1876	1	0	50	130.78541666666507
n1981	1875	1	0	51	130.6958333333317
n1984	1878	1	0	51	130.94270833333178
n1983	1877	1	0	52	130.83958333333177
n1986	1882	1	0	52	131.15624999999852
n1985	1881	1	0	53	131.05208333333184
n1988	1883	1	0	53	131.27916666666522
n1987	1884	1	0	54	131.35833333333187
n1996	1886	1	0	54	131.6499999999986
n1995	1885	1	0	55	131.50104166666523
n1998	1888	1	0	55	131.92083333333196
n1997	1887	1	0	56	131.7979166666653
n1993	1918	1	0	62	131.55833333333192
n1994	1919	1	0	65	131.55833333333192
n1989	1891	1	0	72	131.5145833333319
n2002	1893	1	0	53	132.3812499999986
n2001	1892	1	0	55	132.2624999999986
n2000	1890	1	0	56	132.1562499999986
n1999	1889	1	0	58	132.03749999999863
n1990	1895	1	0	71	132.23645833333194
n2004	1896	1	0	50	132.66041666666533
n2003	1894	1	0	51	132.52291666666528
n2006	1898	1	0	51	132.92083333333207
n2005	1897	1	0	53	132.7874999999987
n1991	1917	1	0	74	132.56770833333195
n2010	1902	1	0	50	133.2791666666654
n2009	1901	1	0	51	133.1885416666654
n2008	1900	1	0	53	133.09687499999873
n2007	1899	1	0	55	133.00312499999873
n2013	1904	1	0	47	133.4729166666654
n2012	1903	1	0	48	133.3885416666654
n2015	1906	1	0	48	133.67187499999878
n2014	1905	1	0	50	133.57395833333211
n2019	1910	1	0	42	134.0687499999988
n2018	1909	1	0	43	133.9749999999988
n2017	1908	1	0	44	133.84895833333212
n2021	1912	1	0	44	134.28645833333212
n2016	1907	1	0	47	133.76562499999878
n2022	1913	1	0	41	134.39687499999877
n2020	1911	1	0	43	134.16458333333213
n2023	1914	1	0	43	134.5031249999988
n2026	1920	1	0	38	134.8947916666655
n2024	1915	1	0	39	134.62395833333213
n2027	1921	1	0	39	135.10416666666552
n2025	1916	1	0	41	134.75520833333215
n2033	1922	1	0	36	135.40312499999882
n2029	1923	1	0	60	135.56666666666553
n2035	1925	1	0	60	136.1406249999989
n2034	1924	1	0	61	136.03645833333223
n2028	1948	1	0	72	135.52187499999886
n2037	1927	1	0	55	136.35104166666562
n2039	1929	1	0	55	136.51770833333234
n2038	1928	1	0	56	136.4239583333323
n2036	1926	1	0	58	136.2416666666656
n2041	1931	1	0	48	136.731249999999
n2043	1933	1	0	48	136.90416666666565
n2042	1932	1	0	49	136.7989583333323
n2040	1930	1	0	52	136.62291666666565
n2045	1935	1	0	43	137.14270833333234
n2047	1937	1	0	43	137.29999999999902
n2046	1936	1	0	44	137.20104166666567
n2044	1934	1	0	46	137.01458333333233
n2053	1939	1	0	36	137.581249999999
n2055	1941	1	0	36	137.80312499999906
n2052	1938	1	0	41	137.47604166666565
n2054	1940	1	0	41	137.69583333333236
n2050	1954	1	0	65	137.45833333333232
n2051	1952	1	0	68	137.46770833333233
n2057	1943	1	0	36	138.0083333333324
n2059	1945	1	0	36	138.23958333333238
n2061	1947	1	0	36	138.4947916666657
n2056	1942	1	0	41	137.90104166666572
n2058	1944	1	0	41	138.12083333333237
n2063	1950	1	0	36	138.71249999999907
n2060	1946	1	0	41	138.38020833333238
n2062	1949	1	0	41	138.6072916666657
n2049	1955	1	0	74	138.39583333333238
n2065	1953	1	0	36	138.94999999999908
n2067	1957	1	0	36	139.2312499999991
n2064	1951	1	0	41	138.83749999999907
n2066	1956	1	0	41	139.05312499999908
n2071	1958	1	0	48	139.47291666666578
n2073	1960	1	0	60	139.98437499999915
n2072	1959	1	0	61	139.89062499999915
n2068	1969	1	0	64	139.51562499999915
n2069	1971	1	0	67	139.5260416666658
n2070	1968	1	0	76	139.47812499999912
n2075	1962	1	0	55	140.19374999999917
n2077	1964	1	0	55	140.3593749999992
n2076	1963	1	0	56	140.25520833333252
n2074	1961	1	0	58	140.0833333333325
n2079	1966	1	0	48	140.57187499999924
n2081	1970	1	0	48	140.76249999999922
n2080	1967	1	0	49	140.64895833333256
n2078	1965	1	0	52	140.4666666666659
n2083	1973	1	0	43	141.05520833333256
n2085	1975	1	0	43	141.24583333333254
n2084	1974	1	0	44	141.14583333333255
n2082	1972	1	0	46	140.9041666666659
n2094	1977	1	0	36	141.72499999999926
n2096	1979	1	0	36	141.96979166666597
n2093	1976	1	0	41	141.55208333333255
n2095	1978	1	0	41	141.85624999999928
n2091	1982	1	0	60	141.56562499999922
n2089	1981	1	0	67	141.5249999999992
n2092	1987	1	0	68	141.58020833333256
n2086	1989	1	0	72	141.59687499999924
n2098	1983	1	0	36	142.19791666666598
n2100	1985	1	0	36	142.4312499999993
n2102	1988	1	0	36	142.744791666666
n2097	1980	1	0	41	142.08333333333263
n2099	1984	1	0	41	142.3124999999993
n2104	1991	1	0	36	143.03437499999936
n2101	1986	1	0	41	142.60208333333264
n2103	1990	1	0	41	142.88124999999934
n2090	1994	1	0	65	142.62499999999932
n2106	1995	1	0	36	143.44999999999936
n2108	1999	1	0	36	143.9124999999994
n2105	1992	1	0	41	143.25624999999937
n2107	1998	1	0	41	143.6374999999994
n2087	1997	1	0	71	143.29166666666603
n2088	1996	1	0	74	143.2708333333327
n2127	2002	1	0	48	144.42916666666608
n2109	2000	1	0	64	144.46041666666608
n2110	2001	1	0	67	144.4791666666661
n2111	2003	1	0	72	144.49166666666608
n2112	2004	1	0	76	144.43541666666607
n2129	2008	1	0	79	145.4114583333328
n2128	2006	1	0	80	145.28645833333277
n2114	2009	1	0	91	145.4114583333328
n2113	2007	1	0	92	145.28437499999944
n2131	2012	1	0	72	145.59791666666615
n2133	2016	1	0	72	145.78229166666614
n2124	2028	1	0	72	146.33124999999953
n2132	2014	1	0	73	145.68229166666617
n2130	2011	1	0	76	145.5083333333328
n2116	2013	1	0	84	145.6031249999995
n2118	2017	1	0	84	145.7864583333328
n2117	2015	1	0	85	145.69791666666617
n2115	2010	1	0	88	145.50312499999947
n2135	2021	1	0	67	145.97499999999948
n2137	2024	1	0	67	146.14791666666616
n2136	2022	1	0	68	146.06041666666616
n2134	2018	1	0	70	145.8739583333328
n2120	2020	1	0	79	145.97499999999948
n2122	2025	1	0	79	146.15208333333283
n2121	2023	1	0	80	146.06041666666616
n2119	2019	1	0	82	145.87916666666615
n2139	2029	1	0	60	146.33333333333286
n2141	2032	1	0	60	146.51874999999956
n2140	2030	1	0	61	146.4197916666662
n2138	2026	1	0	64	146.2510416666662
n2126	2033	1	0	72	146.5145833333329
n2125	2031	1	0	73	146.4260416666662
n2123	2027	1	0	76	146.2416666666662
n2159	2036	1	0	55	146.71249999999958
n2161	2040	1	0	55	146.88333333333293
n2160	2038	1	0	56	146.79687499999957
n2158	2034	1	0	58	146.61562499999957
n2143	2037	1	0	67	146.70416666666625
n2145	2041	1	0	67	146.88333333333293
n2144	2039	1	0	68	146.7927083333329
n2142	2035	1	0	70	146.61562499999957
n2163	2044	1	0	48	147.06874999999957
n2165	2048	1	0	48	147.2437499999996
n2164	2046	1	0	49	147.14479166666624
n2162	2043	1	0	52	146.9781249999996
n2147	2045	1	0	60	147.0770833333329
n2149	2049	1	0	60	147.2499999999996
n2148	2047	1	0	61	147.16562499999958
n2146	2042	1	0	64	146.9843749999996
n2167	2052	1	0	43	147.44166666666626
n2169	2056	1	0	43	147.63541666666632
n2168	2054	1	0	44	147.52916666666627
n2166	2050	1	0	46	147.33854166666626
n2151	2053	1	0	55	147.44583333333293
n2153	2057	1	0	55	147.62395833333298
n2152	2055	1	0	56	147.53854166666628
n2150	2051	1	0	58	147.35208333333293
n2171	2063	1	0	36	147.90833333333302
n2173	deletion
n2172	2065	1	0	37	147.99791666666638
insertion	2060	1	0	37	147.81979166666633
n2170	2059	1	0	40	147.730208333333
n2155	2061	1	0	48	147.82499999999968
n2157	2064	1	0	48	147.99479166666637
n2156	2062	1	0	49	147.914583333333
n2154	2058	1	0	52	147.723958333333
n2182	2066	1	0	29	148.11145833333305
n2183	2067	1	0	41	148.10729166666638
n2174	deletion
n2175	2069	1	0	53	148.10729166666638
n2176	2068	1	0	57	148.11145833333305
n2177	2070	1	0	60	148.10312499999972
n2184	2071	1	0	29	149.01666666666645
n2185	2072	1	0	41	149.00937499999978
n2178	2074	1	0	48	148.99895833333312
n2179	2076	1	0	53	149.00520833333312
n2180	2073	1	0	56	149.00937499999978
n2181	2075	1	0	60	149.00104166666645
n2194	2077	1	0	24	149.96666666666644
n2195	2078	1	0	36	149.95833333333312
n2186	2079	1	0	48	149.94791666666643
n2187	2082	1	0	53	149.95312499999977
n2188	2081	1	0	55	149.96249999999978
n2189	2080	1	0	60	149.9489583333331
n2196	2085	1	0	24	150.42083333333312
n2197	2083	1	0	36	150.41562499999978
n2190	2088	1	0	48	150.41145833333312
n2191	2086	1	0	52	150.41145833333312
n2192	2087	1	0	55	150.42499999999978
n2193	2084	1	0	60	150.40729166666645
insertion	284	1	0	72	18.621875000000024
insertion	436	1	0	70	28.757291666666653
insertion	538	1	0	72	36.49895833333338
insertion	663	1	0	88	44.50312500000014
insertion	888	1	0	79	59.048958333333744
insertion	1003	1	0	77	69.50729166666699
insertion	998	1	0	86	69.48020833333366
insertion	1047	1	0	88	73.01979166666685
insertion	1088	1	0	35	76.52187500000007
insertion	1089	1	0	33	76.58750000000006
insertion	1092	1	0	89	76.55729166666673
insertion	1097	1	0	81	77.19375000000007
insertion	1181	1	0	45	81.25520833333316
insertion	1323	1	0	85	90.39583333333282
insertion	1325	1	0	76	90.53229166666614
insertion	1356	1	0	73	92.27708333333274
insertion	1460	1	0	70	98.20729166666581
insertion	1537	1	0	85	104.23958333333226
insertion	1602	1	0	79	108.07812499999883
insertion	1601	1	0	91	108.06458333333217
insertion	1603	1	0	90	108.09895833333216
insertion	1606	1	0	45	108.26041666666549
insertion	1609	1	0	85	108.36562499999883
insertion	1653	1	0	72	110.20312499999876
insertion	1691	1	0	67	114.34062499999868
insertion	1993	1	0	60	142.632291666666
insertion	2005	1	0	81	145.3291666666661
