xml_id	midi_id	track	channel	pitch	onset
n17	1	0	0	36	1.5064087500000003
n18	3	0	0	43	1.7267610937500002
n19	5	0	0	48	1.8416114062500002
n20	7	0	0	48	1.9778292187500002
n1	0	0	0	51	1.5384600000000004
n2	2	0	0	55	1.6866970312500003
n21	9	0	0	55	2.0846667187500003
n22	11	0	0	60	2.1714721874999996
n23	14	0	0	60	2.3157028125
n3	4	0	0	63	1.8269212500000003
n4	6	0	0	63	1.9644745312500003
n5	8	0	0	67	2.0860021875
n24	15	0	0	67	2.36244421875
n26	20	0	0	67	2.574783749999999
n6	10	0	0	75	2.1594529687499997
n7	13	0	0	75	2.2943353125
n8	16	0	0	79	2.3637796874999997
n10	19	0	0	79	2.5560871874999993
n27	21	0	0	60	2.6161832812499988
n28	23	0	0	60	2.7764395312499985
n25	17	0	0	72	2.471952656249999
n11	22	0	0	75	2.6375507812499985
n12	24	0	0	75	2.7724331249999987
n9	18	0	0	87	2.469281718749999
n32	31	0	0	43	3.131674218749998
n30	27	0	0	48	2.9313539062499983
n31	30	0	0	48	3.0528815624999983
n29	26	0	0	55	2.8765996874999984
n16	32	0	0	55	3.1610545312499982
n14	28	0	0	63	2.9567278124999983
n15	29	0	0	63	3.084932812499998
n13	25	0	0	67	2.8699223437499986
n49	35	0	0	36	3.282582187499998
n50	36	0	0	41	3.497592656249998
n51	37	0	0	48	3.583062656249998
n52	40	0	0	48	3.744654374999997
n33	34	0	0	50	3.3319945312499977
n34	38	0	0	56	3.517624687499998
insertion	33	0	0	56	3.3520265624999976
n35	39	0	0	62	3.6164493749999975
n36	41	0	0	62	3.751331718749997
n53	42	0	0	53	3.8595046874999968
n54	44	0	0	60	3.9249426562499967
n55	47	0	0	60	4.058489531249997
n56	48	0	0	65	4.106566406249996
n58	53	0	0	65	4.321576874999998
n37	43	0	0	68	3.8835431249999965
n38	45	0	0	74	3.938297343749997
n39	46	0	0	74	4.047805781249997
n40	49	0	0	80	4.1105728124999965
n42	52	0	0	80	4.314899531249998
n59	54	0	0	60	4.373660156249998
n60	56	0	0	60	4.4778267187499985
n57	50	0	0	72	4.213403906249997
n43	55	0	0	74	4.383008437499998
n44	57	0	0	74	4.479162187499998
n41	51	0	0	86	4.213403906249997
n64	64	0	0	41	4.854428906249998
n62	60	0	0	48	4.643424843749997
n63	63	0	0	48	4.758275156249998
n61	58	0	0	53	4.598018906249998
n48	65	0	0	56	4.863777187499998
n46	61	0	0	62	4.663456874999998
n47	62	0	0	62	4.787655468749998
n45	59	0	0	68	4.580657812499998
n81	67	0	0	36	4.999994999999998
n82	68	0	0	44	5.2056571875
n83	69	0	0	48	5.27643703125
n84	73	0	0	48	5.431351406249999
n65	66	0	0	53	5.0494073437499996
n66	70	0	0	60	5.2216828125
n67	71	0	0	65	5.329855781249999
n68	72	0	0	65	5.447377031249999
n85	74	0	0	56	5.547537187499999
n86	76	0	0	60	5.6169815624999995
n87	79	0	0	60	5.75987671875
n88	80	0	0	68	5.817301874999999
n90	85	0	0	68	5.988241874999998
n69	75	0	0	72	5.563562812499999
n70	77	0	0	77	5.6330071875
n71	78	0	0	77	5.74385109375
n72	81	0	0	84	5.81329546875
n74	84	0	0	84	5.985570937499999
n91	86	0	0	60	6.029641406249998
n92	88	0	0	60	6.147162656249998
n89	82	0	0	72	5.902771874999999
n75	87	0	0	77	6.033647812499998
n76	89	0	0	77	6.148498124999998
n73	83	0	0	89	5.874727031249999
n96	97	0	0	44	6.546467812499998
n94	92	0	0	48	6.327450937499998
n95	95	0	0	48	6.436959374999998
n93	deletion
n80	96	0	0	60	6.563828906249998
n78	93	0	0	65	6.364844062499998
n79	94	0	0	65	6.478358906249998
n77	91	0	0	72	6.278038593749998
n113	98	0	0	36	6.730762499999997
n114	100	0	0	43	6.996520781249999
n115	102	0	0	48	7.05795234375
n116	105	0	0	48	7.19951203125
n97	99	0	0	51	6.842941874999998
n98	101	0	0	55	6.989843437499999
n99	103	0	0	63	7.0913390625
n100	104	0	0	63	7.21019578125
n117	106	0	0	55	7.327717031250001
n118	108	0	0	60	7.385142187500001
n119	110	0	0	60	7.510676250000001
n101	107	0	0	67	7.29566578125
n120	112	0	0	67	7.565430468750002
n102	109	0	0	75	7.393155000000001
n103	111	0	0	75	7.510676250000001
n104	113	0	0	79	7.578785156250001
n106	116	0	0	79	7.7710926562500005
n123	117	0	0	60	7.81382765625
n124	120	0	0	60	7.92867796875
n122	119	0	0	67	7.81649859375
n121	114	0	0	72	7.6802807812500005
n107	118	0	0	75	7.817834062499999
n108	121	0	0	75	7.95004546875
n105	115	0	0	87	7.68161625
n128	128	0	0	43	8.306615625000001
n126	124	0	0	48	8.099617968750001
n127	126	0	0	48	8.22515203125
n125	122	0	0	55	8.04352828125
n112	129	0	0	55	8.325312187500002
n110	125	0	0	63	8.133004687500001
n111	127	0	0	63	8.242513125
n109	123	0	0	67	8.035515468749999
n145	131	0	0	36	8.452181718750001
n146	133	0	0	41	8.656508437500003
n147	134	0	0	48	8.768687812500005
n148	137	0	0	48	8.914253906250003
n129	132	0	0	50	8.520290625000001
n130	135	0	0	56	8.715269062500004
n131	136	0	0	62	8.787384375000006
n132	139	0	0	62	8.919595781250003
n149	140	0	0	53	9.005065781250003
n150	142	0	0	60	9.078516562500003
n151	144	0	0	60	9.222747187500003
n152	146	0	0	65	9.261475781250002
n154	151	0	0	65	9.444435
n133	141	0	0	68	9.034446093750002
n134	143	0	0	74	9.097213125000003
n135	145	0	0	74	9.197373281250004
n136	147	0	0	80	9.257469375000003
n138	150	0	0	80	9.43375125
n155	153	0	0	60	9.49651828125
n156	154	0	0	60	9.590001093749999
n153	148	0	0	72	9.35495859375
n139	152	0	0	74	9.492511875
n140	156	0	0	74	9.6073621875
n137	149	0	0	86	9.36964875
n160	163	0	0	41	9.962596874999997
n158	159	0	0	48	9.772960312499999
n159	162	0	0	48	9.881133281249998
n157	158	0	0	53	9.7355671875
n144	164	0	0	56	9.982628906249998
n142	160	0	0	62	9.787650468749998
n143	161	0	0	62	9.894487968749997
n141	157	0	0	68	9.68348390625
n177	167	0	0	36	10.105492031249996
n178	169	0	0	41	10.319167031249998
n179	171	0	0	47	10.396624218749997
n180	173	0	0	48	10.550203124999994
n161	168	0	0	51	10.177607343749997
n162	170	0	0	56	10.335192656249998
n163	172	0	0	63	10.420662656249997
n164	174	0	0	63	10.547532187499995
n181	175	0	0	53	10.638344062499995
n182	178	0	0	59	10.726484999999993
n183	179	0	0	60	10.861367343749993
n184	deletion
n165	176	0	0	68	10.649027812499993
n166	177	0	0	75	10.726484999999993
n167	180	0	0	75	10.853354531249993
n168	182	0	0	80	10.900095937499993
n170	185	0	0	80	11.071035937499992
n188	189	0	0	59	11.24464687499999
n187	188	0	0	60	11.137809374999991
n186	186	0	0	65	11.073706874999992
insertion	181	0	0	65	10.904102343749992
n185	183	0	0	71	10.990907812499993
n171	187	0	0	75	11.112435468749991
n172	190	0	0	75	11.228621249999991
n169	184	0	0	87	10.989572343749993
n192	198	0	0	41	11.639945624999992
n191	deletion
n190	193	0	0	48	11.440960781249991
n189	192	0	0	53	11.36483906249999
n176	197	0	0	56	11.622584531249993
n175	196	0	0	63	11.578514062499993
n197	205	0	0	63	12.6255215625
n199	209	0	0	63	12.94736953125
n201	214	0	0	63	13.18508296875
n174	deletion
n173	191	0	0	68	11.32477499999999
n213	200	0	0	36	11.905703906249991
n214	201	0	0	43	12.228887343749994
n193	195	0	0	48	11.547798281249992
n215	199	0	0	48	12.000522187499993
n216	206	0	0	48	12.498652031249998
n194	202	0	0	51	12.258267656249995
n195	203	0	0	60	12.357092343749997
n196	204	0	0	60	12.486632812499998
n220	212	0	0	48	13.088929218750001
n217	207	0	0	55	12.633534375
n219	210	0	0	55	12.93668578125
n218	208	0	0	60	12.7964615625
n200	211	0	0	60	13.082251875
n198	213	0	0	72	12.74571375
n209	deletion
n224	220	0	0	48	13.569697968749999
n221	215	0	0	55	13.2184696875
n223	218	0	0	55	13.466866875
n222	216	0	0	60	13.338661875000001
n204	219	0	0	60	13.529633906249998
n203	217	0	0	63	13.4107771875
n202	224	0	0	70	13.270552968750001
n210	deletion
n228	229	0	0	48	13.952977500000001
n253	237	0	0	48	14.308212187500004
n225	222	0	0	55	13.648490624999999
n227	227	0	0	55	13.8594946875
n250	231	0	0	55	14.022421875000003
n252	234	0	0	55	14.204045625000003
n226	223	0	0	60	13.766011874999998
n208	228	0	0	60	13.886204062500001
n205	221	0	0	63	13.616439374999999
n207	225	0	0	63	13.81408875
n206	226	0	0	68	13.6778709375
n211	deletion
n251	232	0	0	59	14.123917500000001
n232	236	0	0	59	14.253457968750004
n229	230	0	0	62	13.975680468750001
n231	233	0	0	62	14.155968750000001
n230	235	0	0	67	14.074505156250002
n246	deletion
n257	245	0	0	48	14.643414843750005
n254	238	0	0	55	14.350947187500005
n256	241	0	0	55	14.553938437500005
n255	240	0	0	58	14.444430000000002
n236	243	0	0	58	14.626053750000004
n233	239	0	0	61	14.385669375000004
n235	242	0	0	61	14.535241875000004
n234	244	0	0	67	14.467132968750002
n247	deletion
n261	253	0	0	48	15.061416562500005
n258	246	0	0	53	14.763607031250004
n260	251	0	0	53	14.967933750000006
n259	248	0	0	57	14.882463750000007
n240	252	0	0	57	15.025358906250005
n237	247	0	0	60	14.759600625000004
n239	250	0	0	60	14.970604687500005
n238	249	0	0	65	14.867773593750005
n248	deletion
n265	260	0	0	48	15.432676875000006
n262	254	0	0	53	15.157570312500006
n264	258	0	0	53	15.332516718750007
n263	256	0	0	56	15.227014687500006
n244	261	0	0	56	15.492772968750005
n241	255	0	0	59	15.146886562500006
n243	259	0	0	59	15.369909843750007
n242	257	0	0	65	15.269749687500006
n249	deletion
n282	263	0	0	36	15.802601718750006
n283	264	0	0	43	16.02562500000001
n284	266	0	0	48	16.09239843750001
n285	269	0	0	48	16.241970937500007
n266	262	0	0	51	15.876052500000005
n267	265	0	0	55	16.00559296875001
n268	267	0	0	63	16.11777234375001
n269	268	0	0	63	16.240635468750007
n286	270	0	0	55	16.348808437500008
n287	272	0	0	60	16.42893656250001
n288	274	0	0	60	16.56114796875001
n270	271	0	0	67	16.327440937500008
n289	276	0	0	67	16.59587015625001
n271	273	0	0	75	16.44763312500001
n272	275	0	0	75	16.56114796875001
n273	277	0	0	79	16.60254750000001
n275	280	0	0	79	16.79752593750001
n292	282	0	0	60	16.83759000000001
n293	283	0	0	60	16.95377578125001
n278	284	0	0	67	17.06061328125001
n291	deletion
n290	278	0	0	72	16.72273968750001
n276	281	0	0	75	16.83892546875001
n277	285	0	0	75	16.98849796875001
n274	279	0	0	87	16.70671406250001
n297	292	0	0	43	17.354416406250003
n295	286	0	0	48	17.144747812500007
n296	289	0	0	48	17.299662187500005
n281	291	0	0	55	17.346403593750004
n294	deletion
n279	287	0	0	63	17.152760625000006
n280	290	0	0	63	17.287642968750003
n314	293	0	0	36	17.48929875
n315	295	0	0	41	17.677599843750002
n316	296	0	0	48	17.77375359375
n317	299	0	0	48	17.92599703125
n298	294	0	0	50	17.5507303125
n299	297	0	0	56	17.73368953125
n300	298	0	0	62	17.80580484375
n301	300	0	0	62	17.94469359375
n318	301	0	0	53	18.03550546875
n326	deletion
n319	304	0	0	60	18.135665624999998
n320	308	0	0	60	18.305270156249996
n321	307	0	0	65	18.285238125
n323	313	0	0	65	18.457513593749994
n302	302	0	0	68	18.0555375
n310	deletion
n303	303	0	0	74	18.12631734375
n304	306	0	0	74	18.23582578125
n305	309	0	0	80	18.28390265625
n307	312	0	0	80	18.432139687499994
n324	315	0	0	60	18.517609687499995
n325	316	0	0	60	18.640472812499997
n322	310	0	0	72	18.388069218749994
n308	314	0	0	74	18.517609687499995
n309	deletion
n306	311	0	0	86	18.377385468749996
n329	322	0	0	41	18.951637031249994
n327	320	0	0	48	18.779361562499997
n328	323	0	0	48	18.860825156249994
n313	324	0	0	56	18.981017343749993
n311	319	0	0	62	18.800729062499997
n312	321	0	0	62	18.911572968749994
n346	326	0	0	36	19.08919031249999
n347	327	0	0	44	19.274820468749994
n348	328	0	0	48	19.348271249999996
n349	332	0	0	48	19.48849546875
n330	325	0	0	53	19.145279999999993
n331	329	0	0	60	19.301529843749996
n332	330	0	0	65	19.39768359375
n333	331	0	0	65	19.495172812499998
n350	333	0	0	56	19.599339375
n351	335	0	0	60	19.663441875
n352	337	0	0	60	19.81167890625
n353	339	0	0	68	19.842394687499997
n355	344	0	0	68	20.018676562499994
n334	334	0	0	72	19.6073521875
n335	336	0	0	77	19.71552515625
n336	338	0	0	77	19.780963125
n337	340	0	0	84	19.843730156249997
n339	343	0	0	84	20.002650937499997
n356	345	0	0	60	20.056069687499996
n357	347	0	0	60	20.16424265625
n354	341	0	0	72	19.926529218749994
n340	346	0	0	77	20.068088906249997
n341	349	0	0	77	20.20430671875
n338	342	0	0	89	19.906497187499994
n361	356	0	0	44	20.595599062499993
n359	352	0	0	48	20.353879218749995
n360	354	0	0	48	20.474071406249994
n358	350	0	0	56	20.2804284375
n345	358	0	0	60	20.74650703124999
insertion	357	0	0	60	20.591592656249993
n343	353	0	0	65	20.375246718749995
n344	355	0	0	65	20.486090624999996
n342	351	0	0	72	20.288441249999998
n378	360	0	0	36	20.77054546874999
n379	361	0	0	43	21.037639218749995
n380	363	0	0	48	21.091057968749997
n381	366	0	0	48	21.229946718749993
n362	359	0	0	52	20.869370156249992
n363	362	0	0	60	21.030961874999996
n364	364	0	0	64	21.140470312499993
n365	365	0	0	64	21.253985156249993
n382	367	0	0	55	21.323429531249992
n383	369	0	0	60	21.407564062499993
n384	371	0	0	60	21.529091718749992
n385	373	0	0	67	21.566484843749993
n387	378	0	0	67	21.765469687499998
n366	368	0	0	72	21.355480781249994
n367	370	0	0	76	21.432937968749993
n368	372	0	0	76	21.526420781249993
n369	374	0	0	84	21.579839531249995
n371	377	0	0	84	21.702702656249997
n389	381	0	0	60	21.917713124999995
n388	deletion
n386	375	0	0	72	21.662638593749996
n372	379	0	0	76	21.804198281249995
n373	382	0	0	76	21.913706718749996
n370	376	0	0	88	21.645277499999995
n393	390	0	0	43	22.25158031249999
n391	385	0	0	48	22.05660187499999
n392	388	0	0	48	22.15943296874999
n390	386	0	0	55	22.040576249999994
n377	391	0	0	60	22.25291578124999
n375	387	0	0	64	22.07663390624999
n376	389	0	0	64	22.17679406249999
n374	383	0	0	72	22.012531406249995
n410	392	0	0	41	22.422520312499984
n411	394	0	0	49	22.66290468749999
n412	396	0	0	53	22.76039390624999
n413	398	0	0	53	22.899282656249987
n394	393	0	0	56	22.521344999999986
n395	395	0	0	61	22.68026578124999
n396	397	0	0	68	22.76840671874999
n397	399	0	0	68	22.892605312499988
n414	401	0	0	61	22.991429999999987
n415	404	0	0	65	23.055532499999984
n416	405	0	0	65	23.182402031249982
n398	402	0	0	73	22.990094531249987
n417	406	0	0	73	23.23047890624998
n419	411	0	0	73	23.39073515624998
n399	403	0	0	80	23.059538906249983
n400	407	0	0	80	23.177060156249983
n401	408	0	0	85	23.23314984374998
n403	412	0	0	85	23.382722343749982
n420	413	0	0	65	23.42412187499998
n421	415	0	0	65	23.533630312499977
n418	409	0	0	77	23.32663265624998
n404	414	0	0	80	23.433470156249978
n405	416	0	0	80	23.564346093749975
n402	410	0	0	92	23.32663265624998
n425	424	0	0	49	23.911567968749974
n423	420	0	0	53	23.720595937499976
n424	421	0	0	53	23.830104374999973
n422	417	0	0	61	23.647145156249973
n409	423	0	0	61	23.955638437499974
n407	419	0	0	68	23.723266874999975
n408	422	0	0	68	23.842123593749974
n406	418	0	0	73	23.637796874999975
n442	427	0	0	43	24.08784984374997
n443	429	0	0	50	24.28149281249997
n444	431	0	0	53	24.37631109374997
n426	426	0	0	55	24.11455921874997
n445	433	0	0	55	24.503180624999967
n427	428	0	0	59	24.25611890624997
n428	430	0	0	67	24.35093718749997
n429	432	0	0	67	24.473800312499968
n446	435	0	0	62	24.592657031249967
n447	437	0	0	65	24.656759531249964
n448	441	0	0	67	24.795648281249967
n452	446	0	0	67	25.054729218749966
n430	434	0	0	71	24.568618593749967
n449	439	0	0	74	24.835712343749968
n451	444	0	0	74	25.013329687499965
n431	436	0	0	79	24.646075781249966
n432	438	0	0	79	24.775616249999967
n436	447	0	0	79	25.056064687499966
n437	449	0	0	79	25.165573124999963
n433	440	0	0	83	24.822357656249967
n435	445	0	0	83	24.997304062499968
n453	448	0	0	65	25.17358593749996
n450	442	0	0	77	24.926524218749968
n434	443	0	0	91	24.911834062499967
n457	457	0	0	43	25.651683749999957
n456	454	0	0	50	25.494098437499957
n455	452	0	0	55	25.34719687499996
n441	456	0	0	59	25.657025624999957
n454	450	0	0	62	25.27908796874996
n439	453	0	0	67	25.36589343749996
n440	455	0	0	67	25.512794999999958
n438	451	0	0	71	25.27374609374996
n474	459	0	0	36	26.00558296874996
n475	460	0	0	43	26.402217187499964
n476	462	0	0	48	26.499706406249963
n477	464	0	0	48	26.659962656249963
n458	458	0	0	52	26.09372390624996
n459	461	0	0	55	26.41824281249996
n460	463	0	0	64	26.534428593749965
n461	465	0	0	64	26.650614374999964
n478	468	0	0	55	26.744097187499964
n479	470	0	0	60	26.825560781249962
n480	473	0	0	60	26.935069218749963
n462	469	0	0	67	26.754780937499962
n481	474	0	0	67	26.997836249999963
n463	471	0	0	76	26.83624453124996
n464	472	0	0	76	26.94041109374996
n465	475	0	0	79	27.011190937499965
n484	479	0	0	79	27.238220624999972
n482	476	0	0	72	27.080635312499968
n483	481	0	0	72	27.191479218749972
n485	483	0	0	84	27.333038906249968
n466	477	0	0	88	27.09398999999997
n467	478	0	0	88	27.204833906249974
n468	482	0	0	91	27.24756890624997
n469	484	0	0	100	27.32903249999997
n489	493	0	0	67	27.69361546874996
n487	488	0	0	72	27.458572968749962
n488	490	0	0	72	27.57075234374996
n486	485	0	0	79	27.410496093749966
n473	492	0	0	79	27.67358343749996
n471	487	0	0	88	27.46925671874996
n472	491	0	0	88	27.60680999999996
n470	486	0	0	91	27.417173437499965
n512	501	0	0	48	28.06888218749996
n511	498	0	0	55	27.983412187499958
n509	494	0	0	60	27.76172437499996
n510	496	0	0	60	27.88859390624996
n493	500	0	0	64	28.06086937499996
n492	499	0	0	67	27.97807031249996
n490	495	0	0	76	27.77107265624996
n491	497	0	0	76	27.87791015624996
n515	507	0	0	36	28.644469218749958
n514	505	0	0	43	28.49356124999996
n516	509	0	0	43	28.779351562499954
n518	512	0	0	43	28.985013749999954
n513	502	0	0	48	28.27053796874996
n496	506	0	0	52	28.581702187499957
n495	504	0	0	55	28.480206562499962
n497	508	0	0	55	28.684533281249955
n499	513	0	0	55	28.967652656249953
n494	503	0	0	64	28.350666093749957
n506	deletion
n519	514	0	0	36	29.094522187499955
n520	516	0	0	43	29.202695156249955
n517	511	0	0	47	28.846124999999954
n498	510	0	0	50	28.824757499999954
n501	517	0	0	55	29.202695156249955
n500	515	0	0	62	29.078496562499954
n507	deletion
n523	523	0	0	36	29.57929734374995
n522	521	0	0	43	29.43106031249995
n524	525	0	0	43	29.743559999999952
n521	518	0	0	50	29.293507031249955
n502	519	0	0	53	29.285494218749957
n503	520	0	0	55	29.425718437499953
n505	524	0	0	55	29.77427578124995
n504	522	0	0	67	29.61802593749995
n529	536	0	0	67	30.546176718749958
n508	deletion
n542	526	0	0	36	29.942544843749953
n543	528	0	0	43	30.144200624999957
n544	529	0	0	48	30.255044531249954
n545	534	0	0	48	30.428655468749955
n525	527	0	0	52	30.007982812499954
n526	530	0	0	55	30.213644999999957
n527	531	0	0	64	30.316476093749955
n528	533	0	0	64	30.448687499999956
n541	deletion
n546	535	0	0	55	30.503441718749958
n547	537	0	0	60	30.586240781249955
n548	539	0	0	60	30.698420156249956
n549	541	0	0	67	30.781219218749953
n530	538	0	0	76	30.608943749999955
n531	540	0	0	76	30.730471406249954
n532	542	0	0	79	30.806593124999953
n550	543	0	0	72	30.87069562499995
n551	546	0	0	72	30.99756515624995
n552	547	0	0	79	31.053654843749953
n553	549	0	0	84	31.14580218749995
n533	544	0	0	88	30.89072765624995
n534	545	0	0	88	30.992223281249952
n535	548	0	0	91	31.04163562499995
n536	550	0	0	100	31.14313124999995
n557	557	0	0	67	31.483675781249946
n555	554	0	0	72	31.278013593749947
n556	555	0	0	72	31.39553484374995
n554	552	0	0	79	31.22325937499995
n540	558	0	0	79	31.478333906249947
n538	553	0	0	88	31.268665312499948
n539	556	0	0	88	31.39286390624995
n537	551	0	0	91	31.20589828124995
n580	566	0	0	48	31.86161343749994
n579	563	0	0	55	31.776143437499943
n577	559	0	0	60	31.550449218749947
n578	561	0	0	60	31.658622187499944
n561	565	0	0	64	31.86161343749994
n560	564	0	0	67	31.781485312499942
n558	560	0	0	76	31.559797499999945
n559	562	0	0	76	31.675983281249945
n583	574	0	0	36	32.369091562499925
n582	570	0	0	43	32.23153828124993
n584	572	0	0	43	32.47058718749992
n586	577	0	0	43	32.69494593749991
n581	567	0	0	48	32.02587609374994
n564	571	0	0	52	32.35039499999993
n563	569	0	0	55	32.24489296874993
n565	573	0	0	55	32.44521328124993
n567	578	0	0	55	32.68426218749991
n562	568	0	0	64	32.12870718749994
n574	deletion
n587	582	0	0	36	32.808460781249906
n588	580	0	0	43	32.93265937499991
n585	576	0	0	47	32.558728124999924
n566	575	0	0	50	32.558728124999924
n569	581	0	0	55	32.940672187499906
n568	579	0	0	62	32.816473593749905
n575	deletion
n591	587	0	0	36	33.283887656249874
n590	585	0	0	43	33.167701874999885
n592	589	0	0	43	33.43479562499987
n589	584	0	0	45	33.039496874999905
n570	583	0	0	48	33.039496874999905
n571	586	0	0	55	33.17972109374988
n573	590	0	0	55	33.458834062499875
n572	588	0	0	60	33.30391968749987
n576	deletion
n610	592	0	0	36	33.64045781249988
n611	593	0	0	43	33.871493906249874
n612	594	0	0	47	33.96497671874987
n613	598	0	0	48	34.107871874999866
n593	591	0	0	50	33.73661156249988
n594	595	0	0	55	33.90220968749987
n595	596	0	0	62	34.00771171874987
n596	597	0	0	62	34.121226562499864
n609	deletion
n614	599	0	0	55	34.206696562499864
n615	601	0	0	59	34.26946359374986
n616	604	0	0	60	34.39633312499986
n597	600	0	0	67	34.22405765624986
n617	605	0	0	67	34.46444203124986
n598	602	0	0	74	34.298843906249864
n599	603	0	0	74	34.40568140624986
n600	606	0	0	79	34.48046765624986
n618	607	0	0	71	34.54991203124986
n619	611	0	0	72	34.69280718749987
n620	610	0	0	79	34.72886484374987
n621	613	0	0	83	34.819676718749875
n601	608	0	0	86	34.56193124999986
n602	609	0	0	86	34.662091406249864
n603	612	0	0	91	34.72352296874987
n604	614	0	0	98	34.829024999999874
n625	621	0	0	67	35.14953749999986
n624	619	0	0	71	35.05338374999987
n623	616	0	0	72	34.931856093749865
n622	615	0	0	79	34.91048859374987
n608	622	0	0	79	35.14553109374986
n606	618	0	0	86	34.95322359374986
n607	620	0	0	86	35.07475124999986
n605	617	0	0	91	34.89045656249987
n648	630	0	0	48	35.499430312499854
n647	628	0	0	55	35.40461203124986
n646	625	0	0	59	35.31914203124986
n645	623	0	0	60	35.20429171874986
n629	631	0	0	62	35.51412046874985
n628	629	0	0	67	35.43532781249986
n626	624	0	0	74	35.24168484374986
n627	626	0	0	74	35.35519968749986
n651	638	0	0	36	35.989547343749834
n650	635	0	0	43	35.87069062499983
n652	639	0	0	43	36.10573312499983
n649	632	0	0	47	35.694408749999845
n632	636	0	0	50	35.96951531249984
n631	634	0	0	55	35.87736796874983
n633	637	0	0	55	36.08436562499983
n630	633	0	0	62	35.743821093749844
n642	deletion
n655	647	0	0	36	36.43158749999981
n654	642	0	0	41	36.31940812499982
n656	644	0	0	41	36.543766874999804
n653	641	0	0	45	36.19253859374983
n634	640	0	0	48	36.18452578124983
n635	643	0	0	53	36.30872437499982
n637	646	0	0	53	36.5464378124998
n636	645	0	0	60	36.41823281249981
n663	662	0	0	60	37.665560624999756
n664	663	0	0	60	37.78575281249976
n682	668	0	0	60	37.96470562499975
n643	deletion
n659	654	0	0	36	36.929717343749786
n658	651	0	0	41	36.7734674999998
n660	655	0	0	41	37.08463171874978
n657	649	0	0	45	36.64259156249981
n638	650	0	0	48	36.670636406249805
n639	652	0	0	53	36.808189687499805
n641	656	0	0	53	37.124695781249784
n640	653	0	0	57	36.935059218749785
n644	deletion
n677	658	0	0	36	37.31299687499978
n678	659	0	0	44	37.53735562499977
n661	657	0	0	48	37.39579593749978
n679	660	0	0	48	37.628167499999755
n680	664	0	0	48	37.78174640624976
n662	661	0	0	53	37.558723124999766
n681	665	0	0	56	37.901938593749755
n683	669	0	0	60	38.10626531249976
n665	666	0	0	65	37.896596718749755
n684	671	0	0	68	38.163690468749756
n686	676	0	0	68	38.33062406249975
n666	667	0	0	72	37.96871203124975
n667	670	0	0	72	38.07154312499976
n685	673	0	0	72	38.23580578124976
n671	678	0	0	72	38.389384687499756
n672	680	0	0	72	38.536286249999755
n668	672	0	0	77	38.13698109374976
n670	675	0	0	77	38.301243749999756
n687	677	0	0	60	38.361339843749754
n688	679	0	0	60	38.47886109374976
n669	674	0	0	84	38.24515406249976
n692	689	0	0	44	38.92891406249976
n690	683	0	0	48	38.672504062499755
n691	685	0	0	48	38.802044531249756
n676	688	0	0	53	38.97699093749976
n689	681	0	0	56	38.60172421874975
n674	684	0	0	60	38.69654249999976
n675	686	0	0	60	38.88484359374976
n673	682	0	0	65	38.59504687499975
n709	690	0	0	36	39.12522796874976
n710	692	0	0	43	39.33756749999975
n693	691	0	0	48	39.21336890624976
n711	694	0	0	48	39.39499265624974
n712	697	0	0	48	39.552577968749745
n694	693	0	0	52	39.35626406249975
n695	695	0	0	60	39.44173406249974
n696	696	0	0	60	39.551242499999745
n713	698	0	0	55	39.65273812499974
n714	700	0	0	60	39.73153078124974
n715	703	0	0	60	39.87843234374973
n719	deletion
n697	699	0	0	64	39.66075093749974
n716	706	0	0	67	39.981263437499734
n718	deletion
n698	701	0	0	72	39.743549999999736
n699	702	0	0	72	39.85973578124973
n700	704	0	0	76	39.92918015624973
n702	709	0	0	76	40.09210734374973
n720	711	0	0	60	40.28174390624974
n717	707	0	0	72	40.04269499999973
n703	712	0	0	72	40.255034531249734
n704	deletion
n701	708	0	0	84	40.025333906249735
n724	720	0	0	43	40.695739218749715
n722	718	0	0	48	40.576882499999726
n723	deletion
n708	721	0	0	52	40.72511953124972
n721	714	0	0	55	40.40861343749974
n706	715	0	0	60	40.44734203124973
n707	719	0	0	60	40.60225640624972
n705	713	0	0	64	40.37122031249974
n741	722	0	0	32	41.02559999999971
n742	724	0	0	39	41.46496921874969
n743	725	0	0	44	41.52640078124968
n744	728	0	0	44	41.69066343749967
n725	723	0	0	48	41.18051437499971
n726	726	0	0	51	41.472982031249686
n727	727	0	0	60	41.57581312499967
n728	729	0	0	60	41.69333437499967
n745	731	0	0	51	41.817532968749674
n746	732	0	0	56	41.88964828124967
n747	735	0	0	56	42.02853703124968
n729	730	0	0	63	41.816197499999674
n748	737	0	0	63	42.12469078124967
n730	733	0	0	72	41.89899656249967
n731	734	0	0	72	42.00583406249967
n732	736	0	0	75	42.087297656249675
n751	742	0	0	75	42.36641062499966
n749	739	0	0	68	42.190128749999666
n750	740	0	0	68	42.335694843749664
n752	744	0	0	80	42.44653874999966
n733	738	0	0	84	42.187457812499666
n734	741	0	0	84	42.291624374999664
n735	743	0	0	87	42.34637859374966
n736	745	0	0	96	42.44653874999966
n756	751	0	0	63	42.83248921874966
n754	747	0	0	68	42.55871812499966
n755	749	0	0	68	42.68425218749966
n740	752	0	0	75	42.804444374999655
n753	deletion
n738	748	0	0	84	42.59477578124966
n739	750	0	0	84	42.73767093749966
n737	746	0	0	87	42.519989531249664
n779	759	0	0	44	43.19840765624965
n778	757	0	0	51	43.119614999999655
n776	753	0	0	56	42.88323703124966
n777	755	0	0	56	43.01010656249965
n760	760	0	0	60	43.21576874999965
n759	758	0	0	63	43.13564062499965
n757	754	0	0	72	42.91795921874965
n758	756	0	0	72	43.03815140624965
n782	766	0	0	32	43.80738140624962
n781	764	0	0	39	43.676505468749625
n783	768	0	0	39	43.948941093749625
n785	772	0	0	39	44.2467506249996
n787	776	0	0	39	44.46576749999959
n780	762	0	0	44	43.370683124999644
n763	765	0	0	48	43.79803312499962
n762	763	0	0	51	43.676505468749625
n764	767	0	0	51	43.91154796874962
n766	771	0	0	51	44.2480860937496
n761	761	0	0	60	43.501559062499645
n773	deletion
n786	773	0	0	32	44.3415689062496
n784	770	0	0	43	44.07046874999963
n765	769	0	0	46	44.06646234374963
n768	775	0	0	51	44.4457354687496
n767	774	0	0	58	44.312188593749596
n774	deletion
n790	782	0	0	32	44.84236968749958
n789	780	0	0	39	44.69413265624958
n791	784	0	0	39	44.994613124999574
n788	778	0	0	46	44.53654734374959
n769	777	0	0	49	44.52853453124959
n770	779	0	0	51	44.67543609374958
n772	783	0	0	51	45.01464515624957
n771	781	0	0	63	44.854388906249575
n796	793	0	0	63	45.85064859374953
n775	deletion
n809	785	0	0	32	45.19760437499957
n810	787	0	0	39	45.46469812499956
n811	788	0	0	44	45.544826249999545
n812	791	0	0	44	45.71843718749954
n792	786	0	0	48	45.30711281249957
n793	789	0	0	51	45.52746515624955
n795	790	0	0	60	45.61961249999954
n808	792	0	0	60	45.738469218749536
n794	deletion
n813	794	0	0	51	45.829281093749536
n814	795	0	0	56	45.91742203124953
n815	798	0	0	56	46.04295609374953
n816	800	0	0	63	46.14445171874953
n797	796	0	0	72	45.92409937499953
n798	797	0	0	72	46.03093687499953
n799	799	0	0	75	46.10572312499953
n819	806	0	0	75	46.39017796874952
n817	802	0	0	68	46.209889687499526
n818	804	0	0	68	46.359462187499524
n820	807	0	0	80	46.464964218749515
n800	801	0	0	84	46.19653499999953
n801	803	0	0	84	46.304707968749526
n802	805	0	0	87	46.350113906249526
n803	808	0	0	96	46.45160953124952
n824	815	0	0	63	46.8442373437495
n822	811	0	0	68	46.567795312499506
n823	813	0	0	68	46.7040131249995
n821	809	0	0	75	46.54776328124951
n807	816	0	0	75	46.8095151562495
n805	812	0	0	84	46.578479062499504
n806	814	0	0	84	46.7333934374995
n804	810	0	0	87	46.52372484374951
n847	824	0	0	44	47.22351046874949
n846	821	0	0	51	47.143382343749494
n844	817	0	0	56	46.8936496874995
n845	819	0	0	56	47.02051921874949
n828	823	0	0	60	47.21549765624949
n827	822	0	0	63	47.139375937499494
n825	818	0	0	72	46.913681718749494
n826	820	0	0	72	47.044557656249495
n850	832	0	0	32	47.775059062499466
n849	828	0	0	39	47.638841249999466
n851	831	0	0	39	47.907270468749466
n848	826	0	0	44	47.379760312499485
n831	829	0	0	48	47.76971718749947
n830	827	0	0	51	47.641512187499465
n832	830	0	0	51	47.871212812499465
n829	825	0	0	60	47.49060421874948
n841	deletion
n854	840	0	0	32	48.322601249999444
n853	835	0	0	39	48.221105624999446
n855	838	0	0	39	48.450806249999445
n852	834	0	0	43	48.03146906249947
n833	833	0	0	46	48.03013359374947
n834	836	0	0	51	48.19306078124945
n836	839	0	0	51	48.442793437499446
n835	837	0	0	58	48.30256921874945
n842	deletion
n858	845	0	0	32	48.80069906249942
n857	843	0	0	39	48.69252609374942
n859	847	0	0	39	48.94359421874942
n856	842	0	0	41	48.557643749999436
n837	841	0	0	44	48.54963093749944
n838	844	0	0	51	48.68985515624942
n840	848	0	0	51	48.967632656249414
n839	846	0	0	56	48.80871187499942
n843	deletion
n877	850	0	0	32	49.12121156249942
n878	852	0	0	39	49.4457304687494
n879	853	0	0	43	49.5312004687494
n880	856	0	0	44	49.70080499999939
n860	849	0	0	46	49.26544218749941
n861	851	0	0	51	49.4564142187494
n862	854	0	0	58	49.548561562499394
n863	855	0	0	58	49.69012124999939
n876	deletion
n881	858	0	0	51	49.83568734374939
n882	860	0	0	55	49.90246078124939
n883	862	0	0	56	50.02933031249939
n864	857	0	0	63	49.818326249999394
n884	863	0	0	63	50.13349687499939
n865	859	0	0	70	49.89444796874939
n866	861	0	0	70	50.005291874999386
n867	864	0	0	75	50.10812296874939
n885	866	0	0	67	50.202941249999384
n886	869	0	0	68	50.351178281249375
n887	deletion
n888	deletion
n868	865	0	0	82	50.188251093749386
n869	868	0	0	82	50.28974671874938
n870	deletion
n871	871	0	0	94	50.448667499999374
n892	878	0	0	63	50.79856031249937
n891	876	0	0	67	50.679703593749366
n890	873	0	0	68	50.54348578124937
n889	875	0	0	75	50.57019515624937
n875	879	0	0	75	50.770515468749366
n873	874	0	0	82	50.55283406249937
n874	877	0	0	82	50.690387343749364
n872	deletion
n915	887	0	0	44	51.16848515624936
n914	884	0	0	51	51.07099593749936
n913	882	0	0	55	50.965493906249364
n912	881	0	0	56	50.88269484374936
n903	903	0	0	56	52.088623124999316
n910	deletion
n896	886	0	0	58	51.16447874999936
n895	885	0	0	63	51.06966046874936
n893	880	0	0	70	50.865333749999365
n894	883	0	0	70	50.98552593749936
n918	893	0	0	32	51.63723468749933
n917	890	0	0	39	51.505023281249336
n919	894	0	0	39	51.82553578124933
n916	889	0	0	43	51.33274781249936
n899	892	0	0	46	51.62788640624933
n898	891	0	0	51	51.513036093749335
n900	896	0	0	51	51.750749531249326
n897	888	0	0	58	51.36212812499936
n909	deletion
n922	900	0	0	32	52.144712812499314
n921	899	0	0	37	52.03520437499932
n923	902	0	0	37	52.30897546874932
n920	895	0	0	41	51.91901859374933
n901	897	0	0	44	51.85491609374933
n902	898	0	0	49	51.99647578124932
n904	901	0	0	49	52.21949906249932
n906	907	0	0	49	52.443857812499296
n926	908	0	0	32	52.510631249999285
n925	904	0	0	37	52.4358449999993
n927	909	0	0	37	52.60144312499928
n924	906	0	0	41	52.30363359374932
n905	905	0	0	44	52.318323749999315
n908	911	0	0	49	52.71896437499928
n907	910	0	0	53	52.557372656249285
n911	deletion
n944	913	0	0	32	52.90058812499928
n945	915	0	0	40	53.15699812499926
n928	912	0	0	44	52.980716249999276
n946	916	0	0	44	53.24246812499925
n947	919	0	0	44	53.39604703124925
n929	914	0	0	49	53.15566265624926
n930	917	0	0	56	53.24647453124925
n931	918	0	0	56	53.36399578124925
n948	921	0	0	52	53.54027765624925
n949	923	0	0	56	53.577670781249246
n950	925	0	0	56	53.75795906249925
n932	920	0	0	61	53.48552343749925
n951	927	0	0	64	53.82740343749926
n953	deletion
n933	922	0	0	68	53.55363234374925
n934	924	0	0	68	53.68050187499925
n952	928	0	0	68	53.85945468749926
n935	926	0	0	73	53.756623593749254
n937	930	0	0	73	53.924892656249256
n954	931	0	0	56	53.971634062499255
n955	933	0	0	56	54.103845468749256
n938	932	0	0	68	53.979646874999254
n939	934	0	0	68	54.12120656249925
n936	929	0	0	80	53.85144187499926
n959	940	0	0	40	54.552562968749235
n957	937	0	0	44	54.30149484374924
n958	939	0	0	44	54.44171906249924
n943	941	0	0	49	54.53653734374924
n956	935	0	0	52	54.25074703124925
n941	938	0	0	56	54.33621703124924
n942	942	0	0	56	54.49113140624924
n940	936	0	0	61	54.21869578124925
n976	944	0	0	32	54.698129062499234
n977	946	0	0	39	54.886430156249226
n960	943	0	0	44	54.73685765624923
n978	947	0	0	44	54.951868124999216
n979	949	0	0	44	55.09743421874919
n983	957	0	0	44	55.46735906249916
n986	963	0	0	44	56.0696554687491
n987	966	0	0	44	56.275317656249065
n961	945	0	0	48	54.85704984374922
n962	948	0	0	56	54.959880937499214
n963	950	0	0	56	55.09342781249919
n980	952	0	0	51	55.233652031249186
n982	956	0	0	51	55.405927499999166
n981	953	0	0	56	55.30443187499918
n967	958	0	0	56	55.46602359374916
n964	951	0	0	60	55.184239687499186
n966	955	0	0	60	55.39390828124917
n965	954	0	0	68	55.32179296874918
n984	960	0	0	32	55.69038234374915
n985	961	0	0	38	55.94545687499912
n968	959	0	0	42	55.79054249999914
n969	962	0	0	48	55.97350171874911
n970	964	0	0	54	56.093693906249094
n971	965	0	0	54	56.24193093749907
n991	974	0	0	44	56.777453906249
n988	968	0	0	50	56.411535468749044
n990	971	0	0	50	56.63856515624901
n975	973	0	0	54	56.769441093749
n989	969	0	0	56	56.51436656249903
n972	967	0	0	60	56.35544578124905
n974	972	0	0	60	56.654590781249006
n973	970	0	0	66	56.51970843749903
n1008	976	0	0	31	57.172752656249
n1009	977	0	0	38	57.56270953124898
n992	975	0	0	43	57.280925624998986
n1010	979	0	0	43	57.634824843748966
n1011	982	0	0	43	57.82846781249894
n993	978	0	0	47	57.53600015624898
n994	980	0	0	55	57.66954703124896
n995	981	0	0	55	57.82846781249894
n1012	983	0	0	50	57.916608749998936
n1013	985	0	0	55	58.00608515624892
n1014	988	0	0	55	58.13562562499891
n996	984	0	0	59	57.916608749998936
n1015	990	0	0	62	58.2197601562489
n1017	994	0	0	62	58.45079624999888
n997	986	0	0	67	58.01009156249892
n998	987	0	0	67	58.150315781248906
n1016	991	0	0	67	58.354642499998896
n999	989	0	0	71	58.213082812498904
n1001	993	0	0	71	58.430764218748884
n1019	997	0	0	55	58.63642640624889
n1018	deletion
n1002	995	0	0	67	58.521576093748884
n1003	996	0	0	67	58.66447124999888
n1000	992	0	0	79	58.3426232812489
n1023	1007	0	0	38	59.07446015624886
n1021	1003	0	0	43	58.84342406249888
n1022	1005	0	0	43	58.95159703124888
n1007	1006	0	0	47	59.06511187499886
n1020	1001	0	0	50	58.785998906248885
n1005	1002	0	0	55	58.84876593749888
n1006	1004	0	0	55	58.991661093748874
n1004	999	0	0	59	58.76863781249889
n1040	1009	0	0	31	59.248071093748834
n1041	1010	0	0	39	59.480442656248805
n1042	1012	0	0	43	59.535196874998796
n1043	1014	0	0	43	59.69278218749878
n1024	1008	0	0	44	59.31751546874882
n1025	1011	0	0	48	59.46575249999881
n1026	1013	0	0	56	59.55656437499879
n1027	1015	0	0	56	59.67542109374878
n1044	1016	0	0	51	59.81163890624877
n1045	1018	0	0	55	59.863722187498766
n1046	1020	0	0	55	60.01730109374877
n1028	1017	0	0	60	59.77958765624877
n1047	1022	0	0	63	60.07739718749877
n1029	1019	0	0	68	59.88642515624877
n1030	1021	0	0	68	60.00261093749877
n1031	1023	0	0	72	60.08407453124877
n1050	1028	0	0	55	60.34582640624874
n1051	1030	0	0	55	60.478037812498734
n1049	1027	0	0	63	60.29774953124875
n1048	1024	0	0	67	60.190912031248764
n1034	1029	0	0	68	60.37253578124874
n1035	1031	0	0	68	60.519437343748734
n1033	1026	0	0	72	60.29107218749875
n1032	1025	0	0	80	60.19892484374876
n1055	1038	0	0	39	60.90672328124869
n1053	1034	0	0	43	60.66233249999871
n1054	1037	0	0	43	60.8105695312487
n1039	1039	0	0	48	60.91473609374869
n1052	1032	0	0	51	60.60223640624872
n1037	1035	0	0	56	60.68503546874871
n1038	1036	0	0	56	60.8172468749987
n1036	1033	0	0	60	60.583539843748724
n1072	1041	0	0	31	61.06430859374867
n1073	1042	0	0	38	61.25394515624865
n1074	1043	0	0	44	61.32338953124864
n1075	1047	0	0	44	61.48631671874864
n1056	1040	0	0	48	61.13241749999866
n1057	1044	0	0	53	61.29267374999864
n1058	1045	0	0	60	61.38749203124864
n1059	1046	0	0	60	61.50100687499864
n1076	1048	0	0	50	61.59181874999864
n1077	1050	0	0	56	61.66660499999863
n1078	1052	0	0	56	61.82151937499863
n1079	1054	0	0	62	61.88562187499863
n1060	1049	0	0	65	61.606508906248635
n1061	1051	0	0	72	61.67862421874863
n1062	1053	0	0	72	61.82151937499863
n1063	1055	0	0	77	61.90966031249862
n1082	1060	0	0	56	62.16473484374858
n1083	1063	0	0	56	62.31030093749856
n1081	1059	0	0	62	62.148709218748586
n1080	1056	0	0	68	61.97643374999861
n1066	1062	0	0	72	62.208805312498576
n1067	1064	0	0	72	62.33033296874856
n1065	1058	0	0	77	62.144702812498586
n1064	1057	0	0	84	62.020504218748606
n1087	1072	0	0	38	62.761689374998504
n1085	1067	0	0	44	62.48925374999853
n1086	1070	0	0	44	62.62280062499851
n1084	1066	0	0	50	62.45987343749854
n1108	deletion
n1071	1071	0	0	53	62.7283026562485
n1069	1068	0	0	60	62.51329218749853
n1070	1069	0	0	60	62.62814249999851
n1068	1065	0	0	65	62.42648671874854
n1104	1074	0	0	31	62.9005781249985
n1105	1075	0	0	38	63.13161421874849
n1106	1077	0	0	43	63.18903937499848
n1107	1080	0	0	43	63.34796015624846
n1088	1073	0	0	47	62.9753643749985
n1089	1076	0	0	53	63.12760781249849
n1090	1078	0	0	59	63.218419687498475
n1091	1079	0	0	59	63.33727640624846
n1109	1082	0	0	55	63.505545468748444
n1110	1085	0	0	55	63.651111562498436
n1114	1092	0	0	55	63.93823734374841
n1115	deletion
n1111	1087	0	0	62	63.73391062499844
n1113	deletion
n1092	1081	0	0	65	63.446784843748446
n1093	1083	0	0	71	63.51355828124844
n1094	1084	0	0	71	63.63241499999844
n1095	1086	0	0	77	63.71654953124844
n1097	1090	0	0	77	63.84876093749842
n1112	1088	0	0	67	63.811367812498425
n1098	1091	0	0	71	63.93556640624841
n1099	1093	0	0	71	64.05041671874841
n1096	1089	0	0	83	63.78065203124843
n1119	1099	0	0	38	64.44972187499835
n1117	1097	0	0	43	64.30949765624837
n1118	deletion
n1140	1108	0	0	50	65.18422968749826
n1116	deletion
n1103	1098	0	0	53	64.45773468749834
n1101	1095	0	0	59	64.25073703124838
n1102	1096	0	0	59	64.38561937499836
n1100	1094	0	0	65	64.1465704687484
n1136	1101	0	0	31	64.65404859374833
n1137	1102	0	0	38	64.8824137499983
n1138	1103	0	0	43	64.9478517187483
n1139	1107	0	0	43	65.11344984374827
n1120	1100	0	0	47	64.76088609374831
n1121	1104	0	0	53	64.9077876562483
n1122	1105	0	0	59	65.00661234374829
n1123	1106	0	0	59	65.13882374999827
n1141	1110	0	0	55	65.26836421874825
n1142	1113	0	0	55	65.41660124999824
n1143	1115	0	0	62	65.45666531249823
n1124	1109	0	0	65	65.22830015624825
n1125	1111	0	0	71	65.29774453124824
n1126	1112	0	0	71	65.40458203124824
n1127	1114	0	0	77	65.49005203124823
n1129	1118	0	0	77	65.65965656249821
n1146	1119	0	0	55	65.69037234374821
n1147	1122	0	0	55	65.86264781249818
n1145	deletion
n1144	1116	0	0	67	65.57418656249821
n1130	1120	0	0	71	65.7250945312482
n1131	1123	0	0	71	65.85463499999818
n1128	1117	0	0	83	65.56884468749821
n1151	1130	0	0	38	66.18583124999815
n1149	1126	0	0	43	65.97883359374816
n1150	1128	0	0	43	66.10703859374816
n1148	1124	0	0	50	65.93342765624817
n1135	1131	0	0	53	66.22856624999814
n1133	1127	0	0	59	66.03091687499816
n1134	1129	0	0	59	66.14576718749815
n1132	1125	0	0	65	65.93075671874817
n1168	1133	0	0	32	66.36344859374815
n1169	1134	0	0	41	66.59715562499812
n1170	1135	0	0	44	66.65057437499811
n1171	1139	0	0	44	66.8188434374981
n1152	1132	0	0	48	66.45426046874813
n1153	1136	0	0	53	66.60516843749812
n1154	1137	0	0	60	66.68930296874811
n1155	1138	0	0	60	66.8135015624981
n1172	1140	0	0	53	66.9523903124981
n1180	deletion
n1173	1143	0	0	56	66.99913171874809
n1174	1145	0	0	56	67.15671703124808
n1156	1141	0	0	65	66.9310228124981
n1175	1149	0	0	65	67.18876828124807
n1177	deletion
n1157	1142	0	0	72	66.99378984374809
n1158	1144	0	0	72	67.12733671874808
n1159	1146	0	0	77	67.18743281249807
n1161	1150	0	0	77	67.34635359374806
n1178	1151	0	0	56	67.36638562499806
n1179	1153	0	0	56	67.49325515624805
n1176	1147	0	0	68	67.26488999999806
n1162	1152	0	0	72	67.39843687499805
n1163	1154	0	0	72	67.50928078124805
n1160	1148	0	0	84	67.27156734374806
n1183	1161	0	0	41	67.89790218749803
n1181	1156	0	0	44	67.66152421874804
n1182	1158	0	0	44	67.78972921874804
n1167	1160	0	0	53	67.90858593749803
n1165	1157	0	0	60	67.69491093749804
n1166	1159	0	0	60	67.81777406249803
n1164	1155	0	0	65	67.60543453124805
n1200	1162	0	0	33	68.07284859374802
n1201	1164	0	0	42	68.290529999998
n1202	1166	0	0	45	68.34261328124799
n1203	1168	0	0	45	68.49352124999798
n1184	1163	0	0	51	68.13027374999801
n1185	1165	0	0	54	68.274504374998
n1186	1167	0	0	63	68.37867093749799
n1187	1169	0	0	63	68.49886312499798
n1204	1170	0	0	54	68.60570062499798
n1205	1172	0	0	57	68.66446124999797
n1206	1174	0	0	57	68.82204656249796
n1188	1171	0	0	66	68.60570062499798
n1207	1176	0	0	66	68.86745249999797
n1209	1180	0	0	66	69.03705703124794
n1189	1173	0	0	75	68.68449328124797
n1190	1175	0	0	75	68.81136281249796
n1191	1177	0	0	78	68.89015546874796
n1193	1181	0	0	78	69.02637328124794
n1210	1182	0	0	57	69.07845656249793
n1211	1184	0	0	57	69.18529406249793
n1208	1178	0	0	69	68.95025156249795
n1194	1183	0	0	75	69.09181124999793
n1195	1185	0	0	75	69.21467437499793
n1192	1179	0	0	87	68.96494171874795
n1215	1192	0	0	42	69.5966184374979
n1213	1189	0	0	45	69.3829434374979
n1214	1191	0	0	45	69.4977937499979
n1212	1186	0	0	54	69.29346703124791
n1199	1193	0	0	54	69.63267609374789
n1197	1188	0	0	63	69.3735951562479
n1198	1190	0	0	63	69.5098129687479
n1196	1187	0	0	66	69.31349906249791
n1232	1195	0	0	34	69.80361609374789
n1233	1196	0	0	43	70.13347687499788
n1234	1197	0	0	46	70.18689562499787
n1235	1201	0	0	46	70.36451296874786
n1216	1194	0	0	50	69.92380828124789
n1217	1198	0	0	55	70.12546406249788
n1218	1199	0	0	62	70.21494046874787
n1219	1200	0	0	62	70.34848734374786
n1236	1202	0	0	55	70.45265390624786
n1237	1205	0	0	58	70.53678843749785
n1238	1210	0	0	58	70.73844421874784
n1220	1203	0	0	67	70.45265390624786
n1239	1208	0	0	67	70.69971562499785
n1241	deletion
n1221	1204	0	0	74	70.51942734374785
n1222	1206	0	0	74	70.63427765624785
n1223	1207	0	0	79	70.68502546874785
n1225	1213	0	0	79	70.86130734374782
n1242	1212	0	0	58	70.84261078124783
n1243	1215	0	0	58	71.00019609374782
n1240	1209	0	0	70	70.78385015624784
n1226	1214	0	0	74	70.90804874999782
n1227	1217	0	0	74	71.02156359374781
n1224	1211	0	0	86	70.78919203124784
n1247	1224	0	0	43	71.39816578124778
n1245	1219	0	0	46	71.1764779687478
n1246	1222	0	0	46	71.2913282812478
n1244	1216	0	0	55	71.08433062499782
n1231	1225	0	0	55	71.39549484374778
n1229	1220	0	0	62	71.1884971874978
n1230	1223	0	0	62	71.3367342187478
n1228	1218	0	0	67	71.10169171874782
n1264	1226	0	0	35	71.61851812499779
n1265	1228	0	0	41	71.86157343749777
n1266	1229	0	0	47	71.93769515624776
n1267	1232	0	0	47	72.08192578124775
n1248	1227	0	0	50	71.70799453124779
n1249	1230	0	0	56	71.91766312499776
n1250	1231	0	0	62	71.98310109374775
n1251	1233	0	0	62	72.11264156249774
n1268	1234	0	0	53	72.18475687499775
n1269	1235	0	0	59	72.25420124999773
n1270	1239	0	0	59	72.38908359374773
n1271	1240	0	0	65	72.43716046874772
n1252	1236	0	0	68	72.21947906249774
n1253	1237	0	0	74	72.28758796874773
n1254	1238	0	0	74	72.42647671874772
n1255	1241	0	0	80	72.48123093749771
n1257	1244	0	0	80	72.61344234374769
n1274	1245	0	0	59	72.65751281249769
n1275	1247	0	0	59	72.79506609374768
n1273	deletion
n1272	1242	0	0	71	72.5306432812477
n1258	1246	0	0	74	72.67086749999768
n1259	1249	0	0	74	72.80842078124768
n1256	1243	0	0	86	72.5600235937477
n1279	1255	0	0	41	73.13026874999765
n1277	1253	0	0	47	73.01675390624764
n1278	deletion
n1276	1250	0	0	53	72.88854890624766
n1263	1256	0	0	56	73.16365546874765
n1261	1252	0	0	62	72.97668984374765
n1262	1254	0	0	62	73.07952093749765
n1260	1251	0	0	68	72.88854890624766
n1296	1258	0	0	36	73.29987328124764
n1297	1259	0	0	41	73.48550343749763
n1298	1261	0	0	48	73.57364437499761
n1299	1263	0	0	48	73.7245523437476
n1280	1257	0	0	51	73.34527921874763
n1281	1260	0	0	56	73.51221281249762
n1282	1262	0	0	63	73.58833453124761
n1283	1264	0	0	63	73.7325651562476
n1300	1265	0	0	53	73.8514218749976
n1301	1269	0	0	60	73.91418890624759
n1302	1272	0	0	60	74.07310968749758
n1303	1271	0	0	65	74.09848359374757
n1305	1276	0	0	65	74.28544921874754
n1284	1266	0	0	68	73.8327253124976
n1285	1268	0	0	75	73.91418890624759
n1286	1270	0	0	75	74.03838749999758
n1287	1273	0	0	80	74.10248999999757
n1289	1277	0	0	80	74.25072703124755
n1306	deletion
n1307	deletion
n1304	1274	0	0	72	74.18662453124756
n1290	1278	0	0	75	74.30013937499754
n1291	1280	0	0	75	74.43635718749753
n1288	1275	0	0	87	74.19063093749756
n1311	deletion
n1309	1284	0	0	48	74.67139968749753
n1310	deletion
n1308	deletion
n1295	1287	0	0	56	74.79960468749752
n1293	1283	0	0	63	74.57925234374753
n1294	1286	0	0	63	74.70211546874752
n1292	1281	0	0	68	74.50446609374754
n1328	1288	0	0	39	74.96119640624751
n1329	1290	0	0	44	75.17620687499749
n1330	1291	0	0	51	75.26701874999749
n1331	1295	0	0	51	75.39789468749748
n1312	1289	0	0	55	75.03464718749751
n1313	1292	0	0	60	75.19757437499749
n1314	1293	0	0	67	75.29372812499749
n1315	1294	0	0	67	75.41792671874748
n1332	1296	0	0	56	75.48470015624748
n1333	1298	0	0	63	75.57284109374748
n1334	1301	0	0	63	75.72775546874747
n1335	1302	0	0	68	75.75045843749747
n1337	1306	0	0	68	75.94143046874746
n1316	1297	0	0	72	75.49671937499748
n1317	1299	0	0	79	75.57417656249748
n1318	1300	0	0	79	75.69703968749748
n1319	1303	0	0	84	75.75179390624747
n1321	1307	0	0	84	75.92273390624746
n1338	1308	0	0	63	75.94543687499745
n1339	1310	0	0	63	76.07764828124745
n1336	1304	0	0	75	75.84794765624746
n1322	1309	0	0	79	75.97615265624745
n1323	1311	0	0	79	76.09768031249745
n1320	1305	0	0	91	75.84928312499746
n1343	1318	0	0	44	76.41952828124744
n1341	1315	0	0	51	76.33405828124744
n1342	deletion
n1340	1312	0	0	56	76.18849218749745
n1327	1319	0	0	60	76.45157953124743
n1325	1314	0	0	67	76.24725281249744
n1326	1316	0	0	67	76.36477406249743
n1324	1313	0	0	72	76.15911187499745
n1360	1321	0	0	38	76.58245546874743
n1361	1322	0	0	44	76.80013687499739
n1362	1324	0	0	50	76.85756203124738
n1363	1327	0	0	50	77.00713453124737
n1344	1320	0	0	53	76.62251953124742
n1345	1323	0	0	60	76.7854467187474
n1346	1325	0	0	65	76.88560687499738
n1347	1326	0	0	65	77.00446359374737
n1364	1329	0	0	56	77.10462374999737
n1365	1330	0	0	62	77.17406812499736
n1366	1333	0	0	62	77.30494406249736
n1367	1334	0	0	68	77.34901453124735
n1369	1339	0	0	68	77.52796734374732
n1348	1328	0	0	72	77.10462374999737
n1349	1331	0	0	77	77.19009374999736
n1350	1332	0	0	77	77.28357656249736
n1351	1336	0	0	84	77.36504015624735
n1370	1341	0	0	62	77.55467671874732
n1371	1344	0	0	62	77.67353343749731
n1368	1337	0	0	74	77.44783921874733
n1354	1342	0	0	77	77.56536046874731
n1355	1345	0	0	77	77.68154624999731
n1353	1340	0	0	83	77.48923874999733
n1352	1338	0	0	89	77.41445249999734
n1375	1351	0	0	44	78.06081937499731
n1374	1349	0	0	50	77.96065921874731
n1373	deletion
n1372	deletion
n1359	1352	0	0	59	78.06616124999731
n1357	1347	0	0	65	77.84313796874731
n1358	1350	0	0	65	77.9806912499973
n1356	1346	0	0	71	77.74297781249732
n1392	1354	0	0	43	78.2998682812473
n1393	1357	0	0	50	78.54158812499728
n1394	1359	0	0	53	78.63507093749726
n1395	1361	0	0	55	78.77262421874725
n1376	1353	0	0	56	78.34527421874729
n1377	1355	0	0	59	78.51354328124728
n1378	1358	0	0	68	78.60301968749727
n1379	1360	0	0	68	78.75793406249726
n1396	1363	0	0	62	78.85542328124725
n1397	1365	0	0	65	78.93288046874724
n1398	1367	0	0	67	79.06375640624724
n1380	1362	0	0	71	78.84741046874726
n1399	1368	0	0	74	79.11583968749724
n1401	1375	0	0	74	79.29879890624721
n1381	1364	0	0	80	78.93555140624724
n1382	1366	0	0	80	79.05974999999724
n1383	1369	0	0	83	79.11450421874724
n1385	1374	0	0	83	79.28677968749722
n1403	1378	0	0	65	79.4430295312472
n1402	1377	0	0	67	79.33485656249721
n1400	1370	0	0	77	79.22534812499723
n1386	1376	0	0	80	79.31348906249721
n1387	1380	0	0	80	79.4497068749972
n1384	1372	0	0	92	79.20665156249723
n1407	1387	0	0	50	79.82764453124719
n1406	deletion
n1405	1385	0	0	55	79.66872374999718
n1391	1388	0	0	59	79.83565734374719
n1404	1381	0	0	62	79.5418542187472
n1390	1386	0	0	68	79.76754843749718
n1389	deletion
n1388	deletion
n1424	1391	0	0	43	79.96252687499718
n1425	1392	0	0	50	80.15884078124715
n1426	1394	0	0	53	80.24965265624714
n1408	1390	0	0	55	80.01861656249717
n1427	1397	0	0	55	80.37251578124713
n1409	1393	0	0	59	80.16952453124715
n1410	1395	0	0	67	80.24965265624714
n1411	1396	0	0	67	80.37118031249713
n1428	1398	0	0	62	80.45531484374713
n1429	1400	0	0	65	80.53677843749712
n1430	1405	0	0	67	80.66364796874711
n1434	deletion
n1412	1399	0	0	71	80.45932124999713
n1431	1403	0	0	74	80.71038937499712
n1433	1411	0	0	74	80.88934218749709
n1413	1401	0	0	79	80.53677843749712
n1414	1402	0	0	79	80.65429968749712
n1415	1406	0	0	83	80.72107312499712
n1417	1409	0	0	83	80.8559554687471
n1435	1412	0	0	65	81.02956640624708
n1432	1408	0	0	77	80.8065431249971
n1418	1410	0	0	79	80.88800671874709
n1419	1413	0	0	79	81.00819890624709
n1416	1407	0	0	91	80.79051749999711
n1439	1421	0	0	50	81.44356171874706
n1438	1418	0	0	53	81.32336953124707
n1437	1417	0	0	55	81.18982265624707
n1423	1420	0	0	59	81.40750406249707
n1436	1415	0	0	62	81.13373296874708
n1421	1416	0	0	67	81.18047437499708
n1422	1419	0	0	67	81.29532468749707
n1420	1414	0	0	71	81.09633984374709
n1456	1423	0	0	31	81.74270671874707
n1457	1425	0	0	38	82.05520640624705
n1440	1422	0	0	43	81.84820874999707
n1458	1427	0	0	43	82.15670203124704
n1459	1429	0	0	43	82.29959718749703
n1441	1424	0	0	47	82.04852906249705
n1442	1426	0	0	55	82.14334734374704
n1443	1428	0	0	55	82.27555874999703
n1463	1437	0	0	43	82.618774218747
n1448	1438	0	0	43	82.879190624997
n1460	1431	0	0	50	82.36770609374703
n1462	1435	0	0	50	82.57203281249701
n1461	1432	0	0	55	82.47587906249701
n1447	1436	0	0	55	82.61209687499701
n1444	1430	0	0	59	82.37972531249703
n1446	1434	0	0	59	82.53864609374702
n1445	1433	0	0	67	82.47988546874701
n1464	1439	0	0	32	82.840462031247
n1465	1440	0	0	36	83.03944687499697
n1466	1442	0	0	44	83.14361343749695
n1467	1446	0	0	44	83.28250218749695
n1449	1441	0	0	48	83.07951093749696
n1450	1443	0	0	55	83.16498093749695
n1451	1444	0	0	55	83.29185046874694
n1471	1452	0	0	44	83.56562156249693
n1468	1445	0	0	48	83.37999140624694
n1470	1450	0	0	48	83.54959593749693
n1455	1453	0	0	55	83.58965999999693
n1469	1448	0	0	56	83.44542937499693
n1452	1447	0	0	60	83.38266234374694
n1454	1451	0	0	60	83.52822843749694
n1453	1449	0	0	67	83.47614515624693
n1488	1455	0	0	33	83.77261921874691
n1489	1456	0	0	37	83.99697796874689
n1472	1454	0	0	43	83.79265124999691
n1490	1458	0	0	45	84.07977703124688
n1491	1460	0	0	45	84.22934953124687
n1473	1457	0	0	49	83.99964890624689
n1474	1459	0	0	55	84.08244796874688
n1475	1462	0	0	55	84.23068499999687
n1495	1468	0	0	45	84.54852656249685
n1492	1461	0	0	49	84.31882593749687
n1494	1467	0	0	49	84.47774671874686
n1479	1469	0	0	55	84.57657140624684
n1493	1464	0	0	57	84.37758656249686
n1476	1463	0	0	61	84.32817421874687
n1478	1466	0	0	61	84.51647531249685
n1477	1465	0	0	67	84.43100531249685
n1496	1470	0	0	34	84.80226562499682
n1497	1472	0	0	37	84.94649624999681
n1499	1475	0	0	37	85.1721904687468
n1480	1471	0	0	43	84.80894296874682
n1498	1474	0	0	46	85.0573401562468
n1481	1473	0	0	49	84.96786374999681
n1483	1477	0	0	49	85.2349574999968
n1482	1476	0	0	55	85.1067524999968
n1500	1480	0	0	35	85.36449796874679
n1501	1481	0	0	38	85.52475421874678
n1503	1487	0	0	38	85.80787359374676
n1484	1478	0	0	43	85.36850437499679
n1502	1484	0	0	47	85.67165578124677
n1485	1482	0	0	50	85.52341874999678
n1487	1485	0	0	50	85.79318343749677
n1486	1483	0	0	55	85.66497843749677
n1520	1490	0	0	36	86.15242453124675
n1521	1491	0	0	43	86.44622765624673
n1522	1493	0	0	48	86.55440062499675
n1523	1495	0	0	48	86.68794749999674
n1504	1489	0	0	51	86.22453984374675
n1505	1492	0	0	55	86.43955031249673
n1506	1494	0	0	63	86.57042624999674
n1507	1496	0	0	63	86.69996671874674
n1524	1497	0	0	55	86.79478499999674
n1525	1499	0	0	60	86.88292593749672
n1526	1501	0	0	60	87.00178265624672
n1508	1498	0	0	67	86.80146234374673
n1527	1504	0	0	67	87.06454968749671
n1529	1508	0	0	67	87.27421828124668
n1509	1500	0	0	75	86.90162249999672
n1510	1502	0	0	75	87.03249843749671
n1511	1503	0	0	79	87.0805753124967
n1513	1507	0	0	79	87.23949609374668
n1530	1509	0	0	60	87.29959218749667
n1531	1511	0	0	60	87.41043609374667
n1528	1505	0	0	72	87.16738078124669
n1514	1510	0	0	75	87.30760499999667
n1515	1513	0	0	75	87.43848093749666
n1512	1506	0	0	87	87.19409015624669
n1535	1519	0	0	43	87.81241218749663
n1533	1515	0	0	48	87.59072437499665
n1534	1518	0	0	48	87.69088453124664
n1532	1512	0	0	55	87.52528640624666
n1519	deletion
n1517	1516	0	0	63	87.61609828124665
n1518	1517	0	0	63	87.78169640624664
n1516	1514	0	0	67	87.55867312499666
n1552	1522	0	0	36	87.96465562499664
n1553	1523	0	0	41	88.16230499999662
n1554	1525	0	0	48	88.27047796874662
n1555	1529	0	0	48	88.40803124999661
n1536	1521	0	0	50	88.00605515624663
n1537	1524	0	0	56	88.19569171874662
n1538	1526	0	0	62	88.26914249999662
n1539	1527	0	0	62	88.41604406249661
n1556	1530	0	0	53	88.51353328124661
n1557	1528	0	0	60	88.40936671874661
n1558	1533	0	0	60	88.5909904687466
n1562	1537	0	0	60	88.7525821874966
n1559	1535	0	0	65	88.7953171874966
n1561	1542	0	0	65	88.97694093749658
n1540	deletion
n1541	1532	0	0	74	88.5963323437466
n1542	1534	0	0	74	88.7004989062466
n1543	1536	0	0	80	88.7726142187466
n1545	1540	0	0	80	88.91818031249659
n1563	1543	0	0	60	89.11315874999657
n1560	1538	0	0	72	88.87143890624658
n1546	1541	0	0	74	88.97560546874658
n1547	1545	0	0	74	89.10381046874657
n1544	1539	0	0	86	88.86743249999658
n1567	1550	0	0	41	89.47507078124654
n1565	deletion
n1566	deletion
n1564	deletion
n1551	1552	0	0	56	89.49510281249654
n1549	1547	0	0	62	89.29611796874656
n1550	1551	0	0	62	89.39894906249654
n1548	1546	0	0	68	89.20931249999657
n1584	1554	0	0	36	89.61796593749652
n1585	1555	0	0	44	89.8343118749965
n1586	1556	0	0	48	89.89841437499649
n1587	1560	0	0	48	90.04130953124648
n1568	1553	0	0	53	89.66604281249651
n1569	1557	0	0	60	89.8409892187465
n1570	1558	0	0	65	89.94248484374648
n1571	1559	0	0	65	90.05599968749648
n1588	1561	0	0	56	90.14948249999648
n1589	1563	0	0	60	90.21224953124648
n1590	1565	0	0	60	90.35113828124648
n1591	1567	0	0	68	90.40322156249648
n1593	1571	0	0	68	90.59552906249647
n1572	1562	0	0	72	90.15883078124648
n1573	1564	0	0	77	90.24563624999648
n1574	1566	0	0	77	90.34045453124648
n1575	1568	0	0	84	90.41256984374648
n1577	1572	0	0	84	90.55813593749647
n1594	1573	0	0	60	90.62624484374646
n1595	1575	0	0	60	90.73975968749646
n1592	1569	0	0	72	90.49403343749647
n1578	1574	0	0	77	90.63158671874646
n1579	1576	0	0	77	90.81721687499646
n1576	1570	0	0	89	90.48468515624647
n1599	1585	0	0	44	91.13906484374644
n1597	1581	0	0	48	90.94007999999644
n1598	1582	0	0	48	91.04958843749644
n1596	1577	0	0	56	90.85193906249646
n1583	1586	0	0	60	91.16844515624643
n1582	1583	0	0	65	91.08163968749643
n1581	deletion
n1580	1579	0	0	72	90.89066765624645
n1616	1588	0	0	36	91.30199203124643
n1617	1590	0	0	43	91.51433156249641
n1618	1592	0	0	48	91.6064789062464
n1619	1594	0	0	48	91.74269671874639
n1600	1587	0	0	51	91.36075265624642
n1601	1589	0	0	55	91.49162859374641
n1602	1591	0	0	63	91.5824404687464
n1603	1593	0	0	63	91.73735484374639
n1620	1596	0	0	55	91.83350859374639
n1621	1598	0	0	60	91.91363671874637
n1622	1600	0	0	60	92.04050624999637
n1604	1595	0	0	67	91.81214109374639
n1623	1602	0	0	67	92.09926687499637
n1605	1597	0	0	75	91.91230124999637
n1606	1599	0	0	75	92.02848703124637
n1607	1601	0	0	79	92.08858312499638
n1609	1606	0	0	79	92.27421328124635
n1626	1608	0	0	60	92.30092265624634
n1627	1609	0	0	60	92.42378578124634
n1625	1605	0	0	67	92.29290984374634
n1624	1603	0	0	72	92.19408515624636
n1610	1607	0	0	75	92.29558078124634
n1611	1611	0	0	75	92.43580499999634
n1608	1604	0	0	87	92.18740781249636
n1631	1616	0	0	43	92.81107171874632
n1629	1614	0	0	48	92.61342234374632
n1630	1615	0	0	48	92.71758890624632
n1628	1610	0	0	55	92.53596515624633
n1615	1617	0	0	55	92.82041999999632
n1613	1613	0	0	63	92.60674499999632
n1614	deletion
n1612	1612	0	0	67	92.53195874999633
n1648	1619	0	0	36	92.94728953124633
n1649	1620	0	0	41	93.13158421874631
n1650	1622	0	0	48	93.2384217187463
n1651	1625	0	0	48	93.38665874999629
n1632	1618	0	0	50	92.99269546874632
n1633	1621	0	0	56	93.1663064062463
n1634	1623	0	0	62	93.2330798437463
n1635	1624	0	0	62	93.37330406249629
n1652	1626	0	0	53	93.48548343749628
n1653	1628	0	0	60	93.55759874999627
n1654	1633	0	0	60	93.72453234374628
n1655	1631	0	0	65	93.76326093749627
n1657	1637	0	0	65	93.93553640624626
n1636	1627	0	0	68	93.49082531249628
n1637	1629	0	0	74	93.56427609374627
n1638	1630	0	0	74	93.67244906249627
n1639	1632	0	0	80	93.74055796874627
n1641	1636	0	0	80	93.89146593749626
n1659	1639	0	0	60	94.07843156249625
n1658	deletion
n1656	1634	0	0	72	93.84472453124626
n1642	1638	0	0	74	93.96091031249625
n1643	1640	0	0	74	94.07041874999625
n1640	1635	0	0	86	93.82469249999626
n1663	1646	0	0	41	94.42832437499622
n1661	1644	0	0	48	94.32148687499622
n1662	deletion
n1660	1641	0	0	53	94.19461734374624
n1647	1647	0	0	56	94.44969187499622
n1645	1643	0	0	62	94.25471343749624
n1646	1645	0	0	62	94.35220265624622
n1644	1642	0	0	68	94.17057890624625
n1680	1649	0	0	36	94.56053578124622
n1681	1650	0	0	41	94.7581851562462
n1682	1651	0	0	47	94.84098421874619
n1683	1654	0	0	48	94.99856953124618
n1664	1648	0	0	51	94.6246382812462
n1665	1652	0	0	56	94.80092015624619
n1666	1653	0	0	63	94.86635812499618
n1667	1655	0	0	63	94.99456312499618
n1684	1656	0	0	53	95.08270406249618
n1685	1659	0	0	59	95.15882578124616
n1686	1661	0	0	60	95.30305640624616
n1687	deletion
n1668	1657	0	0	68	95.09872968749617
n1669	1658	0	0	75	95.16416765624616
n1670	1660	0	0	75	95.30572734374616
n1671	1663	0	0	80	95.36448796874616
n1673	1666	0	0	80	95.52340874999615
n1691	1670	0	0	59	95.72372906249615
n1690	1669	0	0	60	95.61822703124614
n1689	1667	0	0	65	95.55679546874615
insertion	1662	0	0	65	95.35380421874616
n1688	1664	0	0	71	95.44194515624615
n1674	1668	0	0	75	95.57148562499614
n1675	1671	0	0	75	95.72639999999615
n1672	1665	0	0	87	95.44862249999615
n1695	1678	0	0	41	96.16844015624613
n1694	1675	0	0	47	96.03355781249614
n1693	deletion
n1692	1673	0	0	53	95.85059859374614
n1679	1677	0	0	56	96.16042734374614
n1677	1674	0	0	63	95.90134640624615
n1678	1676	0	0	63	96.04557703124614
n1676	1672	0	0	68	95.82789562499615
n1716	1680	0	0	36	96.40615359374614
n1717	1682	0	0	43	96.74135624999612
n1696	1679	0	0	48	96.49028812499613
n1718	1683	0	0	48	96.8615484374961
n1719	1688	0	0	48	96.98441156249608
n1697	1681	0	0	51	96.77474296874611
n1698	1684	0	0	60	96.8668903124961
n1699	1685	0	0	60	96.99776624999608
n1723	1694	0	0	48	97.53863109374602
n1720	1687	0	0	55	97.13398406249605
n1722	1691	0	0	55	97.42778718749602
n1721	1689	0	0	60	97.25951812499605
n1703	1692	0	0	60	97.47052218749602
n1700	1686	0	0	63	97.09659093749606
n1702	1690	0	0	63	97.37971031249603
n1701	1695	0	0	72	97.17004171874605
n1712	deletion
n1727	1702	0	0	48	97.98868406249596
n1724	1696	0	0	55	97.64546859374602
n1726	1699	0	0	55	97.89520124999598
n1725	1697	0	0	60	97.773673593746
n1707	1700	0	0	60	97.91656874999597
n1704	1693	0	0	63	97.58804343749601
n1706	1698	0	0	63	97.81907953124599
n1705	1704	0	0	70	97.66149421874601
n1713	deletion
n1731	1711	0	0	48	98.3505960937459
n1756	1717	0	0	48	98.68846968749585
n1728	1703	0	0	55	98.05011562499595
n1753	1709	0	0	55	98.25978421874592
n1730	deletion
n1729	1705	0	0	60	98.17164328124593
n1711	1708	0	0	60	98.26245515624592
n1708	1701	0	0	63	98.00738062499596
n1710	1707	0	0	63	98.20102359374593
n1709	1706	0	0	68	98.07415406249595
n1714	deletion
n1755	1712	0	0	55	98.4307242187459
n1754	1715	0	0	59	98.52153609374588
n1744	1733	0	0	59	99.51245390624574
n1735	deletion
n1732	1710	0	0	62	98.3492606249959
n1734	1713	0	0	62	98.52954890624588
n1733	1714	0	0	67	98.4080212499959
n1749	deletion
n1760	1724	0	0	48	99.0517171874958
n1764	deletion
n1757	1716	0	0	55	98.60299968749587
n1759	1721	0	0	55	98.94755062499581
n1758	1719	0	0	58	98.86742249999583
n1739	1722	0	0	58	98.9982984374958
n1736	1718	0	0	61	98.74055296874585
n1738	1720	0	0	61	98.91149296874582
n1737	1723	0	0	67	98.81667468749583
n1750	deletion
n1761	1726	0	0	53	99.16389656249578
n1763	1730	0	0	53	99.35620406249575
n1762	1727	0	0	57	99.26939859374576
n1743	1731	0	0	57	99.39359718749574
n1740	1725	0	0	60	99.10914234374579
n1742	1729	0	0	60	99.32682374999575
n1741	1728	0	0	65	99.21998624999577
n1751	deletion
n1768	1738	0	0	48	99.74081906249572
n1765	1732	0	0	53	99.50177015624574
n1767	1736	0	0	53	99.67805203124571
n1766	1734	0	0	56	99.54584062499573
n1747	1739	0	0	56	99.8276245312457
n1746	1737	0	0	59	99.73948359374572
n1745	1735	0	0	65	99.60860765624572
n1752	deletion
n1785	1740	0	0	36	100.1321114062457
n1786	1742	0	0	43	100.28168390624569
n1787	1744	0	0	48	100.35647015624568
n1788	1746	0	0	48	100.50337171874567
n1769	1741	0	0	51	100.1654981249957
n1770	1743	0	0	55	100.28969671874569
n1771	1745	0	0	63	100.39119234374567
n1772	1747	0	0	63	100.50871359374567
n1789	1748	0	0	55	100.59952546874567
n1790	1750	0	0	60	100.67965359374566
n1791	1752	0	0	60	100.82121328124566
n1773	1749	0	0	67	100.60486734374567
n1792	1755	0	0	67	100.87062562499565
n1774	1751	0	0	75	100.75043343749566
n1775	1753	0	0	75	100.83590343749566
n1776	1754	0	0	79	100.89199312499565
n1795	1760	0	0	60	101.11234546874564
n1796	1761	0	0	60	101.23921499999564
n1781	1764	0	0	67	101.31400124999564
n1794	deletion
n1793	1756	0	0	72	100.98146953124565
n1779	1759	0	0	75	101.10166171874565
n1780	1762	0	0	75	101.23654406249564
n1778	1758	0	0	79	101.04824296874565
n1777	1757	0	0	87	100.98013406249565
n1800	1770	0	0	43	101.61448171874562
n1798	1766	0	0	48	101.41015499999563
n1799	1767	0	0	48	101.51699249999562
n1797	1763	0	0	55	101.33403328124564
n1784	1769	0	0	55	101.61448171874562
n1782	1765	0	0	63	101.40214218749563
n1783	1768	0	0	63	101.53168265624562
n1817	1772	0	0	36	101.73467390624562
n1818	1773	0	0	41	101.9109557812456
n1819	1774	0	0	48	101.99375484374559
n1820	1777	0	0	48	102.14866921874558
n1801	1771	0	0	50	101.77874437499561
n1802	1775	0	0	56	101.9443424999956
n1803	1776	0	0	62	102.01645781249559
n1804	1778	0	0	62	102.14866921874558
n1821	1779	0	0	53	102.23681015624558
n1822	1782	0	0	60	102.35566687499558
n1823	1784	0	0	60	102.47452359374556
n1824	1785	0	0	65	102.49455562499556
n1826	1790	0	0	65	102.68018578124553
n1805	1780	0	0	68	102.27019687499558
n1806	1781	0	0	74	102.33429937499558
n1807	1783	0	0	74	102.43713046874556
n1808	1786	0	0	80	102.48520734374556
n1810	1789	0	0	80	102.67617937499553
n1828	1792	0	0	60	102.84845484374551
n1827	deletion
n1825	1787	0	0	72	102.59872218749554
n1811	1791	0	0	74	102.72559171874552
n1812	1793	0	0	74	102.83510015624552
n1809	1788	0	0	86	102.59738671874554
n1832	1798	0	0	41	103.1970121874955
n1831	1796	0	0	48	103.1182195312455
n1830	deletion
n1829	deletion
n1816	1799	0	0	56	103.2277279687455
n1814	1795	0	0	62	103.04743968749551
n1815	1797	0	0	62	103.1155485937455
n1813	1794	0	0	68	102.94594406249551
n1849	1800	0	0	36	103.3399073437455
n1850	1802	0	0	43	103.49348624999548
n1851	1803	0	0	48	103.56960796874547
n1852	1806	0	0	48	103.73119968749546
n1833	1801	0	0	52	103.38931968749549
n1834	1804	0	0	58	103.55491781249548
n1835	1805	0	0	64	103.63771687499546
n1836	1807	0	0	64	103.76458640624546
n1853	1808	0	0	55	103.82067609374546
n1854	1809	0	0	60	103.90614609374545
n1855	1812	0	0	60	104.04102843749544
n1856	1813	0	0	67	104.07174421874544
n1858	deletion
n1837	1810	0	0	70	103.87008843749545
n1838	1811	0	0	76	103.95956484374544
n1839	deletion
n1840	1814	0	0	82	104.11180828124543
n1842	1817	0	0	82	104.25737437499541
n1859	1818	0	0	60	104.3067867187454
n1860	1820	0	0	60	104.4283143749954
n1857	1815	0	0	72	104.18926546874542
n1843	1819	0	0	76	104.3201414062454
n1844	1822	0	0	76	104.4416690624954
n1841	1816	0	0	88	104.20796203124542
n1864	1827	0	0	43	104.79957468749537
n1862	1825	0	0	48	104.66469234374537
n1863	deletion
n1861	deletion
n1848	1828	0	0	58	104.83162593749536
n1846	1824	0	0	64	104.60593171874538
n1847	1826	0	0	64	104.73146578124538
n1845	1823	0	0	70	104.5311454687454
n1882	1829	0	0	37	105.02660437499536
n1884	1831	0	0	44	105.28568531249533
n1885	1833	0	0	49	105.36047156249532
n1886	1836	0	0	49	105.5153859374953
n1865	1830	0	0	53	105.13077093749534
n1867	1832	0	0	56	105.29636906249533
n1868	1834	0	0	65	105.40053562499531
n1869	1835	0	0	65	105.5327470312453
n1887	1838	0	0	56	105.63157171874528
n1888	1840	0	0	61	105.72371906249526
n1889	1842	0	0	61	105.88664624999525
n1870	1837	0	0	68	105.62355890624528
n1890	1843	0	0	68	105.91469109374525
n1878	1853	0	0	68	106.36474406249519
n1892	deletion
n1871	1839	0	0	77	105.72772546874526
n1872	1841	0	0	77	105.86260781249526
n1873	1844	0	0	80	105.90400734374525
n1875	1847	0	0	80	106.08028921874524
n1893	1848	0	0	61	106.11367593749523
n1894	1850	0	0	61	106.24188093749521
n1891	1845	0	0	73	106.01885765624523
n1876	1849	0	0	77	106.12836609374523
n1877	1851	0	0	77	106.2645839062452
n1874	1846	0	0	89	106.00416749999523
n1898	1858	0	0	44	106.69594031249515
n1896	1854	0	0	49	106.44487218749518
n1897	1856	0	0	49	106.57975453124517
n1895	1852	0	0	56	106.36207312499519
n1881	1859	0	0	56	106.70128218749515
n1879	1855	0	0	65	106.45956234374518
n1880	1857	0	0	65	106.60646390624517
n1915	1860	0	0	37	106.89358968749515
n1916	1862	0	0	44	107.14866421874514
n1917	1864	0	0	49	107.21543765624513
n1918	1867	0	0	49	107.3783648437451
n1899	1861	0	0	53	106.99775624999515
n1900	1863	0	0	56	107.16736078124514
n1901	1865	0	0	65	107.25416624999512
n1902	1866	0	0	65	107.3770293749951
n1919	1869	0	0	56	107.4918796874951
n1920	1871	0	0	61	107.55464671874509
n1921	1873	0	0	61	107.73359953124509
n1903	1868	0	0	68	107.4758540624951
n1922	1874	0	0	68	107.77499906249508
n1904	1870	0	0	77	107.56265953124509
n1905	1872	0	0	77	107.67750984374509
n1906	1875	0	0	80	107.76698624999509
n1908	1879	0	0	80	107.93258437499506
n1925	1878	0	0	61	107.96062921874505
n1926	1881	0	0	61	108.09951796874503
n1924	deletion
n1923	1876	0	0	73	107.87248828124507
n1909	1880	0	0	77	108.02206078124505
n1910	1882	0	0	77	108.14893031249504
n1907	1877	0	0	89	107.86447546874507
n1930	1889	0	0	44	108.51751968749502
n1928	1886	0	0	49	108.29449640624503
n1929	1888	0	0	49	108.41735953124503
n1927	1883	0	0	56	108.23172937499504
n1914	1890	0	0	56	108.52152609374502
n1912	1885	0	0	65	108.30250921874503
n1913	1887	0	0	65	108.43872703124502
n1911	1884	0	0	68	108.23440031249504
n1947	1892	0	0	37	108.67911140624503
n1948	1893	0	0	43	108.87141890624501
n1949	1895	0	0	49	108.938192343745
n1950	1898	0	0	49	109.09177124999499
n1931	1891	0	0	52	108.73653656249502
n1932	1894	0	0	58	108.89545734374501
n1933	1896	0	0	64	108.963566249995
n1934	1897	0	0	64	109.08242296874499
n1951	1899	0	0	55	109.23466640624498
n1952	1902	0	0	61	109.28140781249498
n1953	1904	0	0	61	109.42163203124497
n1954	1906	0	0	67	109.50042468749496
n1956	deletion
n1935	1900	0	0	70	109.21329890624499
n1936	1901	0	0	76	109.28007234374498
n1937	1903	0	0	76	109.41896109374497
n1938	1905	0	0	82	109.45635421874496
n1940	1909	0	0	82	109.60459124999494
n1957	1910	0	0	61	109.65266812499493
n1958	1912	0	0	61	109.79823421874491
n1955	1907	0	0	73	109.55117249999495
n1941	1911	0	0	76	109.68739031249493
n1942	1913	0	0	76	109.8356273437449
n1939	1908	0	0	88	109.55918531249495
n1962	1921	0	0	43	110.18151374999489
n1960	1917	0	0	49	109.9397939062449
n1961	1919	0	0	49	110.0706698437449
n1959	1914	0	0	55	109.8756914062449
n1946	1922	0	0	58	110.19620390624489
n1944	1918	0	0	64	109.9745160937449
n1945	1920	0	0	64	110.09604374999489
n1943	deletion
n1979	1924	0	0	37	110.31506062499489
n1980	1925	0	0	44	110.47531687499487
n1981	1926	0	0	49	110.54075484374486
n1982	1929	0	0	49	110.67163078124484
n1963	1923	0	0	53	110.33642812499488
n1964	1927	0	0	59	110.47932328124487
n1965	1928	0	0	65	110.58081890624486
n1966	1930	0	0	65	110.69566921874484
n1983	1931	0	0	56	110.78648109374484
n1984	1933	0	0	61	110.84657718749484
n1985	1935	0	0	61	111.00015609374483
n1986	1937	0	0	68	111.03754921874483
n1988	1943	0	0	68	111.23653406249481
n1967	1932	0	0	71	110.80117124999484
n1968	1934	0	0	77	110.87996390624484
n1969	1936	0	0	77	110.98546593749484
n1970	1938	0	0	83	111.04289109374483
n1972	1941	0	0	83	111.19646999999482
n1989	1942	0	0	61	111.22718578124481
n1990	1945	0	0	61	111.3834356249948
n1987	1939	0	0	73	111.12702562499481
n1973	1944	0	0	77	111.25656609374481
n1974	1946	0	0	77	111.3780937499948
n1971	1940	0	0	89	111.13503843749481
n1994	deletion
n1992	1950	0	0	49	111.6144717187448
n1993	deletion
n1991	deletion
n1978	1954	0	0	59	111.7680506249948
n1976	1949	0	0	65	111.54102093749479
n1977	1952	0	0	65	111.64518749999479
n1975	1947	0	0	71	111.44620265624481
n2011	1956	0	0	38	111.84817874999479
n2013	1957	0	0	43	112.00576406249476
n2014	1959	0	0	50	112.11260156249475
n2015	1964	0	0	50	112.24347749999474
n1995	1955	0	0	55	111.89492015624478
n1996	1958	0	0	59	112.04048624999476
n1997	1960	0	0	67	112.13396906249474
n1998	1961	0	0	67	112.24614843749474
n2019	1969	0	0	50	112.52793234374472
n2016	1962	0	0	55	112.29422531249475
n2018	1967	0	0	55	112.48386187499473
n2017	1965	0	0	62	112.38770812499473
n2002	1970	0	0	67	112.54395796874472
n1999	1963	0	0	71	112.31826374999474
n2001	1968	0	0	71	112.47050718749473
n2000	1966	0	0	79	112.40506921874473
n2020	1972	0	0	38	112.69353046874471
n2021	1973	0	0	41	112.90720546874469
n2022	1976	0	0	50	112.99801734374468
n2023	1981	0	0	50	113.13557062499467
n2003	1971	0	0	56	112.75229109374472
n2004	1975	0	0	59	112.91254734374469
n2005	deletion
n2006	1979	0	0	68	113.15560265624467
n2027	1986	0	0	50	113.44272843749465
n2024	1978	0	0	53	113.18765390624466
n2026	1985	0	0	53	113.37862593749465
n2025	1983	0	0	62	113.28247218749466
n2010	1988	0	0	68	113.48012156249465
n2007	1982	0	0	71	113.31051703124466
n2009	1987	0	0	71	113.39198062499464
n2008	1984	0	0	80	113.33321999999465
n2044	1991	0	0	39	113.67777093749464
n2045	1992	0	0	48	113.92883906249462
n2046	1993	0	0	51	113.9982834374946
n2047	1997	0	0	51	114.1531978124946
n2028	1990	0	0	55	113.76457640624464
n2029	1994	0	0	60	113.94753562499461
n2030	1995	0	0	67	114.0396829687446
n2031	1996	0	0	67	114.1505268749946
n2048	1998	0	0	60	114.26938359374459
n2049	2000	0	0	63	114.30944765624459
n2054	2007	0	0	63	114.65266312499458
n2050	deletion
n2032	1999	0	0	72	114.2533579687446
n2051	2005	0	0	72	114.49374234374457
n2053	deletion
n2033	2001	0	0	79	114.32413781249458
n2034	2002	0	0	79	114.44566546874458
n2035	2003	0	0	84	114.48706499999457
n2037	2008	0	0	84	114.62728921874458
n2055	2010	0	0	63	114.80357109374457
n2052	2004	0	0	75	114.56852859374457
n2038	2009	0	0	79	114.72210749999456
n2039	2012	0	0	79	114.83428687499456
n2036	2006	0	0	91	114.57654140624457
n2059	2018	0	0	48	115.18150874999453
n2057	2013	0	0	51	114.95848546874456
n2058	2017	0	0	51	115.07467124999454
n2056	2011	0	0	60	114.89571843749457
n2043	2020	0	0	60	115.18551515624453
n2041	2015	0	0	67	114.99454312499455
n2042	2019	0	0	67	115.10939343749453
n2040	2014	0	0	72	114.91174406249456
n2076	2022	0	0	40	115.36980984374453
n2077	2023	0	0	48	115.58214937499451
n2078	2025	0	0	52	115.67296124999451
n2079	2028	0	0	52	115.81051453124451
n2060	2021	0	0	60	115.44593156249452
n2061	2024	0	0	67	115.61687156249451
n2062	2026	0	0	72	115.71703171874451
n2063	2027	0	0	72	115.81051453124451
n2080	2030	0	0	60	115.9133456249945
n2081	2031	0	0	64	115.9734417187445
n2082	2034	0	0	64	116.11633687499449
n2083	2036	0	0	72	116.1724265624945
n2085	2039	0	0	72	116.35672124999448
n2064	2029	0	0	79	115.9106746874945
n2065	2032	0	0	84	115.9774481249945
n2066	2033	0	0	84	116.10031124999449
n2067	2035	0	0	91	116.1617428124945
n2069	2040	0	0	91	116.34870843749448
n2086	2041	0	0	64	116.39945624999447
n2087	2043	0	0	64	116.52098390624445
n2084	2037	0	0	76	116.25255468749448
n2070	2042	0	0	84	116.40613359374447
n2071	2045	0	0	84	116.55036421874445
n2068	2038	0	0	96	116.23252265624448
n2091	2054	0	0	48	116.94165656249443
n2089	2050	0	0	52	116.73065249999443
n2090	2051	0	0	52	116.83348359374443
n2088	2048	0	0	60	116.62515046874445
n2075	2053	0	0	67	116.94165656249443
n2073	2049	0	0	72	116.72664609374444
n2074	2052	0	0	72	116.84550281249443
n2072	2047	0	0	79	116.63449874999445
n2108	2056	0	0	41	117.16467984374442
n2109	2058	0	0	48	117.46649578124439
n2110	2060	0	0	53	117.55864312499438
n2111	2062	0	0	53	117.67349343749437
n2092	2055	0	0	58	117.24080156249443
n2093	2057	0	0	60	117.4023932812444
n2094	2059	0	0	70	117.53994656249438
n2095	2061	0	0	70	117.68150624999437
n2115	2068	0	0	53	117.98999953124435
n2112	2064	0	0	60	117.77365359374437
n2114	2067	0	0	60	117.96329015624435
n2113	2065	0	0	65	117.86045906249436
n2099	deletion
n2098	2069	0	0	72	117.96061921874436
n2096	deletion
n2097	2066	0	0	82	117.90452953124435
n2116	2071	0	0	41	118.16761687499434
n2117	2073	0	0	48	118.34924062499431
n2118	2075	0	0	53	118.4226914062443
n2119	2079	0	0	53	118.56825749999429
n2100	2072	0	0	56	118.21035187499433
n2101	2074	0	0	60	118.35057609374431
n2102	2076	0	0	68	118.45474265624429
n2103	2078	0	0	68	118.56291562499429
n2123	2086	0	0	53	118.84202859374426
n2124	2090	0	0	53	119.03567156249424
n2120	2081	0	0	60	118.63102453124428
n2122	2084	0	0	60	118.81264828124426
n2121	2082	0	0	65	118.74053296874426
n2107	2087	0	0	68	118.85538328124426
n2104	2080	0	0	72	118.62434718749428
n2106	2085	0	0	72	118.80597093749427
n2105	2083	0	0	80	118.74320390624426
n2140	2089	0	0	41	119.00362031249425
n2141	2092	0	0	48	119.19459234374422
n2142	2093	0	0	53	119.2894106249942
n2143	2096	0	0	53	119.4256284374942
n2125	2091	0	0	56	119.21195343749422
n2126	2094	0	0	65	119.3107781249942
n2127	2095	0	0	65	119.4282993749942
n2145	2099	0	0	65	119.59523296874418
n2147	2102	0	0	53	119.70474140624418
n2144	2098	0	0	60	119.5084274999942
n2146	2101	0	0	60	119.68070296874419
n2131	2104	0	0	65	119.73545718749418
n2128	2097	0	0	68	119.4950728124942
n2130	2103	0	0	68	119.65132265624419
n2129	2100	0	0	77	119.58454921874419
n2148	2106	0	0	41	119.89037156249417
n2149	2107	0	0	48	120.12674953124413
n2132	2105	0	0	50	119.93444203124416
n2150	2110	0	0	53	120.23759343749413
n2151	2112	0	0	53	120.37247578124412
n2133	2108	0	0	56	120.15612984374413
n2134	2109	0	0	62	120.22690968749413
n2135	2111	0	0	62	120.35110828124412
n2155	2119	0	0	53	120.67028531249412
n2152	2113	0	0	60	120.46996499999412
n2154	2117	0	0	60	120.64758234374412
n2139	2120	0	0	62	120.71969765624411
n2153	2115	0	0	65	120.53006109374412
n2136	2114	0	0	68	120.44859749999412
n2138	2118	0	0	68	120.63022124999412
n2137	2116	0	0	74	120.56745421874412
n2172	2122	0	0	43	120.9186824999941
n2173	2123	0	0	51	121.18844718749409
n2156	2121	0	0	55	121.0054879687441
n2174	2125	0	0	55	121.23652406249408
n2175	2128	0	0	55	121.39811578124407
n2157	2124	0	0	60	121.18844718749409
n2158	2126	0	0	67	121.27258171874408
n2159	2127	0	0	67	121.39544484374407
n2176	2130	0	0	63	121.47557296874407
n2177	2131	0	0	67	121.56905578124407
n2178	2134	0	0	67	121.69458984374407
n2160	2129	0	0	72	121.47690843749407
n2179	2135	0	0	75	121.73064749999406
n2181	2140	0	0	75	121.92963234374403
n2161	2132	0	0	79	121.56772031249407
n2162	2133	0	0	79	121.68257062499407
n2163	2136	0	0	84	121.72797656249406
n2165	2139	0	0	84	121.88289093749404
n2182	2141	0	0	67	121.94432249999403
n2183	2143	0	0	67	122.06050828124403
n2180	2137	0	0	79	121.85618156249404
n2166	2142	0	0	79	121.96836093749403
n2167	2144	0	0	79	122.08187578124402
n2164	2138	0	0	91	121.83080765624405
n2187	2151	0	0	51	122.44378781249402
n2185	2147	0	0	55	122.23411921874403
n2186	2149	0	0	55	122.34763406249402
n2171	2152	0	0	60	122.45714249999402
n2184	2145	0	0	63	122.15933296874402
n2169	2148	0	0	67	122.24346749999403
n2170	2150	0	0	67	122.36232421874402
n2168	2146	0	0	72	122.15933296874402
n2204	2153	0	0	43	122.60003765624401
n2205	2155	0	0	51	122.82306093749399
n2206	2157	0	0	55	122.89384078124398
n2207	2160	0	0	55	123.02738765624397
n2188	2154	0	0	56	122.66414015624402
n2189	2156	0	0	60	122.809706249994
n2190	2158	0	0	68	122.91253734374398
n2191	2161	0	0	68	123.05142609374397
n2208	2163	0	0	63	123.12888328124397
n2209	2164	0	0	67	123.20500499999396
n2210	2166	0	0	67	123.33187453124395
n2192	2162	0	0	72	123.12087046874397
n2211	2167	0	0	75	123.38262234374395
n2193	2165	0	0	80	123.21969515624396
n2194	2168	0	0	80	123.34522921874395
n2195	2169	0	0	84	123.39197062499395
n2197	2172	0	0	84	123.55623328124392
n2214	2174	0	0	67	123.60564562499391
n2215	2176	0	0	67	123.7204959374939
n2213	deletion
n2212	2170	0	0	79	123.47209874999393
n2198	2173	0	0	80	123.61365843749391
n2199	2177	0	0	80	123.76456640624389
n2196	2171	0	0	92	123.50014359374393
n2219	2184	0	0	51	124.10911734374388
n2217	2180	0	0	55	123.88742953124388
n2218	2183	0	0	55	124.01296359374388
n2203	2186	0	0	60	124.16654249999387
n2216	2178	0	0	63	123.80863687499388
n2201	2182	0	0	68	123.92348718749388
n2202	2185	0	0	68	124.07172421874388
n2200	2181	0	0	72	123.88342312499388
n2236	2189	0	0	43	124.28272828124385
n2237	2191	0	0	50	124.46168109374382
n2238	2193	0	0	53	124.58855062499381
n2239	2195	0	0	55	124.72610390624381
n2220	2188	0	0	56	124.29341203124385
n2221	2190	0	0	59	124.44966187499382
n2222	2192	0	0	68	124.56050578124382
n2223	2194	0	0	68	124.7341167187438
n2240	2197	0	0	62	124.8235931249938
n2241	2199	0	0	65	124.9023857812438
n2242	2203	0	0	67	125.03326171874379
n2224	2196	0	0	71	124.78619999999381
n2243	2201	0	0	74	125.10270609374379
n2245	2206	0	0	74	125.26963968749378
n2225	2198	0	0	80	124.8997148437438
n2226	2200	0	0	80	125.04661640624379
n2227	2202	0	0	83	125.11338984374379
n2229	2207	0	0	83	125.27097515624378
n2247	2210	0	0	65	125.42588953124377
n2246	2209	0	0	67	125.32305843749377
n2244	2204	0	0	77	125.18016328124378
n2230	2208	0	0	80	125.30970374999377
n2231	2211	0	0	80	125.45660531249376
n2228	2205	0	0	92	125.19351796874378
n2251	2219	0	0	50	125.84255578124375
n2250	deletion
n2249	2216	0	0	55	125.61953249999375
n2235	deletion
n2248	2213	0	0	62	125.52471421874377
n2233	2215	0	0	68	125.62487437499375
n2234	2218	0	0	68	125.76242765624374
n2232	2214	0	0	71	125.62353890624375
n2268	2223	0	0	43	126.00414749999373
n2269	2225	0	0	50	126.20313234374372
n2270	2226	0	0	53	126.30863437499372
n2252	2222	0	0	55	126.01082484374373
n2271	2229	0	0	55	126.43149749999371
n2253	2224	0	0	59	126.19244859374372
n2254	2227	0	0	67	126.27391218749372
n2255	2228	0	0	67	126.41947828124371
n2272	2231	0	0	62	126.52097390624371
n2273	2233	0	0	65	126.60644390624371
n2274	2236	0	0	67	126.7546809374937
n2278	2243	0	0	67	127.0538259374937
n2256	2230	0	0	71	126.50227734374371
n2275	2237	0	0	74	126.81344156249371
n2277	2240	0	0	74	127.0150973437437
n2257	2232	0	0	79	126.60777937499371
n2258	2234	0	0	79	126.72396515624371
n2262	2242	0	0	79	127.0845417187437
n2263	2245	0	0	79	127.21274671874369
n2259	2235	0	0	83	126.80142234374371
n2261	2241	0	0	83	127.0044135937437
n2279	2244	0	0	65	127.20072749999369
n2276	2238	0	0	77	126.90558890624371
n2260	2239	0	0	91	126.89891156249371
n2283	2253	0	0	43	127.80168843749367
n2282	2250	0	0	50	127.61872921874367
n2281	2248	0	0	55	127.43042812499368
n2285	2254	0	0	55	128.32385671874368
insertion	2258	0	0	55	128.61365343749364
n2305	2265	0	0	60	129.02631328124357
n2267	deletion
n2280	2246	0	0	62	127.31557781249369
n2265	2249	0	0	67	127.45446656249368
n2266	2251	0	0	67	127.61605828124367
n2264	2247	0	0	71	127.34495812499368
n2300	2256	0	0	36	128.18496796874368
n2301	2257	0	0	43	128.60564062499364
n2302	2259	0	0	48	128.72316187499362
n2303	2262	0	0	48	128.8527023437436
n2284	2255	0	0	52	128.2757798437437
n2286	2260	0	0	64	128.74052296874362
n2287	2261	0	0	64	128.8713989062436
n2304	2264	0	0	55	128.9515270312436
n2306	2268	0	0	60	129.13315078124356
n2288	2263	0	0	67	128.9501915624936
n2307	2270	0	0	67	129.22930453124354
n2289	2266	0	0	76	129.03966796874357
n2290	2267	0	0	76	129.15051187499355
n2291	2269	0	0	79	129.22396265624354
n2310	2276	0	0	79	129.4977337499935
n2308	2271	0	0	72	129.30809718749353
n2309	2275	0	0	72	129.4443149999935
n2311	2277	0	0	84	129.59789390624348
n2292	2272	0	0	88	129.30943265624353
n2293	2273	0	0	88	129.4336312499935
n2294	2274	0	0	91	129.4817081249935
n2295	2278	0	0	100	129.5645071874935
n2315	2285	0	0	67	129.97449609374345
n2313	2282	0	0	72	129.74746640624346
n2314	2283	0	0	72	129.87300046874347
n2312	2279	0	0	79	129.68870578124347
n2299	2286	0	0	79	129.97316062499345
n2297	2281	0	0	88	129.74345999999346
n2298	2284	0	0	88	129.88368421874347
n2296	2280	0	0	91	129.66600281249347
n2338	2294	0	0	48	130.38047859374342
n2337	2291	0	0	55	130.28833124999343
n2335	2288	0	0	60	130.05462421874344
n2336	2289	0	0	60	130.17214546874342
n2319	2293	0	0	64	130.38448499999342
n2318	2292	0	0	67	130.29767953124343
n2316	2287	0	0	76	130.05595968749344
n2317	2290	0	0	76	130.18282921874342
n2341	2301	0	0	36	130.91333062499336
n2340	2299	0	0	43	130.78379015624338
n2342	2302	0	0	43	131.02417453124335
n2344	2306	0	0	43	131.2525396874933
n2339	2296	0	0	48	130.57946343749342
n2322	2300	0	0	52	130.89329859374337
n2321	2298	0	0	55	130.80649312499338
n2323	2303	0	0	55	130.99746515624335
n2325	2307	0	0	55	131.2471978124933
n2320	2297	0	0	64	130.6542496874934
n2332	deletion
n2345	2308	0	0	36	131.3580417187433
n2346	2310	0	0	43	131.47155656249328
n2343	2305	0	0	47	131.11632187499333
n2324	2304	0	0	50	131.11765734374333
n2327	2311	0	0	55	131.47422749999328
n2326	2295	0	0	62	130.7477324999934
n2333	2309	0	0	62	131.3567062499933
n2349	2317	0	0	36	131.84548781249322
n2348	2315	0	0	43	131.69190890624324
n2350	2319	0	0	43	131.9963957812432
n2347	2313	0	0	50	131.56503937499326
n2328	2312	0	0	53	131.56236843749326
n2329	2314	0	0	55	131.69858624999324
n2331	2318	0	0	55	132.0337889062432
n2330	2316	0	0	67	131.8815454687432
n2355	2332	0	0	67	132.75360656249308
n2334	deletion
n2368	2322	0	0	36	132.18069046874317
n2369	2323	0	0	43	132.37566890624313
n2370	2324	0	0	48	132.50253843749311
n2371	2329	0	0	48	132.6521109374931
n2351	2321	0	0	52	132.24479296874316
n2352	2325	0	0	55	132.41840390624313
n2353	2326	0	0	64	132.5305832812431
n2354	2327	0	0	64	132.6668010937431
n2367	deletion
n2372	2331	0	0	55	132.78966421874307
n2374	2337	0	0	60	132.93389484374305
n2373	deletion
n2375	2338	0	0	67	133.02070031249303
n2356	2334	0	0	76	132.84174749999306
n2357	2336	0	0	76	132.94057218749305
n2358	2340	0	0	79	133.02737765624303
n2378	2346	0	0	79	133.258413749993
n2376	2341	0	0	72	133.10617031249302
n2377	2344	0	0	72	133.213007812493
n2379	2347	0	0	84	133.35456749999298
n2359	2342	0	0	88	133.10617031249302
n2360	2343	0	0	88	133.211672343743
n2361	2345	0	0	91	133.255742812493
n2362	2348	0	0	100	133.34789015624298
n2383	2355	0	0	67	133.68843468749293
n2381	2351	0	0	72	133.47609515624296
n2382	2353	0	0	72	133.58560359374295
n2380	2350	0	0	79	133.45606312499297
n2366	2356	0	0	79	133.68977015624293
n2364	2352	0	0	88	133.47342421874296
n2365	2354	0	0	88	133.60029374999294
n2363	2349	0	0	91	133.42668281249297
n2406	2364	0	0	48	134.0690432812429
n2405	2361	0	0	55	133.9942570312429
n2403	2357	0	0	60	133.76856281249292
n2404	2359	0	0	60	133.8860840624929
n2387	2363	0	0	64	134.0864043749929
n2386	2362	0	0	67	134.0129535937429
n2384	2358	0	0	76	133.77924656249292
n2385	2360	0	0	76	133.8994387499929
n2409	2372	0	0	36	134.55648937499285
n2408	2370	0	0	43	134.43362624999287
n2410	2373	0	0	43	134.64596578124284
n2412	2377	0	0	43	134.8863501562428
n2407	2366	0	0	48	134.2520024999929
n2390	2371	0	0	52	134.55648937499285
n2389	2368	0	0	55	134.49639328124286
n2391	2374	0	0	55	134.65397859374283
n2393	2378	0	0	55	134.9077176562428
n2388	2365	0	0	64	134.33346609374289
n2400	deletion
n2413	2382	0	0	36	134.99185218749278
n2414	2380	0	0	43	135.12005718749276
n2411	2376	0	0	47	134.75948062499282
n2392	2375	0	0	50	134.78485453124281
n2395	2381	0	0	55	135.16412765624275
n2394	2369	0	0	62	134.3281242187429
n2401	deletion
n2417	2390	0	0	36	135.4459115624927
n2416	2387	0	0	43	135.33373218749273
n2418	2391	0	0	43	135.5848003124927
n2415	2386	0	0	45	135.21487546874275
n2396	2385	0	0	48	135.22555921874275
n2397	2388	0	0	55	135.35643515624272
n2399	2392	0	0	55	135.63020624999268
n2398	2379	0	0	60	135.03058078124278
n2402	2389	0	0	60	135.4792982812427
n2436	2394	0	0	36	135.80381718749265
n2437	2395	0	0	43	136.00413749999262
n2438	2397	0	0	47	136.1042976562426
n2439	2400	0	0	48	136.2405154687426
n2419	2393	0	0	50	135.85857140624265
n2420	2396	0	0	55	136.01615671874262
n2421	2398	0	0	62	136.1296715624926
n2422	2399	0	0	62	136.2418509374926
n2435	deletion
n2440	2401	0	0	55	136.3540303124926
n2441	2403	0	0	59	136.4061135937426
n2442	2406	0	0	60	136.52497031249257
n2423	2402	0	0	67	136.3580367187426
n2443	2407	0	0	67	136.60242749999256
n2424	2404	0	0	74	136.42614562499259
n2425	2405	0	0	74	136.53832499999257
n2426	2408	0	0	79	136.62379499999255
n2444	2409	0	0	71	136.68522656249255
n2445	2413	0	0	72	136.82144437499252
n2446	2412	0	0	79	136.85483109374252
n2447	2415	0	0	83	136.9549912499925
n2427	2410	0	0	86	136.71060046874254
n2428	2411	0	0	86	136.80675421874253
n2429	2414	0	0	91	136.86150843749252
n2430	2416	0	0	98	136.9603331249925
n2451	2422	0	0	67	137.27016187499245
n2450	2421	0	0	71	137.18869828124247
n2449	2418	0	0	72	137.06850609374249
n2448	2419	0	0	79	137.0631642187425
n2434	2424	0	0	79	137.28218109374245
n2432	2420	0	0	86	137.08453171874248
n2433	2423	0	0	86	137.20873031249246
n2431	2417	0	0	91	137.0271065624925
n2474	2432	0	0	48	137.6227256249924
n2473	2430	0	0	55	137.5305782812424
n2472	2427	0	0	59	137.45445656249242
n2471	2425	0	0	60	137.33025796874244
n2455	2433	0	0	62	137.6427576562424
n2454	2431	0	0	67	137.5439329687424
n2452	2426	0	0	74	137.36097374999244
n2453	2429	0	0	74	137.48383687499242
n2477	2441	0	0	36	138.10750078124235
n2476	2437	0	0	43	137.98463765624237
n2478	2442	0	0	43	138.21700921874236
n2475	2435	0	0	47	137.8364006249924
n2458	2439	0	0	50	138.09281062499235
n2457	2438	0	0	55	138.00333421874237
n2459	2440	0	0	55	138.21433828124236
n2456	2436	0	0	62	137.8577681249924
n2468	deletion
n2481	2452	0	0	36	138.5455345312423
n2480	2446	0	0	41	138.43736156249233
n2482	2448	0	0	41	138.67240406249232
n2479	2445	0	0	45	138.30515015624235
n2460	2444	0	0	48	138.32251124999235
n2461	2447	0	0	53	138.44670984374233
n2463	2450	0	0	53	138.68175234374232
n2462	2449	0	0	60	138.5361862499923
n2489	2465	0	0	60	139.67267015624216
n2490	2466	0	0	60	139.80888796874214
n2508	2471	0	0	60	139.9851698437421
n2469	deletion
n2485	2456	0	0	36	139.06770281249226
n2484	2454	0	0	41	138.90611109374228
n2486	2458	0	0	41	139.16919843749224
n2483	2453	0	0	45	138.7738996874923
n2464	2451	0	0	48	138.8086218749923
n2465	2455	0	0	53	138.93549140624228
n2467	2459	0	0	53	139.21593984374223
n2466	2457	0	0	57	139.06369640624226
n2470	deletion
n2503	2461	0	0	36	139.3802024999922
n2504	2463	0	0	44	139.58452921874218
n2487	2460	0	0	48	139.4416340624922
n2505	2464	0	0	48	139.68869578124216
n2506	2467	0	0	48	139.80354609374214
n2488	2462	0	0	53	139.58452921874218
n2507	2469	0	0	56	139.90904812499213
n2509	2473	0	0	60	140.1026910937421
n2491	deletion
n2510	2475	0	0	68	140.16545812499209
n2492	2470	0	0	72	139.97315062499212
n2493	2472	0	0	72	140.0839945312421
n2494	2474	0	0	77	140.1547743749921
n2511	2477	0	0	72	140.26561828124207
n2512	2479	0	0	72	140.38447499999205
n2513	2480	0	0	80	140.41652624999205
n2495	2476	0	0	84	140.23623796874207
n2496	2478	0	0	84	140.33773359374206
n2514	2482	0	0	84	140.52469921874203
n2500	2488	0	0	84	140.639549531242
n2501	2490	0	0	84	140.774431874992
n2497	2481	0	0	89	140.40050062499205
n2498	2483	0	0	96	140.49264796874203
n2518	2491	0	0	68	140.85455999999198
n2516	2485	0	0	72	140.61684656249201
n2517	2489	0	0	72	140.745051562492
n2502	2492	0	0	77	140.85188906249198
n2515	2487	0	0	80	140.60482734374202
n2499	2484	0	0	89	140.55942140624202
n2541	2500	0	0	48	141.23917499999192
n2540	2497	0	0	56	141.14302124999193
n2538	2493	0	0	60	140.91599156249197
n2539	2495	0	0	60	141.03484828124195
n2522	2499	0	0	60	141.25119421874192
n2521	2498	0	0	65	141.17240156249193
n2519	2494	0	0	72	140.93602359374196
n2520	2496	0	0	72	141.07624781249194
n2544	2507	0	0	36	141.72795656249187
n2543	2504	0	0	44	141.5890678124919
n2545	2508	0	0	44	141.85081968749188
n2547	2512	0	0	44	142.09253953124184
n2542	2501	0	0	48	141.4408307812419
n2525	2506	0	0	48	141.70391812499187
n2524	2505	0	0	53	141.6104353124919
n2526	2509	0	0	53	141.82277484374188
n2523	2502	0	0	60	141.4488435937419
n2535	deletion
n2546	2511	0	0	36	141.95231531249186
n2549	2516	0	0	44	142.3329239062418
n2527	2510	0	0	48	141.93228328124187
n2548	2514	0	0	48	142.20071249999182
n2528	2513	0	0	53	142.05781734374185
n2530	2518	0	0	53	142.3222401562418
n2529	2515	0	0	60	142.19937703124182
n2536	deletion
n2550	2520	0	0	36	142.4170584374918
n2551	2521	0	0	44	142.56529546874177
n2553	2525	0	0	44	142.84040203124175
n2531	2519	0	0	48	142.4317485937418
n2552	2523	0	0	48	142.68682312499175
n2532	2522	0	0	53	142.55594718749177
n2534	2526	0	0	53	142.86844687499175
n2533	2524	0	0	62	142.70418421874174
n2537	deletion
n2570	2529	0	0	36	143.03938687499172
n2571	2531	0	0	44	143.29446140624168
n2554	2528	0	0	48	143.0914701562417
n2572	2532	0	0	48	143.37592499999167
n2573	2535	0	0	48	143.50680093749165
n2555	2530	0	0	53	143.2597392187417
n2556	2533	0	0	60	143.36257031249167
n2557	2534	0	0	60	143.49077531249165
n2574	2537	0	0	56	143.61497390624163
n2575	2539	0	0	60	143.68575374999162
n2576	2541	0	0	60	143.8152942187416
n2558	deletion
n2577	2542	0	0	68	143.90076421874159
n2559	2538	0	0	72	143.66705718749162
n2560	2540	0	0	72	143.7939267187416
n2561	2543	0	0	77	143.8767257812416
n2578	2545	0	0	72	143.97688593749157
n2579	2547	0	0	72	144.08372343749156
n2580	2548	0	0	80	144.15183234374155
n2562	2544	0	0	84	143.95284749999158
n2563	2546	0	0	84	144.06903328124156
n2581	2550	0	0	84	144.24798609374153
n2567	2555	0	0	84	144.35482359374151
n2568	2557	0	0	84	144.4830285937415
n2564	2549	0	0	89	144.12512296874155
n2565	2551	0	0	96	144.21994124999154
n2585	2559	0	0	68	144.56849859374148
n2583	2554	0	0	72	144.33879796874152
n2584	2556	0	0	72	144.4629965624915
n2569	deletion
n2582	2552	0	0	80	144.30941765624152
n2566	2553	0	0	89	144.28537921874153
n2608	2567	0	0	48	144.95444906249142
n2607	2564	0	0	56	144.86497265624143
n2605	2560	0	0	60	144.62725921874147
n2606	2562	0	0	60	144.75813515624145
n2589	2566	0	0	60	144.96780374999142
n2588	2565	0	0	65	144.87699187499143
n2586	2561	0	0	72	144.65263312499147
n2587	2563	0	0	72	144.79552828124145
n2611	2574	0	0	36	145.45524984374137
n2610	2571	0	0	44	145.3297157812414
n2612	2575	0	0	44	145.58746124999135
n2614	2579	0	0	44	145.8478776562413
n2609	2569	0	0	48	145.15877578124142
n2592	2573	0	0	48	145.43655328124137
n2591	2572	0	0	53	145.3110192187414
n2593	2576	0	0	53	145.54472624999136
n2595	2580	0	0	53	145.8184973437413
n2590	2570	0	0	60	145.16678859374142
n2602	deletion
n2613	2578	0	0	36	145.69296328124133
n2616	2582	0	0	44	146.0962748437413
n2594	2577	0	0	48	145.66358296874134
n2615	2581	0	0	48	145.9720762499913
n2597	2584	0	0	53	146.0909329687413
n2596	2583	0	0	60	145.9533796874913
n2603	deletion
n2617	2588	0	0	36	146.19109312499128
n2618	2586	0	0	44	146.37004593749126
n2620	2592	0	0	44	146.65182984374127
n2598	2585	0	0	48	146.20711874999128
n2619	2590	0	0	48	146.49290906249126
n2599	2587	0	0	53	146.35001390624126
n2601	2591	0	0	53	146.64114609374127
n2600	2589	0	0	62	146.49557999999126
n2604	deletion
n2637	2594	0	0	36	146.91224624999126
n2638	2595	0	0	43	147.1940301562412
n2640	2599	0	0	43	147.4477692187412
n2639	2597	0	0	48	147.3449381249912
n2621	2593	0	0	52	147.01107093749124
n2622	2596	0	0	55	147.2100557812412
n2624	2600	0	0	55	147.4798204687412
n2623	2598	0	0	64	147.3529509374912
n2641	2601	0	0	31	147.61603828124117
n2642	2603	0	0	43	147.78831374999115
n2644	2607	0	0	43	148.0166789062411
n2643	2605	0	0	48	147.91785421874113
n2625	2602	0	0	52	147.61203187499117
n2626	2604	0	0	55	147.77495906249115
n2628	2608	0	0	55	148.0140079687411
n2627	2606	0	0	64	147.90583499999113
n2645	2612	0	0	36	148.0928006249911
n2646	2610	0	0	43	148.20898640624108
n2648	2616	0	0	43	148.39194562499105
n2647	2613	0	0	48	148.32383671874106
n2629	2609	0	0	52	148.0847878124911
n2630	2611	0	0	55	148.19963812499108
n2632	2617	0	0	55	148.40797124999105
n2631	2615	0	0	64	148.30380468749107
n2649	2618	0	0	31	148.51213781249103
n2650	2621	0	0	43	148.659039374991
n2652	2624	0	0	43	148.88606906249098
n2651	2623	0	0	48	148.797928124991
n2633	2619	0	0	52	148.49477671874104
n2634	2620	0	0	55	148.61496890624102
n2636	2625	0	0	55	148.83532124999098
n2635	2622	0	0	64	148.743173906241
n2669	2629	0	0	36	148.94750062499097
n2670	2628	0	0	43	149.07169921874095
n2672	2632	0	0	43	149.25866484374092
n2671	2630	0	0	48	149.18654953124093
n2653	2626	0	0	52	148.92079124999097
n2654	2627	0	0	55	149.05300265624095
n2656	2633	0	0	55	149.24798109374092
n2655	2631	0	0	64	149.16384656249093
n2673	2634	0	0	31	149.4028954687409
n2674	2638	0	0	43	149.56448718749087
n2676	2641	0	0	43	149.77816218749086
n2678	2645	0	0	43	150.03190124999082
n2675	2639	0	0	48	149.69269218749088
n2657	2636	0	0	52	149.3868698437409
n2658	2637	0	0	55	149.52175218749088
n2660	2642	0	0	55	149.77549124999086
n2662	2646	0	0	55	150.02789484374082
n2659	2640	0	0	64	149.66865374999088
n2677	2644	0	0	36	149.88499968749085
n2680	2649	0	0	43	150.26427281249082
n2679	2647	0	0	48	150.1667835937408
n2661	2643	0	0	52	149.88633515624085
n2664	2650	0	0	55	150.25759546874082
n2663	2648	0	0	64	150.1507579687408
n2681	2651	0	0	31	150.42853546874082
n2682	2653	0	0	43	150.6195074999908
n2684	2657	0	0	43	150.94803281249077
n2683	2655	0	0	48	150.7957893749908
n2665	2652	0	0	52	150.42853546874082
n2666	2654	0	0	55	150.6181720312408
n2668	2658	0	0	55	150.94135546874077
n2667	2656	0	0	64	150.8024667187408
n2690	2663	0	0	24	151.36603453124076
n2691	2662	0	0	36	151.36202812499076
n2685	2661	0	0	52	151.36336359374076
n2692	2667	0	0	48	152.5679564062407
n2693	2670	0	0	55	152.5732982812407
n2694	2671	0	0	60	152.5679564062407
n2686	2666	0	0	64	152.5479243749907
n2687	2669	0	0	67	152.5479243749907
n2688	2668	0	0	72	152.54391796874071
n2689	2665	0	0	76	152.53590515624072
insertion	12	0	0	59	2.32772203125
insertion	90	0	0	56	6.256671093749998
insertion	130	0	0	57	8.597747812500002
insertion	138	0	0	50	8.973014531250003
insertion	155	0	0	72	9.6607809375
insertion	165	0	0	58	10.113504843749997
insertion	166	0	0	58	10.205652187499997
insertion	194	0	0	64	11.459657343749992
insertion	288	0	0	50	17.284972031250003
insertion	305	0	0	62	18.161039531249997
insertion	317	0	0	72	18.625782656249996
insertion	318	0	0	67	18.763335937499996
insertion	348	0	0	76	20.22834515625
insertion	380	0	0	59	21.829572187499995
insertion	384	0	0	71	22.011195937499995
insertion	400	0	0	52	22.938011249999988
insertion	425	0	0	60	23.983683281249974
insertion	467	0	0	48	26.741426249999964
insertion	466	0	0	47	26.638595156249963
insertion	480	0	0	93	27.260923593749972
insertion	489	0	0	89	27.58944890624996
insertion	532	0	0	47	30.442010156249957
insertion	627	0	0	65	35.443340624999855
insertion	648	0	0	59	36.772132031249804
insertion	687	0	0	62	38.83543124999976
insertion	705	0	0	69	39.975921562499735
insertion	710	0	0	59	40.17223546874973
insertion	716	0	0	47	40.45535484374973
insertion	717	0	0	62	40.586230781249725
insertion	867	0	0	85	50.36052656249937
insertion	870	0	0	77	50.45801578124937
insertion	872	0	0	86	50.54348578124937
insertion	998	0	0	67	58.72323187499889
insertion	1000	0	0	65	58.693851562498885
insertion	1061	0	0	76	62.17541859374858
insertion	1121	0	0	57	65.82926109374819
insertion	1221	0	0	64	71.3340632812478
insertion	1248	0	0	57	72.82845281249767
insertion	1267	0	0	55	73.8794667187476
insertion	1279	0	0	59	74.41766062499754
insertion	1282	0	0	52	74.55521390624753
insertion	1285	0	0	43	74.75954062499753
insertion	1317	0	0	59	76.47027609374743
insertion	1335	0	0	86	77.37973031249734
insertion	1343	0	0	79	77.57070234374731
insertion	1348	0	0	67	77.97668484374731
insertion	1356	0	0	60	78.54559453124727
insertion	1371	0	0	76	79.24671562499722
insertion	1373	0	0	84	79.27743140624722
insertion	1379	0	0	81	79.50179015624721
insertion	1383	0	0	72	79.5365123437472
insertion	1382	0	0	75	79.5658926562472
insertion	1384	0	0	70	79.62331781249719
insertion	1389	0	0	63	80.07604171874716
insertion	1404	0	0	84	80.73442781249712
insertion	1479	0	0	51	85.47667734374679
insertion	1486	0	0	40	85.83992484374676
insertion	1488	0	0	56	86.38746703124674
insertion	1520	0	0	53	87.83912156249663
insertion	1531	0	0	67	88.5535973437466
insertion	1544	0	0	59	89.15990015624658
insertion	1548	0	0	69	89.28276328124656
insertion	1549	0	0	43	89.47373531249654
insertion	1578	0	0	76	90.79584937499646
insertion	1580	0	0	71	90.89467406249645
insertion	1584	0	0	64	91.14307124999644
insertion	1821	0	0	55	104.5097779687454
insertion	1915	0	0	76	109.8743559374949
insertion	1916	0	0	69	109.9264392187449
insertion	1948	0	0	54	111.4876021874948
insertion	1951	0	0	46	111.7039481249948
insertion	1953	0	0	60	111.7680506249948
insertion	1974	0	0	43	112.91521828124469
insertion	1977	0	0	67	113.02739765624467
insertion	1980	0	0	70	113.23573078124467
insertion	1989	0	0	57	113.78594390624464
insertion	2016	0	0	69	115.02258796874455
insertion	2044	0	0	86	116.54368687499445
insertion	2046	0	0	80	116.65319531249445
insertion	2063	0	0	73	117.74427328124438
insertion	2070	0	0	70	118.01804437499435
insertion	2077	0	0	55	118.58428312499429
insertion	2088	0	0	59	119.08641937499424
insertion	2159	0	0	62	122.66013374999402
insertion	2175	0	0	69	123.62567765624391
insertion	2179	0	0	71	123.87674578124388
insertion	2187	0	0	59	124.19725828124386
insertion	2212	0	0	70	125.52604968749377
insertion	2217	0	0	52	125.77444687499374
insertion	2220	0	0	59	125.84255578124375
insertion	2221	0	0	63	126.07893374999372
insertion	2252	0	0	59	127.78966921874367
insertion	2330	0	0	53	132.77363859374307
insertion	2320	0	0	59	132.33560484374314
insertion	2328	0	0	47	132.6414271874931
insertion	2333	0	0	59	132.82037999999307
insertion	2335	0	0	59	132.95259140624304
insertion	2339	0	0	65	133.02871312499303
insertion	2367	0	0	53	134.48570953124286
insertion	2383	0	0	54	135.18549515624275
insertion	2384	0	0	54	135.28966171874274
insertion	2428	0	0	72	137.50119796874242
insertion	2434	0	0	45	137.89115484374238
insertion	2443	0	0	54	138.36257531249234
insertion	2468	0	0	65	139.89168703124213
insertion	2486	0	0	86	140.647562343742
insertion	2503	0	0	52	141.6197835937419
insertion	2517	0	0	59	142.20204796874182
insertion	2527	0	0	56	143.1488953124917
insertion	2536	0	0	65	143.58559359374163
insertion	2558	0	0	78	144.55380843749148
insertion	2568	0	0	39	145.2682842187414
insertion	2614	0	0	50	148.34921062499106
insertion	2635	0	0	33	149.4229274999909
insertion	2659	0	0	30	151.40342765624075
insertion	2660	0	0	50	151.38206015624075
insertion	2664	0	0	25	151.40075671874075
