xml_id	midi_id	track	channel	pitch	onset
n31	15	0	0	41	2.474623593749999
n26	6	0	0	48	2.4679462499999993
n7	3	0	0	83	2.270296875
n1	0	0	0	84	2.00988046875
n4	2	0	0	84	2.1821559375
n6	4	0	0	84	2.32772203125
n13	9	0	0	84	2.6842921874999988
n8	deletion
n3	1	0	0	86	2.0993568750000002
n5	deletion
n12	8	0	0	89	2.588138437499999
n11	7	0	0	91	2.545403437499999
n10	5	0	0	93	2.4385659374999995
n17	13	0	0	72	3.000798281249999
n16	12	0	0	77	2.942037656249999
n15	11	0	0	79	2.8472193749999986
n14	10	0	0	81	2.7764395312499985
n27	14	0	0	47	3.070242656249999
n28	16	0	0	48	3.090274687499999
n21	20	0	0	60	3.310627031249999
n20	19	0	0	65	3.2572082812499987
n19	18	0	0	67	3.1530417187499986
n18	17	0	0	69	3.102293906249999
n30	21	0	0	48	3.405445312499999
n25	25	0	0	48	3.628468593749999
n24	24	0	0	53	3.552346874999999
n23	23	0	0	55	3.476225156249999
n22	22	0	0	57	3.422806406249999
n48	28	0	0	29	3.728628749999999
n49	26	0	0	41	3.7272932812499993
n32	27	0	0	53	3.7246223437499992
n33	29	0	0	55	3.7833829687499985
n34	30	0	0	57	3.8354662499999983
n35	31	0	0	60	3.9503165624999985
n51	38	0	0	48	4.238777812499999
n50	36	0	0	50	4.038457499999998
n36	33	0	0	65	4.066502343749998
n37	34	0	0	67	4.102559999999999
n38	35	0	0	69	4.176010781249999
n39	37	0	0	72	4.270829062499999
n52	39	0	0	57	4.356299062499999
n40	40	0	0	77	4.362976406249999
n41	41	0	0	79	4.432420781249998
n42	42	0	0	81	4.499194218749997
n43	44	0	0	84	4.615379999999997
n54	50	0	0	45	4.893157499999997
n53	47	0	0	53	4.686159843749998
n44	45	0	0	89	4.6768115624999975
n45	46	0	0	91	4.735572187499998
n47	49	0	0	91	4.893157499999997
n46	48	0	0	93	4.823713124999998
n76	51	0	0	41	4.981298437499996
n71	52	0	0	48	4.978627499999996
n58	56	0	0	79	5.216340937499997
n57	55	0	0	81	5.150902968749997
n56	54	0	0	84	5.052078281249997
n55	53	0	0	89	4.970614687499997
n62	60	0	0	67	5.528840624999999
n61	59	0	0	69	5.468744531249999
n60	58	0	0	72	5.360571562499998
n59	57	0	0	77	5.293798124999998
n72	61	0	0	47	5.586265781249999
n73	63	0	0	48	5.634342656249999
n66	66	0	0	55	5.845346718749998
n65	65	0	0	57	5.781244218749999
n64	64	0	0	60	5.683754999999999
n63	62	0	0	65	5.606297812499999
n75	67	0	0	48	5.924139374999998
n68	69	0	0	48	6.034983281249998
n67	68	0	0	53	5.932152187499998
n69	70	0	0	53	6.104427656249999
n70	71	0	0	57	6.163188281249999
n93	74	0	0	28	6.233968125
n94	72	0	0	40	6.2232843749999995
n78	75	0	0	48	6.307418906249999
n77	73	0	0	55	6.2232843749999995
n79	76	0	0	55	6.419598281249999
n80	77	0	0	57	6.510410156249999
n96	82	0	0	48	6.736104374999999
n95	80	0	0	50	6.559822499999998
n81	78	0	0	58	6.5584870312499985
n82	79	0	0	60	6.6492989062499985
n83	81	0	0	67	6.746788124999998
n84	83	0	0	69	6.817567968749998
n97	85	0	0	55	6.8482837499999984
n85	84	0	0	70	6.852290156249999
n86	86	0	0	72	6.943102031249998
n87	87	0	0	79	7.019223749999998
n88	88	0	0	81	7.091339062499999
n98	89	0	0	62	7.119383906249999
n89	90	0	0	82	7.135409531249999
n90	91	0	0	84	7.219544062499999
n91	94	0	0	91	7.317033281249999
n92	95	0	0	93	7.4198643749999995
n115	92	0	0	40	7.286317499999999
n116	93	0	0	48	7.338400781249999
n118	96	0	0	60	7.534714687499998
n102	100	0	0	84	7.756402499999997
n101	99	0	0	91	7.688293593749997
n100	98	0	0	93	7.624191093749998
n99	97	0	0	94	7.516018124999999
n106	104	0	0	72	8.075579531249998
n105	103	0	0	79	7.983432187499998
n104	102	0	0	81	7.916658749999998
n103	101	0	0	82	7.855227187499998
n120	105	0	0	47	8.123656406249998
n121	106	0	0	48	8.162384999999997
n110	110	0	0	60	8.373389062499996
n109	109	0	0	67	8.297267343749997
n108	108	0	0	69	8.225152031249998
n107	107	0	0	70	8.162384999999997
n123	111	0	0	48	8.474884687499996
n114	115	0	0	48	8.697907968749998
n113	114	0	0	55	8.612437968749997
n112	113	0	0	57	8.540322656249996
n111	112	0	0	58	8.484232968749996
n140	117	0	0	28	8.80741640625
n141	116	0	0	40	8.7900553125
n124	118	0	0	55	8.808751875
n125	119	0	0	57	8.867512500000002
n126	120	0	0	58	8.930279531250003
n127	121	0	0	60	9.033110625000003
n143	127	0	0	48	9.313559062500001
n142	124	0	0	50	9.142619062500001
n128	122	0	0	67	9.138612656250002
n129	123	0	0	69	9.204050625
n130	125	0	0	70	9.269488593750001
n131	126	0	0	72	9.356294062500002
n144	128	0	0	58	9.452447812500004
n132	129	0	0	79	9.463131562500005
n133	130	0	0	81	9.521892187500006
n134	131	0	0	82	9.579317343750006
n135	132	0	0	84	9.668793750000004
n146	138	0	0	43	9.955919531250002
n145	135	0	0	55	9.756934687500005
n136	133	0	0	91	9.762276562500004
n137	134	0	0	93	9.834391875000003
n139	137	0	0	93	9.966603281250002
n138	136	0	0	94	9.909178125000002
n168	141	0	0	40	10.069434375000002
n163	139	0	0	48	10.064092500000003
n150	144	0	0	81	10.301805937500001
n149	143	0	0	82	10.244380781250001
n148	142	0	0	84	10.140214218750002
n147	140	0	0	91	10.042725000000003
n154	148	0	0	69	10.626324843750002
n153	147	0	0	70	10.580918906250002
n152	146	0	0	72	10.475416875000002
n151	145	0	0	79	10.396624218750002
n164	149	0	0	47	10.703782031250002
n165	151	0	0	48	10.727820468750002
n158	154	0	0	57	10.968204843750003
n157	153	0	0	58	10.909444218750004
n156	152	0	0	60	10.811955000000003
n155	150	0	0	67	10.710459375000003
n167	155	0	0	48	11.046997500000003
n160	157	0	0	48	11.180544375000004
n159	156	0	0	55	11.044326562500004
n161	158	0	0	55	11.225950312500004
n162	159	0	0	58	11.272691718750004
n185	161	0	0	29	11.356826250000005
n186	160	0	0	41	11.356826250000005
n170	163	0	0	48	11.432947968750005
n171	164	0	0	53	11.533108125000005
n172	165	0	0	55	11.593204218750005
n169	162	0	0	57	11.347477968750004
n188	171	0	0	48	11.896355625000004
n187	168	0	0	50	11.705383593750005
n173	166	0	0	57	11.670661406250005
n174	167	0	0	60	11.780169843750004
n175	169	0	0	65	11.868310781250003
n176	170	0	0	67	11.929742343750004
n189	173	0	0	53	12.007199531250006
n177	172	0	0	69	11.996515781250006
n178	174	0	0	72	12.087327656250006
n179	175	0	0	77	12.172797656250006
n180	176	0	0	79	12.248919375000007
n190	179	0	0	65	12.341066718750007
n181	177	0	0	81	12.314357343750007
n182	178	0	0	84	12.426536718750008
n183	180	0	0	89	12.509335781250009
n184	181	0	0	93	12.589463906250009
n207	182	0	0	53	12.702978750000009
n208	188	0	0	58	12.689624062500009
n209	185	0	0	62	12.68695312500001
n210	183	0	0	65	12.68428218750001
n194	189	0	0	82	12.931343906250005
n193	187	0	0	86	12.824506406250006
n192	186	0	0	89	12.772423125000007
n191	184	0	0	91	12.68428218750001
n198	193	0	0	70	13.233159843750006
n197	192	0	0	74	13.169057343750005
n196	191	0	0	77	13.070232656250004
n195	190	0	0	79	12.988769062500005
n211	196	0	0	53	13.360029375000007
n212	198	0	0	57	13.353352031250006
n213	197	0	0	60	13.341332812500006
n214	195	0	0	65	13.345339218750006
n199	194	0	0	72	13.345339218750006
n200	199	0	0	77	13.450841250000005
n201	200	0	0	79	13.516279218750006
n202	201	0	0	81	13.588394531250005
n215	202	0	0	53	13.684548281250006
n216	205	0	0	57	13.677870937500005
n217	204	0	0	60	13.673864531250006
n218	203	0	0	65	13.673864531250006
n203	206	0	0	84	13.691225625000007
n204	207	0	0	89	13.779366562500005
n205	208	0	0	91	13.842133593750006
n206	209	0	0	93	13.914248906250005
n235	210	0	0	53	14.026428281250004
n236	214	0	0	58	14.023757343750004
n237	213	0	0	62	14.015744531250006
n238	211	0	0	65	14.013073593750006
n222	217	0	0	82	14.244109687500004
n221	216	0	0	86	14.149291406250002
n220	215	0	0	89	14.077176093750003
n219	212	0	0	91	13.998383437500006
n226	221	0	0	70	14.569964062500006
n225	220	0	0	74	14.483158593750005
n224	219	0	0	77	14.404365937500003
n223	218	0	0	79	14.313554062500003
n239	223	0	0	53	14.687485312500003
n240	225	0	0	57	14.679472500000003
n241	226	0	0	60	14.667453281250005
n242	224	0	0	65	14.667453281250005
n227	222	0	0	72	14.676801562500003
n228	227	0	0	77	14.778297187500003
n229	228	0	0	79	14.833051406250004
n230	229	0	0	81	14.911844062500005
n243	230	0	0	53	14.993307656250003
n244	232	0	0	57	14.985294843750005
n245	233	0	0	60	14.981288437500005
n246	231	0	0	65	14.973275625000005
n231	234	0	0	84	15.005326875000003
n232	235	0	0	89	15.110828906250003
n233	236	0	0	91	15.160241250000002
n234	237	0	0	93	15.256395000000003
n266	249	0	0	55	15.363232500000002
n263	248	0	0	59	15.359226093750003
n267	244	0	0	65	15.337858593750004
n250	241	0	0	89	15.610294218750003
n247	238	0	0	91	15.348542343750003
n249	240	0	0	91	15.535507968750002
n248	239	0	0	93	15.460721718750001
n254	246	0	0	81	15.912110156250002
n252	243	0	0	83	15.757195781250001
n253	245	0	0	84	15.844001250000002
n251	242	0	0	86	15.678403125
n264	250	0	0	62	16.044321562500002
n258	253	0	0	77	16.251319218749998
n255	247	0	0	79	16.017612187500003
n257	252	0	0	79	16.159171875000002
n256	251	0	0	81	16.103082187500004
n262	257	0	0	69	16.57183171875
n260	255	0	0	71	16.42092375
n261	256	0	0	72	16.50238734375
n259	254	0	0	74	16.319428124999998
n271	261	0	0	65	16.872312187500007
n268	258	0	0	67	16.651959843750003
n270	260	0	0	67	16.800196875000005
n269	259	0	0	69	16.733423437500004
n275	265	0	0	57	17.164779843750008
n273	263	0	0	59	17.027226562500008
n274	264	0	0	60	17.107354687500006
n272	262	0	0	62	16.939085625000008
n279	269	0	0	53	17.49464062500001
n276	266	0	0	55	17.247578906250006
n278	268	0	0	55	17.398486875000007
n277	267	0	0	57	17.331713437500007
n285	270	0	0	43	17.52135000000001
n280	271	0	0	50	17.553401250000007
n283	274	0	0	50	17.752386093750008
n282	273	0	0	52	17.69496093750001
n281	272	0	0	53	17.63620031250001
n302	279	0	0	36	17.856552656250006
n303	276	0	0	43	17.836520625000006
n286	275	0	0	48	17.831178750000007
n288	278	0	0	55	18.00478968750001
n287	277	0	0	57	17.95137093750001
n289	280	0	0	59	18.066221250000012
n290	281	0	0	60	18.17439421875001
n292	283	0	0	67	18.31061203125001
n291	282	0	0	69	18.26119968750001
n293	284	0	0	71	18.38539828125001
n294	285	0	0	72	18.47220375000001
n296	287	0	0	79	18.60441515625001
n295	286	0	0	81	18.56435109375001
n297	288	0	0	83	18.660504843750008
n298	289	0	0	84	18.75532312500001
n300	291	0	0	91	18.856818750000013
n299	290	0	0	93	18.871508906250014
n301	293	0	0	95	18.970333593750013
n320	292	0	0	48	18.934275937500015
n321	294	0	0	55	19.002384843750015
n322	296	0	0	64	19.105215937500013
n306	298	0	0	88	19.22674359375001
n305	297	0	0	89	19.16531203125001
n304	295	0	0	96	19.059810000000013
n307	299	0	0	98	19.31354906250001
n310	302	0	0	88	19.53256593750001
n314	307	0	0	88	19.826369062500003
n309	301	0	0	89	19.46579250000001
n313	305	0	0	89	19.754253750000004
n308	300	0	0	96	19.369638750000007
n311	303	0	0	98	19.615365000000008
n312	304	0	0	96	19.691486718750006
n315	308	0	0	98	19.898484375000002
n324	306	0	0	48	19.763602031250002
n325	309	0	0	55	19.850407500000003
n326	310	0	0	58	19.925193750000002
n327	311	0	0	64	20.01734109375
n319	318	0	0	91	20.26039640625
n317	313	0	0	93	20.04939234375
n318	314	0	0	94	20.13886875
n316	312	0	0	96	19.987960781250003
n344	315	0	0	41	20.19095203125
n345	316	0	0	48	20.24971265625
n346	317	0	0	57	20.3178215625
n347	319	0	0	65	20.4941034375
n331	323	0	0	84	20.745171562499998
n330	322	0	0	89	20.667714375
n329	321	0	0	91	20.58892171875
n328	320	0	0	93	20.4941034375
n335	327	0	0	72	21.052329375
n334	326	0	0	77	20.9855559375
n333	325	0	0	79	20.913440624999996
n332	324	0	0	81	20.848002656249996
n350	328	0	0	47	21.0977353125
n351	329	0	0	48	21.14447671875
n339	333	0	0	60	21.3701709375
n338	332	0	0	65	21.2953846875
n337	331	0	0	67	21.21926296875
n336	330	0	0	69	21.169850625
n353	334	0	0	48	21.4743375
n343	338	0	0	48	21.69736078125
n342	337	0	0	53	21.61456171875
n341	336	0	0	55	21.534433593750002
n340	335	0	0	57	21.49169859375
n370	340	0	0	29	21.80419828125
n371	339	0	0	41	21.79485
n354	341	0	0	53	21.813546562499997
n355	342	0	0	55	21.868300781249992
n356	343	0	0	57	21.927061406249994
n357	344	0	0	60	22.03122796874999
n373	350	0	0	48	22.326366562499985
n372	348	0	0	50	22.120704374999992
n358	345	0	0	65	22.136729999999993
n359	346	0	0	67	22.19415515624999
n360	347	0	0	69	22.26493499999999
n361	349	0	0	72	22.349069531249985
n374	351	0	0	57	22.443887812499987
n362	352	0	0	77	22.453236093749986
n363	353	0	0	79	22.517338593749987
n364	354	0	0	81	22.574763749999985
n365	355	0	0	84	22.672252968749984
n376	361	0	0	45	22.987423593749988
n375	358	0	0	53	22.799122499999985
n366	356	0	0	89	22.781761406249984
n367	357	0	0	91	22.839186562499986
n369	360	0	0	91	22.98208171874999
n368	359	0	0	93	22.916643749999984
n398	364	0	0	41	23.098267499999984
n393	363	0	0	48	23.088919218749986
n380	367	0	0	79	23.33464546874998
n379	366	0	0	81	23.26520109374998
n378	365	0	0	84	23.16236999999998
n377	362	0	0	89	23.075564531249988
n384	371	0	0	67	23.661835312499978
n383	370	0	0	69	23.599068281249977
n382	369	0	0	72	23.49356624999998
n381	368	0	0	77	23.42412187499998
n394	372	0	0	47	23.72727328124998
n395	374	0	0	48	23.76733734374998
n388	377	0	0	55	23.995702499999975
n387	376	0	0	57	23.927593593749975
n386	375	0	0	60	23.819420624999978
n385	373	0	0	65	23.74730531249998
n397	378	0	0	48	24.086514374999975
n390	380	0	0	48	24.190680937499973
n389	379	0	0	53	24.078501562499977
n391	381	0	0	53	24.25344796874997
n392	382	0	0	57	24.32155687499997
n415	385	0	0	28	24.424387968749972
n416	384	0	0	40	24.420381562499973
n400	386	0	0	48	24.49516781249997
n399	383	0	0	55	24.397678593749973
n401	387	0	0	55	24.599334374999973
n402	388	0	0	57	24.682133437499974
n418	393	0	0	48	24.94254984374998
n417	391	0	0	50	24.759590624999976
n403	389	0	0	58	24.740894062499976
n404	390	0	0	60	24.85440890624998
n405	392	0	0	67	24.94254984374998
n406	394	0	0	69	25.02000703124998
n419	396	0	0	55	25.061406562499975
n407	395	0	0	70	25.062742031249975
n408	397	0	0	72	25.144205624999977
n409	398	0	0	79	25.22433374999998
n410	399	0	0	81	25.295113593749978
n420	400	0	0	62	25.343190468749977
n411	401	0	0	82	25.347196874999977
n412	402	0	0	84	25.438008749999977
n413	406	0	0	91	25.531491562499976
n414	407	0	0	93	25.618297031249973
n437	403	0	0	40	25.515465937499975
n438	404	0	0	48	25.586245781249975
n440	408	0	0	60	25.753179374999974
n424	412	0	0	84	25.95483515624997
n423	411	0	0	91	25.893403593749973
n422	410	0	0	93	25.822623749999973
n421	409	0	0	94	25.722463593749975
n428	416	0	0	72	26.28068953124997
n427	415	0	0	79	26.19521953124997
n426	414	0	0	81	26.12043328124997
n425	413	0	0	82	26.06434359374997
n442	417	0	0	47	26.36749499999997
n443	418	0	0	48	26.41957828124997
n432	422	0	0	60	26.61722765624997
n431	421	0	0	67	26.53309312499997
n430	420	0	0	69	26.452964999999967
n429	419	0	0	70	26.39821078124997
n445	423	0	0	48	26.733413437499973
n436	427	0	0	48	26.965784999999972
n435	426	0	0	55	26.866960312499973
n434	425	0	0	57	26.797515937499973
n433	424	0	0	58	26.72139421874997
n462	430	0	0	28	27.07128703124997
n463	428	0	0	40	27.05125499999997
n446	429	0	0	55	27.07929984374997
n447	431	0	0	57	27.135389531249967
n448	432	0	0	58	27.20750484374997
n449	433	0	0	60	27.31033593749997
n465	439	0	0	48	27.608145468749974
n464	437	0	0	50	27.435869999999973
n450	434	0	0	67	27.42117984374997
n451	435	0	0	69	27.486617812499972
n452	436	0	0	70	27.545378437499974
n453	438	0	0	72	27.640196718749973
n466	441	0	0	58	27.735014999999976
n454	440	0	0	79	27.735014999999976
n455	442	0	0	81	27.804459374999976
n456	443	0	0	82	27.851200781249975
n457	444	0	0	84	27.944683593749975
n468	449	0	0	43	28.249170468749977
n467	446	0	0	55	28.051521093749976
n458	445	0	0	91	28.046179218749977
n459	447	0	0	93	28.103604374999975
n461	450	0	0	93	28.267867031249978
n460	448	0	0	94	28.179726093749977
n490	451	0	0	40	28.37069812499998
n485	452	0	0	48	28.36402078124998
n472	456	0	0	81	28.624437187499975
n471	455	0	0	82	28.568347499999977
n470	454	0	0	84	28.452161718749977
n469	453	0	0	91	28.35200156249998
n476	460	0	0	69	28.959639843749976
n475	459	0	0	70	28.884853593749977
n474	458	0	0	72	28.783357968749975
n473	457	0	0	79	28.708571718749976
n486	461	0	0	47	29.017064999999977
n487	463	0	0	48	29.057129062499975
n480	466	0	0	57	29.28148781249997
n479	465	0	0	58	29.225398124999973
n478	464	0	0	60	29.113218749999973
n477	462	0	0	67	29.026413281249976
n489	467	0	0	48	29.370964218749968
n482	469	0	0	48	29.488485468749968
n481	468	0	0	55	29.36962874999997
n483	470	0	0	55	29.563271718749967
n484	471	0	0	58	29.615354999999965
n507	473	0	0	29	29.696818593749963
n508	472	0	0	41	29.692812187499964
n492	475	0	0	48	29.77828218749996
n493	476	0	0	53	29.875771406249964
n494	477	0	0	55	29.933196562499965
n491	474	0	0	57	29.698154062499963
n510	483	0	0	48	30.225664218749962
n509	480	0	0	50	30.044040468749966
n495	478	0	0	57	30.007982812499964
n496	479	0	0	60	30.109478437499966
n497	481	0	0	65	30.214980468749964
n498	482	0	0	67	30.268399218749963
n511	485	0	0	53	30.35119828124996
n499	484	0	0	69	30.339179062499962
n500	486	0	0	72	30.442010156249957
n501	487	0	0	77	30.534157499999957
n502	488	0	0	79	30.604937343749956
n512	491	0	0	65	30.690407343749957
n503	489	0	0	81	30.661027031249958
n504	490	0	0	84	30.781219218749957
n505	492	0	0	89	30.850663593749957
n506	493	0	0	93	30.928120781249955
n529	494	0	0	53	31.060332187499952
n530	499	0	0	58	31.048312968749954
n531	497	0	0	62	31.040300156249955
n532	496	0	0	65	31.037629218749956
n516	501	0	0	82	31.26332343749995
n515	500	0	0	86	31.16716968749995
n514	498	0	0	89	31.10573812499995
n513	495	0	0	91	31.026945468749958
n520	506	0	0	70	31.58917781249995
n519	505	0	0	74	31.497030468749948
n518	504	0	0	77	31.43960531249995
n517	503	0	0	79	31.34745796874995
n533	510	0	0	53	31.71871828124995
n534	511	0	0	57	31.71471187499995
n535	509	0	0	60	31.71204093749995
n536	508	0	0	65	31.70402812499995
n521	507	0	0	72	31.68132515624995
n522	512	0	0	77	31.78148531249995
n523	513	0	0	79	31.84024593749995
n524	514	0	0	81	31.91102578124995
n537	517	0	0	53	32.03923078124995
n538	518	0	0	57	32.03655984374995
n539	516	0	0	60	32.01786328124995
n540	515	0	0	65	32.02186968749995
n525	519	0	0	84	32.02053421874995
n526	520	0	0	89	32.12336531249994
n527	521	0	0	91	32.17010671874994
n528	522	0	0	93	32.26626046874994
n557	524	0	0	53	32.395800937499935
n558	527	0	0	58	32.395800937499935
n559	525	0	0	62	32.37576890624994
n560	523	0	0	65	32.37042703124994
n544	deletion
n543	529	0	0	86	32.51732859374992
n542	528	0	0	89	32.44654874999993
n541	526	0	0	91	32.35840781249994
n548	535	0	0	70	32.92598203124992
n547	534	0	0	74	32.831163749999924
n546	533	0	0	77	32.771067656249926
n545	532	0	0	79	32.67624937499993
n561	538	0	0	53	33.063535312499916
n562	540	0	0	57	33.05819343749992
n563	537	0	0	60	33.05819343749992
n564	536	0	0	65	33.04750968749992
n549	539	0	0	72	33.02747765624992
n550	541	0	0	77	33.132979687499905
n551	542	0	0	79	33.1837274999999
n552	543	0	0	81	33.27320390624989
n565	546	0	0	53	33.39072515624989
n566	547	0	0	57	33.35733843749989
n567	545	0	0	60	33.36668671874989
n568	544	0	0	65	33.35867390624989
n553	548	0	0	84	33.38938968749989
n554	550	0	0	89	33.49622718749988
n555	551	0	0	91	33.55498781249989
n556	553	0	0	93	33.65381249999987
n585	552	0	0	46	33.59371640624988
n586	556	0	0	53	33.696547499999866
n587	557	0	0	55	33.75130171874986
n588	561	0	0	62	33.87550031249986
n572	562	0	0	89	34.042433906249855
n569	555	0	0	91	33.767327343749855
n571	560	0	0	91	33.98100234374986
n570	559	0	0	93	33.87817124999986
n576	566	0	0	81	34.34692078124985
n578	568	0	0	81	34.50851249999985
n574	564	0	0	82	34.19734828124985
n575	565	0	0	84	34.265457187499855
n573	563	0	0	86	34.11321374999985
n580	570	0	0	77	34.67811703124985
n577	567	0	0	79	34.44173906249985
n579	569	0	0	79	34.56860859374985
n584	574	0	0	69	34.96524281249984
n582	572	0	0	70	34.81967671874985
n583	573	0	0	72	34.88645015624984
n581	571	0	0	74	34.731535781249846
n609	578	0	0	48	35.10012515624983
n605	586	0	0	53	35.08543499999983
n610	583	0	0	55	35.09077687499983
n606	580	0	0	62	35.08944140624983
n589	575	0	0	67	35.04002906249983
n591	577	0	0	67	35.19761437499982
n590	576	0	0	69	35.136182812499825
n592	579	0	0	74	35.288426249999816
n593	581	0	0	72	35.38591546874981
n595	584	0	0	72	35.534152499999806
n594	582	0	0	74	35.444676093749806
n596	585	0	0	81	35.60760328124981
n611	593	0	0	52	35.74382109374981
n607	591	0	0	60	35.75183390624981
n597	587	0	0	79	35.69841515624981
n599	589	0	0	79	35.853329531249805
n598	588	0	0	81	35.766524062499805
n600	590	0	0	86	35.9227739062498
n602	595	0	0	86	36.0683399999998
n608	592	0	0	58	36.0202631249998
n601	594	0	0	84	36.0175921874998
n603	596	0	0	84	36.1471326562498
n604	598	0	0	98	36.2526346874998
n628	597	0	0	41	36.1671646874998
n629	599	0	0	48	36.2432864062498
n630	600	0	0	52	36.3167371874998
n631	602	0	0	58	36.41422640624979
n615	605	0	0	94	36.60519843749979
n612	601	0	0	96	36.330091874999795
n614	604	0	0	96	36.534418593749784
n613	603	0	0	98	36.444942187499784
n619	609	0	0	86	36.92838187499979
n617	607	0	0	88	36.76011281249979
n618	608	0	0	89	36.85626656249979
n616	606	0	0	91	36.68132015624979
n623	614	0	0	82	37.2622490624998
n620	610	0	0	84	37.015187343749794
n622	612	0	0	84	37.1714371874998
n621	611	0	0	86	37.100657343749795
n627	619	0	0	74	37.63484484374978
n633	624	0	0	74	37.79510109374976
n625	615	0	0	76	37.42784718749979
n626	617	0	0	77	37.572077812499785
n624	deletion
n645	616	0	0	41	37.44120187499979
n646	620	0	0	48	37.514652656249794
n647	623	0	0	53	37.620154687499785
n648	622	0	0	57	37.70829562499977
n635	626	0	0	69	37.95001546874976
n632	621	0	0	72	37.65220593749978
n634	625	0	0	72	37.86988734374976
n639	630	0	0	58	38.261179687499755
n637	628	0	0	60	38.116949062499764
n638	629	0	0	62	38.17838062499976
n636	627	0	0	65	38.01545343749976
n643	634	0	0	50	38.57100843749974
n641	632	0	0	52	38.43345515624975
n642	633	0	0	53	38.51491874999975
n640	631	0	0	57	38.33463046874975
n651	638	0	0	41	38.93826234374974
n649	636	0	0	43	38.71123265624974
n650	637	0	0	45	38.83008937499974
n668	640	0	0	45	39.17196937499974
n670	650	0	0	45	39.859735781249725
n644	635	0	0	48	38.65647843749974
n673	648	0	0	38	39.17864671874974
n655	643	0	0	81	39.42170203124972
n654	642	0	0	86	39.34290937499972
n653	641	0	0	88	39.249426562499735
n652	639	0	0	89	39.15861468749974
n659	647	0	0	69	39.764917499999726
n658	646	0	0	74	39.687460312499724
n657	645	0	0	76	39.591306562499724
n656	644	0	0	77	39.53121046874973
n669	649	0	0	44	39.83836828124973
n663	654	0	0	57	40.074746249999706
n662	653	0	0	62	40.023998437499706
n661	652	0	0	64	39.94253484374971
n660	651	0	0	65	39.87442593749972
n672	655	0	0	45	40.1815837499997
n667	659	0	0	45	40.4206326562497
n666	658	0	0	50	40.3351626562497
n665	657	0	0	52	40.268389218749704
n664	656	0	0	53	40.2016157812497
n690	661	0	0	26	40.52613468749969
n691	660	0	0	38	40.52346374999969
n674	662	0	0	50	40.54216031249969
n675	663	0	0	52	40.58623078124968
n676	664	0	0	53	40.65300421874967
n677	665	0	0	57	40.75717078124968
n693	671	0	0	45	41.09237343749967
n692	669	0	0	46	40.88136937499968
n678	666	0	0	62	40.87202109374968
n679	667	0	0	64	40.93879453124968
n680	668	0	0	65	41.02426453124967
n681	670	0	0	69	41.104392656249665
n694	672	0	0	53	41.203217343749664
n682	673	0	0	74	41.204552812499664
n683	674	0	0	76	41.27132624999965
n684	675	0	0	77	41.33542874999964
n685	676	0	0	81	41.43425343749965
n696	682	0	0	41	41.785481718749644
n695	679	0	0	50	41.56646484374965
n686	677	0	0	86	41.55444562499965
n687	678	0	0	88	41.641251093749645
n689	681	0	0	88	41.79883640624964
n688	680	0	0	89	41.71470187499965
n717	685	0	0	38	41.90968031249963
n713	684	0	0	45	41.894990156249634
n700	688	0	0	76	42.15941296874962
n699	687	0	0	77	42.092639531249624
n698	686	0	0	81	41.96710546874962
n697	683	0	0	86	41.888312812499635
n704	692	0	0	64	42.490609218749626
n703	691	0	0	65	42.42784218749963
n702	690	0	0	69	42.314327343749625
n701	689	0	0	74	42.25156031249962
n714	693	0	0	44	42.56940187499963
n715	695	0	0	45	42.589433906249624
n708	698	0	0	52	42.83248921874962
n707	697	0	0	53	42.76170937499962
n706	696	0	0	57	42.646859062499615
n705	694	0	0	62	42.57474374999963
n716	700	0	0	45	42.915288281249616
n710	701	0	0	45	42.99675187499962
n709	699	0	0	50	42.916623749999616
n711	702	0	0	50	43.06886718749962
n712	703	0	0	53	43.139647031249616
n734	704	0	0	25	43.2304589062496
n735	706	0	0	37	43.2211106249996
n719	707	0	0	45	43.31859984374959
n718	705	0	0	52	43.2211106249996
n720	708	0	0	52	43.45615312499958
n721	709	0	0	53	43.51224281249958
n737	714	0	0	45	43.78334296874957
n736	712	0	0	46	43.580351718749576
n722	710	0	0	55	43.584358124999575
n723	711	0	0	57	43.675169999999575
n724	713	0	0	64	43.78734937499957
n725	715	0	0	65	43.84744546874957
n738	717	0	0	52	43.92223171874956
n726	716	0	0	67	43.90887703124956
n727	718	0	0	69	43.982327812499555
n728	719	0	0	76	44.079817031249554
n729	720	0	0	77	44.14391953124955
n739	721	0	0	58	44.19333187499955
n730	722	0	0	79	44.20935749999955
n731	723	0	0	81	44.28815015624954
n732	725	0	0	88	44.411013281249545
n733	726	0	0	89	44.48045765624955
n756	724	0	0	37	44.38697484374954
n757	732	0	0	45	44.47378031249955
n759	728	0	0	57	44.61934640624954
n743	731	0	0	81	44.804976562499526
n742	730	0	0	88	44.759570624999526
n741	729	0	0	89	44.66341687499954
n740	727	0	0	91	44.57260499999955
n747	736	0	0	69	45.117476249999534
n746	735	0	0	76	45.061386562499536
n745	734	0	0	77	44.94386531249953
n744	733	0	0	79	44.91047859374953
n761	737	0	0	44	45.206952656249534
n762	738	0	0	45	45.24167484374953
n751	742	0	0	57	45.443330624999525
n750	741	0	0	64	45.38456999999953
n749	740	0	0	65	45.28975171874952
n748	739	0	0	67	45.22832015624953
n764	743	0	0	45	45.55951640624953
n755	747	0	0	45	45.789217031249535
n754	746	0	0	52	45.706417968749534
n753	745	0	0	53	45.618277031249534
n752	744	0	0	55	45.56085187499953
n781	748	0	0	25	45.90139640624953
n782	749	0	0	37	45.89738999999953
n765	750	0	0	52	45.91074468749953
n766	751	0	0	53	45.97084078124952
n767	752	0	0	55	46.05631078124951
n768	753	0	0	57	46.1564709374995
n784	759	0	0	45	46.4876671874995
n783	757	0	0	46	46.2753276562495
n769	754	0	0	64	46.2673148437495
n770	755	0	0	65	46.3327528124995
n771	756	0	0	67	46.42089374999949
n772	758	0	0	69	46.502357343749495
n785	760	0	0	55	46.60518843749948
n773	761	0	0	76	46.59984656249948
n774	762	0	0	77	46.66929093749947
n775	763	0	0	79	46.744077187499464
n776	764	0	0	81	46.822869843749466
n787	770	0	0	40	47.13536953124947
n786	766	0	0	52	46.93905562499946
n777	765	0	0	88	46.92837187499946
n778	767	0	0	89	46.99915171874946
n780	769	0	0	89	47.13536953124947
n779	768	0	0	91	47.060583281249464
n808	773	0	0	37	47.278264687499444
n804	772	0	0	45	47.268916406249446
n791	776	0	0	77	47.542687499999445
n790	775	0	0	79	47.46790124999944
n789	774	0	0	81	47.32634156249944
n788	771	0	0	88	47.23953609374945
n795	780	0	0	65	47.82714234374945
n794	779	0	0	67	47.82180046874945
n793	778	0	0	69	47.70962109374945
n792	777	0	0	76	47.636170312499445
n805	781	0	0	44	47.94866999999945
n806	783	0	0	45	47.96736656249945
n799	786	0	0	53	48.195731718749435
n798	785	0	0	55	48.13563562499944
n797	784	0	0	57	48.02746265624944
n796	782	0	0	64	47.95935374999945
n807	787	0	0	45	48.281201718749436
n801	789	0	0	45	48.41474859374944
n800	788	0	0	52	48.294556406249434
n802	790	0	0	52	48.44679984374944
n803	791	0	0	55	48.52826343749944
n830	792	0	0	36	48.61907531249943
n810	794	0	0	45	48.70454531249942
n811	795	0	0	51	48.78600890624941
n812	796	0	0	52	48.842098593749405
n809	793	0	0	54	48.600378749999436
n827	802	0	0	45	49.1399081249994
n826	799	0	0	47	48.96496171874941
n813	797	0	0	54	48.92222671874941
n814	798	0	0	57	49.027728749999405
n815	800	0	0	63	49.117205156249405
n816	801	0	0	64	49.1799721874994
n828	804	0	0	48	49.282803281249386
n817	803	0	0	66	49.25742937499939
n818	805	0	0	69	49.35358312499938
n819	806	0	0	75	49.46042062499938
n820	807	0	0	76	49.52318765624938
n829	809	0	0	60	49.635367031249366
n821	808	0	0	78	49.61533499999937
n822	811	0	0	81	49.71816609374937
n823	812	0	0	87	49.79962968749937
n824	813	0	0	88	49.907802656249366
n847	815	0	0	47	49.97324062499936
n848	816	0	0	59	49.97724703124936
n833	818	0	0	87	50.05737515624935
n832	817	0	0	88	49.98525984374936
n831	814	0	0	90	49.89444796874937
n834	819	0	0	96	50.15219343749935
n849	820	0	0	66	50.30176593749935
n850	822	0	0	68	50.34316546874935
n851	825	0	0	69	50.47404140624934
n852	826	0	0	78	50.516776406249335
n838	827	0	0	81	50.507428124999336
n837	824	0	0	87	50.459351249999344
n836	823	0	0	88	50.33915906249935
n835	821	0	0	90	50.29241765624935
n856	834	0	0	59	50.82526968749931
n853	828	0	0	65	50.65566515624932
n854	830	0	0	66	50.682374531249316
n855	833	0	0	68	50.791882968749306
n841	832	0	0	86	50.77585734374931
n840	831	0	0	87	50.70774843749931
n839	829	0	0	89	50.618272031249326
n842	835	0	0	95	50.8599918749993
n857	838	0	0	65	50.9668293749993
n858	839	0	0	66	51.004222499999294
n859	841	0	0	68	51.100376249999286
n860	843	0	0	77	51.18317531249928
n846	844	0	0	80	51.18718171874928
n845	842	0	0	86	51.11907281249928
n844	840	0	0	87	51.01891265624929
n843	836	0	0	89	50.9534746874993
n877	845	0	0	58	51.32607046874928
n863	848	0	0	86	51.483655781249276
n862	847	0	0	87	51.41554687499928
n861	846	0	0	89	51.31672218749928
n864	849	0	0	94	51.558442031249264
n881	856	0	0	53	51.905663906249245
n879	851	0	0	58	51.67729874999926
n882	857	0	0	65	51.91634765624924
n880	850	0	0	70	51.67329234374926
n868	855	0	0	80	51.906999374999245
n867	854	0	0	86	51.82954218749925
n866	853	0	0	87	51.756091406249254
n865	852	0	0	89	51.68264062499926
n883	859	0	0	46	52.02719156249924
n884	858	0	0	58	52.02585609374924
n872	863	0	0	68	52.23151828124923
n871	862	0	0	74	52.17409312499923
n870	861	0	0	75	52.08862312499924
n869	860	0	0	77	52.02719156249924
n885	865	0	0	41	52.36907156249923
n886	864	0	0	53	52.36640062499923
n876	869	0	0	56	52.62013968749923
n875	deletion
n874	868	0	0	63	52.50796031249923
n873	866	0	0	65	52.37574890624923
n900	870	0	0	34	52.73632546874923
n901	871	0	0	46	52.73365453124923
n903	872	0	0	65	53.07019265624923
n904	875	0	0	67	53.13429515624922
n905	878	0	0	68	53.22644249999922
n906	879	0	0	77	53.27719031249922
n891	880	0	0	80	53.28386765624922
n890	877	0	0	86	53.25448734374922
n889	876	0	0	87	53.14631437499922
n888	874	0	0	89	53.08621828124923
n910	889	0	0	58	53.62975406249919
n907	882	0	0	64	53.41340812499921
n908	884	0	0	65	53.4694978124992
n909	886	0	0	67	53.5616451562492
n894	887	0	0	85	53.5723289062492
n893	885	0	0	86	53.4855234374992
n892	883	0	0	88	53.40138890624921
n895	888	0	0	94	53.62441218749919
n911	890	0	0	64	53.75128171874918
n912	892	0	0	65	53.78733937499918
n913	deletion
n914	895	0	0	76	53.96629218749917
n899	896	0	0	79	53.946260156249174
n898	894	0	0	85	53.898183281249175
n897	893	0	0	86	53.804700468749175
n896	891	0	0	88	53.72056593749919
n931	898	0	0	57	54.078471562499175
n917	901	0	0	85	54.22804406249917
n916	900	0	0	86	54.15726421874918
n915	899	0	0	88	54.081142499999174
n918	902	0	0	93	54.30550124999917
n935	910	0	0	52	54.663406874999154
n933	904	0	0	57	54.429699843749155
n936	909	0	0	64	54.66874874999915
n934	903	0	0	69	54.431035312499155
n922	908	0	0	79	54.651387656249156
n921	907	0	0	85	54.58060781249916
n920	906	0	0	86	54.50047968749916
n919	905	0	0	88	54.42035156249916
n937	912	0	0	45	54.787605468749156
n938	911	0	0	57	54.78092812499916
n926	916	0	0	67	55.01329968749914
n925	915	0	0	73	54.91848140624915
n924	914	0	0	74	54.83434687499915
n923	913	0	0	76	54.75822515624915
n939	919	0	0	40	55.126814531249146
n940	917	0	0	52	55.126814531249146
n930	923	0	0	55	55.36986984374914
n929	922	0	0	61	55.272380624999144
n928	921	0	0	62	55.176226874999145
n927	920	0	0	64	55.122808124999146
n954	924	0	0	33	55.57953843749914
n955	925	0	0	45	55.56618374999914
n957	926	0	0	64	56.02424953124912
n958	928	0	0	66	56.095029374999115
n959	930	0	0	67	56.16447374999911
n960	932	0	0	76	56.235253593749114
n945	933	0	0	79	56.25929203124912
n944	931	0	0	85	56.187176718749114
n943	929	0	0	86	56.12040328124911
n942	927	0	0	88	56.044281562499116
n961	934	0	0	62	56.343426562499104
n962	938	0	0	64	56.48765718749909
n963	937	0	0	66	56.502347343749086
n964	940	0	0	74	56.58648187499908
n949	941	0	0	78	56.58648187499908
n948	939	0	0	83	56.510360156249085
n947	936	0	0	85	56.4302320312491
n946	935	0	0	86	56.339420156249105
n965	942	0	0	61	56.67729374999908
n966	944	0	0	62	56.778789374999064
n967	946	0	0	64	56.80149234374906
n968	948	0	0	73	56.87093671874905
n953	949	0	0	76	56.894975156249046
n952	947	0	0	81	56.833543593749056
n951	945	0	0	83	56.74540265624907
n950	943	0	0	85	56.67328734374908
n985	951	0	0	59	56.98845796874904
n986	952	0	0	61	57.06457968749903
n987	954	0	0	62	57.146043281249014
n988	956	0	0	71	57.20346843749901
n972	957	0	0	74	57.20346843749901
n971	955	0	0	79	57.12200484374902
n970	953	0	0	81	57.05790234374903
n969	950	0	0	83	56.99112890624904
n989	959	0	0	57	57.298286718749004
n990	961	0	0	59	57.43851093749898
n991	963	0	0	61	57.46522031249898
n992	965	0	0	69	57.55469671874898
n976	964	0	0	73	57.54935484374898
n975	962	0	0	78	57.43984640624898
n974	960	0	0	79	57.37440843749899
n973	958	0	0	81	57.294280312499005
n993	967	0	0	55	57.63883124999897
n994	968	0	0	57	57.72029484374896
n995	970	0	0	59	57.77237812499895
n996	972	0	0	67	57.855177187498946
n980	973	0	0	71	57.82846781249894
n979	971	0	0	76	57.744333281248956
n978	969	0	0	78	57.66821156249897
n977	966	0	0	79	57.616128281248976
n997	974	0	0	54	57.948659999998945
n998	976	0	0	55	58.02344624999893
n999	979	0	0	57	58.070187656248926
n1000	980	0	0	66	58.15165124999892
n984	981	0	0	69	58.15165124999892
n983	978	0	0	74	58.09155515624892
n982	977	0	0	76	57.99673687499894
n981	975	0	0	78	57.92462156249895
n1017	983	0	0	52	58.25715328124891
n1018	984	0	0	54	58.3372814062489
n1019	987	0	0	55	58.37734546874889
n1020	988	0	0	64	58.50020859374889
n1004	989	0	0	67	58.48685390624889
n1003	986	0	0	73	58.37868093749889
n1002	985	0	0	74	58.3252621874989
n1001	982	0	0	76	58.25848874999891
n1021	991	0	0	53	58.583007656248874
n1022	992	0	0	54	58.707206249998855
n1023	994	0	0	56	58.72990921874885
n1024	997	0	0	62	58.812708281248845
n1008	996	0	0	68	58.823392031248844
n1007	995	0	0	71	58.72590281249885
n1006	993	0	0	73	58.66847765624886
n1005	990	0	0	74	58.580336718748875
n1025	999	0	0	54	58.90619109374883
n1026	1000	0	0	56	58.97697093749882
n1027	1002	0	0	57	59.061105468748806
n1028	1005	0	0	62	59.1492464062488
n1012	1004	0	0	66	59.1278789062488
n1011	1003	0	0	71	59.01837046874881
n1010	1001	0	0	73	58.951597031248824
n1009	998	0	0	74	58.91954578124883
n1029	1007	0	0	56	59.236051874998786
n1030	1008	0	0	57	59.312173593748774
n1031	1011	0	0	59	59.37627609374877
n1032	1013	0	0	62	59.48177812499877
n1016	1012	0	0	65	59.440378593748775
n1015	1010	0	0	71	59.34288937499877
n1014	1009	0	0	73	59.28279328124878
n1013	1006	0	0	74	59.22536812499879
n1049	1015	0	0	57	59.55522890624876
n1050	1016	0	0	59	59.626008749998746
n1051	1020	0	0	60	59.75822015624874
n1052	1017	0	0	61	59.70346593749874
n1036	1021	0	0	66	59.75688468749874
n1035	1019	0	0	69	59.678092031248745
n1034	1018	0	0	71	59.60731218749875
n1033	1014	0	0	73	59.54320968749876
n1053	1023	0	0	51	59.87307046874872
n1054	1024	0	0	52	59.96254687499871
n1055	1025	0	0	54	59.9919271874987
n1056	1029	0	0	60	60.10544203124869
n1040	1028	0	0	66	60.10143562499869
n1039	1027	0	0	69	60.0012754687487
n1038	1026	0	0	71	59.94785671874871
n1037	1022	0	0	72	59.86639312499872
n1057	1031	0	0	52	60.18423468749869
n1058	1032	0	0	54	60.260356406248675
n1059	1034	0	0	55	60.31511062499867
n1060	1036	0	0	60	60.40725796874866
n1044	1037	0	0	64	60.40325156249866
n1043	1035	0	0	69	60.29908499999867
n1042	1033	0	0	71	60.260356406248675
n1041	1030	0	0	72	60.18022828124869
n1061	1039	0	0	54	60.50341171874865
n1062	1040	0	0	55	60.56617874999864
n1063	1042	0	0	57	60.63962953124863
n1064	1045	0	0	60	60.72109312499863
n1048	1044	0	0	63	60.73044140624863
n1047	1043	0	0	69	60.62226843749863
n1046	1041	0	0	71	60.56884968749864
n1045	1038	0	0	72	60.50207624999865
n1081	1047	0	0	55	60.82392421874862
n1082	1048	0	0	57	60.91607156249861
n1083	1050	0	0	58	60.9815095312486
n1084	1053	0	0	59	61.06430859374859
n1068	1052	0	0	64	61.045612031248595
n1067	1051	0	0	67	60.944116406248604
n1066	1049	0	0	69	60.877342968748614
n1065	1046	0	0	71	60.811904999998625
n1085	1054	0	0	49	61.167139687498576
n1086	1057	0	0	50	61.25528062499856
n1087	1058	0	0	52	61.27664812499856
n1088	1061	0	0	58	61.39016296874855
n1072	1060	0	0	64	61.35544078124855
n1071	1059	0	0	67	61.28733187499856
n1070	1056	0	0	69	61.239254999998565
n1069	1055	0	0	70	61.14577218749858
n1089	1062	0	0	50	61.48097484374854
n1090	1064	0	0	52	61.525045312498534
n1091	1067	0	0	53	61.63321828124852
n1092	1069	0	0	58	61.66660499999851
n1076	1068	0	0	62	61.66393406249851
n1075	1066	0	0	67	61.60917984374852
n1074	1065	0	0	69	61.54774828124853
n1073	1063	0	0	70	61.46628468749854
n1093	1070	0	0	52	61.8081646874985
n1094	1072	0	0	53	61.88161546874849
n1095	1074	0	0	55	61.94705343749848
n1096	1076	0	0	58	62.00714953124847
n1080	1077	0	0	61	62.01783328124847
n1079	1075	0	0	67	61.94171156249848
n1078	1073	0	0	69	61.862918906248495
n1077	1071	0	0	70	61.7894681249985
n1116	1085	0	0	45	62.40645468749847
n1115	1082	0	0	53	62.31297187499847
n1114	1080	0	0	55	62.280920624998465
n1113	1078	0	0	57	62.16206390624847
n1097	1079	0	0	62	62.15805749999847
n1098	1081	0	0	64	62.243527499998464
n1099	1083	0	0	65	62.330332968748465
n1100	1084	0	0	74	62.41046109374847
n1120	1092	0	0	45	62.74299281249844
n1119	1091	0	0	52	62.69224499999845
n1118	1089	0	0	53	62.662864687498455
n1117	1087	0	0	55	62.52798234374847
n1101	1086	0	0	61	62.552020781248466
n1102	1088	0	0	62	62.609445937498464
n1103	1090	0	0	64	62.673548437498454
n1104	1093	0	0	73	62.75501203124844
n1124	1100	0	0	45	63.07552453124842
n1123	1099	0	0	53	62.99406093749843
n1122	1096	0	0	55	62.94731953124843
n1121	1094	0	0	57	62.844488437498434
n1105	1095	0	0	62	62.85517218749843
n1106	1097	0	0	64	62.93930671874843
n1107	1098	0	0	65	62.99138999999843
n1108	1101	0	0	74	63.07418906249842
n1128	1110	0	0	45	63.40404984374838
n1127	1107	0	0	50	63.32125078124839
n1126	1103	0	0	52	63.2544773437484
n1125	1106	0	0	53	63.173013749998404
n1109	1102	0	0	65	63.15431718749841
n1110	1104	0	0	67	63.2424581249984
n1111	1105	0	0	68	63.29721234374839
n1112	1108	0	0	77	63.389359687498384
n1146	1111	0	0	49	63.53225484374837
n1129	1112	0	0	69	63.51088734374837
n1130	1113	0	0	71	63.60837656249836
n1131	1114	0	0	73	63.68984015624836
n1132	1115	0	0	81	63.751271718748356
n1148	1118	0	0	33	63.90351515624836
n1147	1125	0	0	45	63.91286343749836
n1133	1116	0	0	81	63.86745749999836
n1134	1117	0	0	83	63.970288593748364
n1135	1119	0	0	85	64.03839749999837
n1136	1120	0	0	93	64.12386749999835
n1139	1123	0	0	81	64.37226468749834
n1140	deletion
n1138	1122	0	0	83	64.30549124999835
n1137	1121	0	0	85	64.21467937499835
n1149	1126	0	0	49	64.57926234374834
n1150	1128	0	0	52	64.58193328124834
n1143	1130	0	0	69	64.72215749999833
n1144	1131	0	0	69	64.77691171874834
n1142	1129	0	0	71	64.66740328124833
n1141	deletion
n1171	1143	0	0	45	64.95319359374831
n1172	1145	0	0	50	64.93716796874831
n1167	1135	0	0	53	64.94518078124831
n1151	1132	0	0	70	64.91446499999832
n1152	1134	0	0	72	65.0012704687483
n1153	1136	0	0	74	65.08941140624829
n1154	1137	0	0	82	65.12947546874828
n1155	1138	0	0	82	65.27237062499829
n1169	1146	0	0	53	65.48738109374828
n1168	1141	0	0	55	65.25768046874829
n1156	1140	0	0	84	65.36318249999829
n1157	1142	0	0	86	65.43529781249828
n1158	1144	0	0	94	65.50874859374828
n1173	1148	0	0	58	65.61692156249826
n1161	1150	0	0	82	65.76382312499825
n1162	1151	0	0	82	65.87066062499825
n1160	1149	0	0	84	65.69037234374827
n1159	1147	0	0	86	65.61291515624826
n1174	1153	0	0	62	65.96147249999824
n1165	1156	0	0	70	66.10570312499823
n1166	1158	0	0	70	66.17114109374822
n1164	1155	0	0	72	66.06029718749824
n1163	1154	0	0	74	65.93743406249824
n1193	1162	0	0	45	66.2819849999982
n1194	1161	0	0	51	66.2672948437482
n1195	1160	0	0	54	66.2713012499982
n1191	1159	0	0	59	66.2713012499982
n1175	1163	0	0	71	66.2793140624982
n1176	1164	0	0	73	66.35810671874819
n1177	1165	0	0	75	66.45158953124817
n1178	1166	0	0	83	66.51035015624817
n1196	1169	0	0	33	66.64122609374816
n1192	1176	0	0	45	66.63855515624816
n1179	1167	0	0	83	66.63187781249816
n1185	1174	0	0	83	67.10864015624816
n1186	deletion
n1180	1168	0	0	85	66.72001874999816
n1181	1170	0	0	87	66.79480499999816
n1182	1171	0	0	95	66.86424937499817
n1184	1173	0	0	85	67.05255046874817
n1183	1172	0	0	87	66.95239031249817
n1197	1178	0	0	51	67.33700531249815
n1198	1179	0	0	54	67.33032796874815
n1189	1181	0	0	71	67.46521031249814
n1190	1182	0	0	71	67.53999656249815
n1188	deletion
n1187	deletion
n1219	1184	0	0	45	67.64549859374814
n1220	1192	0	0	52	67.65084046874814
n1215	1185	0	0	55	67.64416312499814
n1199	1183	0	0	72	67.64015671874814
n1200	1186	0	0	74	67.72562671874813
n1201	1187	0	0	76	67.81510312499813
n1202	1188	0	0	84	67.87519921874812
n1217	1195	0	0	55	68.22375656249811
n1216	1191	0	0	57	68.01542343749811
n1203	1189	0	0	84	67.99939781249812
n1204	1190	0	0	86	68.09020968749812
n1205	1193	0	0	88	68.15431218749812
n1206	1194	0	0	96	68.2464595312481
n1221	1197	0	0	60	68.3573034374981
n1209	1199	0	0	84	68.50954687499811
n1210	1201	0	0	84	68.6591193749981
n1208	1198	0	0	86	68.4441089062481
n1207	1196	0	0	88	68.3346004687481
n1222	1202	0	0	64	68.6831578124981
n1213	1207	0	0	72	68.84074312499808
n1214	1209	0	0	72	68.93021953124808
n1212	1206	0	0	74	68.7672923437481
n1211	1204	0	0	76	68.6804868749981
n1239	1208	0	0	45	68.88347812499808
n1240	1210	0	0	52	68.94758062499808
n1241	1212	0	0	55	69.01568953124807
n1242	1211	0	0	61	69.12920437499807
n1223	1213	0	0	73	69.13721718749807
n1224	1214	0	0	74	69.21734531249805
n1225	1215	0	0	76	69.32685374999805
n1226	1216	0	0	85	69.46040062499806
n1243	1217	0	0	33	69.59661843749805
n1244	1218	0	0	45	69.59127656249805
n1227	1219	0	0	76	69.59528296874805
n1228	1220	0	0	77	69.67541109374805
n1229	1221	0	0	79	69.73951359374806
n1231	1223	0	0	79	69.91045359374806
n1230	1222	0	0	88	69.81964171874806
n1232	1224	0	0	81	69.98791078124806
n1233	1225	0	0	82	70.05468421874806
n1234	1226	0	0	91	70.11478031249806
n1246	1227	0	0	55	70.22028234374805
n1247	1229	0	0	57	70.25233359374805
n1248	1231	0	0	58	70.31910703124804
n1249	1234	0	0	64	70.39656421874803
n1235	1228	0	0	82	70.21627593749805
n1236	1230	0	0	84	70.29506859374804
n1237	1232	0	0	85	70.34715187499803
n1238	1233	0	0	94	70.41926718749802
n1266	1236	0	0	58	70.56616874999801
n1267	1237	0	0	60	70.63828406249802
n1268	1240	0	0	61	70.705057499998
n1269	1242	0	0	67	70.801211249998
n1250	1235	0	0	79	70.56616874999801
n1251	1238	0	0	81	70.64896781249801
n1252	1239	0	0	82	70.710399374998
n1253	1241	0	0	91	70.798540312498
n1270	1244	0	0	61	70.900035937498
n1271	1245	0	0	62	70.969480312498
n1272	1247	0	0	64	71.012215312498
n1273	1249	0	0	70	71.08700156249799
n1254	1243	0	0	76	70.889352187498
n1255	1246	0	0	77	70.977493124998
n1256	1248	0	0	79	71.026905468748
n1257	1250	0	0	88	71.10436265624799
n1274	1252	0	0	64	71.19918093749797
n1275	1253	0	0	65	71.25393515624798
n1276	1255	0	0	67	71.30601843749797
n1277	1257	0	0	73	71.42220421874795
n1258	1251	0	0	79	71.18716171874797
n1259	1254	0	0	81	71.27530265624797
n1260	1256	0	0	82	71.33406328124796
n1261	1258	0	0	91	71.40751406249795
n1278	1260	0	0	67	71.51835796874795
n1279	1261	0	0	69	71.59982156249795
n1280	1263	0	0	70	71.63053734374795
n1281	1265	0	0	76	71.71734281249793
n1262	1259	0	0	82	71.51034515624795
n1263	1262	0	0	84	71.59447968749795
n1264	1264	0	0	85	71.62118906249795
n1265	1266	0	0	94	71.73737484374793
n1298	1267	0	0	79	71.80949015624792
n1285	1271	0	0	79	72.0351843749979
n1284	1270	0	0	85	71.9750882812479
n1283	1269	0	0	86	71.90163749999792
n1282	1268	0	0	88	71.81750296874792
n1303	1279	0	0	61	72.39442546874787
n1300	1272	0	0	67	72.1567120312479
n1301	1274	0	0	69	72.2328337499979
n1302	1277	0	0	70	72.26889140624789
n1288	1276	0	0	85	72.29827171874788
n1287	1275	0	0	86	72.2221499999979
n1286	1273	0	0	88	72.1553765624979
n1289	1278	0	0	94	72.40110281249787
n1304	1280	0	0	67	72.49725656249787
n1305	1282	0	0	69	72.55334624999786
n1306	1284	0	0	70	72.62679703124785
n1307	1287	0	0	76	72.70024781249784
n1293	1286	0	0	79	72.69624140624784
n1292	1285	0	0	85	72.63480984374785
n1291	1283	0	0	86	72.56803640624786
n1290	1281	0	0	88	72.47588906249787
n1311	1294	0	0	61	73.02343124999783
n1308	1288	0	0	67	72.80842078124783
n1309	1290	0	0	69	72.87385874999784
n1310	1293	0	0	70	72.93395484374783
n1296	1292	0	0	85	72.94597406249783
n1295	1291	0	0	86	72.87118781249784
n1294	1289	0	0	88	72.79907249999783
n1297	1295	0	0	94	73.02877312499783
n1328	1296	0	0	67	73.13427515624782
n1329	1298	0	0	69	73.18101656249782
n1330	1300	0	0	70	73.2691574999978
n1331	1302	0	0	76	73.35329203124779
n1315	1303	0	0	79	73.34127281249779
n1314	1301	0	0	85	73.2798412499978
n1313	1299	0	0	86	73.20906140624781
n1312	1297	0	0	88	73.11424312499783
n1335	1310	0	0	61	73.6724690624978
n1334	1308	0	0	67	73.5923409374978
n1333	1306	0	0	69	73.53625124999779
n1332	1304	0	0	70	73.44677484374779
n1316	1305	0	0	85	73.46012953124779
n1317	1307	0	0	86	73.52556749999779
n1318	1309	0	0	88	73.60836656249779
n1319	1311	0	0	94	73.6965074999978
n1336	1312	0	0	67	73.79533218749778
n1337	1314	0	0	69	73.86344109374778
n1338	1315	0	0	70	73.94624015624777
n1339	1318	0	0	76	74.02102640624776
n1323	1319	0	0	79	74.01835546874776
n1322	1317	0	0	85	73.95959484374777
n1321	1316	0	0	86	73.88347312499778
n1320	1313	0	0	88	73.78731937499778
n1343	1327	0	0	60	74.32684874999777
n1342	1324	0	0	67	74.26141078124776
n1341	1322	0	0	69	74.18795999999776
n1340	1320	0	0	70	74.10916734374776
n1324	1321	0	0	85	74.10916734374776
n1325	1323	0	0	86	74.18662453124776
n1326	1325	0	0	88	74.26274624999776
n1327	1326	0	0	94	74.34554531249776
n1360	1328	0	0	67	74.45638921874774
n1361	1329	0	0	69	74.50313062499774
n1362	1331	0	0	70	74.58726515624772
n1363	1335	0	0	76	74.65537406249771
n1347	1334	0	0	79	74.67540609374771
n1346	1333	0	0	84	74.60462624999772
n1345	1332	0	0	86	74.52583359374773
n1344	1330	0	0	88	74.44169906249775
n1367	1342	0	0	60	74.99591859374769
n1364	1336	0	0	67	74.76354703124771
n1365	1338	0	0	69	74.83032046874771
n1366	1340	0	0	70	74.9144549999977
n1350	1341	0	0	84	74.9344870312477
n1349	1339	0	0	86	74.84634609374771
n1348	1337	0	0	88	74.76755343749771
n1351	1343	0	0	94	75.03464718749768
n1368	1344	0	0	67	75.11878171874767
n1369	1346	0	0	69	75.18421968749767
n1370	1349	0	0	70	75.24965765624766
n1371	1351	0	0	76	75.32978578124765
n1355	1350	0	0	79	75.33245671874765
n1354	1348	0	0	84	75.25232859374766
n1353	1347	0	0	86	75.16418765624768
n1352	1345	0	0	88	75.09474328124767
n1375	1359	0	0	60	75.65564015624761
n1372	1352	0	0	67	75.43528781249765
n1373	1354	0	0	69	75.49805484374764
n1374	1357	0	0	70	75.57951843749763
n1358	1356	0	0	84	75.58753124999762
n1357	1355	0	0	86	75.51274499999764
n1356	1353	0	0	88	75.42861046874765
n1359	1358	0	0	94	75.67700765624761
n1392	1360	0	0	67	75.79853531249759
n1393	1362	0	0	69	75.83859937499759
n1394	1364	0	0	70	75.91739203124757
n1395	1366	0	0	76	76.00419749999756
n1379	1367	0	0	79	75.99484921874756
n1378	1365	0	0	84	75.91605656249757
n1377	1363	0	0	86	75.84527671874758
n1376	1361	0	0	88	75.7584712499976
n1399	1375	0	0	60	76.35409031249756
n1396	1372	0	0	67	76.27262671874756
n1397	1371	0	0	69	76.18849218749756
n1398	1368	0	0	70	76.10435765624756
n1382	1369	0	0	84	76.10302218749756
n1381	1370	0	0	86	76.17113109374756
n1380	1373	0	0	88	76.26060749999756
n1383	1374	0	0	94	76.37145140624756
n1400	1376	0	0	67	76.48630171874755
n1401	1378	0	0	69	76.56509437499754
n1402	1380	0	0	70	76.65590624999753
n1403	1382	0	0	76	76.73736984374752
n1387	1383	0	0	79	76.72535062499752
n1386	1381	0	0	84	76.65323531249753
n1385	1379	0	0	86	76.56642984374754
n1384	1377	0	0	88	76.47428249999756
n1407	1391	0	0	60	77.1460232812475
n1404	1388	0	0	67	77.0178182812475
n1405	1386	0	0	69	76.9363546874975
n1406	1384	0	0	70	76.8402009374975
n1390	1385	0	0	84	76.8442073437475
n1389	1387	0	0	86	76.9123162499975
n1388	1389	0	0	88	77.0124764062475
n1391	1390	0	0	94	77.16204890624749
n1424	1392	0	0	67	77.30093765624748
n1425	1393	0	0	69	77.42914265624746
n1426	1396	0	0	70	77.47454859374746
n1427	1399	0	0	76	77.64682406249743
n1411	1398	0	0	79	77.63480484374743
n1410	1397	0	0	84	77.50526437499745
n1409	1395	0	0	86	77.41044609374747
n1408	1394	0	0	88	77.27957015624749
n1428	1401	0	0	68	77.84847984374741
n1429	deletion
n1430	1403	0	0	71	77.9473045312474
n1431	1405	0	0	77	78.05814843749738
n1415	1406	0	0	80	78.08619328124738
n1414	1404	0	0	86	77.9713429687474
n1413	1402	0	0	88	77.8952212499974
n1412	1400	0	0	89	77.82711234374742
n1432	1408	0	0	68	78.17299874999736
n1433	deletion
n1434	1411	0	0	71	78.27983624999735
n1435	1413	0	0	77	78.39201562499733
n1419	1412	0	0	80	78.37999640624733
n1418	1410	0	0	86	78.27716531249735
n1417	1409	0	0	88	78.21439828124736
n1416	1407	0	0	89	78.16365046874736
n1436	1415	0	0	67	78.48950484374733
n1437	1416	0	0	69	78.58699406249731
n1438	1418	0	0	70	78.6230517187473
n1439	1421	0	0	76	78.71786999999729
n1423	1420	0	0	79	78.71252812499729
n1422	1419	0	0	85	78.6444192187473
n1421	1417	0	0	86	78.54960093749732
n1420	1414	0	0	88	78.49618218749733
n1456	1423	0	0	67	78.84340406249727
n1457	1425	0	0	69	78.91819031249726
n1458	1427	0	0	70	78.95024156249725
n1459	1429	0	0	76	79.04105343749724
n1443	1428	0	0	79	79.02636328124724
n1442	1426	0	0	85	78.95024156249725
n1441	1424	0	0	86	78.85542328124727
n1440	1422	0	0	88	78.81535921874728
n1460	1431	0	0	68	79.17326484374723
n1461	1432	0	0	69	79.25339296874722
n1462	1434	0	0	71	79.28811515624722
n1463	1436	0	0	77	79.3669078124972
n1447	1437	0	0	80	79.4163201562472
n1446	1435	0	0	86	79.28945062499722
n1445	1433	0	0	88	79.23068999999722
n1444	1430	0	0	89	79.15323281249724
n1464	1439	0	0	68	79.48843546874718
n1465	1440	0	0	69	79.53918328124718
n1466	1443	0	0	71	79.60195031249717
n1467	1445	0	0	77	79.71145874999715
n1451	1444	0	0	80	79.69409765624715
n1450	1442	0	0	86	79.59260203124717
n1449	1441	0	0	88	79.54719609374717
n1448	1438	0	0	89	79.48977093749718
n1468	1446	0	0	69	79.85034749999716
n1469	1448	0	0	70	79.90109531249715
n1470	1450	0	0	72	79.95718499999714
n1471	1453	0	0	78	80.06535796874712
n1455	1452	0	0	81	80.07203531249712
n1454	1451	0	0	87	80.03063578124713
n1453	1449	0	0	88	79.92246281249714
n1452	1447	0	0	90	79.83165093749716
n1488	1454	0	0	69	80.16952453124712
n1489	1456	0	0	70	80.21626593749713
n1490	1459	0	0	72	80.29372312499711
n1491	1460	0	0	78	80.3631674999971
n1475	1461	0	0	81	80.4152507812471
n1474	1458	0	0	87	80.34046453124711
n1473	1457	0	0	88	80.25232359374712
n1472	1455	0	0	90	80.16151171874712
n1492	1463	0	0	70	80.50339171874708
n1493	1464	0	0	72	80.58351984374707
n1494	1467	0	0	73	80.68902187499705
n1495	1468	0	0	79	80.73442781249705
n1479	1469	0	0	82	80.76247265624704
n1478	1466	0	0	88	80.65830609374706
n1477	1465	0	0	89	80.59820999999707
n1476	1462	0	0	91	80.51941734374708
n1496	1471	0	0	70	80.84527171874704
n1497	1472	0	0	72	80.91605156249703
n1498	1475	0	0	73	80.98549593749702
n1499	1476	0	0	79	81.04292109374701
n1483	1477	0	0	82	81.05894671874701
n1482	1474	0	0	88	80.94543187499703
n1481	1473	0	0	89	80.88800671874704
n1480	1470	0	0	91	80.84794265624704
n1500	1478	0	0	69	81.179138906247
n1501	1480	0	0	70	81.25526062499699
n1502	1482	0	0	72	81.29933109374699
n1503	1484	0	0	78	81.41551687499697
n1487	1485	0	0	81	81.41551687499697
n1486	1483	0	0	87	81.36877546874697
n1485	1481	0	0	88	81.26727984374699
n1484	1479	0	0	90	81.177803437497
n1520	1486	0	0	69	81.51968343749697
n1521	1488	0	0	70	81.57844406249696
n1522	1490	0	0	72	81.62384999999695
n1523	1492	0	0	78	81.72534562499693
n1507	1493	0	0	81	81.72267468749693
n1506	1491	0	0	87	81.66391406249694
n1505	1489	0	0	88	81.57844406249696
n1504	1487	0	0	90	81.50632874999697
n1524	1495	0	0	70	81.83618953124693
n1525	1498	0	0	72	81.92967234374692
n1526	1500	0	0	73	82.0204842187469
n1527	1501	0	0	79	82.0645546874969
n1511	1502	0	0	82	82.09126406249689
n1510	1499	0	0	88	81.98042015624691
n1509	1497	0	0	89	81.91631765624692
n1508	1494	0	0	91	81.83218312499693
n1528	1504	0	0	70	82.14735374999688
n1529	1506	0	0	72	82.21946906249688
n1530	1507	0	0	73	82.27822968749688
n1531	1508	0	0	79	82.33832578124687
n1515	1509	0	0	82	82.34500312499686
n1514	deletion
n1513	1505	0	0	89	82.16738578124688
n1512	1503	0	0	91	82.15536656249688
n1532	1511	0	0	71	82.47187265624687
n1533	1513	0	0	72	82.56134906249687
n1534	1514	0	0	74	82.60675499999687
n1535	1516	0	0	80	82.71225703124685
n1519	1517	0	0	83	82.74030187499685
n1518	1515	0	0	89	82.64548359374686
n1517	1512	0	0	91	82.56401999999687
n1516	1510	0	0	92	82.47187265624687
n1552	1518	0	0	65	82.84446843749684
n1553	1519	0	0	72	82.90723546874685
n1554	1521	0	0	81	83.00338921874683
n1539	1525	0	0	84	83.26514109374679
n1538	1523	0	0	89	83.13159421874681
n1537	1522	0	0	91	83.06348531249682
n1536	1520	0	0	93	82.97133796874684
n1543	1529	0	0	72	83.51620921874678
n1542	1528	0	0	77	83.46011953124679
n1541	1527	0	0	79	83.36663671874679
n1540	1526	0	0	81	83.30921156249678
n1557	1531	0	0	53	83.62438218749678
n1558	1530	0	0	60	83.61770484374678
n1547	1536	0	0	60	83.81535421874678
n1546	1535	0	0	65	83.76059999999677
n1545	1534	0	0	67	83.67646546874677
n1544	1532	0	0	69	83.62571765624678
n1560	1538	0	0	41	83.94756562499678
n1561	1537	0	0	48	83.94623015624678
n1551	1542	0	0	48	84.15322781249677
n1550	1541	0	0	53	84.06909328124677
n1549	1540	0	0	55	83.98495874999678
n1548	1539	0	0	57	83.93421093749679
n1578	1544	0	0	29	84.28543921874675
n1579	1543	0	0	41	84.27742640624675
n1562	1545	0	0	53	84.27742640624675
n1563	1546	0	0	55	84.34019343749674
n1564	1547	0	0	57	84.41631515624672
n1565	1548	0	0	60	84.52849453124672
n1581	1554	0	0	48	84.86369718749671
n1580	1552	0	0	50	84.66204140624673
n1566	1549	0	0	65	84.65937046874673
n1567	1550	0	0	67	84.68741531249673
n1568	1551	0	0	69	84.82229765624672
n1569	deletion
n1582	1555	0	0	57	84.97587656249671
n1570	1556	0	0	77	84.9892312499967
n1571	1557	0	0	79	85.0426499999967
n1572	1558	0	0	81	85.1094234374967
n1573	1559	0	0	84	85.2055771874967
n1584	1564	0	0	45	85.49804484374671
n1583	1561	0	0	53	85.3003954687467
n1574	1560	0	0	89	85.2883762499967
n1575	1562	0	0	91	85.3631624999967
n1577	1567	0	0	91	85.52074781249671
n1576	1563	0	0	93	85.4419551562467
n1605	1566	0	0	41	85.61423062499671
n1601	1565	0	0	48	85.60888874999671
n1588	1571	0	0	79	85.8679696874967
n1587	1570	0	0	81	85.80119624999669
n1586	1569	0	0	84	85.6903523437467
n1585	1568	0	0	89	85.6209079687467
n1592	1575	0	0	67	86.18180484374669
n1591	1574	0	0	69	86.12838609374668
n1590	1573	0	0	72	86.01754218749669
n1589	1572	0	0	77	85.9534396874967
n1602	1576	0	0	47	86.2405654687467
n1603	1577	0	0	48	86.30867437499668
n1596	1581	0	0	55	86.53436859374668
n1595	1580	0	0	57	86.47026609374667
n1594	1579	0	0	60	86.34606749999668
n1593	1578	0	0	65	86.27128124999669
n1604	1582	0	0	48	86.64120609374667
n1598	1584	0	0	48	86.72133421874666
n1597	1583	0	0	53	86.62651593749668
n1599	1585	0	0	53	86.79745593749666
n1600	1586	0	0	57	86.84820374999667
n1622	1587	0	0	28	86.95504124999667
n1623	1589	0	0	40	86.96038312499667
n1607	1590	0	0	48	87.02047921874666
n1606	1588	0	0	55	86.93100281249667
n1608	1591	0	0	55	87.13532953124664
n1609	1592	0	0	57	87.21145124999664
n1625	1598	0	0	48	87.51193171874664
n1624	1595	0	0	50	87.31962421874664
n1610	1593	0	0	58	87.27154734374665
n1611	1594	0	0	60	87.39040406249664
n1612	1596	0	0	67	87.49189968749664
n1613	1597	0	0	69	87.55733765624664
n1626	1600	0	0	55	87.62945296874663
n1614	1599	0	0	70	87.61075640624664
n1615	1601	0	0	72	87.69221999999662
n1616	1602	0	0	79	87.78036093749662
n1617	1603	0	0	81	87.85114078124663
n1627	1604	0	0	62	87.90055312499662
n1618	1605	0	0	82	87.90322406249662
n1632	deletion
n1619	1606	0	0	84	87.99537140624662
n1620	1610	0	0	91	88.09286062499662
n1621	1612	0	0	93	88.1743242187466
n1644	1609	0	0	40	88.08885421874662
n1645	1611	0	0	48	88.13960203124661
n1647	1614	0	0	60	88.3078710937466
n1631	1618	0	0	84	88.51753968749657
n1630	1617	0	0	91	88.44943078124658
n1629	1616	0	0	93	88.36930265624659
n1628	1615	0	0	94	88.2597942187466
n1635	1621	0	0	72	88.84339406249656
n1634	deletion
n1633	1619	0	0	81	88.64440921874656
n1649	1622	0	0	47	88.91684484374655
n1650	1623	0	0	48	88.95824437499654
n1639	1627	0	0	60	89.1679129687465
n1638	1626	0	0	67	89.10514593749652
n1637	1625	0	0	69	89.04104343749653
n1636	1624	0	0	70	88.94889609374654
n1652	1628	0	0	48	89.27742140624652
n1643	1632	0	0	48	89.51780578124651
n1642	1631	0	0	55	89.44034859374652
n1641	1630	0	0	57	89.38826531249651
n1640	1629	0	0	58	89.28676968749652
n1669	1633	0	0	28	89.61663046874651
n1670	1634	0	0	40	89.61663046874651
n1653	1635	0	0	55	89.6393334374965
n1654	1636	0	0	57	89.6834039062465
n1655	1637	0	0	58	89.74483546874649
n1656	1638	0	0	60	89.86235671874648
n1672	1644	0	0	48	90.17619187499648
n1671	1642	0	0	50	89.98922624999649
n1657	1639	0	0	67	89.9785424999965
n1658	1640	0	0	69	90.0386385937465
n1659	1641	0	0	70	90.09606374999649
n1660	1643	0	0	72	90.19488843749647
n1673	1645	0	0	58	90.29905499999646
n1661	1646	0	0	79	90.29504859374646
n1662	1647	0	0	81	90.34846734374645
n1663	1648	0	0	82	90.41390531249644
n1664	1649	0	0	84	90.51940734374644
n1675	1655	0	0	43	90.86529374999645
n1674	1652	0	0	55	90.65028328124644
n1665	1650	0	0	91	90.62891578124645
n1666	1651	0	0	93	90.70236656249645
n1668	1654	0	0	93	90.85728093749645
n1667	1653	0	0	94	90.77047546874645
n1697	1659	0	0	40	90.99483421874643
n1692	1658	0	0	48	90.98147953124644
n1679	1661	0	0	81	91.21518656249643
n1678	1660	0	0	82	91.14974859374642
n1677	1657	0	0	84	91.02154359374643
n1676	1656	0	0	91	90.94408640624644
n1683	1665	0	0	69	91.56240843749643
n1682	1664	0	0	70	91.50097687499643
n1681	1663	0	0	72	91.36876546874642
n1680	1662	0	0	79	91.31134031249643
n1693	1667	0	0	47	91.66256859374643
n1694	1668	0	0	48	91.70129718749642
n1696	1673	0	0	48	92.02581609374641
n1689	deletion
n1687	1671	0	0	57	91.91096578124642
n1686	1670	0	0	58	91.85754703124641
n1685	1669	0	0	60	91.74670312499642
n1684	1666	0	0	67	91.65455578124643
n1688	1672	0	0	55	92.00845499999642
n1690	1674	0	0	55	92.1834014062464
n1691	1675	0	0	58	92.23815562499641
n1714	1677	0	0	29	92.3503349999964
n1715	1678	0	0	41	92.3570123437464
n1699	1679	0	0	48	92.43446953124639
n1700	1680	0	0	53	92.53329421874638
n1701	1681	0	0	55	92.60273859374638
n1698	1676	0	0	57	92.32229015624641
n1717	1688	0	0	48	92.92725749999636
n1716	1684	0	0	50	92.72426624999636
n1702	1682	0	0	57	92.66817656249637
n1703	1683	0	0	60	92.79103968749637
n1704	1685	0	0	65	92.89119984374636
n1705	1686	0	0	67	92.95530234374635
n1718	1689	0	0	53	93.05546249999634
n1706	1687	0	0	69	93.01806937499634
n1707	1690	0	0	72	93.12624234374633
n1708	1691	0	0	77	93.21838968749633
n1709	1692	0	0	79	93.28249218749633
n1719	1695	0	0	65	93.40134890624633
n1710	1693	0	0	81	93.35861390624633
n1711	1694	0	0	84	93.47880609374633
n1712	1696	0	0	89	93.56694703124633
n1713	1697	0	0	93	93.63639140624633
n1736	1698	0	0	53	93.76326093749631
n1737	1702	0	0	58	93.75391265624631
n1738	1700	0	0	62	93.75124171874631
n1739	1699	0	0	65	93.74857078124631
n1723	1705	0	0	82	93.99296156249629
n1722	1704	0	0	86	93.8861240624963
n1721	1703	0	0	89	93.8313698437463
n1720	1701	0	0	91	93.73788703124632
n1727	1709	0	0	70	94.30546124999628
n1726	1708	0	0	74	94.21732031249628
n1725	1707	0	0	77	94.1398631249963
n1724	1706	0	0	79	94.0597349999963
n1740	1711	0	0	53	94.42565343749628
n1741	1712	0	0	57	94.42965984374628
n1742	1713	0	0	60	94.42164703124628
n1743	1710	0	0	65	94.42431796874628
n1728	1714	0	0	72	94.41897609374628
n1729	1715	0	0	77	94.52848453124626
n1730	1716	0	0	79	94.58056781249627
n1731	1717	0	0	81	94.65936046874627
n1744	1719	0	0	53	94.77421078124627
n1745	1721	0	0	57	94.75417874999627
n1746	1720	0	0	60	94.75017234374627
n1747	1718	0	0	65	94.75417874999627
n1732	1722	0	0	84	94.77153984374627
n1733	1723	0	0	89	94.85968078124625
n1734	1724	0	0	91	94.93179609374626
n1735	1725	0	0	93	94.99589859374625
n1764	1726	0	0	53	95.12944546874623
n1765	1731	0	0	58	95.13345187499623
n1766	1729	0	0	62	95.12677453124623
n1767	1727	0	0	65	95.12543906249623
n1751	1733	0	0	82	95.35246874999622
n1750	1732	0	0	86	95.24028937499622
n1749	1730	0	0	89	95.18152874999623
n1748	1728	0	0	91	95.08938140624623
n1755	1737	0	0	70	95.69701968749621
n1754	1736	0	0	74	95.59953046874621
n1753	1735	0	0	77	95.54477624999622
n1752	1734	0	0	79	95.44328062499622
n1768	1739	0	0	53	95.8132054687462
n1769	1742	0	0	57	95.8172118749962
n1770	1741	0	0	60	95.8145409374962
n1771	1738	0	0	65	95.8065281249962
n1756	1740	0	0	72	95.79584437499621
n1757	1743	0	0	77	95.90535281249619
n1758	1744	0	0	79	95.9574360937462
n1759	1745	0	0	81	96.0482479687462
n1772	1748	0	0	53	96.1537499999962
n1773	1746	0	0	57	96.1377243749962
n1774	1750	0	0	60	96.1444017187462
n1775	1747	0	0	65	96.1417307812462
n1760	1749	0	0	84	96.1444017187462
n1761	1751	0	0	89	96.24322640624618
n1762	1752	0	0	91	96.31934812499618
n1763	1754	0	0	93	96.42618562499618
n1791	1753	0	0	49	96.35006390624618
n1792	1755	0	0	55	96.43419843749618
n1793	1757	0	0	59	96.53836499999618
n1794	1758	0	0	65	96.64520249999616
n1779	1761	0	0	89	96.86021296874615
n1776	1756	0	0	91	96.56240343749617
n1778	1760	0	0	91	96.77474296874615
n1777	1759	0	0	93	96.67324734374616
n1783	1765	0	0	71	97.23948609374615
n1782	1764	0	0	77	97.16336437499615
n1781	1763	0	0	79	97.06453968749615
n1780	1762	0	0	83	96.96437953124615
n1787	1769	0	0	55	97.59204984374615
n1786	1768	0	0	59	97.51192171874615
n1785	1767	0	0	65	97.42511624999615
n1784	1766	0	0	67	97.34231718749615
n1800	1773	0	0	41	97.86047906249614
n1799	1772	0	0	43	97.82442140624615
n1797	1771	0	0	47	97.73628046874614
n1798	1789	0	0	47	97.96464562499614
n1788	1770	0	0	53	97.66282968749616
n1816	1787	0	0	35	97.97800031249614
n1801	1774	0	0	49	97.96865203124614
n1802	1775	0	0	53	98.04610921874612
n1803	1776	0	0	55	98.15561765624611
n1804	1777	0	0	61	98.23441031249611
n1805	1778	0	0	65	98.32121578124611
n1806	1780	0	0	67	98.4467498437461
n1807	1781	0	0	73	98.5108523437461
n1808	1783	0	0	77	98.5936514062461
n1809	1784	0	0	79	98.7018243749961
insertion	1782	0	0	79	98.5963223437461
n1810	1785	0	0	85	98.7579140624961
n1811	1786	0	0	89	98.8126682812461
n1815	1792	0	0	89	99.1852640624961
n1812	1788	0	0	91	98.9181703124961
n1813	1790	0	0	97	99.0129885937461
n1814	1791	0	0	101	99.1038004687461
n1830	1794	0	0	36	99.3308301562461
n1831	1796	0	0	48	99.3201464062461
n1821	1798	0	0	84	99.65534906249607
n1820	1797	0	0	89	99.56053078124607
n1819	1795	0	0	91	99.45636421874607
n1818	1793	0	0	96	99.3174754687461
n1825	1802	0	0	67	100.04397046874608
n1824	1801	0	0	72	99.94648124999608
n1823	1800	0	0	77	99.85967578124608
n1822	1799	0	0	79	99.77019937499608
n1829	1807	0	0	53	100.35647015624609
n1828	1805	0	0	55	100.29370312499609
n1827	1804	0	0	60	100.20155578124609
n1826	1803	0	0	65	100.12543406249608
n1835	1810	0	0	38	100.67831812499608
n1834	1809	0	0	40	100.59418359374608
n1833	1808	0	0	41	100.51405546874608
n1832	1806	0	0	48	100.45262390624609
n1845	1811	0	0	36	100.77847828124608
n1846	1812	0	0	38	100.90000593749606
n1847	1814	0	0	40	100.94140546874605
n1848	1815	0	0	48	101.05625578124604
n1836	1823	0	0	58	100.81320046874607
n1840	1813	0	0	64	100.81320046874607
n1837	1821	0	0	70	100.80518765624608
n1849	1816	0	0	38	101.15641593749604
n1850	1818	0	0	40	101.26325343749602
n1851	1819	0	0	41	101.32602046874601
n1852	1820	0	0	48	101.430187031246
n1841	1817	0	0	62	101.19380906249603
n1853	1822	0	0	38	101.551714687496
n1854	1824	0	0	40	101.68793249999598
n1855	1826	0	0	41	101.75069953124597
n1856	1827	0	0	48	101.86955624999597
n1842	1825	0	0	62	101.586436874996
n1857	1828	0	0	40	102.02046421874597
n1858	1831	0	0	41	102.14199187499595
n1859	1832	0	0	43	102.27687421874593
n1860	1835	0	0	48	102.43045312499592
n1843	1829	0	0	58	102.02447062499597
n1844	1830	0	0	60	102.02046421874597
n1839	1834	0	0	67	102.37169249999593
n1838	1833	0	0	69	102.02447062499597
n1877	1839	0	0	41	102.67885031249592
n1862	1837	0	0	57	102.7923651562459
n1863	1838	0	0	64	102.91923468749589
n1861	1836	0	0	65	102.64946999999593
n1864	1840	0	0	67	103.02740765624587
n1865	1841	0	0	65	103.09151015624586
n1866	1842	0	0	69	103.23039890624585
n1867	1843	0	0	76	103.31720437499585
n1868	1844	0	0	79	103.37596499999584
n1880	1846	0	0	51	103.49615718749583
n1881	1847	0	0	60	103.51218281249582
n1872	1850	0	0	74	103.70048390624581
n1869	1845	0	0	77	103.47345421874583
n1871	1849	0	0	79	103.65240703124582
n1870	1848	0	0	81	103.55224687499582
n1882	1851	0	0	41	103.8326953124958
n1875	1854	0	0	67	103.97024859374578
n1876	1855	0	0	69	104.04904124999577
n1874	1853	0	0	75	103.88611406249579
n1873	1852	0	0	77	103.8086568749958
n1899	1873	0	0	50	104.16122062499575
n1900	1857	0	0	58	104.16522703124575
n1886	1859	0	0	64	104.42030156249575
n1883	1856	0	0	70	104.14519499999575
n1885	1858	0	0	74	104.28942562499574
n1884	deletion
n1901	1874	0	0	41	104.50310062499575
n1890	1863	0	0	61	104.74348499999572
n1887	1860	0	0	65	104.51378437499575
n1889	1862	0	0	70	104.65534406249573
n1888	1861	0	0	72	104.56453218749574
n1894	1867	0	0	60	105.07735218749566
n1891	1864	0	0	62	104.8209421874957
n1893	1866	0	0	67	104.97719203124568
n1892	1865	0	0	69	104.92377328124569
n1903	1876	0	0	48	105.46997999999562
n1902	deletion
n1904	1870	0	0	53	105.21223453124564
n1898	1872	0	0	57	105.42991593749562
n1895	1868	0	0	58	105.19487343749564
n1897	1871	0	0	62	105.34578140624562
n1896	1869	0	0	63	105.28034343749563
n1922	1889	0	0	46	105.5861657812456
n1905	1875	0	0	55	105.51939234374561
n1907	deletion
n1906	deletion
n1908	1877	0	0	62	105.63023624999559
n1910	1879	0	0	62	105.84391124999557
n1925	1883	0	0	50	106.06559906249554
n1924	1881	0	0	52	105.88664624999556
n1909	1878	0	0	60	105.74375109374557
n1911	1880	0	0	60	105.95341968749555
n1912	1882	0	0	65	106.02820593749554
n1926	1886	0	0	48	106.15908187499552
n1913	1884	0	0	64	106.12035328124553
n1915	1887	0	0	64	106.2993060937455
n1914	1885	0	0	65	106.18846218749552
n1916	1888	0	0	69	106.40347265624548
n1918	1892	0	0	69	106.53034218749546
n1927	1903	0	0	48	106.48493624999547
n1949	deletion
n1917	1891	0	0	67	106.46623968749547
n1919	1893	0	0	67	106.62516046874545
n1920	1895	0	0	74	106.70528859374544
n1948	1894	0	0	41	106.65053437499544
n1944	1901	0	0	57	106.82280984374542
n1928	1896	0	0	72	106.82147437499542
n1929	1897	0	0	76	106.9002670312454
n1931	1899	0	0	77	107.05785234374538
n1930	1898	0	0	79	106.9803951562454
n1945	1905	0	0	53	107.16068343749536
n1932	1900	0	0	80	107.16201890624536
n1934	1904	0	0	81	107.32227515624534
n1933	1902	0	0	82	107.23146328124535
n1935	1906	0	0	83	107.40908062499534
n1937	1908	0	0	84	107.55331124999533
n1936	1907	0	0	86	107.47451859374534
n1938	1909	0	0	88	107.63477484374533
n1939	1910	0	0	91	107.69219999999534
n1947	1914	0	0	65	107.80304390624532
n1940	1911	0	0	89	107.78167640624532
n1941	1912	0	0	92	107.88450749999531
n1943	1915	0	0	93	108.01938984374529
n1942	1913	0	0	94	107.9472745312453
n1970	1923	0	0	53	108.18899437499527
n1971	1921	0	0	63	108.17163328124528
n1966	1918	0	0	65	108.16228499999528
n1950	1916	0	0	95	108.14492390624528
n1951	1917	0	0	96	108.26645156249528
n1953	1920	0	0	100	108.46009453124528
n1952	1919	0	0	101	108.35726343749528
n1967	1925	0	0	65	108.59230593749527
n1957	1927	0	0	94	108.80330999999525
n1955	1924	0	0	96	108.64171828124526
n1956	1926	0	0	98	108.72985921874525
n1954	1922	0	0	99	108.54422906249528
n1972	1930	0	0	55	108.92483765624524
n1973	1931	0	0	63	108.91415390624525
n1968	1932	0	0	65	108.91816031249525
n1961	1934	0	0	91	109.16789296874525
n1958	1928	0	0	93	108.89946374999525
n1960	1933	0	0	96	109.08642937499525
n1959	1929	0	0	98	108.99294656249525
n1974	1941	0	0	57	109.28007234374523
n1975	1938	0	0	63	109.26271124999523
n1969	1937	0	0	65	109.26938859374523
n1965	1940	0	0	84	109.52045671874524
n1963	1936	0	0	86	109.34551031249524
n1964	1939	0	0	87	109.41896109374524
n1962	1935	0	0	89	109.23199546874524
n1996	1947	0	0	58	109.62595874999523
n1997	1962	0	0	62	109.61126859374524
n1992	1945	0	0	65	109.61794593749524
n1979	1946	0	0	78	109.8783623437452
n1976	1942	0	0	82	109.61928140624524
n1978	1944	0	0	86	109.79422781249521
n1977	1943	0	0	87	109.71944156249522
n1993	1951	0	0	65	109.9758515624952
n1983	1952	0	0	73	110.22424874999517
n1980	1948	0	0	79	109.98519984374519
n1982	1950	0	0	82	110.13877874999517
n1981	1949	0	0	84	110.06265703124518
n2000	1979	0	0	53	110.32975078124517
n1987	1957	0	0	72	110.55544499999513
n1984	1953	0	0	74	110.32841531249517
n1986	1956	0	0	79	110.47264593749514
n1985	1955	0	0	81	110.42456906249515
n1999	1965	0	0	60	110.94139546874511
n1995	1960	0	0	65	110.67029531249513
n1991	1963	0	0	69	110.92403437499512
n1988	1958	0	0	70	110.68231453124513
n1990	1961	0	0	74	110.83188703124512
n1989	1959	0	0	75	110.75576531249513
n2023	1978	0	0	58	111.07627781249512
n2001	1964	0	0	67	111.08161968749512
n2003	deletion
n2002	deletion
n2004	1966	0	0	74	111.20047640624512
n2006	1968	0	0	74	111.36073265624512
n2019	1972	0	0	62	111.5890978124951
n2018	1970	0	0	64	111.36473906249512
n2005	1967	0	0	72	111.29395921874512
n2007	1969	0	0	72	111.47424749999512
n2008	1971	0	0	77	111.5663948437451
n2020	1975	0	0	60	111.69994171874508
n2009	1973	0	0	76	111.67323234374508
n2011	1976	0	0	76	111.84550781249507
n2010	1974	0	0	77	111.75736687499507
n2012	1977	0	0	86	111.94967437499507
n2021	1982	0	0	60	112.02045421874506
n2015	1981	0	0	84	112.20875531249504
n2013	deletion
n2014	1980	0	0	86	112.07120203124505
n2016	1983	0	0	98	112.29155437499504
n2044	1992	0	0	53	112.40774015624503
n2045	1990	0	0	57	112.37034703124503
n2040	1988	0	0	62	112.37034703124503
n2027	1989	0	0	91	112.645453593745
n2024	1985	0	0	96	112.39304999999503
n2026	1987	0	0	96	112.557312656245
n2025	1986	0	0	98	112.46516531249502
n2041	1993	0	0	60	112.71222703124499
n2031	1996	0	0	86	112.96062421874498
n2028	1991	0	0	89	112.72023984374499
n2030	1995	0	0	89	112.86714140624498
n2029	1994	0	0	91	112.81238718749499
n2035	2000	0	0	79	113.27312390624496
n2032	1997	0	0	84	113.03808140624497
n2034	1999	0	0	84	113.16361546874496
n2033	1998	0	0	86	113.11954499999497
n2043	2002	0	0	65	113.36927765624496
n2039	2005	0	0	74	113.66040984374494
n2036	2001	0	0	77	113.37729046874496
n2038	2004	0	0	77	113.52419203124495
n2037	2003	0	0	79	113.48412796874496
n2067	2020	0	0	53	113.72317687499493
n2068	2011	0	0	55	113.70715124999494
n2069	2022	0	0	58	113.71649953124493
n2046	deletion
n2048	deletion
n2047	2008	0	0	74	113.76190546874493
n2049	2009	0	0	77	113.9248326562449
n2064	2016	0	0	62	114.22531312499487
n2063	2012	0	0	64	114.04235390624488
n2050	2010	0	0	76	114.01030265624489
n2052	deletion
n2051	2013	0	0	77	114.07841156249488
n2053	2015	0	0	86	114.25869984374486
n2065	2018	0	0	60	114.33615703124485
n2054	2017	0	0	84	114.37087921874485
n2056	2021	0	0	84	114.51510984374485
n2055	2019	0	0	86	114.42563343749485
n2057	2023	0	0	89	114.59924437499485
n2066	2026	0	0	60	114.67937249999486
n2058	2024	0	0	88	114.69139171874485
n2060	2027	0	0	88	114.84363515624486
n2059	2025	0	0	89	114.74748140624486
n2061	2028	0	0	98	114.94245984374486
n2094	2036	0	0	53	115.06131656249484
n2095	2034	0	0	57	115.04261999999484
n2086	2033	0	0	62	115.03861359374484
n2073	2032	0	0	91	115.29902999999481
n2070	2029	0	0	96	115.02659437499484
n2072	2031	0	0	96	115.20955359374481
n2071	2030	0	0	98	115.12141265624483
n2087	2045	0	0	60	115.40453203124481
n2077	2039	0	0	86	115.66227749999481
n2074	2035	0	0	89	115.39518374999481
n2076	2038	0	0	89	115.56745921874482
n2075	2037	0	0	91	115.49000203124481
n2089	2042	0	0	69	115.80917906249482
n2081	2044	0	0	79	116.11633687499477
n2078	2040	0	0	84	115.78113421874482
n2080	2043	0	0	84	116.01751218749479
n2079	2041	0	0	86	115.9053328124948
n2092	2050	0	0	57	116.47424249999473
n2090	2048	0	0	58	116.23919999999477
n2093	2051	0	0	65	116.50762921874473
n2091	2046	0	0	67	116.24053546874477
n2085	2053	0	0	74	116.59577015624471
n2082	2047	0	0	77	116.24053546874477
n2084	2052	0	0	77	116.47824890624473
n2083	2049	0	0	79	116.38743703124474
n2117	2071	0	0	53	116.83081265624472
n2118	2061	0	0	55	116.85084468749471
n2119	2068	0	0	58	116.85885749999471
n2112	2055	0	0	65	116.82146437499472
n2096	2054	0	0	72	116.78941312499472
n2097	2056	0	0	75	116.9015924999947
n2099	2058	0	0	76	117.10458374999467
n2098	2057	0	0	77	117.00308812499469
n2114	2064	0	0	62	117.41975437499467
n2113	2060	0	0	64	117.19806656249466
n2100	2059	0	0	78	117.20073749999466
n2102	2063	0	0	79	117.36366468749466
n2101	2062	0	0	81	117.26216906249466
n2103	2065	0	0	83	117.45447656249466
n2115	2067	0	0	60	117.55597218749466
n2105	2069	0	0	84	117.62007468749466
n2104	2066	0	0	86	117.52525640624467
n2106	2070	0	0	87	117.69352546874467
n2107	2072	0	0	89	117.76296984374467
n2116	2073	0	0	60	117.82039499999466
n2108	2074	0	0	88	117.85378171874466
n2109	2076	0	0	90	117.93390984374466
n2111	2078	0	0	91	118.04742468749464
n2110	2077	0	0	93	117.98732859374465
n2136	2075	0	0	53	117.94325812499466
n2137	2082	0	0	60	118.02605718749464
n2138	2084	0	0	64	118.08348234374463
n2139	2091	0	0	70	118.19031984374462
n2121	2080	0	0	90	118.22771296874461
n2122	2081	0	0	91	118.3078410937446
n2120	2079	0	0	94	118.15025578124462
n2123	2083	0	0	98	118.3732790624946
n2126	2087	0	0	91	118.6470501562446
n2125	2086	0	0	93	118.5602446874946
n2124	2085	0	0	96	118.4734392187446
n2127	2088	0	0	98	118.7311846874946
n2129	2090	0	0	90	118.88342812499461
n2130	2092	0	0	91	118.96222078124461
n2128	2089	0	0	94	118.79929359374461
n2131	2093	0	0	98	119.0436843749946
n2134	2097	0	0	91	119.26937859374459
n2133	2095	0	0	93	119.1905859374946
n2132	2094	0	0	96	119.1144642187446
n2135	2098	0	0	98	119.34015843749458
n2158	2096	0	0	65	119.2293145312446
n2159	2114	0	0	72	119.28139781249459
n2160	2112	0	0	76	119.33214562499458
n2161	2111	0	0	82	119.45901515624458
n2143	2100	0	0	90	119.48572453124457
n2144	2101	0	0	91	119.59656843749455
n2142	2099	0	0	94	119.43097031249458
n2145	2102	0	0	98	119.66334187499454
n2148	2105	0	0	91	119.90506171874455
n2147	2104	0	0	93	119.81825624999455
n2146	2103	0	0	96	119.74346999999455
n2149	2106	0	0	98	119.98786078124455
n2151	2108	0	0	90	120.13743328124455
n2152	2109	0	0	91	120.22423874999456
n2150	2107	0	0	94	120.06798890624455
n2153	2110	0	0	98	120.30303140624456
n2156	2116	0	0	91	120.55409953124453
n2155	2115	0	0	93	120.47530687499454
n2154	2113	0	0	96	120.40719796874455
n2157	2117	0	0	98	120.65025328124455
n2166	2120	0	0	91	120.88529578124455
n2165	2119	0	0	93	120.79849031249455
n2164	2118	0	0	96	120.72771046874455
n2167	2121	0	0	98	120.97744312499455
n2170	2124	0	0	91	121.21649203124454
n2169	2123	0	0	93	121.12835109374454
n2168	2122	0	0	96	121.05089390624454
n2171	2125	0	0	98	121.29929109374454
n2174	2128	0	0	91	121.55303015624456
n2177	2131	0	0	91	121.80009187499454
n2179	2134	0	0	91	121.98305109374452
n2173	2127	0	0	93	121.45954734374455
n2178	2133	0	0	93	121.89891656249453
n2185	deletion
n2172	2126	0	0	96	121.37941921874454
n2175	2129	0	0	98	121.63048734374456
n2176	2130	0	0	96	121.72397015624455
n2195	2132	0	0	65	121.89090374999454
n2196	2135	0	0	72	121.96301906249452
n2197	2137	0	0	81	122.15666203124451
n2181	2136	0	0	89	122.13796546874451
n2202	2144	0	0	74	122.9098664062444
n2199	2139	0	0	77	122.67348843749444
n2201	2142	0	0	81	122.81504812499442
n2200	2140	0	0	82	122.74827468749443
n2186	2143	0	0	86	122.85778312499441
n2183	2138	0	0	89	122.67883031249444
n2184	2141	0	0	94	122.74827468749443
n2206	2151	0	0	70	123.18363749999438
n2203	2145	0	0	72	122.99132999999439
n2205	2149	0	0	77	123.10484484374437
n2204	2147	0	0	79	123.02738765624439
n2190	2152	0	0	82	123.19432124999437
n2187	2146	0	0	84	122.9672915624944
n2189	2150	0	0	89	123.09416109374438
n2188	2148	0	0	91	123.04741968749438
n2210	2160	0	0	67	123.49346624999434
n2207	2153	0	0	69	123.27311390624438
n2209	2157	0	0	72	123.39864796874436
n2208	2155	0	0	74	123.31184249999437
n2194	2159	0	0	79	123.48278249999434
n2191	2154	0	0	81	123.29181046874437
n2193	2158	0	0	84	123.41734453124435
n2192	2156	0	0	86	123.35057109374436
n2230	2168	0	0	62	123.79528218749431
n2227	2162	0	0	65	123.56424609374433
n2229	2165	0	0	69	123.7151540624943
n2228	2163	0	0	70	123.61632937499432
n2214	2169	0	0	74	123.79928859374431
n2211	2161	0	0	77	123.54822046874433
n2213	2166	0	0	81	123.7138185937443
n2212	2164	0	0	82	123.63502593749432
n2234	2177	0	0	58	124.10243999999426
n2231	2170	0	0	60	123.8714039062443
n2233	2174	0	0	65	124.01029265624427
n2232	2172	0	0	67	123.93817734374429
n2218	2178	0	0	70	124.11045281249426
n2215	2171	0	0	72	123.8820876562443
n2217	2176	0	0	77	124.01029265624427
n2216	2173	0	0	79	123.98091234374428
n2238	2186	0	0	55	124.41894609374421
n2235	2179	0	0	57	124.18123265624425
n2237	2183	0	0	60	124.32412781249423
n2236	2181	0	0	62	124.23064499999424
n2222	2185	0	0	67	124.41493968749421
n2219	2180	0	0	69	124.19592281249425
n2221	2184	0	0	72	124.32946968749422
n2220	2182	0	0	74	124.26803812499423
n2242	2193	0	0	50	124.71542015624416
n2239	2188	0	0	53	124.4870549999942
n2241	2191	0	0	57	124.63128562499418
n2240	2189	0	0	58	124.54848656249419
n2226	2194	0	0	62	124.72209749999416
n2223	2187	0	0	65	124.4870549999942
n2225	2192	0	0	69	124.65131765624417
n2224	2190	0	0	70	124.56718312499419
n2262	2201	0	0	46	125.01723609374412
n2259	2195	0	0	48	124.78619999999415
n2261	2199	0	0	53	124.93043062499413
n2260	2197	0	0	55	124.85297343749414
n2246	2202	0	0	58	125.03860359374411
n2243	2196	0	0	60	124.81290937499415
n2245	2200	0	0	65	124.93977890624413
n2244	2198	0	0	67	124.91039859374413
n2266	2209	0	0	43	125.32439390624408
n2263	2203	0	0	45	125.1013706249941
n2265	2207	0	0	48	125.23491749999408
n2264	2205	0	0	50	125.1481120312441
n2250	2210	0	0	55	125.31771656249408
n2247	2204	0	0	57	125.1173962499941
n2249	2208	0	0	60	125.25494953124408
n2248	2206	0	0	62	125.21087906249409
n2267	2211	0	0	41	125.41119937499408
n2270	2217	0	0	46	125.63822906249406
n2269	2215	0	0	48	125.56344281249407
n2268	2213	0	0	50	125.46595359374409
n2251	2212	0	0	53	125.40318656249408
n2254	2218	0	0	58	125.63422265624406
n2253	2216	0	0	60	125.56210734374407
n2252	2214	0	0	62	125.49934031249408
n2274	2225	0	0	43	125.96541890624401
n2271	2220	0	0	45	125.71835718749405
n2273	2223	0	0	48	125.87460703124403
n2272	2221	0	0	50	125.79314343749404
n2258	2226	0	0	55	125.96408343749401
n2255	2219	0	0	57	125.71034437499405
n2257	2224	0	0	60	125.89196812499402
n2256	2222	0	0	62	125.80649812499404
n2291	2228	0	0	41	126.022844062494
n2294	2233	0	0	46	126.26723484374398
n2293	2231	0	0	48	126.20446781249397
n2292	2229	0	0	50	126.10831406249399
n2275	2227	0	0	53	126.033527812494
n2278	2234	0	0	58	126.25922203124398
n2277	2232	0	0	60	126.19779046874397
n2276	2230	0	0	62	126.12300421874399
n2298	2241	0	0	43	126.59843109374393
n2295	2236	0	0	45	126.34869843749397
n2297	2239	0	0	48	126.52097390624394
n2296	2237	0	0	50	126.43283296874395
n2282	2242	0	0	55	126.60644390624392
n2279	2235	0	0	57	126.35136937499396
n2281	2240	0	0	60	126.53032218749394
n2280	2238	0	0	62	126.42882656249395
n2299	2243	0	0	41	126.66253359374392
n2302	2249	0	0	46	126.90024703124388
n2301	2247	0	0	48	126.82946718749389
n2300	2245	0	0	50	126.7373198437439
n2283	2244	0	0	53	126.68123015624391
n2286	2250	0	0	58	126.89223421874388
n2285	2248	0	0	60	126.83480906249389
n2284	2246	0	0	62	126.7733774999939
n2306	2257	0	0	43	127.20606937499383
n2303	2251	0	0	45	126.97236234374387
n2305	2255	0	0	48	127.11392203124385
n2304	2253	0	0	50	127.03512937499386
n2290	2258	0	0	55	127.19538562499383
n2287	2252	0	0	57	126.98037515624387
n2289	2256	0	0	60	127.14730874999384
n2288	2254	0	0	62	127.06050328124385
n2323	2260	0	0	41	127.28486203124382
n2324	2262	0	0	45	127.4197443749938
n2325	2264	0	0	48	127.4851823437438
n2326	2266	0	0	52	127.56531046874379
n2307	2259	0	0	53	127.30622953124382
n2308	2261	0	0	57	127.4144024999938
n2309	2263	0	0	60	127.4771695312438
n2310	2265	0	0	64	127.56531046874379
n2327	2267	0	0	53	127.65879328124377
n2328	2269	0	0	57	127.75895343749376
n2329	2271	0	0	60	127.80302390624375
n2330	2274	0	0	64	127.88448749999374
n2311	2268	0	0	65	127.66947703124377
n2312	2270	0	0	69	127.75494703124376
n2313	2272	0	0	72	127.81237218749375
n2314	2273	0	0	76	127.87647468749374
n2331	2275	0	0	65	127.94591906249373
n2332	2277	0	0	69	128.04875015624373
n2333	2279	0	0	72	128.10884624999372
n2334	2282	0	0	76	128.1729487499937
n2315	2276	0	0	77	127.97262843749373
n2316	2278	0	0	81	128.04741468749373
n2317	2280	0	0	84	128.11819453124372
n2318	2281	0	0	88	128.1689423437437
n2335	2283	0	0	77	128.2357157812437
n2336	2285	0	0	81	128.35056609374368
n2337	2287	0	0	84	128.40264937499367
n2338	2290	0	0	88	128.46808734374366
n2319	2284	0	0	89	128.2557478124937
n2320	2286	0	0	93	128.35056609374368
n2321	2288	0	0	96	128.40532031249367
n2322	2289	0	0	100	128.49346124999366
n2351	2292	0	0	89	128.55222187499365
n2339	2291	0	0	101	128.51749968749365
n2353	2299	0	0	49	128.80996734374364
n2354	deletion
n2355	2298	0	0	57	128.89009546874362
n2356	2297	0	0	61	128.87807624999363
n2341	deletion
n2342	2300	0	0	76	128.92348218749362
n2343	2296	0	0	81	128.90612109374362
n2357	2302	0	0	50	129.0864093749936
n2358	2306	0	0	53	129.1064414062436
n2359	2308	0	0	57	129.18122765624358
n2360	2307	0	0	62	129.20125968749358
n2344	2301	0	0	69	129.1077768749936
n2345	2303	0	0	74	129.15451828124358
n2346	2304	0	0	77	129.18523406249358
n2347	2305	0	0	81	129.19992421874358
n2361	2309	0	0	48	129.36552234374358
n2362	2312	0	0	55	129.42027656249357
n2363	2313	0	0	58	129.48972093749356
n2364	2311	0	0	64	129.51776578124355
n2348	2310	0	0	72	129.47235984374356
n2349	2314	0	0	79	129.50975296874356
n2350	2315	0	0	84	129.55248796874355
n2368	2322	0	0	84	130.22022234374347
n2370	2316	0	0	41	129.73544718749355
n2371	2317	0	0	48	129.80222062499354
n2372	2318	0	0	57	129.92107734374352
n2373	2324	0	0	65	130.26829921874346
n2365	2319	0	0	72	130.0052118749935
n2366	2320	0	0	77	130.0933528124935
n2367	2321	0	0	81	130.16012624999348
n2369	2323	0	0	89	130.27230562499346
insertion	32	0	0	64	4.066502343749998
insertion	43	0	0	83	4.619386406249998
insertion	405	0	0	50	25.611619687499974
insertion	502	0	0	81	31.35947718749995
insertion	530	0	0	81	32.634849843749926
insertion	531	0	0	83	32.67090749999993
insertion	549	0	0	88	33.529613906249885
insertion	554	0	0	54	33.75130171874986
insertion	558	0	0	52	33.697882968749866
insertion	613	0	0	80	37.3076549999998
insertion	618	0	0	76	37.56139406249979
insertion	810	0	0	79	49.72217249999937
insertion	837	0	0	64	51.000216093749295
insertion	867	0	0	64	52.45587703124923
insertion	873	0	0	66	53.050160624999236
insertion	881	0	0	76	53.29855781249922
insertion	897	0	0	74	53.99700796874917
insertion	918	0	0	53	55.126814531249146
insertion	1109	0	0	52	63.51355828124837
insertion	1124	0	0	83	64.49779874999834
insertion	1127	0	0	74	64.57258499999834
insertion	1133	0	0	52	64.96254187499831
insertion	1139	0	0	83	65.38722093749828
insertion	1152	0	0	73	65.91740203124824
insertion	1157	0	0	54	66.15244453124822
insertion	1175	0	0	84	67.19143921874816
insertion	1177	0	0	76	67.29827671874816
insertion	1180	0	0	74	67.39443046874815
insertion	1205	0	0	52	68.23043390624811
insertion	1200	0	0	86	68.6137134374981
insertion	1203	0	0	77	68.6831578124981
insertion	1496	0	0	87	81.95237531249691
insertion	1524	0	0	86	83.2357607812468
insertion	1533	0	0	62	83.66444624999677
insertion	1553	0	0	74	84.8984193749967
insertion	1607	0	0	86	88.06214484374662
insertion	1608	0	0	38	88.09018968749662
insertion	1613	0	0	59	88.3172193749966
insertion	1620	0	0	80	88.68046687499655
insertion	1779	0	0	69	98.4614399999961
insertion	1890	0	0	41	105.5674692187456
insertion	1954	0	0	65	110.30838328124517
insertion	1984	0	0	95	112.42510124999502
insertion	2006	0	0	65	113.70047390624494
insertion	2007	0	0	71	113.72317687499493
insertion	2014	0	0	77	114.20661656249487
insertion	2167	0	0	73	123.80195953124431
insertion	2175	0	0	76	124.03433109374427
insertion	2293	0	0	56	128.79527718749364
insertion	2294	0	0	51	128.76589687499364
insertion	2295	0	0	75	128.87139890624363
