xml_id	midi_id	track	channel	pitch	onset
n16	31	0	0	36	0.24252112500000003
n1	24	0	0	48	0.426281625
n17	deletion
n2	0	0	0	55	0.538461
n3	1	0	0	60	0.624999375
n5	3	0	0	60	0.778845375
n4	2	0	0	64	0.69444375
n6	4	0	0	67	0.88247775
n7	6	0	0	72	0.9444435000000001
n9	8	0	0	72	1.086537375
n8	7	0	0	76	1.0106827500000002
n10	9	0	0	79	1.1752125
n11	10	0	0	84	1.242520125
n13	12	0	0	84	1.3814088749999998
n12	deletion
n14	13	0	0	91	1.4711523749999997
n15	14	0	0	96	1.5299129999999996
n21	18	0	0	84	1.8354682499999997
n20	17	0	0	91	1.7660238749999997
n19	16	0	0	96	1.6891008749999998
n18	15	0	0	100	1.6121778749999998
n25	22	0	0	72	2.170938
n24	21	0	0	79	2.0811944999999996
n23	20	0	0	84	1.9925193749999996
n22	19	0	0	88	1.9155963749999996
n29	28	0	0	60	2.510681250000001
n28	26	0	0	67	2.4294847500000007
n27	25	0	0	72	2.3450831250000004
n26	23	0	0	76	2.2521345000000004
n33	30	0	0	48	2.8696552500000005
n32	29	0	0	55	2.774569875000001
n31	deletion
n30	27	0	0	64	2.589741000000001
n51	48	0	0	29	2.9764927500000002
n52	42	0	0	41	2.9796978750000003
n36	32	0	0	48	3.082261875000001
n37	33	0	0	57	3.1634583750000016
n38	34	0	0	60	3.2478600000000015
n40	36	0	0	60	3.4262786250000032
n39	35	0	0	65	3.3450821250000025
n41	37	0	0	69	3.5074751250000036
n42	38	0	0	72	3.5779878750000034
n44	40	0	0	72	3.739312500000003
n43	39	0	0	77	3.6623895000000033
n45	41	0	0	81	3.813030375000003
n46	43	0	0	84	3.881406375000003
n48	45	0	0	84	4.059825000000004
n47	44	0	0	89	3.9593977500000035
n49	46	0	0	93	4.124995875000003
n50	47	0	0	96	4.201918875000003
n69	63	0	0	30	4.293799125000003
n70	66	0	0	42	4.297004250000003
n56	52	0	0	84	4.548072375000006
n55	51	0	0	93	4.467944250000005
n54	50	0	0	96	4.391021250000004
n53	49	0	0	100	4.290594000000003
n60	56	0	0	72	4.864311375000007
n59	55	0	0	81	4.774567875000006
n58	54	0	0	84	4.712602125000006
n57	53	0	0	88	4.621790250000006
n64	60	0	0	60	5.2040546250000075
n63	59	0	0	69	5.119653000000007
n62	58	0	0	72	5.024567625000007
n61	57	0	0	76	4.945507875000007
n68	67	0	0	48	5.584396125000008
n67	65	0	0	57	5.498926125000008
n66	64	0	0	60	5.3878151250000075
n65	62	0	0	62	5.310892125000008
n86	78	0	0	31	5.719011375000007
n87	73	0	0	43	5.719011375000007
n71	68	0	0	47	5.818370250000007
n72	69	0	0	55	5.910250500000008
n73	70	0	0	59	5.978626500000008
n75	72	0	0	59	6.1484981250000095
n74	71	0	0	62	6.066233250000009
n76	74	0	0	67	6.2596091250000105
n77	76	0	0	71	6.320506500000011
n88	84	0	0	30	6.420933750000011
n89	80	0	0	42	6.424138875000011
n79	79	0	0	71	6.494651625000012
n78	77	0	0	74	6.408113250000011
n80	81	0	0	79	6.581190000000013
n81	82	0	0	83	6.658113000000013
n90	87	0	0	28	6.746788125000013
n91	86	0	0	40	6.746788125000013
n83	85	0	0	83	6.820506000000012
n82	83	0	0	86	6.7361043750000125
n84	88	0	0	91	6.913454625000012
n85	89	0	0	93	6.992514375000012
n108	99	0	0	26	7.096146750000013
n109	107	0	0	38	7.087599750000013
n95	93	0	0	84	7.324779000000015
n94	92	0	0	90	7.249992750000014
n93	91	0	0	93	7.159180875000014
n92	90	0	0	98	7.081189500000013
n99	97	0	0	72	7.637812875000016
n98	96	0	0	78	7.558753125000016
n97	95	0	0	81	7.477556625000015
n96	94	0	0	86	7.399565250000015
n103	102	0	0	60	7.971145875000017
n102	101	0	0	66	7.884607500000016
n101	100	0	0	69	7.809821250000017
n100	98	0	0	74	7.719009375000017
n107	106	0	0	48	8.329051500000016
n106	105	0	0	54	8.233966125000018
n105	104	0	0	57	8.148496125000017
n104	103	0	0	62	8.049137250000017
n125	135	0	0	31	8.472213750000018
n126	137	0	0	43	8.465803500000018
n110	108	0	0	48	8.554478625000016
n111	109	0	0	53	8.653837500000014
n112	110	0	0	56	8.727555375000012
n114	112	0	0	60	8.89849537500001
n113	111	0	0	62	8.813025375000011
n115	113	0	0	65	8.980760250000008
n116	114	0	0	68	9.061956750000006
n118	116	0	0	72	9.224349750000005
n117	115	0	0	74	9.132469500000006
n119	117	0	0	77	9.301272750000004
n120	118	0	0	80	9.374990625000004
n122	120	0	0	84	9.525631500000005
n121	119	0	0	86	9.456187125000005
n123	121	0	0	89	9.611101500000006
n124	122	0	0	92	9.676272375000005
n130	126	0	0	83	10.005331875000001
n129	125	0	0	89	9.942297750000002
n128	124	0	0	91	9.853622625000002
n127	123	0	0	98	9.766015875000003
n134	130	0	0	71	10.342938375000001
n133	129	0	0	77	10.260673500000001
n132	128	0	0	79	10.176271875000001
n131	127	0	0	86	10.091870250000001
n138	134	0	0	59	10.693365375
n137	133	0	0	65	10.623921000000001
n136	132	0	0	67	10.518151875000001
n135	131	0	0	74	10.421998125
n142	140	0	0	47	11.0982795
n141	139	0	0	53	11.008536
n140	138	0	0	55	10.893151499999998
n139	136	0	0	63	10.789519125
n160	172	0	0	36	11.221142625
n145	165	0	0	48	11.300202375000001
n161	deletion
n146	141	0	0	55	11.384604
n147	142	0	0	60	11.473279125
n149	144	0	0	60	11.616441374999997
n148	143	0	0	64	11.54913375
n150	145	0	0	67	11.702979749999995
n151	146	0	0	72	11.793791624999994
n153	148	0	0	72	11.939090624999993
n152	147	0	0	76	11.851483874999994
n154	149	0	0	79	12.012808499999993
n155	150	0	0	84	12.091868249999994
n157	152	0	0	84	12.230756999999993
n156	151	0	0	88	12.154902374999994
n158	153	0	0	91	12.315158624999993
n159	154	0	0	96	12.379261124999994
n165	158	0	0	84	12.688021499999993
n164	157	0	0	91	12.622850624999993
n163	156	0	0	96	12.549132749999993
n162	155	0	0	100	12.460457624999993
n169	162	0	0	72	13.018149374999991
n168	161	0	0	79	12.932679374999992
n167	160	0	0	84	12.851482874999991
n166	159	0	0	88	12.760670999999993
n173	167	0	0	60	13.351482374999991
n172	166	0	0	67	13.267080749999991
n171	164	0	0	72	13.174132124999991
n170	163	0	0	76	13.09507237499999
n177	171	0	0	48	13.712593124999989
n176	170	0	0	55	13.62498637499999
n175	169	0	0	60	13.52349074999999
n174	168	0	0	64	13.43481562499999
n195	206	0	0	33	13.82370412499999
n196	203	0	0	45	13.82477249999999
n180	173	0	0	48	13.917721124999987
n181	174	0	0	53	14.010669749999986
n182	175	0	0	60	14.082250874999986
n184	177	0	0	60	14.247848999999983
n183	176	0	0	65	14.166652499999985
n185	178	0	0	65	14.344002749999984
n186	179	0	0	72	14.409173624999983
n188	181	0	0	72	14.572634999999984
n187	180	0	0	77	14.491438499999983
n189	182	0	0	77	14.663446874999984
n190	183	0	0	84	14.724344249999984
n192	185	0	0	84	14.879258624999983
n191	184	0	0	89	14.806609124999984
n193	186	0	0	89	14.964728624999983
n194	187	0	0	96	15.041651624999984
n200	192	0	0	84	15.346138499999977
n199	191	0	0	90	15.26387362499998
n198	190	0	0	96	15.215796749999981
n197	188	0	0	100	15.107890874999985
n204	196	0	0	72	15.681608249999977
n203	195	0	0	78	15.587591249999978
n202	194	0	0	84	15.510668249999977
n201	193	0	0	88	15.428403374999977
n208	200	0	0	60	16.004257499999976
n207	199	0	0	66	15.909172124999978
n206	198	0	0	72	15.850411499999979
n205	197	0	0	76	15.754257749999978
n212	205	0	0	48	16.356821249999978
n211	204	0	0	54	16.261735874999978
n210	202	0	0	60	16.168787249999976
n209	201	0	0	64	16.096137749999976
n230	232	0	0	31	16.456180124999978
n231	234	0	0	43	16.457248499999977
n215	207	0	0	48	16.560880874999977
n216	208	0	0	55	16.619641499999975
n217	209	0	0	60	16.698701249999974
n219	211	0	0	60	16.839726749999972
n218	210	0	0	62	16.763872124999974
n220	212	0	0	67	16.93801724999997
n221	213	0	0	72	17.02348724999997
n223	215	0	0	72	17.173059749999968
n222	214	0	0	74	17.09399999999997
n224	216	0	0	79	17.255324624999968
n225	217	0	0	84	17.33545274999997
n227	219	0	0	84	17.488230374999972
n226	218	0	0	86	17.40382874999997
n228	220	0	0	91	17.572631999999974
n229	222	0	0	96	17.655965249999973
n235	226	0	0	83	17.956178624999968
n234	225	0	0	91	17.894212874999972
n233	224	0	0	95	17.825836874999972
n232	223	0	0	98	17.674127624999972
n239	230	0	0	71	18.29592187499997
n238	229	0	0	79	18.20083649999997
n237	228	0	0	83	18.120708374999968
n236	227	0	0	86	18.043785374999967
n243	236	0	0	59	18.647417249999968
n242	235	0	0	67	18.55126349999997
n241	233	0	0	71	18.44976787499997
n240	231	0	0	74	18.36750299999997
n247	241	0	0	47	18.992502374999965
n246	240	0	0	55	18.902758874999964
n245	239	0	0	59	18.806605124999965
n244	238	0	0	62	18.749981249999966
n265	274	0	0	36	19.113228749999962
n266	266	0	0	48	19.104681749999962
n250	242	0	0	50	19.18801499999996
n251	243	0	0	55	19.27348499999996
n252	244	0	0	62	19.35361312499996
n254	246	0	0	62	19.50639074999996
n253	245	0	0	64	19.43053612499996
n255	247	0	0	67	19.597202624999955
n256	248	0	0	74	19.677330749999957
n258	250	0	0	74	19.83545024999995
n257	249	0	0	76	19.754253749999954
n259	251	0	0	79	19.92305699999995
n260	252	0	0	86	19.99250137499995
n262	254	0	0	86	20.145278999999952
n261	253	0	0	88	20.080108124999953
n263	255	0	0	91	20.226475499999953
n264	256	0	0	98	20.321560874999946
n270	260	0	0	84	20.628184499999943
n269	259	0	0	91	20.574765749999948
n268	258	0	0	96	20.470064999999945
n267	257	0	0	100	20.377116374999947
n274	264	0	0	72	20.968996124999936
n276	267	0	0	72	21.134594249999935
n273	263	0	0	79	20.878184249999936
n272	262	0	0	84	20.791645874999936
n271	261	0	0	88	20.71044937499994
n278	269	0	0	60	21.326901749999926
n277	268	0	0	67	21.22220099999993
n275	265	0	0	76	21.045919124999937
n282	273	0	0	48	21.715790249999923
n281	272	0	0	55	21.626046749999922
n280	271	0	0	60	21.507457124999924
n279	270	0	0	64	21.413440124999923
n300	292	0	0	33	21.911302874999922
n301	286	0	0	45	21.907029374999922
n285	275	0	0	52	22.007456624999918
n286	276	0	0	60	22.108952249999913
n287	277	0	0	64	22.195490624999913
n289	279	0	0	64	22.343994749999904
n288	278	0	0	65	22.25104612499991
n290	280	0	0	72	22.4390801249999
n291	281	0	0	76	22.5234817499999
n293	283	0	0	76	22.663438874999898
n292	282	0	0	77	22.593994499999898
n294	284	0	0	84	22.7531823749999
n295	285	0	0	88	22.8365156249999
n297	288	0	0	88	22.9754043749999
n296	287	0	0	89	22.9177121249999
n298	289	0	0	96	23.0726264999999
n299	290	0	0	100	23.1377973749999
n318	302	0	0	35	23.258523749999902
n319	297	0	0	47	23.249976749999902
n305	295	0	0	86	23.516002124999897
n304	294	0	0	95	23.4454893749999
n303	293	0	0	98	23.343993749999903
n302	291	0	0	101	23.237156249999902
n309	300	0	0	74	23.887796624999897
n308	299	0	0	83	23.801258249999897
n307	298	0	0	86	23.711514749999896
n306	296	0	0	89	23.608950749999895
n320	311	0	0	33	23.979676874999896
n321	308	0	0	45	23.966856374999896
n313	305	0	0	62	24.2457022499999
n312	304	0	0	71	24.1944202499999
n311	303	0	0	74	24.1239074999999
n310	301	0	0	77	23.976471749999895
n317	310	0	0	50	24.590787374999902
n316	309	0	0	59	24.5010438749999
n315	307	0	0	62	24.4016849999999
n314	306	0	0	65	24.3365141249999
n337	324	0	0	32	24.7029667499999
n338	326	0	0	44	24.7008299999999
n322	312	0	0	50	24.80232562499989
n323	313	0	0	59	24.88565887499989
n324	314	0	0	62	24.94976137499989
n326	316	0	0	62	25.120701374999886
n325	315	0	0	64	25.03202624999989
n327	317	0	0	71	25.207239749999882
n328	318	0	0	74	25.28950462499988
n330	320	0	0	74	25.442282249999877
n329	319	0	0	76	25.35894899999988
n331	321	0	0	83	25.52241037499988
n332	322	0	0	86	25.606811999999877
n334	325	0	0	86	25.742495624999876
n333	323	0	0	88	25.680529874999877
n335	327	0	0	95	25.839717749999874
n336	328	0	0	98	25.928392874999872
n355	338	0	0	33	26.029888499999867
n356	336	0	0	45	26.021341499999867
n342	332	0	0	84	26.25531562499986
n341	331	0	0	93	26.19228149999986
n340	330	0	0	96	26.120700374999863
n339	329	0	0	100	26.01920474999987
n346	337	0	0	72	26.601469124999863
n345	335	0	0	81	26.520272624999862
n344	334	0	0	84	26.43480262499986
n343	333	0	0	88	26.34826424999986
n357	346	0	0	31	26.70723824999986
n358	347	0	0	43	26.69975962499986
n350	342	0	0	60	26.95296449999986
n349	341	0	0	69	26.874973124999862
n348	340	0	0	72	26.78950312499986
n347	339	0	0	76	26.689075874999862
n354	348	0	0	48	27.304459874999864
n353	345	0	0	57	27.226468499999864
n352	344	0	0	60	27.128177999999863
n351	343	0	0	64	27.034160999999862
n374	386	0	0	29	27.41129737499986
n375	383	0	0	41	27.410228999999863
n359	349	0	0	48	27.50851949999986
n360	350	0	0	57	27.581168999999857
n361	351	0	0	60	27.661297124999855
n363	353	0	0	60	27.82689524999985
n362	352	0	0	64	27.739288499999855
n364	354	0	0	69	27.914501999999846
n365	355	0	0	72	27.998903624999844
n367	357	0	0	72	28.149544499999845
n366	356	0	0	76	28.068347999999844
n368	358	0	0	81	28.240356374999845
n369	359	0	0	84	28.326894749999845
n371	362	0	0	84	28.454031374999847
n370	360	0	0	88	28.389928874999846
n372	363	0	0	93	28.54697999999985
n373	364	0	0	96	28.634586749999848
n379	370	0	0	83	28.943347124999846
n378	368	0	0	93	28.871765999999848
n377	367	0	0	95	28.785227624999848
n376	366	0	0	99	28.71578324999985
n383	375	0	0	71	29.26920149999984
n382	374	0	0	81	29.189073374999843
n381	372	0	0	83	29.136722999999844
n380	371	0	0	87	29.026680374999845
n387	379	0	0	59	29.583303749999846
n386	378	0	0	69	29.493560249999845
n385	377	0	0	71	29.396338124999843
n384	376	0	0	75	29.345056124999843
n391	385	0	0	47	29.90702137499984
n390	384	0	0	57	29.815141124999844
n389	382	0	0	59	29.754243749999844
n388	deletion
n409	412	0	0	28	30.00531187499984
n410	421	0	0	40	30.01065374999984
n394	387	0	0	47	30.133516874999838
n395	389	0	0	57	30.191209124999837
n396	390	0	0	59	30.271337249999835
n398	392	0	0	59	30.42838837499983
n397	391	0	0	64	30.338644874999833
n399	393	0	0	69	30.50851649999983
n400	394	0	0	71	30.58650787499983
n402	396	0	0	71	30.757447874999826
n401	395	0	0	76	30.669841124999827
n403	397	0	0	81	30.840781124999825
n404	398	0	0	83	30.919840874999824
n406	400	0	0	83	31.071550124999824
n405	399	0	0	88	30.996763874999825
n407	401	0	0	93	31.155951749999826
n408	402	0	0	95	31.235011499999825
n414	407	0	0	83	31.57048124999982
n413	406	0	0	92	31.494626624999817
n412	405	0	0	95	31.407019874999822
n411	403	0	0	100	31.319413124999823
n418	411	0	0	71	31.89419887499982
n420	414	0	0	71	32.05445512499981
n417	410	0	0	80	31.81086562499982
n416	409	0	0	83	31.72646399999982
n415	408	0	0	88	31.64419912499982
n422	416	0	0	59	32.23501049999981
n421	415	0	0	68	32.13992512499981
n419	413	0	0	76	31.961506499999818
n426	420	0	0	47	32.62924087499981
n425	419	0	0	56	32.52454012499981
n424	418	0	0	59	32.42945474999981
n423	417	0	0	64	32.31727537499981
n444	440	0	0	33	32.7916338749998
n445	438	0	0	45	32.789497124999805
n429	422	0	0	52	32.8931294999998
n430	423	0	0	57	33.00530887499979
n431	424	0	0	61	33.071548124999794
n433	426	0	0	64	33.25210349999979
n432	425	0	0	67	33.15915487499979
n434	427	0	0	69	33.33864187499979
n435	428	0	0	73	33.40488112499979
n437	430	0	0	76	33.56513737499979
n436	429	0	0	79	33.49889812499979
n438	431	0	0	81	33.648470624999796
n439	432	0	0	85	33.7232568749998
n443	436	0	0	76	34.0651368749998
n442	435	0	0	81	33.9764617499998
n441	434	0	0	85	33.8845814999998
n440	433	0	0	91	33.8055217499998
n462	458	0	0	38	34.19547862499981
n463	deletion
n449	444	0	0	76	34.449751874999805
n448	443	0	0	81	34.370692124999806
n447	442	0	0	84	34.2894956249998
n446	439	0	0	91	34.19654699999981
n453	448	0	0	64	34.77667462499981
n452	447	0	0	69	34.69654649999981
n451	446	0	0	72	34.61321324999981
n450	445	0	0	79	34.528811624999804
n457	453	0	0	52	35.127101624999824
n456	452	0	0	57	35.02987949999982
n455	451	0	0	60	34.942272749999816
n454	450	0	0	67	34.860007874999816
n461	457	0	0	50	35.487143999999816
n460	456	0	0	57	35.40060562499982
n459	455	0	0	60	35.302315124999815
n458	454	0	0	66	35.225392124999814
n479	491	0	0	31	35.586502874999816
n480	487	0	0	43	35.588639624999814
n464	459	0	0	50	35.6933403749998
n465	460	0	0	55	35.772400124999805
n466	461	0	0	60	35.8471863749998
n468	463	0	0	62	36.0085109999998
n467	462	0	0	65	35.91769912499979
n469	464	0	0	67	36.095049374999796
n470	465	0	0	72	36.177314249999796
n472	467	0	0	74	36.33863887499979
n471	466	0	0	77	36.24996374999979
n473	468	0	0	79	36.423040499999786
n474	469	0	0	84	36.49248487499979
n476	471	0	0	86	36.640988999999784
n475	470	0	0	89	36.56833949999979
n477	472	0	0	91	36.72539062499978
n478	473	0	0	96	36.79590337499978
n484	477	0	0	86	37.10359537499976
n483	476	0	0	91	37.033082624999764
n482	475	0	0	95	36.95295449999977
n481	474	0	0	101	36.87709987499978
n488	481	0	0	74	37.44547537499975
n487	480	0	0	79	37.35680024999976
n486	479	0	0	83	37.27774049999976
n485	478	0	0	89	37.18158674999976
n492	485	0	0	62	37.78094512499975
n491	484	0	0	67	37.68799649999975
n490	483	0	0	71	37.601458124999745
n489	482	0	0	77	37.51171462499975
n496	490	0	0	50	38.13564562499974
n495	489	0	0	55	38.04376537499974
n494	488	0	0	59	37.94547487499974
n493	486	0	0	65	37.854662999999746
n514	509	0	0	36	38.26064549999975
n499	492	0	0	48	38.35573087499974
n515	deletion
n500	493	0	0	55	38.455089749999736
n501	494	0	0	58	38.52773924999973
n503	496	0	0	60	38.69547412499973
n502	495	0	0	64	38.61107249999972
n504	497	0	0	67	38.78414924999973
n505	498	0	0	70	38.87068762499973
n507	500	0	0	72	39.03521737499973
n506	499	0	0	76	38.95295249999973
n508	501	0	0	79	39.10893524999973
n509	502	0	0	82	39.19226849999973
n511	504	0	0	84	39.34611449999972
n510	503	0	0	88	39.270259874999724
n512	deletion
n513	deletion
n532	527	0	0	30	39.61427662499971
n533	525	0	0	42	39.610003124999714
n519	514	0	0	84	39.8653447499997
n518	513	0	0	87	39.7894901249997
n517	511	0	0	94	39.7189773749997
n516	510	0	0	99	39.596114249999715
n523	deletion
n522	518	0	0	75	40.1121393749997
n521	517	0	0	82	40.030942874999695
n520	516	0	0	87	39.9476096249997
n527	523	0	0	60	40.536284249999696
n526	522	0	0	63	40.4465407499997
n525	521	0	0	70	40.371754499999696
n524	520	0	0	75	40.294831499999695
n531	529	0	0	48	40.890984749999696
n530	528	0	0	51	40.8055147499997
n529	526	0	0	58	40.712566124999704
n528	524	0	0	63	40.6206858749997
n549	539	0	0	29	40.9807282499997
n550	549	0	0	41	40.9796598749997
n534	530	0	0	48	41.086497374999695
n535	531	0	0	51	41.16769387499969
n536	532	0	0	57	41.26064249999969
n538	534	0	0	60	41.41342012499969
n537	533	0	0	63	41.30337749999969
n539	535	0	0	63	41.49461662499969
n540	536	0	0	69	41.59290712499969
n542	540	0	0	72	41.72965912499969
n541	538	0	0	75	41.636710499999694
n543	541	0	0	75	41.799103499999696
n544	543	0	0	81	41.898462374999696
n546	546	0	0	84	42.0458981249997
n547	547	0	0	87	42.11641087499971
n545	deletion
n548	deletion
n567	569	0	0	35	42.282008999999704
n568	560	0	0	47	42.273461999999704
n554	553	0	0	83	42.5501711249997
n553	552	0	0	87	42.463632749999704
n552	551	0	0	92	42.3781627499997
n551	550	0	0	99	42.2788038749997
n558	558	0	0	71	42.8599998749997
n557	557	0	0	75	42.7777349999997
n556	556	0	0	80	42.7050854999997
n555	554	0	0	87	42.621752249999695
n562	564	0	0	59	43.2008114999997
n561	563	0	0	63	43.11747824999971
n560	562	0	0	68	43.02452962499971
n559	559	0	0	75	42.946538249999705
n566	568	0	0	47	43.542691499999705
n565	567	0	0	51	43.4647001249997
n564	566	0	0	56	43.3738882499997
n563	565	0	0	63	43.2852131249997
n584	606	0	0	34	43.63777687499971
n569	570	0	0	46	43.7456827499997
n570	571	0	0	53	43.8364946249997
n571	572	0	0	56	43.914485999999705
n573	574	0	0	58	44.0843576249997
n572	573	0	0	62	44.004229499999695
n574	575	0	0	65	44.1837164999997
n575	576	0	0	68	44.2488873749997
n577	deletion
n576	577	0	0	74	44.33328899999969
n578	580	0	0	77	44.499955499999686
n579	581	0	0	80	44.57794687499968
n581	583	0	0	82	44.73286124999968
n580	582	0	0	86	44.65807499999968
n582	584	0	0	89	44.82260474999968
n583	585	0	0	92	44.88884399999968
n602	602	0	0	46	44.98392937499968
n588	590	0	0	82	45.205082999999675
n587	589	0	0	88	45.13350187499967
n586	587	0	0	92	45.060852374999676
n585	586	0	0	98	44.97858749999968
n592	595	0	0	70	45.54482624999966
n591	593	0	0	76	45.50529637499966
n590	592	0	0	80	45.39525374999967
n589	591	0	0	86	45.30337349999967
n596	599	0	0	58	45.90486862499966
n595	598	0	0	64	45.83435587499966
n594	597	0	0	68	45.73179187499966
n593	596	0	0	74	45.64739024999966
n600	605	0	0	46	46.28307337499965
n599	604	0	0	52	46.20615037499965
n598	603	0	0	56	46.102517999999655
n597	601	0	0	62	46.03307362499966
n618	640	0	0	33	46.38991087499966
n603	636	0	0	45	46.46149199999966
n619	deletion
n604	607	0	0	52	46.55550899999966
n605	608	0	0	57	46.64311574999966
n607	610	0	0	57	46.83755999999964
n606	609	0	0	61	46.74888487499965
n608	611	0	0	64	46.92302999999964
n609	612	0	0	69	46.99567949999964
n611	614	0	0	69	47.176234874999636
n610	613	0	0	73	47.08328624999964
n612	615	0	0	76	47.256362999999645
n613	616	0	0	81	47.32901249999964
n615	618	0	0	81	47.491405499999644
n614	617	0	0	85	47.40807224999964
n616	619	0	0	88	47.576875499999645
n617	620	0	0	93	47.63777287499965
n623	625	0	0	81	47.962558874999644
n622	624	0	0	88	47.89311449999965
n621	622	0	0	93	47.86854187499965
n620	621	0	0	97	47.73713174999965
n627	630	0	0	69	48.317259374999644
n626	629	0	0	76	48.24033637499964
n625	628	0	0	81	48.15700312499964
n624	626	0	0	85	48.05871262499964
n631	634	0	0	57	48.682643624999635
n630	633	0	0	64	48.59290012499964
n629	632	0	0	69	48.484994249999644
n628	631	0	0	73	48.408071249999644
n635	639	0	0	45	49.09930987499965
n634	638	0	0	52	48.995677499999644
n633	637	0	0	57	48.87281437499964
n632	635	0	0	61	48.77986574999964
n653	656	0	0	38	49.22217299999965
n638	641	0	0	45	49.30123274999965
n639	642	0	0	50	49.413412124999645
n640	643	0	0	54	49.50849749999964
n642	645	0	0	57	49.66448024999964
n641	644	0	0	60	49.56725812499964
n643	646	0	0	62	49.75101862499963
n644	647	0	0	66	49.819394624999624
n646	649	0	0	69	49.99247137499963
n645	648	0	0	72	49.91768512499963
n647	650	0	0	74	50.084351624999634
n648	651	0	0	78	50.14311224999963
n650	653	0	0	81	50.31939412499963
n649	652	0	0	84	50.234992499999635
n651	654	0	0	86	50.40379574999963
n652	655	0	0	90	50.479650374999636
n670	674	0	0	31	50.58755624999963
n671	670	0	0	43	50.58862462499963
n657	660	0	0	79	50.81618849999962
n656	659	0	0	86	50.74567574999962
n655	658	0	0	89	50.65913737499963
n654	657	0	0	96	50.567257124999635
n661	664	0	0	67	51.15165824999963
n660	663	0	0	74	51.07580362499962
n659	662	0	0	77	50.986060124999625
n658	661	0	0	84	50.88990637499962
n665	668	0	0	55	51.49246987499963
n664	667	0	0	62	51.40379474999963
n663	666	0	0	65	51.31725637499963
n662	665	0	0	72	51.22430774999963
n669	673	0	0	43	51.83221312499962
n668	672	0	0	50	51.74781149999962
n667	671	0	0	53	51.65379449999963
n666	669	0	0	59	51.56405099999963
n687	690	0	0	36	51.91981987499962
n672	675	0	0	43	52.029862499999616
n673	676	0	0	48	52.106785499999624
n674	677	0	0	52	52.19332387499962
n676	679	0	0	55	52.353580124999624
n675	678	0	0	59	52.26276824999962
n677	680	0	0	60	52.44332362499962
n678	681	0	0	64	52.515973124999626
n680	683	0	0	67	52.68798149999963
n679	682	0	0	71	52.59503287499963
n681	684	0	0	72	52.76704124999963
n682	685	0	0	76	52.84182749999963
n684	687	0	0	79	53.012767499999626
n683	686	0	0	83	52.91234024999963
n685	688	0	0	84	53.083280249999625
n686	689	0	0	88	53.14951949999963
n704	708	0	0	29	53.24353649999962
n705	703	0	0	41	53.24033137499962
n691	694	0	0	77	53.477510624999624
n690	693	0	0	84	53.40058762499962
n689	692	0	0	88	53.326869749999624
n688	691	0	0	95	53.24033137499962
n695	698	0	0	65	53.80657012499963
n694	697	0	0	72	53.728578749999635
n693	696	0	0	76	53.64951899999963
n692	695	0	0	83	53.557638749999626
n699	702	0	0	53	54.14738174999963
n698	701	0	0	60	54.064048499999636
n697	700	0	0	64	53.97216824999963
n696	699	0	0	71	53.893108499999634
n703	707	0	0	41	54.51169762499963
n702	706	0	0	48	54.41340712499963
n701	705	0	0	52	54.30870637499963
n700	704	0	0	57	54.230714999999634
n721	723	0	0	35	54.60357787499962
n706	709	0	0	41	54.71041537499961
n707	710	0	0	47	54.79481699999961
n708	711	0	0	50	54.85357762499961
n710	713	0	0	53	55.0234492499996
n709	712	0	0	57	54.928363874999604
n711	714	0	0	59	55.108919249999595
n712	715	0	0	62	55.18477387499959
n714	717	0	0	65	55.361055749999586
n713	716	0	0	69	55.26597037499959
n715	718	0	0	71	55.44438899999959
n716	719	0	0	74	55.51703849999959
n718	721	0	0	77	55.67836312499959
n717	720	0	0	81	55.60678199999959
n719	722	0	0	83	55.770243374999595
n720	724	0	0	86	55.82900399999959
n738	728	0	0	28	55.929431249999595
n739	734	0	0	40	55.929431249999595
n725	729	0	0	76	56.191183124999604
n724	727	0	0	83	56.1121233749996
n723	726	0	0	86	56.025584999999595
n722	725	0	0	91	55.931567999999594
n729	733	0	0	64	56.52772124999961
n728	732	0	0	71	56.45293499999961
n727	731	0	0	74	56.356781249999614
n726	730	0	0	79	56.27344799999961
n740	743	0	0	33	56.61425962499961
n741	738	0	0	45	56.60571262499961
n730	735	0	0	69	56.62494337499961
n731	736	0	0	72	56.70400312499961
n733	739	0	0	76	56.85784912499961
n732	737	0	0	79	56.787336374999605
n734	740	0	0	81	56.94438749999961
n735	741	0	0	84	57.02344724999961
n737	744	0	0	88	57.17088299999961
n736	742	0	0	91	57.09716512499961
n758	748	0	0	26	57.28199399999961
n759	754	0	0	38	57.27772049999961
n745	749	0	0	74	57.5330621249996
n744	747	0	0	81	57.4678912499996
n743	746	0	0	84	57.38242124999961
n742	745	0	0	89	57.287335874999606
n749	755	0	0	62	57.8706686249996
n748	753	0	0	69	57.79374562499961
n747	751	0	0	72	57.71148074999961
n746	750	0	0	77	57.62173724999961
n760	764	0	0	31	57.9614804999996
n761	759	0	0	43	57.9550702499996
n750	756	0	0	67	57.967890749999604
n751	757	0	0	71	58.0448137499996
n753	760	0	0	74	58.2040016249996
n752	758	0	0	77	58.120668374999596
n754	761	0	0	79	58.2798562499996
n755	762	0	0	83	58.367462999999596
n757	765	0	0	86	58.5095568749996
n756	763	0	0	89	58.4315654999996
n778	770	0	0	24	58.615325999999605
n779	777	0	0	36	58.6142576249996
n765	771	0	0	72	58.85250524999961
n764	769	0	0	79	58.79374462499962
n763	767	0	0	83	58.72536862499961
n762	766	0	0	88	58.62173624999961
n769	776	0	0	60	59.1847698749996
n768	775	0	0	67	59.1046417499996
n767	774	0	0	71	59.0341289999996
n766	772	0	0	76	58.95720599999961
n780	781	0	0	29	59.28626549999961
n781	786	0	0	41	59.279855249999606
n770	778	0	0	65	59.28306037499961
n771	779	0	0	69	59.36746199999961
n773	782	0	0	72	59.52344474999961
n772	780	0	0	76	59.44545337499961
n774	783	0	0	77	59.61532499999961
n775	784	0	0	81	59.69545312499961
n777	787	0	0	84	59.852504249999605
n776	785	0	0	88	59.77451287499961
n795	796	0	0	35	59.965751999999604
n796	798	0	0	47	59.960410124999605
n785	791	0	0	71	60.2242987499996
n784	790	0	0	77	60.146307374999594
n783	789	0	0	81	60.0651108749996
n782	788	0	0	86	59.974298999999604
n789	795	0	0	59	60.5576317499996
n788	794	0	0	65	60.4775036249996
n787	793	0	0	69	60.3973754999996
n786	792	0	0	74	60.3119054999996
n793	801	0	0	47	60.932631374999595
n792	800	0	0	53	60.838614374999594
n791	799	0	0	57	60.7392554999996
n790	797	0	0	62	60.6537854999996
n797	817	0	0	35	61.05335774999959
n811	812	0	0	47	61.445451374999585
n801	806	0	0	71	61.71361349999959
n800	805	0	0	78	61.62280162499959
n799	804	0	0	81	61.544810249999585
n798	802	0	0	87	61.44331462499959
n805	811	0	0	59	62.10250199999958
n804	809	0	0	66	61.97963887499959
n803	808	0	0	69	61.89310049999959
n802	807	0	0	75	61.80763049999959
n809	816	0	0	47	62.44545037499958
n808	815	0	0	54	62.35998037499958
n807	814	0	0	57	62.26275824999958
n806	813	0	0	63	62.16233099999958
n812	818	0	0	35	62.59609124999958
n828	847	0	0	28	63.09181724999958
n829	846	0	0	40	63.08968049999958
n813	819	0	0	47	63.20720174999958
n814	820	0	0	52	63.31403924999958
n815	821	0	0	56	63.39844087499957
n817	823	0	0	59	63.557628749999566
n816	822	0	0	64	63.47750062499957
n818	824	0	0	64	63.648440624999566
n819	825	0	0	68	63.71788499999957
n821	827	0	0	71	63.886688249999565
n820	826	0	0	76	63.79694474999957
n822	828	0	0	76	63.97002149999957
n823	829	0	0	80	64.04373937499957
n825	831	0	0	83	64.20185887499957
n824	830	0	0	88	64.12066237499957
n826	832	0	0	88	64.28839724999958
n827	833	0	0	92	64.35677324999958
n833	838	0	0	83	64.68796949999955
n832	836	0	0	88	64.58647387499957
n831	835	0	0	92	64.51489274999958
n830	834	0	0	100	64.44437999999958
n837	842	0	0	71	65.02237087499954
n836	841	0	0	76	64.93583249999955
n835	840	0	0	80	64.84608899999954
n834	839	0	0	88	64.75741387499954
n841	848	0	0	59	65.40698587499952
n840	845	0	0	64	65.30014837499952
n839	844	0	0	68	65.20719974999953
n838	843	0	0	76	65.10677249999954
n848	851	0	0	26	65.54373787499951
n849	850	0	0	38	65.5426694999995
n845	854	0	0	50	66.00420749999948
n844	853	0	0	55	65.86745549999948
n843	852	0	0	59	65.71147274999949
n842	849	0	0	65	65.55121649999951
n865	859	0	0	24	66.26061749999948
n866	891	0	0	36	66.25954912499948
n850	855	0	0	48	66.49352324999948
n851	856	0	0	55	66.59715562499947
n852	857	0	0	60	66.67407862499947
n854	860	0	0	60	66.84715537499946
n853	858	0	0	64	66.74352299999947
n855	862	0	0	67	66.93048862499946
n856	863	0	0	72	67.00313812499947
n858	865	0	0	72	67.15484737499946
n857	864	0	0	76	67.06510387499947
n859	866	0	0	79	67.22856524999946
n860	867	0	0	84	67.32044549999945
n862	869	0	0	84	67.45826587499944
n861	868	0	0	88	67.38027449999944
n863	870	0	0	91	67.54907774999944
n864	871	0	0	96	67.61852212499943
n884	879	0	0	48	67.70719724999944
n870	875	0	0	84	67.9326243749994
n869	874	0	0	91	67.86959024999942
n868	873	0	0	96	67.79907749999943
n867	872	0	0	100	67.69651349999944
n874	880	0	0	72	68.27236762499939
n873	878	0	0	79	68.1954446249994
n872	877	0	0	84	68.1153164999994
n871	876	0	0	88	68.0234362499994
n878	886	0	0	60	68.60997412499941
n877	885	0	0	67	68.5383929999994
n876	882	0	0	72	68.4689486249994
n875	881	0	0	76	68.35249574999939
n882	890	0	0	48	68.9817686249994
n881	889	0	0	55	68.8856148749994
n880	888	0	0	60	68.7873243749994
n879	887	0	0	64	68.7039911249994
n900	908	0	0	29	69.0843326249994
n901	903	0	0	41	69.0843326249994
n885	892	0	0	48	69.16659749999941
n886	893	0	0	57	69.25206749999941
n887	894	0	0	60	69.33219562499943
n889	896	0	0	60	69.49565699999943
n888	895	0	0	65	69.41873399999943
n890	897	0	0	69	69.57471674999942
n891	898	0	0	72	69.64309274999943
n893	900	0	0	72	69.81189599999942
n892	899	0	0	77	69.72642599999942
n894	901	0	0	81	69.89950274999941
n895	902	0	0	84	69.94757962499942
n897	905	0	0	84	70.11851962499942
n896	904	0	0	89	70.02450262499943
n898	906	0	0	93	70.20185287499942
n899	907	0	0	96	70.26168187499941
n918	923	0	0	30	70.36104074999943
n919	926	0	0	42	70.35997237499943
n905	912	0	0	84	70.57151062499943
n904	911	0	0	93	70.51168162499944
n903	910	0	0	96	70.43582699999943
n902	909	0	0	100	70.34608349999942
n909	916	0	0	72	70.92621112499944
n908	915	0	0	81	70.82471549999946
n907	914	0	0	84	70.76168137499944
n906	913	0	0	88	70.66445924999944
n913	921	0	0	60	71.25633899999944
n912	920	0	0	69	71.17834762499945
n911	919	0	0	72	71.09074087499944
n910	917	0	0	76	71.01168112499944
n917	927	0	0	48	71.61103949999945
n916	925	0	0	57	71.51381737499945
n915	924	0	0	60	71.41980037499945
n914	922	0	0	62	71.34287737499945
n935	936	0	0	31	71.72108212499946
n936	932	0	0	43	71.72001374999945
n920	928	0	0	47	71.81403074999945
n921	929	0	0	55	71.90591099999943
n922	930	0	0	59	71.98924424999943
n924	933	0	0	59	72.14415862499939
n923	931	0	0	62	72.0533467499994
n925	934	0	0	67	72.22856024999939
n926	935	0	0	71	72.30868837499939
n937	943	0	0	30	72.3888164999994
n938	939	0	0	42	72.39308999999939
n928	938	0	0	71	72.48817537499939
n927	937	0	0	74	72.38774812499939
n929	940	0	0	79	72.57791887499938
n930	942	0	0	83	72.64629487499938
n939	947	0	0	28	72.74458537499939
n940	946	0	0	40	72.73817512499939
n932	945	0	0	83	72.82898699999939
n931	944	0	0	86	72.74351699999939
n933	948	0	0	91	72.91552537499939
n934	949	0	0	93	72.99565349999939
n957	958	0	0	26	73.0875337499994
n958	967	0	0	38	73.08539699999939
n944	953	0	0	84	73.3001403749994
n943	952	0	0	90	73.2445848749994
n942	951	0	0	93	73.16018324999939
n941	950	0	0	98	73.0715081249994
n948	deletion
n947	956	0	0	78	73.5544136249994
n946	955	0	0	81	73.4806957499994
n945	954	0	0	86	73.3994992499994
n952	962	0	0	60	73.94650724999941
n951	deletion
n950	960	0	0	69	73.80761849999942
n949	959	0	0	74	73.71360149999941
n956	966	0	0	48	74.30120774999942
n955	965	0	0	54	74.21253262499941
n954	964	0	0	57	74.1249258749994
n953	963	0	0	62	74.05441312499941
n974	999	0	0	31	74.40911362499942
n975	1000	0	0	43	74.40484012499942
n959	968	0	0	48	74.50954087499942
n960	969	0	0	53	74.5960792499994
n961	971	0	0	56	74.65911337499941
n963	973	0	0	60	74.81402774999941
n962	972	0	0	62	74.72855774999941
n964	974	0	0	65	74.8888139999994
n965	975	0	0	68	74.9742839999994
n967	977	0	0	72	75.12812999999936
n966	976	0	0	74	75.04693349999937
n968	978	0	0	77	75.20184787499936
n969	979	0	0	80	75.26701874999937
n971	981	0	0	84	75.43261687499937
n970	980	0	0	86	75.35142037499936
n972	982	0	0	89	75.49351424999936
n973	983	0	0	92	75.56936887499936
n979	987	0	0	83	75.87385574999931
n978	986	0	0	89	75.80227462499931
n977	985	0	0	91	75.73496699999933
n976	984	0	0	98	75.64949699999934
n983	992	0	0	71	76.2306929999993
n982	989	0	0	77	76.10355637499931
n981	991	0	0	79	76.07577862499932
n980	deletion
n987	996	0	0	59	76.5650943749993
n986	deletion
n985	994	0	0	67	76.37599199999931
n984	993	0	0	74	76.28411174999931
n991	1003	0	0	47	76.9165897499993
n990	1002	0	0	53	76.83859837499931
n989	1001	0	0	55	76.7349659999993
n988	998	0	0	63	76.63774387499932
n1009	1035	0	0	36	77.01594862499931
n994	1028	0	0	48	77.09287162499932
n1010	deletion
n995	1004	0	0	55	77.17299974999933
n996	1005	0	0	60	77.26167487499933
n998	1007	0	0	60	77.40376874999933
n997	1006	0	0	64	77.30975174999934
n999	1008	0	0	67	77.47748662499933
n1000	1009	0	0	72	77.56188824999933
n1002	1011	0	0	72	77.70505049999934
n1001	1010	0	0	76	77.63240099999933
n1003	1012	0	0	79	77.78838374999934
n1004	1013	0	0	84	77.86851187499934
n1006	1015	0	0	84	78.00953737499935
n1005	1014	0	0	88	77.92513574999934
n1007	1016	0	0	91	78.09821249999935
n1008	1017	0	0	96	78.15483637499936
n1014	1021	0	0	84	78.43902412499934
n1013	1020	0	0	91	78.38346862499934
n1012	1019	0	0	96	78.30440887499934
n1011	1018	0	0	100	78.23603287499935
n1018	1025	0	0	72	78.77342549999933
n1017	1024	0	0	79	78.69757087499933
n1016	1023	0	0	84	78.60675899999933
n1015	1022	0	0	88	78.53624624999932
n1022	1030	0	0	60	79.10782687499935
n1021	1029	0	0	67	79.01808337499934
n1020	1027	0	0	72	78.92727149999934
n1019	1026	0	0	76	78.84928012499934
n1026	1034	0	0	48	79.45291199999936
n1025	1033	0	0	55	79.36423687499935
n1024	1032	0	0	60	79.27021987499936
n1023	1031	0	0	64	79.18368149999935
n1044	1066	0	0	33	79.53624524999935
n1045	1060	0	0	45	79.54051874999935
n1029	1036	0	0	48	79.61851012499935
n1030	1037	0	0	53	79.71145874999934
n1031	1038	0	0	60	79.77983474999934
n1033	1040	0	0	60	79.93688587499933
n1032	1039	0	0	65	79.86103124999934
n1034	1041	0	0	65	80.02662937499935
n1035	1042	0	0	72	80.09821049999934
n1037	1044	0	0	72	80.24030437499933
n1036	1043	0	0	77	80.16979162499933
n1038	1045	0	0	77	80.33325299999933
n1039	1046	0	0	84	80.39949224999933
n1041	1049	0	0	84	80.53624424999933
n1040	1048	0	0	89	80.52342374999932
n1042	1050	0	0	89	80.63773987499933
n1043	1051	0	0	96	80.69650049999932
n1047	1053	0	0	96	80.84179949999931
n1049	1055	0	0	84	80.98389337499931
n1048	1054	0	0	90	80.9251327499993
n1046	1052	0	0	100	80.77342349999931
n1053	1059	0	0	72	81.30654262499934
n1052	1058	0	0	78	81.21038887499932
n1051	1057	0	0	84	81.13453424999932
n1050	1056	0	0	88	81.06615824999932
n1057	1064	0	0	60	81.65269612499932
n1056	1063	0	0	66	81.55547399999932
n1055	1062	0	0	72	81.48389287499933
n1054	1061	0	0	75	81.38773912499933
n1064	1070	0	0	32	81.76167037499933
n1065	1068	0	0	44	81.76060199999932
n1061	1069	0	0	48	82.04906324999929
n1060	1067	0	0	54	81.9550462499993
n1068	1073	0	0	60	82.37812274999928
n1070	1075	0	0	60	82.51060124999928
n1059	deletion
n1058	1065	0	0	63	81.75419174999932
n1081	1107	0	0	31	82.15162724999928
n1082	1101	0	0	43	82.15483237499927
n1066	1071	0	0	48	82.22213999999927
n1067	1072	0	0	55	82.28944762499928
n1069	1074	0	0	62	82.43474662499928
n1071	1076	0	0	67	82.59713962499927
n1072	1077	0	0	72	82.68688312499927
n1074	1079	0	0	72	82.83325049999927
n1073	1078	0	0	74	82.74564374999927
n1075	1080	0	0	79	82.94970337499926
n1076	1082	0	0	84	82.97961787499926
n1078	1084	0	0	84	83.12598524999927
n1077	1083	0	0	86	83.06081437499927
n1079	1085	0	0	91	83.20718174999928
n1080	1088	0	0	96	83.26701074999929
n1086	1092	0	0	83	83.54051474999932
n1085	1091	0	0	91	83.48495924999932
n1084	1090	0	0	95	83.40696787499931
n1083	1089	0	0	98	83.3311132499993
n1090	1097	0	0	71	83.88132637499932
n1089	1096	0	0	79	83.77876237499932
n1088	1095	0	0	83	83.68154024999932
n1087	1093	0	0	86	83.63666849999932
n1094	1102	0	0	59	84.2114542499993
n1093	1100	0	0	67	84.10034324999931
n1092	1099	0	0	71	84.02342024999932
n1091	1098	0	0	74	83.94222374999931
n1098	1106	0	0	47	84.5170094999993
n1097	1105	0	0	55	84.43901812499931
n1096	1104	0	0	59	84.36102674999931
n1095	1103	0	0	62	84.26594137499931
n1116	1126	0	0	30	84.63132562499932
n1117	1120	0	0	42	84.62384699999932
n1101	1108	0	0	48	84.71893237499933
n1102	1109	0	0	57	84.79051349999934
n1103	1110	0	0	60	84.86636812499933
n1105	1112	0	0	60	85.01914574999931
n1104	1111	0	0	62	84.92726549999932
n1106	1113	0	0	69	85.09500037499933
n1107	1114	0	0	72	85.18794899999932
n1109	1116	0	0	72	85.32470099999932
n1108	1115	0	0	74	85.24350449999932
n1110	1117	0	0	81	85.40482912499932
n1111	1118	0	0	84	85.46893162499933
n1113	1121	0	0	84	85.61636737499934
n1112	1119	0	0	86	85.54478624999933
n1114	deletion
n1115	1125	0	0	96	85.78944412499935
n1134	1148	0	0	29	85.86209362499935
n1135	1145	0	0	41	85.85782012499935
n1121	1130	0	0	84	86.05546949999935
n1120	1129	0	0	93	85.99243537499935
n1119	1128	0	0	96	85.94008499999936
n1118	1127	0	0	99	85.84927312499936
n1125	1135	0	0	72	86.37170849999934
n1124	1133	0	0	81	86.30012737499933
n1123	1134	0	0	84	86.31294787499934
n1122	1131	0	0	87	86.16444374999932
n1129	1141	0	0	59	86.75204999999933
n1128	1139	0	0	69	86.63132362499933
n1127	1138	0	0	71	86.56722112499932
n1126	1136	0	0	75	86.47747762499932
n1133	1146	0	0	47	87.02128049999932
n1132	1153	0	0	57	87.5469209999993
n1131	1144	0	0	59	86.88987037499932
n1130	deletion
n1151	1179	0	0	28	87.1270496249993
n1152	1185	0	0	40	87.1302547499993
n1136	1149	0	0	47	87.21145124999929
n1137	1151	0	0	56	87.36850237499931
n1138	deletion
n1140	1154	0	0	59	87.5511944999993
n1139	1152	0	0	64	87.44756212499931
n1141	1156	0	0	68	87.6847413749993
n1142	deletion
n1144	1158	0	0	71	87.8439292499993
n1143	1157	0	0	76	87.7531173749993
n1145	1160	0	0	80	87.9828179999993
n1146	deletion
n1148	1162	0	0	83	88.1452109999993
n1147	1161	0	0	88	88.0597409999993
n1149	1164	0	0	92	88.2744843749993
n1150	deletion
n1170	deletion
n1156	1169	0	0	83	88.57149262499928
n1155	1167	0	0	92	88.42192012499929
n1154	deletion
n1153	1165	0	0	100	88.3685013749993
n1160	1174	0	0	71	88.9187144999993
n1159	1172	0	0	80	88.75525312499929
n1158	deletion
n1157	1171	0	0	88	88.67512499999928
n1164	1180	0	0	59	89.2659363749993
n1163	1177	0	0	68	89.10247499999929
n1162	deletion
n1161	1176	0	0	76	89.0084579999993
n1168	1184	0	0	47	89.6612351249993
n1167	1182	0	0	56	89.4593122499993
n1166	deletion
n1165	1181	0	0	64	89.3631584999993
n1186	1204	0	0	38	89.7937136249993
n1171	1186	0	0	50	89.8920041249993
n1172	1187	0	0	57	89.97533737499928
n1173	1188	0	0	60	90.05332874999928
n1175	1190	0	0	62	90.20610637499927
n1174	1189	0	0	65	90.11422612499928
n1176	1192	0	0	69	90.32042249999925
n1177	1193	0	0	72	90.35354212499925
n1179	1195	0	0	74	90.50418299999924
n1178	1194	0	0	77	90.41764462499924
n1180	1196	0	0	81	90.56935387499925
n1181	1197	0	0	84	90.64948199999925
n1183	1201	0	0	86	90.78302887499926
n1182	1200	0	0	89	90.74456737499925
n1184	1202	0	0	93	90.86636212499926
n1185	1203	0	0	96	90.91443899999925
n1203	1223	0	0	31	91.01807137499927
n1204	1218	0	0	43	91.01700299999926
n1190	1208	0	0	86	91.23388312499924
n1189	1207	0	0	91	91.18153274999925
n1188	1206	0	0	95	91.09499437499926
n1187	1205	0	0	101	90.99670387499926
n1194	1213	0	0	74	91.55866912499923
n1193	1212	0	0	79	91.48281449999921
n1192	1211	0	0	83	91.40482312499921
n1191	1209	0	0	89	91.32896849999923
n1198	1217	0	0	62	91.89627562499922
n1197	1216	0	0	67	91.80546374999922
n1196	1215	0	0	71	91.73495099999921
n1195	1214	0	0	77	91.63452374999922
n1202	1222	0	0	50	92.23281374999921
n1201	1221	0	0	55	92.14520699999922
n1200	1220	0	0	59	92.05546349999922
n1199	1219	0	0	65	91.96251487499921
n1220	1257	0	0	36	92.3332409999992
n1205	1224	0	0	48	92.43901012499921
n1206	1225	0	0	55	92.4977707499992
n1207	1226	0	0	60	92.5693518749992
n1209	1228	0	0	60	92.74029187499922
n1208	1227	0	0	64	92.65802699999921
n1210	1229	0	0	67	92.81400974999922
n1211	1230	0	0	72	92.90161649999921
n1213	1232	0	0	72	93.04477874999922
n1212	1231	0	0	76	92.97212924999921
n1214	1233	0	0	82	93.12063337499922
n1215	1234	0	0	84	93.20503499999921
n1219	1238	0	0	76	93.5084534999992
n1218	1237	0	0	82	93.42618862499921
n1217	1236	0	0	84	93.35140237499921
n1216	1235	0	0	91	93.2702058749992
n1238	1256	0	0	48	93.60674399999921
n1224	1242	0	0	75	93.85247024999917
n1223	1241	0	0	81	93.77661562499918
n1222	1240	0	0	84	93.6932823749992
n1221	1239	0	0	90	93.60353887499922
n1228	1247	0	0	63	94.16229899999915
n1227	1246	0	0	69	94.08964949999915
n1226	1244	0	0	72	94.04157262499916
n1225	1243	0	0	78	93.94221374999917
n1232	1253	0	0	62	94.49883712499914
n1231	1252	0	0	68	94.42725599999915
n1230	1251	0	0	71	94.34819624999915
n1229	1248	0	0	77	94.26593137499914
n1236	1259	0	0	50	94.83110174999914
n1235	1258	0	0	56	94.73708474999914
n1234	1255	0	0	59	94.66443524999914
n1233	1254	0	0	65	94.58003362499915
n1254	1275	0	0	36	94.92084524999915
n1239	1268	0	0	48	95.00204174999915
n1240	1260	0	0	55	95.07469124999915
n1241	1261	0	0	60	95.15161424999914
n1243	1263	0	0	60	95.30439187499914
n1242	1262	0	0	64	95.22746887499915
n1244	1264	0	0	67	95.39520374999914
n1245	1265	0	0	72	95.47746862499913
n1247	1267	0	0	72	95.63131462499913
n1246	1266	0	0	76	95.53943437499913
n1248	1269	0	0	79	95.69755387499913
n1249	1270	0	0	84	95.78622899999912
n1253	1273	0	0	72	96.08751074999913
n1252	1274	0	0	79	95.99242537499912
n1251	1272	0	0	84	95.92084424999912
n1250	1271	0	0	88	95.83857937499911
n1271	1291	0	0	31	96.18366449999914
n1272	1290	0	0	43	96.18152774999913
n1258	1279	0	0	72	96.43366424999913
n1257	1278	0	0	78	96.34926262499911
n1256	1277	0	0	81	96.27127124999913
n1255	1276	0	0	87	96.18045937499913
n1262	1283	0	0	60	96.75951862499913
n1261	1282	0	0	66	96.66443324999914
n1260	1281	0	0	69	96.59926237499913
n1259	1280	0	0	75	96.51592912499913
n1266	deletion
n1265	1286	0	0	65	97.00417649999912
n1264	1285	0	0	68	96.92618512499912
n1263	1284	0	0	74	96.85139887499913
n1270	deletion
n1269	deletion
n1268	deletion
n1267	1288	0	0	62	97.19648399999912
n1288	1327	0	0	31	97.5800306249991
n1289	1324	0	0	43	97.5746887499991
n1273	1294	0	0	46	97.71357749999909
n1274	1295	0	0	52	97.79477399999908
n1275	1296	0	0	55	97.8588764999991
n1277	1298	0	0	58	98.00844899999912
n1276	1297	0	0	61	97.9037482499991
n1278	1300	0	0	64	98.10887624999911
n1279	1301	0	0	67	98.18259412499911
n1281	1303	0	0	70	98.33216662499912
n1280	1302	0	0	73	98.23280774999911
n1282	1304	0	0	76	98.41229474999912
n1283	1306	0	0	79	98.49883312499911
n1285	1308	0	0	82	98.65267912499911
n1284	deletion
n1286	1309	0	0	88	98.74349099999911
n1287	deletion
n1293	1316	0	0	81	99.0917812499991
n1292	1314	0	0	87	99.0276787499991
n1291	1313	0	0	90	98.96357624999911
n1290	1312	0	0	97	98.88558487499911
n1297	1319	0	0	69	99.4144304999991
n1296	1318	0	0	75	99.3225502499991
n1295	1317	0	0	78	99.2723366249991
n1294	1315	0	0	85	99.1825931249991
n1301	1323	0	0	57	99.7434899999991
n1300	deletion
n1299	1321	0	0	66	99.5907123749991
n1298	1320	0	0	73	99.4999004999991
n1305	1330	0	0	57	100.07468624999909
n1304	1329	0	0	63	100.00631024999909
n1303	1328	0	0	66	99.91656674999909
n1302	1326	0	0	72	99.83750699999909
n1324	1366	0	0	31	100.1804553749991
n1325	1357	0	0	43	100.1804553749991
n1309	1331	0	0	56	100.2627202499991
n1310	1332	0	0	62	100.34177999999909
n1311	1333	0	0	65	100.4165662499991
n1313	1335	0	0	68	100.58536949999908
n1312	1334	0	0	72	100.49455762499909
n1314	1336	0	0	74	100.66656599999907
n1315	1337	0	0	77	100.74028387499907
n1317	1339	0	0	80	100.91229224999907
n1316	1338	0	0	84	100.82148037499907
n1318	1340	0	0	86	100.98707849999907
n1319	1341	0	0	89	101.06186474999907
n1323	1346	0	0	80	101.40588149999908
n1322	1347	0	0	86	101.41229174999908
n1321	1344	0	0	89	101.22746287499906
n1320	1342	0	0	96	101.16229199999907
n1329	1351	0	0	79	101.75203499999908
n1328	1350	0	0	86	101.67190687499908
n1327	1349	0	0	89	101.58857362499909
n1326	1348	0	0	95	101.49883012499907
n1333	1355	0	0	67	102.10673549999908
n1332	1354	0	0	74	102.01806037499908
n1331	1353	0	0	77	101.92831687499908
n1330	1352	0	0	83	101.83643662499908
n1337	1361	0	0	55	102.49135049999907
n1336	1359	0	0	62	102.40801724999908
n1335	1358	0	0	65	102.29904299999907
n1334	1356	0	0	71	102.19327387499908
n1341	1365	0	0	43	102.96036712499908
n1340	1364	0	0	50	102.84498262499908
n1339	1363	0	0	53	102.71143574999908
n1338	1362	0	0	59	102.59391449999907
n1359	1398	0	0	24	103.21036687499907
n1360	1400	0	0	36	103.20716174999907
n1344	1367	0	0	43	103.39840087499907
n1345	1368	0	0	52	103.49455462499907
n1346	1369	0	0	55	103.57147762499908
n1348	1371	0	0	55	103.73387062499907
n1347	1370	0	0	60	103.65694762499908
n1349	1372	0	0	64	103.81613549999908
n1350	1373	0	0	67	103.88130637499907
n1352	1375	0	0	67	104.06720362499908
n1351	1374	0	0	72	103.97746012499908
n1353	1376	0	0	76	104.13451124999908
n1354	1377	0	0	79	104.21036587499908
n1356	1379	0	0	79	104.37275887499908
n1355	1378	0	0	84	104.28515212499909
n1357	1381	0	0	88	104.46036562499908
n1358	1382	0	0	91	104.51592112499908
n1364	1386	0	0	79	104.84177549999906
n1366	1388	0	0	79	105.03087787499906
n1363	1385	0	0	88	104.77446787499908
n1362	1384	0	0	91	104.68365599999908
n1361	1383	0	0	96	104.61207487499908
n1368	1390	0	0	67	105.19540762499906
n1370	1392	0	0	67	105.39733049999906
n1367	1389	0	0	76	105.11100599999907
n1365	1387	0	0	84	104.92083524999906
n1372	1394	0	0	55	105.62062087499906
n1371	1393	0	0	64	105.51057824999906
n1369	1391	0	0	72	105.28515112499906
n1376	1399	0	0	43	106.24241512499906
n1375	1397	0	0	52	106.08215887499905
n1374	1396	0	0	55	105.91976587499906
n1373	1395	0	0	60	105.76271474999906
n1380	1401	0	0	24	106.55865412499905
n1381	deletion
insertion	5	0	0	69	0.8846145
insertion	11	0	0	89	1.3247849999999999
insertion	61	0	0	64	5.310892125000008
insertion	75	0	0	69	6.267087750000011
insertion	189	0	0	98	15.208318124999982
insertion	221	0	0	93	17.581178999999974
insertion	237	0	0	64	18.722203499999967
insertion	361	0	0	86	28.411296374999846
insertion	365	0	0	95	28.63351837499985
insertion	369	0	0	92	28.889928374999847
insertion	373	0	0	82	29.079030749999845
insertion	380	0	0	62	29.676252374999844
insertion	381	0	0	58	29.724329249999844
insertion	388	0	0	48	30.133516874999838
insertion	404	0	0	96	31.42731899999982
insertion	437	0	0	93	34.16663249999981
insertion	441	0	0	86	34.3183417499998
insertion	449	0	0	69	34.89526424999981
insertion	505	0	0	89	39.42624262499972
insertion	506	0	0	90	39.50850749999972
insertion	507	0	0	93	39.518122874999726
insertion	508	0	0	92	39.55872112499972
insertion	512	0	0	92	39.771327749999706
insertion	515	0	0	83	39.9614984999997
insertion	519	0	0	71	40.209361499999694
insertion	537	0	0	68	41.58542849999969
insertion	542	0	0	80	41.876026499999696
insertion	544	0	0	86	41.949744374999696
insertion	545	0	0	83	42.046966499999705
insertion	548	0	0	94	42.17837662499971
insertion	555	0	0	81	42.661282124999694
insertion	561	0	0	69	42.97004249999971
insertion	578	0	0	71	44.45935724999969
insertion	579	0	0	72	44.48392987499969
insertion	588	0	0	89	45.150595874999674
insertion	594	0	0	77	45.484997249999665
insertion	600	0	0	64	46.03627874999966
insertion	623	0	0	92	47.80764449999965
insertion	627	0	0	83	48.152729624999644
insertion	752	0	0	71	57.73712174999961
insertion	768	0	0	81	58.73498399999961
insertion	773	0	0	74	58.961479499999605
insertion	803	0	0	80	61.56831449999959
insertion	810	0	0	60	62.07151912499958
insertion	837	0	0	84	64.65591824999956
insertion	861	0	0	69	66.93262537499946
insertion	883	0	0	71	68.4796323749994
insertion	884	0	0	65	68.5960852499994
insertion	918	0	0	74	71.02343324999944
insertion	941	0	0	81	72.65270512499939
insertion	957	0	0	74	73.63988362499941
insertion	961	0	0	65	73.90804574999942
insertion	970	0	0	52	74.6644552499994
insertion	988	0	0	84	75.96146249999931
insertion	990	0	0	76	76.13774437499931
insertion	995	0	0	64	76.48923974999931
insertion	997	0	0	57	76.54906874999931
insertion	1047	0	0	88	80.50953487499932
insertion	1081	0	0	81	82.94970337499926
insertion	1086	0	0	93	83.21466037499928
insertion	1087	0	0	95	83.3054722499993
insertion	1094	0	0	84	83.66124112499932
insertion	1122	0	0	91	85.68046987499935
insertion	1123	0	0	92	85.77662362499935
insertion	1124	0	0	95	85.77876037499935
insertion	1132	0	0	85	86.21679412499932
insertion	1137	0	0	72	86.57363137499932
insertion	1140	0	0	60	86.71358849999932
insertion	1142	0	0	64	86.79585337499933
insertion	1143	0	0	60	86.88132337499933
insertion	1147	0	0	30	87.05012662499932
insertion	1150	0	0	52	87.3065366249993
insertion	1155	0	0	64	87.6142286249993
insertion	1159	0	0	76	87.9229889999993
insertion	1163	0	0	88	88.2242707499993
insertion	1168	0	0	88	88.49563799999927
insertion	1166	0	0	98	88.40909962499929
insertion	1170	0	0	86	88.74350099999928
insertion	1173	0	0	76	88.83751799999929
insertion	1175	0	0	74	89.03516737499929
insertion	1178	0	0	64	89.18260312499929
insertion	1183	0	0	52	89.5511924999993
insertion	1191	0	0	71	90.28837124999926
insertion	1198	0	0	83	90.68046487499925
insertion	1199	0	0	88	90.73281524999925
insertion	1210	0	0	88	91.33217362499923
insertion	1245	0	0	71	94.04157262499916
insertion	1250	0	0	69	94.37704237499915
insertion	1249	0	0	76	94.28409374999914
insertion	1287	0	0	60	97.09071487499912
insertion	1289	0	0	57	97.33537274999912
insertion	1292	0	0	55	97.46678287499911
insertion	1293	0	0	48	97.48280849999911
insertion	1299	0	0	68	98.15908987499911
insertion	1305	0	0	80	98.48921774999911
insertion	1307	0	0	84	98.57789287499911
insertion	1310	0	0	89	98.74455937499911
insertion	1311	0	0	92	98.77447387499912
insertion	1322	0	0	62	99.6804558749991
insertion	1325	0	0	71	99.8738317499991
insertion	1343	0	0	90	101.24776199999907
insertion	1345	0	0	85	101.29370212499907
insertion	1360	0	0	63	102.44006849999907
insertion	1380	0	0	86	104.48921174999909
