xml_id	midi_id	track	channel	pitch	onset
n1	0	1	0	68	0.5
n2	1	1	0	70	0.9510416666666666
n4	3	1	0	70	1.84375
n3	2	1	0	71	1.39375
n6	5	1	0	63	2.725
n9	6	1	0	68	3.171875
n5	4	1	0	75	2.2895833333333333
n11	8	1	0	70	4.007291666666667
n10	7	1	0	71	3.5854166666666667
n12	9	1	0	71	4.434375
n14	11	1	0	68	5.282291666666666
n13	10	1	0	70	4.866666666666666
n17	12	1	0	70	5.704166666666666
n18	13	1	0	71	6.119791666666665
n20	15	1	0	71	6.943749999999999
n19	14	1	0	73	6.523958333333332
n22	17	1	0	68	7.754166666666665
n25	18	1	0	70	8.17083333333333
n21	16	1	0	76	7.353124999999999
n27	20	1	0	71	8.992708333333331
n26	19	1	0	73	8.571874999999997
n28	21	1	0	73	9.40520833333333
n36	24	1	0	63	10.62708333333333
n30	23	1	0	70	10.20520833333333
n29	22	1	0	71	9.804166666666664
n33	26	1	0	71	10.638541666666663
n37	25	1	0	65	11.03645833333333
n39	30	1	0	65	11.87395833333333
n38	27	1	0	66	11.454166666666664
n34	28	1	0	72	11.449999999999998
n35	35	1	0	73	11.866666666666664
n41	31	1	0	58	12.708333333333332
n45	32	1	0	63	13.123958333333333
n40	29	1	0	70	12.297916666666666
n47	34	1	0	65	13.927083333333332
n46	33	1	0	66	13.516666666666666
n48	36	1	0	66	14.364583333333332
n44	39	1	0	72	14.368749999999999
n50	38	1	0	63	15.18125
n49	37	1	0	65	14.771875
n55	40	1	0	65	15.608333333333333
n52	42	1	0	73	15.604166666666666
n56	41	1	0	66	15.998958333333333
n58	46	1	0	66	16.879166666666663
n57	43	1	0	68	16.441666666666663
n53	44	1	0	74	16.453124999999996
n54	51	1	0	75	16.876041666666662
n60	47	1	0	63	17.68020833333333
n64	48	1	0	65	18.093749999999996
n59	45	1	0	71	17.28958333333333
n66	50	1	0	66	18.905208333333327
n65	49	1	0	68	18.514583333333327
n67	52	1	0	68	19.315624999999994
n63	55	1	0	74	19.31041666666666
n69	54	1	0	65	20.11979166666666
n68	53	1	0	66	19.69791666666666
n76	57	1	0	66	20.521874999999994
n71	56	1	0	75	20.55520833333333
n77	58	1	0	67	21.356249999999996
n78	60	1	0	68	21.79166666666666
n72	59	1	0	73	20.95833333333333
n86	65	1	0	64	23.024999999999995
n79	63	1	0	66	22.599999999999994
n74	61	1	0	70	22.19791666666666
n75	62	1	0	72	22.603124999999995
n81	64	1	0	73	23.00833333333333
n87	66	1	0	65	23.81979166666666
n88	68	1	0	66	24.220833333333324
n82	67	1	0	71	23.42708333333333
n95	72	1	0	63	25.445833333333322
n89	70	1	0	64	25.030208333333324
n84	69	1	0	68	24.61562499999999
n85	71	1	0	70	25.013541666666658
n91	75	1	0	71	25.429166666666656
n97	74	1	0	56	26.24583333333332
n98	79	1	0	61	26.651041666666654
n96	73	1	0	68	25.863541666666656
n100	78	1	0	67	27.89583333333332
n93	76	1	0	70	27.065624999999986
n94	77	1	0	73	27.478124999999988
n106	83	1	0	58	29.129166666666656
n105	82	1	0	59	28.707291666666656
n102	81	1	0	68	28.695833333333322
n103	86	1	0	73	29.11458333333332
n101	80	1	0	75	28.290624999999988
n119	87	1	0	56	30.370833333333326
n108	85	1	0	67	29.948958333333326
n107	84	1	0	68	29.523958333333326
n116	94	1	0	68	30.390624999999993
n120	88	1	0	58	30.788541666666664
n122	97	1	0	58	31.59895833333333
n121	90	1	0	59	31.189583333333328
n113	92	1	0	73	31.62083333333333
n112	91	1	0	75	31.220833333333328
n111	89	1	0	76	30.77708333333333
n124	99	1	0	51	32.402083333333344
n130	100	1	0	56	32.83333333333335
n123	93	1	0	63	32.01875
n118	98	1	0	67	32.428125000000016
n128	103	1	0	68	32.82500000000002
n115	96	1	0	70	32.423958333333346
n114	95	1	0	71	32.01354166666666
n125	101	1	0	71	32.82083333333335
n132	104	1	0	58	33.63541666666668
n131	102	1	0	59	33.23333333333334
n133	106	1	0	59	34.06145833333335
n126	105	1	0	75	33.62812500000001
n127	114	1	0	80	34.053125000000016
n135	108	1	0	56	34.845833333333346
n134	107	1	0	58	34.43437500000001
n146	110	1	0	58	35.288541666666674
n129	109	1	0	71	34.86354166666668
n140	111	1	0	73	35.290625000000006
n147	113	1	0	59	35.68854166666667
n149	122	1	0	59	36.53333333333334
n148	116	1	0	61	36.11979166666668
n141	112	1	0	75	35.690625000000004
n143	119	1	0	75	36.518750000000004
n142	115	1	0	76	36.11562500000001
n137	117	1	0	79	36.09479166666667
n138	118	1	0	80	36.518750000000004
n151	125	1	0	56	37.36979166666669
n161	129	1	0	58	37.79895833333337
n150	120	1	0	64	36.935416666666676
n145	124	1	0	71	37.376041666666694
n144	121	1	0	73	36.939583333333346
n152	128	1	0	73	37.786458333333364
n139	123	1	0	83	37.356250000000024
n163	131	1	0	59	38.6104166666667
n162	127	1	0	61	38.1947916666667
n164	133	1	0	61	39.00104166666673
n160	137	1	0	66	39.00937500000007
n159	130	1	0	68	38.59583333333337
n158	126	1	0	70	38.1947916666667
n153	132	1	0	75	38.57708333333337
n154	134	1	0	76	38.99375000000006
n166	138	1	0	58	39.81875000000008
n165	135	1	0	59	39.40937500000008
n175	140	1	0	59	40.30312500000008
n156	139	1	0	73	39.81145833333341
n155	136	1	0	75	39.40937500000008
n167	143	1	0	75	40.29895833333341
n177	145	1	0	53	41.515625000000064
n176	142	1	0	56	41.12187500000007
n170	144	1	0	66	40.70520833333341
n171	141	1	0	71	41.10312500000007
n168	149	1	0	73	41.521875000000065
n178	148	1	0	55	42.352083333333404
n187	150	1	0	56	42.76875000000008
n173	146	1	0	68	41.9333333333334
n174	147	1	0	70	42.33125000000007
n179	154	1	0	71	42.74895833333341
n189	156	1	0	49	44.01875000000008
n188	152	1	0	52	43.60208333333342
n182	151	1	0	63	43.187500000000085
n183	153	1	0	68	43.58333333333342
n180	159	1	0	70	44.000000000000085
n190	158	1	0	51	44.851041666666774
n202	161	1	0	52	45.26250000000013
n185	155	1	0	65	44.407291666666765
n186	157	1	0	67	44.8125000000001
n191	160	1	0	68	45.267708333333466
n196	deletion
n203	164	1	0	53	46.102083333333454
n204	172	1	0	54	46.51979166666679
n197	162	1	0	70	45.68958333333346
n199	165	1	0	70	46.51562500000012
n198	163	1	0	71	46.090625000000124
n201	167	1	0	63	47.34375000000013
n210	168	1	0	68	47.75520833333346
n200	166	1	0	75	46.92812500000012
n217	177	1	0	53	49.00937500000015
n212	171	1	0	70	48.568750000000136
n211	169	1	0	71	48.157291666666794
n213	173	1	0	71	48.99791666666681
n207	170	1	0	75	48.57395833333347
n208	175	1	0	75	48.981250000000145
n228	180	1	0	54	50.20520833333349
n215	178	1	0	68	49.794791666666825
n214	174	1	0	70	49.39166666666682
n222	179	1	0	70	50.20937500000016
n209	176	1	0	74	49.78958333333349
n218	182	1	0	75	50.192708333333485
n229	183	1	0	55	51.047916666666815
n230	192	1	0	56	51.45937500000015
n223	181	1	0	71	50.628125000000146
n225	185	1	0	71	51.43958333333348
n224	184	1	0	73	51.02395833333348
n227	187	1	0	68	52.26041666666683
n236	188	1	0	70	52.673958333333495
n226	186	1	0	76	51.85104166666682
n243	198	1	0	55	53.895833333333485
n238	190	1	0	71	53.50312500000015
n237	189	1	0	73	53.093750000000156
n239	193	1	0	73	53.90833333333349
n234	195	1	0	75	53.89375000000015
n233	191	1	0	76	53.500000000000156
n254	203	1	0	56	55.13020833333349
n241	197	1	0	70	54.71041666666682
n240	194	1	0	71	54.304166666666816
n244	199	1	0	71	55.13437500000016
n248	deletion
n235	196	1	0	73	54.703125000000156
n255	208	1	0	54	56.341666666666846
n249	200	1	0	59	55.523958333333496
n250	201	1	0	64	55.9239583333335
n245	202	1	0	68	55.91979166666683
n246	205	1	0	70	56.35833333333352
n265	211	1	0	52	57.55208333333354
n262	214	1	0	56	57.57083333333354
n252	204	1	0	61	56.748958333333526
n253	206	1	0	63	57.1281250000002
n247	207	1	0	72	57.150000000000205
n256	209	1	0	73	57.55416666666687
n266	215	1	0	51	58.72812500000023
n257	210	1	0	68	57.948958333333536
n258	212	1	0	73	58.354166666666885
n274	221	1	0	49	59.90833333333357
n260	213	1	0	70	59.144791666666904
n261	216	1	0	72	59.54062500000024
n267	219	1	0	76	59.95312500000024
n275	217	1	0	56	60.35208333333358
n276	220	1	0	61	60.75833333333359
n272	223	1	0	66	61.152083333333586
n271	218	1	0	69	60.74270833333359
n268	226	1	0	75	61.136458333333586
n278	222	1	0	58	61.51458333333359
n279	224	1	0	60	61.94687500000026
n288	227	1	0	61	62.3708333333336
n286	229	1	0	64	62.365625000000264
n273	225	1	0	68	61.923958333333594
n289	234	1	0	59	63.61354166666694
n287	233	1	0	63	63.58958333333361
n281	228	1	0	73	62.77604166666693
n282	230	1	0	81	63.186458333333604
n291	235	1	0	65	64.8885416666669
n290	241	1	0	73	64.86875000000023
n284	231	1	0	79	64.00937500000029
n285	232	1	0	80	64.4416666666669
n298	240	1	0	55	66.08541666666689
n297	238	1	0	56	65.66770833333355
n296	237	1	0	58	65.28125000000023
n292	236	1	0	67	65.26458333333356
n293	239	1	0	68	65.64166666666688
n294	243	1	0	70	66.07083333333355
n300	244	1	0	51	66.87395833333343
n308	245	1	0	56	67.31666666666675
n299	242	1	0	58	66.48750000000015
n301	252	1	0	71	67.30937500000009
n309	248	1	0	44	68.12916666666669
n310	253	1	0	56	68.54687500000003
n305	249	1	0	65	68.54270833333337
n304	247	1	0	66	68.12916666666669
n303	246	1	0	68	67.7041666666667
n314	254	1	0	62	69.79166666666669
n307	251	1	0	63	69.36458333333336
n306	250	1	0	68	68.95312500000003
n311	261	1	0	70	69.76041666666669
n321	260	1	0	51	70.99687499999999
n320	257	1	0	53	70.58541666666665
n319	255	1	0	54	70.16979166666667
n315	256	1	0	63	70.17395833333333
n316	258	1	0	65	70.58124999999998
n317	262	1	0	66	71.00208333333332
n323	263	1	0	46	71.79687499999994
n334	265	1	0	47	72.23437499999993
n322	259	1	0	54	71.40729166666665
n313	264	1	0	74	71.81458333333327
n324	268	1	0	75	72.22499999999992
n331	274	1	0	68	72.63229166666656
n333	296	1	0	68	73.42604166666656
n332	285	1	0	70	73.0374999999999
n325	275	1	0	77	72.61145833333323
n326	284	1	0	78	73.0218749999999
n343	298	1	0	46	74.72083333333318
n335	295	1	0	74	74.68958333333316
n328	290	1	0	77	73.7843749999999
n329	294	1	0	80	74.24583333333322
n340	300	1	0	66	75.96354166666643
n337	299	1	0	70	75.51249999999983
n338	305	1	0	75	75.94687499999976
n336	297	1	0	77	75.09583333333318
n342	302	1	0	63	76.74999999999977
n346	303	1	0	65	77.15937499999977
n341	301	1	0	70	76.3520833333331
n347	304	1	0	66	77.56979166666645
n348	306	1	0	68	77.98124999999978
n345	307	1	0	74	78.38020833333309
n361	312	1	0	51	79.63229166666632
n351	308	1	0	65	79.20937499999968
n355	310	1	0	66	79.65416666666633
n350	309	1	0	70	78.80208333333307
n353	311	1	0	75	79.64270833333299
n362	313	1	0	53	80.06458333333295
n364	321	1	0	53	80.89583333333296
n363	315	1	0	54	80.4729166666663
n357	318	1	0	63	80.49166666666629
n356	314	1	0	65	80.09999999999962
n354	322	1	0	68	80.90312499999962
n366	320	1	0	46	81.74895833333292
n376	323	1	0	51	82.15937499999959
n365	316	1	0	58	81.33749999999961
n359	317	1	0	62	81.34270833333294
n360	319	1	0	65	81.7437499999996
n367	328	1	0	66	82.17812499999958
n378	326	1	0	53	82.98645833333292
n377	325	1	0	54	82.57395833333291
n379	329	1	0	54	83.41249999999957
n373	327	1	0	62	83.01458333333291
n372	324	1	0	63	82.58333333333292
n374	331	1	0	63	83.41249999999957
n381	332	1	0	51	84.24062499999955
n380	330	1	0	53	83.82499999999956
n387	334	1	0	53	84.6802083333329
n382	336	1	0	61	84.68124999999957
n375	333	1	0	71	84.24062499999955
n388	335	1	0	54	85.09374999999957
n390	342	1	0	54	85.93229166666625
n389	337	1	0	56	85.50729166666625
n384	339	1	0	70	85.93229166666625
n383	338	1	0	71	85.52395833333291
n392	343	1	0	51	86.76249999999959
n399	345	1	0	53	87.18020833333291
n391	341	1	0	59	86.3374999999996
n386	344	1	0	66	86.76666666666625
n385	340	1	0	68	86.34166666666626
n393	346	1	0	68	87.18541666666624
n401	349	1	0	54	88.02708333333291
n400	347	1	0	56	87.61249999999957
n402	352	1	0	56	88.45104166666626
n395	350	1	0	58	88.00624999999958
n394	348	1	0	59	87.60729166666624
n396	351	1	0	59	88.43645833333292
n404	355	1	0	53	89.28124999999955
n403	353	1	0	54	88.87291666666626
n409	357	1	0	54	89.69687499999955
n406	359	1	0	58	89.69270833333289
n398	356	1	0	59	89.28333333333288
n397	354	1	0	68	88.86979166666626
n411	360	1	0	51	90.53020833333285
n410	358	1	0	52	90.10520833333287
n412	363	1	0	52	90.94791666666617
n407	361	1	0	60	90.50937499999952
n408	370	1	0	61	90.94062499999951
n414	365	1	0	49	91.76458333333284
n423	367	1	0	51	92.1906249999995
n413	362	1	0	57	91.35312499999951
n405	364	1	0	64	91.7718749999995
n415	366	1	0	66	92.18645833333284
n425	372	1	0	44	93.43020833333284
n422	373	1	0	60	93.44374999999951
n417	369	1	0	68	93.00416666666617
n416	368	1	0	69	92.58854166666617
n418	371	1	0	69	93.42083333333284
n436	377	1	0	49	94.65416666666604
n433	382	1	0	61	94.6583333333327
n427	376	1	0	64	94.64687499999938
n420	375	1	0	66	94.24583333333278
n419	374	1	0	68	93.84270833333284
n438	384	1	0	49	95.49270833333264
n437	379	1	0	52	95.07187499999931
n439	386	1	0	56	95.88437499999932
n429	380	1	0	66	95.2562499999993
n428	378	1	0	68	95.06145833333265
n430	381	1	0	68	95.44895833333264
n431	383	1	0	70	95.63437499999932
n432	393	1	0	71	95.85729166666599
n449	389	1	0	52	97.08437499999934
n440	387	1	0	54	96.67708333333267
n443	390	1	0	61	97.07499999999933
n434	385	1	0	63	96.254166666666
n435	388	1	0	68	96.65520833333267
n452	398	1	0	49	98.30416666666598
n450	394	1	0	54	97.469791666666
n451	392	1	0	56	97.89687499999933
n445	395	1	0	63	97.88749999999932
n444	391	1	0	64	97.48749999999933
n446	396	1	0	64	98.31249999999932
n442	401	1	0	70	98.29687499999932
n460	402	1	0	47	99.51041666666592
n453	399	1	0	54	99.0989583333326
n448	400	1	0	61	99.08854166666593
n447	397	1	0	63	98.71354166666596
n456	403	1	0	63	99.52604166666592
n454	404	1	0	71	99.4989583333326
n461	405	1	0	54	99.92395833333254
n462	407	1	0	59	100.34583333333248
n458	411	1	0	65	100.77395833333247
n457	406	1	0	68	100.34166666666582
n455	408	1	0	73	100.74270833333247
n464	409	1	0	56	101.13020833333242
n465	412	1	0	58	101.55729166666572
n459	410	1	0	67	101.54791666666573
n470	413	1	0	71	101.96145833333239
n466	414	1	0	75	101.94687499999905
n473	415	1	0	51	102.36979166666566
n474	416	1	0	56	102.78333333333232
n471	418	1	0	70	103.16979166666566
n467	417	1	0	76	103.15520833333233
n476	420	1	0	53	103.56979166666561
n477	421	1	0	55	104.00937499999887
n488	425	1	0	56	104.38437499999883
n484	424	1	0	63	104.39270833333217
n478	423	1	0	71	104.39687499999883
n469	422	1	0	73	103.9770833333322
n468	419	1	0	75	103.55208333333228
n489	427	1	0	58	105.21874999999872
n490	430	1	0	59	105.62916666666536
n485	428	1	0	62	105.19999999999872
n486	429	1	0	63	105.61770833333202
n479	426	1	0	75	104.80937499999875
n480	432	1	0	78	105.17499999999872
n491	434	1	0	50	106.46770833333198
n500	436	1	0	51	106.86874999999861
n498	437	1	0	66	106.86562499999862
n487	433	1	0	68	106.44791666666532
n482	431	1	0	75	106.04479166666532
n483	435	1	0	77	106.43333333333199
n502	441	1	0	44	108.10416666666521
n501	438	1	0	47	107.67812499999859
n499	442	1	0	65	108.09270833333187
n493	439	1	0	70	107.27187499999859
n494	440	1	0	75	107.65833333333192
n503	443	1	0	46	108.93541666666516
n515	450	1	0	51	109.40729166666515
n510	446	1	0	63	109.40312499999848
n496	444	1	0	72	108.51458333333186
n497	445	1	0	74	108.93541666666516
n504	447	1	0	75	109.38645833333182
n512	451	1	0	60	110.20937499999837
n511	448	1	0	62	109.78958333333175
n513	453	1	0	62	110.66458333333166
n505	449	1	0	77	109.80833333333175
n507	454	1	0	77	110.62708333333167
n506	452	1	0	78	110.21354166666504
n518	456	1	0	54	111.45312499999831
n530	467	1	0	59	111.86249999999828
n514	455	1	0	66	111.05416666666498
n509	458	1	0	70	111.46666666666498
n519	459	1	0	75	111.86041666666495
n508	457	1	0	82	111.03541666666499
n527	463	1	0	62	112.67708333333161
n526	460	1	0	63	112.28854166666494
n528	464	1	0	63	113.11666666666494
n521	462	1	0	77	112.67291666666495
n520	461	1	0	78	112.25937499999827
n522	465	1	0	78	113.09895833333161
n533	469	1	0	60	113.92499999999829
n545	471	1	0	61	114.35104166666494
n529	474	1	0	68	113.51354166666495
n524	468	1	0	75	113.91354166666495
n523	466	1	0	77	113.51354166666495
n534	470	1	0	77	114.36458333333161
n547	477	1	0	58	115.6312499999982
n546	473	1	0	59	115.19270833333154
n542	479	1	0	61	115.61249999999819
n541	475	1	0	65	115.19270833333154
n535	472	1	0	78	114.78333333333158
n537	478	1	0	78	115.61145833333153
n536	476	1	0	80	115.18854166666488
n557	485	1	0	56	116.8312499999981
n548	483	1	0	57	116.42708333333147
n543	480	1	0	63	116.02708333333149
n544	482	1	0	66	116.42708333333147
n555	487	1	0	71	116.84166666666475
n539	484	1	0	75	116.42708333333147
n549	486	1	0	77	116.8218749999981
n538	481	1	0	83	116.02708333333149
n560	492	1	0	50	118.04374999999804
n559	491	1	0	51	117.63020833333138
n558	488	1	0	59	117.2552083333314
n556	501	1	0	70	118.03645833333138
n551	490	1	0	78	117.62604166666472
n550	489	1	0	80	117.23749999999806
n552	493	1	0	80	118.02499999999804
n561	494	1	0	46	118.4489583333313
n562	496	1	0	50	118.85937499999797
n572	498	1	0	51	119.2822916666646
n554	497	1	0	77	118.83437499999796
n553	495	1	0	78	118.43645833333132
n563	499	1	0	78	119.25833333333128
n574	503	1	0	44	120.46145833333121
n568	502	1	0	73	119.6677083333312
n564	500	1	0	79	120.04999999999788
n565	506	1	0	80	120.47187499999787
n585	508	1	0	49	121.70208333333112
n570	504	1	0	70	120.85624999999781
n571	505	1	0	72	121.25729166666446
n580	512	1	0	73	121.68229166666445
n576	509	1	0	76	121.68749999999778
n566	507	1	0	78	121.2374999999978
n587	513	1	0	42	122.92291666666438
n581	510	1	0	71	122.08333333333105
n577	511	1	0	77	122.4937499999977
n578	515	1	0	78	122.91354166666437
n593	518	1	0	47	124.117708333331
n583	514	1	0	68	123.29791666666434
n584	517	1	0	70	123.68854166666432
n591	521	1	0	71	124.12395833333099
n589	520	1	0	75	124.10624999999766
n579	516	1	0	76	123.68124999999766
n594	519	1	0	51	124.52291666666429
n595	522	1	0	56	124.92708333333094
n592	525	1	0	70	125.35833333333095
n590	527	1	0	73	125.34895833333094
n608	526	1	0	47	126.56249999999763
n597	523	1	0	55	125.73645833333094
n598	524	1	0	58	126.13124999999762
n610	531	1	0	49	127.79166666666421
n605	528	1	0	63	126.9906249999976
n607	535	1	0	64	127.79687499999754
n606	529	1	0	68	127.39479166666425
n600	532	1	0	71	127.3708333333309
n621	536	1	0	51	129.02395833333097
n612	537	1	0	67	129.0166666666643
n602	533	1	0	70	128.20937499999755
n603	534	1	0	73	128.59895833333096
n622	540	1	0	43	129.85833333333105
n623	543	1	0	44	130.27604166666438
n620	541	1	0	59	130.27812499999771
n619	539	1	0	61	129.86979166666438
n618	538	1	0	63	129.43958333333106
n613	542	1	0	70	129.85624999999771
n624	545	1	0	47	131.09583333333117
n634	547	1	0	49	131.50937499999796
n628	546	1	0	58	131.51666666666463
n615	544	1	0	63	130.68020833333114
n616	550	1	0	68	131.11145833333117
n636	552	1	0	46	132.31770833333138
n637	555	1	0	51	132.75833333333145
n635	549	1	0	52	131.8979166666647
n629	548	1	0	61	131.8979166666647
n630	553	1	0	64	132.3197916666647
n627	554	1	0	67	132.78020833333147
n626	551	1	0	73	132.3104166666647
n638	558	1	0	39	133.58854166666487
n649	561	1	0	44	134.01249999999825
n644	560	1	0	59	134.02604166666492
n633	557	1	0	61	133.61354166666487
n632	556	1	0	63	133.18541666666488
n639	559	1	0	68	134.00104166666492
n650	563	1	0	46	134.40937499999828
n652	571	1	0	46	135.26041666666498
n651	564	1	0	47	134.83645833333165
n646	567	1	0	56	134.84999999999832
n645	562	1	0	58	134.42604166666496
n641	566	1	0	61	135.26041666666498
n640	565	1	0	63	134.84583333333165
n654	573	1	0	39	136.11145833333168
n660	574	1	0	44	136.5458333333318
n653	568	1	0	51	135.69374999999832
n648	570	1	0	55	136.11874999999836
n657	575	1	0	56	136.5458333333318
n643	572	1	0	58	136.10729166666502
n642	569	1	0	59	135.68020833333165
n655	577	1	0	59	136.54166666666515
n662	578	1	0	46	137.36458333333186
n661	576	1	0	47	136.96354166666518
n663	580	1	0	47	137.79270833333186
n658	579	1	0	63	137.38333333333188
n659	586	1	0	68	137.79270833333186
n665	582	1	0	44	138.63437499999856
n664	581	1	0	46	138.2041666666652
n675	585	1	0	46	139.0458333333319
n656	583	1	0	71	138.63229166666522
n666	584	1	0	73	139.04999999999856
n676	588	1	0	47	139.45104166666522
n678	595	1	0	47	140.30833333333186
n677	590	1	0	49	139.86874999999853
n673	589	1	0	67	139.87708333333185
n674	598	1	0	68	140.3291666666652
n667	587	1	0	75	139.45520833333188
n669	592	1	0	75	140.30104166666518
n668	591	1	0	76	139.86874999999853
n680	597	1	0	44	141.14062499999855
n689	599	1	0	46	141.55729166666524
n679	594	1	0	52	140.7114583333319
n671	596	1	0	71	141.13749999999854
n670	593	1	0	73	140.72812499999856
n681	601	1	0	73	141.55729166666524
n691	602	1	0	47	142.3666666666652
n690	600	1	0	49	141.95520833333188
n692	604	1	0	49	142.7854166666652
n687	608	1	0	67	142.78958333333188
n686	603	1	0	68	142.3604166666652
n682	609	1	0	70	141.95520833333188
n694	607	1	0	46	143.61145833333185
n693	605	1	0	47	143.1885416666652
n701	611	1	0	47	144.00833333333188
n684	606	1	0	75	143.61145833333185
n695	633	1	0	75	144.02187499999854
n703	612	1	0	43	144.83124999999856
n704	614	1	0	44	145.2489583333319
n702	610	1	0	51	144.42291666666523
n698	613	1	0	70	144.84791666666524
n699	616	1	0	71	145.2583333333319
n706	617	1	0	39	146.06979166666522
n715	619	1	0	40	146.4489583333319
n705	615	1	0	47	145.6447916666652
n700	618	1	0	67	146.08854166666524
n709	623	1	0	68	146.46562499999857
n710	627	1	0	70	146.85520833333192
n711	637	1	0	71	147.23645833333188
n708	647	1	0	74	147.64270833333185
n725	648	1	0	39	148.9791666666652
n714	651	1	0	68	148.4656249999985
n713	642	1	0	70	148.07395833333183
n716	649	1	0	75	148.98333333333187
n726	652	1	0	51	149.9468749999986
n727	654	1	0	53	150.48333333333196
n721	650	1	0	67	149.46145833333193
n718	656	1	0	74	150.45520833333197
n717	653	1	0	75	150.02499999999864
n729	657	1	0	55	151.30624999999858
n728	655	1	0	56	150.87604166666526
n735	659	1	0	56	151.71458333333192
n730	660	1	0	72	151.70312499999858
n719	658	1	0	73	151.30104166666524
n736	661	1	0	51	152.10312499999856
n737	663	1	0	56	152.49999999999855
n732	666	1	0	70	152.91979166666522
n731	662	1	0	71	152.52291666666522
n740	665	1	0	53	153.51666666666523
n746	669	1	0	53	154.1843749999986
n739	664	1	0	54	153.3385416666652
n741	667	1	0	54	153.74999999999858
n733	668	1	0	72	153.76666666666526
n742	671	1	0	73	154.19270833333192
n749	674	1	0	54	155.43437499999857
n748	672	1	0	56	154.99583333333192
n747	670	1	0	58	154.59895833333192
n743	673	1	0	74	155.01562499999858
n744	679	1	0	75	155.4458333333319
n755	677	1	0	56	156.65833333333188
n751	676	1	0	58	156.2385416666652
n750	675	1	0	59	155.84062499999857
n758	685	1	0	53	157.85937499999852
n756	678	1	0	58	157.0520833333319
n757	680	1	0	59	157.46145833333188
n753	681	1	0	74	157.85312499999853
n766	695	1	0	55	159.00833333333196
n760	693	1	0	56	158.5937499999986
n759	690	1	0	58	158.24791666666522
n761	697	1	0	75	159.02187499999863
n769	700	1	0	51	160.1979166666653
n767	696	1	0	56	159.42083333333196
n768	698	1	0	58	159.8229166666653
n763	701	1	0	71	160.22187499999862
n762	699	1	0	73	159.8135416666653
n780	706	1	0	52	161.4572916666653
n771	703	1	0	54	161.03958333333196
n770	702	1	0	56	160.6385416666653
n772	705	1	0	68	161.45937499999863
n764	704	1	0	70	161.03958333333196
n783	710	1	0	51	162.67291666666534
n782	708	1	0	52	162.26979166666536
n781	707	1	0	54	161.85624999999865
n778	713	1	0	67	162.66458333333202
n777	709	1	0	68	162.26145833333203
n773	711	1	0	73	162.26145833333203
n796	722	1	0	49	163.90624999999875
n785	717	1	0	51	163.48854166666538
n784	714	1	0	52	163.08020833333205
n792	718	1	0	65	163.90624999999875
n779	715	1	0	66	163.4760416666654
n775	712	1	0	70	163.08020833333205
n776	716	1	0	72	163.4760416666654
n786	721	1	0	73	163.90833333333208
n797	724	1	0	37	164.7052083333321
n798	727	1	0	44	165.10520833333214
n794	728	1	0	63	165.1104166666655
n793	723	1	0	64	164.69999999999877
n787	719	1	0	68	164.3020833333321
n788	725	1	0	70	164.69062499999876
n789	726	1	0	71	165.0999999999988
n810	734	1	0	39	166.3520833333324
n799	729	1	0	43	165.50729166666562
n800	733	1	0	44	165.9072916666657
n795	731	1	0	65	165.8927083333324
n807	735	1	0	66	166.33749999999904
n801	736	1	0	70	166.34062499999905
n791	732	1	0	71	165.88958333333238
n790	730	1	0	73	165.51145833333229
n808	739	1	0	67	167.14374999999916
n809	744	1	0	68	167.5520833333325
n804	740	1	0	71	167.55937499999916
n803	738	1	0	73	167.13749999999916
n802	737	1	0	75	166.74583333333248
n814	743	1	0	73	168.79062499999918
n806	742	1	0	75	168.38958333333252
n805	741	1	0	76	167.9656249999992
n821	746	1	0	67	170.0437499999993
n817	749	1	0	70	170.0156249999993
n815	745	1	0	75	169.2156249999992
n816	754	1	0	76	169.63541666666592
n829	763	1	0	68	171.2406249999994
n823	761	1	0	71	171.23541666666605
n819	760	1	0	73	170.8364583333327
n818	757	1	0	75	170.41979166666601
n831	767	1	0	64	172.44583333333273
n830	765	1	0	66	172.0281249999994
n826	766	1	0	68	172.43958333333273
n824	762	1	0	73	171.64166666666605
n825	764	1	0	75	172.03333333333273
n836	771	1	0	61	173.67499999999941
n832	769	1	0	63	173.28854166666608
n827	768	1	0	73	172.8593749999994
n828	770	1	0	75	173.27708333333274
n834	773	1	0	76	173.68541666666607
n846	777	1	0	60	174.90624999999957
n845	774	1	0	61	174.48541666666617
n837	772	1	0	64	174.09687499999947
n838	775	1	0	69	174.49791666666616
n835	781	1	0	75	174.90624999999957
n858	782	1	0	58	176.1406249999997
n847	779	1	0	59	175.72708333333298
n841	778	1	0	66	175.49687499999965
n840	776	1	0	68	175.33437499999962
n842	780	1	0	68	175.72187499999964
n848	785	1	0	73	176.1406249999997
n860	786	1	0	56	177.33958333333308
n859	784	1	0	57	176.9302083333331
n852	783	1	0	61	176.53333333333308
n853	787	1	0	66	176.9302083333331
n849	796	1	0	71	177.33958333333308
n861	791	1	0	58	178.14895833333313
n875	794	1	0	59	178.56874999999982
n856	789	1	0	63	177.93749999999977
n869	795	1	0	63	178.56458333333316
n855	788	1	0	64	177.74791666666644
n857	792	1	0	64	178.13541666666646
n862	793	1	0	78	178.5604166666665
n850	790	1	0	80	177.73333333333312
n876	799	1	0	60	179.37916666666655
n877	809	1	0	61	179.78333333333327
n872	803	1	0	64	179.8020833333333
n871	798	1	0	66	179.35624999999987
n870	800	1	0	68	178.9687499999999
n864	801	1	0	75	179.36145833333322
n863	797	1	0	76	178.95520833333322
n879	808	1	0	66	181.0072916666667
n874	806	1	0	68	180.58333333333337
n873	804	1	0	69	180.1885416666667
n867	805	1	0	72	180.37187500000005
n866	802	1	0	73	180.1791666666667
n868	807	1	0	73	180.5729166666667
n878	815	1	0	75	181.02083333333337
n886	814	1	0	60	182.24583333333337
n882	812	1	0	63	182.2416666666667
n880	810	1	0	68	181.41458333333338
n881	811	1	0	69	181.81666666666672
n895	817	1	0	61	183.48229166666673
n894	824	1	0	64	183.4864583333334
n884	816	1	0	66	183.07395833333337
n883	813	1	0	68	182.65937500000007
n897	823	1	0	58	184.71458333333354
n896	819	1	0	59	184.3156250000001
n888	818	1	0	68	183.90625000000009
n889	820	1	0	73	184.29583333333343
n907	827	1	0	54	185.9541666666669
n898	826	1	0	56	185.5343750000002
n892	822	1	0	70	185.31145833333355
n899	837	1	0	70	185.9385416666669
n891	821	1	0	71	185.10833333333355
n893	825	1	0	71	185.52395833333355
n909	833	1	0	51	187.18750000000034
n908	829	1	0	52	186.78645833333366
n901	828	1	0	61	186.36770833333367
n902	831	1	0	66	186.77708333333365
n916	836	1	0	47	188.38125000000034
n910	834	1	0	49	188.01458333333366
n905	832	1	0	63	187.78750000000034
n914	838	1	0	63	188.385416666667
n904	830	1	0	64	187.58437500000034
n906	835	1	0	64	187.98750000000032
n917	839	1	0	54	188.76770833333373
n918	841	1	0	59	189.18437500000047
n915	845	1	0	64	189.6291666666672
n912	840	1	0	68	189.1802083333338
n913	842	1	0	73	189.6197916666672
n921	844	1	0	56	190.2031250000006
n920	843	1	0	58	190.01875000000055
n922	846	1	0	58	190.39791666666727
n925	848	1	0	63	190.8218750000006
n923	849	1	0	71	190.8062500000006
n928	847	1	0	51	191.22083333333399
n929	850	1	0	56	191.639583333334
n926	855	1	0	61	192.03750000000068
n924	858	1	0	70	192.01875000000067
n932	852	1	0	53	192.61354166666732
n931	851	1	0	55	192.42500000000067
n933	853	1	0	55	192.836458333334
n944	856	1	0	56	193.26354166666738
n939	854	1	0	59	193.2656250000007
n946	866	1	0	51	194.5302083333341
n945	859	1	0	52	194.1354166666674
n940	861	1	0	61	194.1354166666674
n935	857	1	0	68	193.67083333333406
n937	864	1	0	79	194.5229166666674
n936	860	1	0	80	194.1041666666674
n942	863	1	0	58	194.92083333333406
n954	867	1	0	58	195.75312500000075
n943	862	1	0	60	195.33229166666743
n951	869	1	0	61	195.7583333333341
n947	870	1	0	77	195.75104166666742
n938	865	1	0	78	195.33229166666743
n956	871	1	0	55	196.57500000000084
n955	868	1	0	56	196.1572916666675
n957	873	1	0	56	196.9791666666675
n949	874	1	0	75	196.97395833333417
n948	872	1	0	76	196.5697916666675
n958	876	1	0	50	197.81562500000086
n967	878	1	0	51	198.23645833333424
n953	875	1	0	59	197.39583333333417
n950	877	1	0	77	197.82916666666753
n959	879	1	0	78	198.2343750000009
n968	882	1	0	46	199.03437500000103
n969	883	1	0	47	199.4354166666677
n963	881	1	0	58	198.63750000000104
n960	880	1	0	79	199.02500000000103
n961	891	1	0	80	199.44062500000103
n970	885	1	0	48	200.26979166666786
n981	887	1	0	49	200.66562500000123
n965	884	1	0	51	199.85000000000116
n966	886	1	0	54	200.27395833333452
n982	889	1	0	50	201.47291666666797
n983	892	1	0	51	201.88229166666795
n974	888	1	0	53	201.06979166666795
n975	890	1	0	59	201.47291666666797
n972	899	1	0	79	201.88229166666795
n984	895	1	0	52	202.70104166666806
n993	900	1	0	53	203.10520833333476
n980	897	1	0	55	202.88854166666812
n978	894	1	0	56	202.47812500000137
n990	898	1	0	56	203.10520833333476
n977	893	1	0	58	202.28333333333472
n979	896	1	0	58	202.70104166666806
n991	901	1	0	60	203.9260416666681
n992	904	1	0	65	204.30416666666815
n986	902	1	0	77	203.5072916666681
n987	903	1	0	79	203.90937500000143
n988	906	1	0	80	204.29479166666815
n1001	909	1	0	49	205.49687500000155
n995	907	1	0	51	205.09479166666821
n994	905	1	0	53	204.69479166666818
n989	908	1	0	81	205.0854166666682
n996	920	1	0	82	205.50104166666821
n1004	919	1	0	58	206.68645833333497
n1003	912	1	0	60	206.31458333333492
n1002	911	1	0	61	205.90729166666824
n997	910	1	0	70	205.89270833333492
n998	913	1	0	72	206.28333333333492
n999	915	1	0	73	206.68645833333497
n1015	918	1	0	66	207.90937500000163
n1006	917	1	0	68	207.49375000000163
n1005	914	1	0	70	207.09687500000163
n1000	916	1	0	74	207.50625000000161
n1011	925	1	0	75	207.9072916666683
n1016	922	1	0	63	208.2885416666683
n1017	923	1	0	65	208.68437500000164
n1018	926	1	0	66	209.1072916666683
n1008	921	1	0	78	208.28541666666828
n1009	924	1	0	80	208.6822916666683
n1010	929	1	0	82	209.10208333333495
n1019	928	1	0	67	209.91041666666828
n1028	930	1	0	68	210.29687500000168
n1025	933	1	0	72	210.31250000000168
n1014	931	1	0	73	209.90208333333496
n1013	927	1	0	75	209.50833333333497
n1029	932	1	0	56	210.72187500000172
n1030	934	1	0	58	211.1239583333351
n1031	938	1	0	59	211.50625000000178
n1026	940	1	0	73	211.1145833333351
n1027	936	1	0	75	211.50625000000178
n1021	935	1	0	80	210.71979166666839
n1032	939	1	0	60	212.2854166666685
n1041	942	1	0	61	212.71666666666866
n1023	937	1	0	77	211.90729166666847
n1033	943	1	0	77	212.71354166666865
n1024	941	1	0	78	212.29479166666852
n1042	944	1	0	49	213.10937500000202
n1043	946	1	0	51	213.515625000002
n1044	948	1	0	52	213.91875000000203
n1037	947	1	0	73	213.11354166666868
n1034	945	1	0	78	213.50104166666867
n1035	950	1	0	80	213.90937500000203
n1045	951	1	0	53	214.69270833333542
n1054	952	1	0	54	215.09583333333546
n1039	949	1	0	70	214.3020833333354
n1051	963	1	0	70	215.07916666666878
n1040	953	1	0	71	214.68541666666874
n1055	954	1	0	42	215.48541666666878
n1056	955	1	0	44	215.88020833333545
n1057	959	1	0	45	216.28750000000213
n1052	960	1	0	71	215.88020833333545
n1053	957	1	0	73	216.29375000000212
n1047	956	1	0	78	215.47187500000211
n1058	961	1	0	46	217.08645833333543
n1068	965	1	0	47	217.50520833333542
n1049	958	1	0	75	216.68541666666877
n1059	966	1	0	75	217.4906250000021
n1050	962	1	0	76	217.0687500000021
n1069	968	1	0	49	218.30833333333547
n1070	971	1	0	51	218.69687500000217
n1064	967	1	0	70	218.3135416666688
n1063	964	1	0	71	217.89375000000206
n1061	970	1	0	71	218.6927083333355
n1060	969	1	0	73	218.28541666666882
n1071	973	1	0	53	219.4947916666689
n1081	976	1	0	54	219.91562500000234
n1066	972	1	0	66	219.0968750000022
n1067	974	1	0	68	219.50937500000222
n1072	975	1	0	70	219.91562500000234
n1082	977	1	0	56	220.72083333333575
n1083	981	1	0	58	221.1135416666691
n1079	983	1	0	66	220.31875000000238
n1073	978	1	0	72	220.7093750000024
n1074	979	1	0	73	221.10000000000244
n1075	980	1	0	75	221.2822916666691
n1084	984	1	0	60	221.9125000000024
n1094	985	1	0	61	222.30937500000243
n1085	987	1	0	68	222.3135416666691
n1077	986	1	0	75	221.88854166666908
n1076	982	1	0	76	221.48750000000243
n1095	989	1	0	49	222.70833333333584
n1096	991	1	0	51	223.0979166666692
n1097	995	1	0	53	223.47395833333587
n1088	988	1	0	65	222.71770833333585
n1089	990	1	0	67	223.08437500000252
n1090	992	1	0	68	223.47916666666922
n1091	993	1	0	70	223.66041666666922
n1086	998	1	0	73	223.46458333333587
n1098	997	1	0	55	224.3072916666693
n1110	999	1	0	56	224.689583333336
n1108	1000	1	0	63	224.698958333336
n1093	996	1	0	70	224.29062500000262
n1092	994	1	0	71	223.87916666666925
n1111	1003	1	0	58	225.467708333336
n1112	1004	1	0	59	225.88541666666939
n1113	1006	1	0	61	226.07187500000276
n1109	1008	1	0	68	225.90208333333607
n1100	1001	1	0	71	225.08229166666933
n1101	1002	1	0	73	225.486458333336
n1103	1007	1	0	73	226.07187500000276
n1102	1005	1	0	75	225.89270833333606
n1115	1013	1	0	61	226.68020833333614
n1114	1010	1	0	63	226.2739583333361
n1124	1029	1	0	63	227.11458333333618
n1105	1011	1	0	70	226.4812500000028
n1116	1015	1	0	70	227.08854166666953
n1104	1009	1	0	71	226.2864583333361
n1106	1012	1	0	71	226.68958333333615
n1107	1016	1	0	76	226.8822916666695
n1120	1014	1	0	67	227.50520833333624
n1121	1017	1	0	75	227.91979166666962
n1117	1018	1	0	76	228.31770833333633
n1123	1020	1	0	73	228.70104166666968
n1125	1021	1	0	75	229.5104166666697
n1118	1019	1	0	82	229.11562500000304
n1132	1022	1	0	71	229.90833333333634
n1127	1023	1	0	73	230.66979166666968
n1126	1024	1	0	80	230.271875000003
n1134	1028	1	0	70	231.05625000000302
n1136	1034	1	0	71	231.868750000003
n1130	1027	1	0	73	231.65104166666967
n1129	1026	1	0	75	231.46145833333634
n1128	1025	1	0	76	231.24791666666968
n1147	1040	1	0	61	233.0552083333363
n1146	1033	1	0	63	232.83958333333632
n1145	1032	1	0	64	232.64479166666965
n1144	1031	1	0	66	232.44583333333634
n1143	1030	1	0	68	232.25104166666966
n1152	1039	1	0	63	234.287500000003
n1141	1038	1	0	65	234.062500000003
n1140	1037	1	0	67	233.85520833333635
n1139	1036	1	0	68	233.66666666666967
n1138	1035	1	0	70	233.456250000003
n1161	1043	1	0	56	235.67291666666972
n1160	1042	1	0	58	235.47916666666976
n1159	1041	1	0	59	235.0822916666697
n1154	1044	1	0	68	235.0666666666697
n1153	1048	1	0	75	234.65625000000304
n1169	1050	1	0	44	236.7437500000032
n1163	1047	1	0	51	236.2677083333365
n1165	1052	1	0	56	236.71979166666986
n1162	1045	1	0	58	235.87291666666974
n1156	1046	1	0	67	235.87812500000308
n1164	1082	1	0	71	236.7437500000032
n1157	1049	1	0	73	236.27395833333648
n1170	1051	1	0	46	237.15625000000315
n1172	1055	1	0	46	237.96562500000314
n1171	1054	1	0	47	237.55312500000315
n1167	1056	1	0	67	237.99791666666982
n1166	1053	1	0	68	237.55937500000314
n1174	1059	1	0	39	238.78750000000315
n1179	1060	1	0	44	239.18437500000314
n1173	1057	1	0	51	238.38020833333647
n1175	1061	1	0	65	239.19166666666982
n1168	1058	1	0	66	238.78750000000315
n1181	1063	1	0	46	240.0010416666698
n1180	1062	1	0	47	239.6010416666698
n1182	1065	1	0	47	240.40937500000317
n1177	1067	1	0	63	240.40416666666982
n1176	1064	1	0	64	240.0010416666698
n1184	1068	1	0	44	241.21145833333648
n1183	1066	1	0	46	240.80000000000317
n1188	1070	1	0	46	241.62291666666982
n1178	1069	1	0	65	241.22500000000315
n1185	1072	1	0	66	241.6354166666698
n1189	1071	1	0	47	242.01770833333646
n1191	1075	1	0	47	242.8479166666698
n1190	1073	1	0	49	242.43541666666977
n1186	1074	1	0	67	242.43541666666977
n1187	1081	1	0	68	242.87500000000313
n1193	1077	1	0	44	243.67500000000314
n1196	1078	1	0	46	244.08750000000313
n1192	1076	1	0	52	243.26458333333647
n1198	1080	1	0	47	244.89062500000313
n1197	1079	1	0	49	244.46875000000313
n1199	1083	1	0	49	245.29791666666978
n1195	1086	1	0	67	245.3000000000031
n1201	1085	1	0	46	246.09895833333647
n1200	1084	1	0	47	245.68645833333645
n1208	1088	1	0	47	246.51145833333646
n1202	1087	1	0	68	246.52604166666978
n1209	1090	1	0	51	246.9250000000031
n1210	1092	1	0	56	247.32916666666978
n1204	1091	1	0	63	247.32916666666978
n1205	1093	1	0	64	247.7229166666698
n1203	1089	1	0	71	246.9250000000031
n1213	1095	1	0	53	248.31458333333646
n1212	1094	1	0	55	248.11562500000315
n1214	1097	1	0	55	248.53541666666982
n1222	1101	1	0	56	248.92291666666986
n1215	1099	1	0	59	248.93645833333653
n1207	1098	1	0	61	248.53541666666982
n1206	1096	1	0	63	248.14375000000314
n1216	1100	1	0	63	249.1135416666699
n1223	1102	1	0	59	249.32916666666992
n1224	1105	1	0	63	249.74583333333658
n1219	1106	1	0	65	250.1520833333366
n1218	1104	1	0	66	249.74583333333658
n1217	1103	1	0	68	249.34062500000326
n1227	1109	1	0	60	250.76562500000335
n1226	1107	1	0	62	250.57083333333668
n1228	1111	1	0	62	250.98750000000337
n1239	1113	1	0	63	251.41354166667008
n1235	1112	1	0	66	251.40416666667008
n1221	1110	1	0	68	250.97500000000338
n1220	1108	1	0	70	250.56562500000334
n1229	1114	1	0	75	251.40416666667008
n1240	1118	1	0	51	252.23020833333678
n1241	1119	1	0	58	252.63437500000342
n1237	1120	1	0	62	252.63958333333676
n1236	1116	1	0	63	252.23020833333678
n1230	1115	1	0	77	251.82395833333678
n1232	1121	1	0	77	252.63958333333676
n1231	1117	1	0	78	252.21145833333676
n1242	1124	1	0	55	253.46041666667026
n1253	1126	1	0	56	253.86145833333703
n1249	1127	1	0	60	253.86145833333703
n1238	1123	1	0	61	253.44895833333692
n1234	1125	1	0	70	253.4458333333369
n1243	1128	1	0	75	253.84791666667036
n1233	1122	1	0	82	253.04895833333688
n1254	1132	1	0	50	254.6593750000037
n1255	1134	1	0	51	255.06041666667045
n1251	1135	1	0	58	255.06979166667045
n1250	1131	1	0	59	254.65520833333704
n1245	1130	1	0	77	254.6500000000037
n1244	1129	1	0	78	254.2541666666704
n1246	1133	1	0	78	255.0645833333371
n1265	1142	1	0	58	256.3145833333372
n1252	1138	1	0	60	255.89166666667057
n1262	1140	1	0	61	256.30729166667055
n1248	1137	1	0	75	255.88229166667057
n1247	1136	1	0	77	255.47916666667044
n1256	1139	1	0	77	256.2937500000039
n1263	1143	1	0	62	257.1083333333373
n1264	1153	1	0	63	257.5291666666707
n1257	1141	1	0	78	256.69270833333735
n1259	1145	1	0	78	257.5010416666707
n1258	1144	1	0	80	257.09895833333735
n1268	1148	1	0	54	258.321875000004
n1267	1146	1	0	56	257.9333333333373
n1277	1154	1	0	56	258.7177083333374
n1261	1149	1	0	75	258.3010416666707
n1269	1150	1	0	77	258.7302083333374
n1260	1147	1	0	83	257.9208333333373
n1278	1156	1	0	58	259.95520833333745
n1276	1155	1	0	62	259.9218750000041
n1271	1152	1	0	78	259.4989583333374
n1270	1151	1	0	80	259.1135416666707
n1272	1157	1	0	80	259.9114583333374
n1289	1161	1	0	51	261.14791666667077
n1282	1160	1	0	63	261.14791666667077
n1274	1159	1	0	77	260.72500000000406
n1273	1158	1	0	78	260.31666666667076
n1279	1163	1	0	78	261.1312500000041
n1291	1169	1	0	44	262.3302083333375
n1290	1165	1	0	47	261.90729166667074
n1283	1162	1	0	70	261.5312500000041
n1284	1164	1	0	75	261.93854166667074
n1280	1166	1	0	77	262.3208333333375
n1292	1170	1	0	46	263.1333333333374
n1303	1173	1	0	47	263.5239583333375
n1287	1168	1	0	71	262.91145833333746
n1286	1167	1	0	73	262.74895833333744
n1288	1172	1	0	73	263.12395833333744
n1293	1176	1	0	75	263.51250000000414
n1281	1171	1	0	76	263.10833333333744
n1304	1177	1	0	51	264.31250000000415
n1305	1179	1	0	53	264.71354166667084
n1297	1175	1	0	66	263.91041666667076
n1298	1174	1	0	71	264.31250000000415
n1294	1180	1	0	74	264.7020833333375
n1306	1184	1	0	55	265.49270833333753
n1317	1186	1	0	56	265.86979166667084
n1301	1181	1	0	68	265.2729166666708
n1300	1178	1	0	70	265.1250000000042
n1302	1182	1	0	70	265.46979166667086
n1307	1185	1	0	71	265.8718750000042
n1314	deletion
n1295	1183	1	0	73	265.46979166667086
n1318	1187	1	0	59	266.67083333333755
n1319	1192	1	0	61	267.09791666667104
n1315	1188	1	0	70	267.072916666671
n1308	1189	1	0	75	266.2687500000042
n1309	1190	1	0	80	266.67812500000423
n1320	1195	1	0	63	267.8885416666711
n1331	1197	1	0	64	268.32083333333776
n1328	1198	1	0	68	268.3093750000044
n1316	1194	1	0	69	267.88229166667105
n1312	1193	1	0	76	267.65520833333767
n1311	1191	1	0	78	267.49166666667105
n1313	1196	1	0	78	267.8729166666711
n1333	1205	1	0	58	269.53750000000434
n1332	1200	1	0	61	269.11875000000435
n1329	1201	1	0	67	269.551041666671
n1322	1199	1	0	71	268.69479166667105
n1323	1202	1	0	76	269.1145833333377
n1334	1207	1	0	60	270.382291666671
n1346	1210	1	0	61	270.8270833333375
n1340	1211	1	0	64	270.8177083333375
n1330	1206	1	0	66	270.36354166667104
n1326	1204	1	0	73	270.14687500000434
n1335	1209	1	0	73	270.8041666666709
n1325	1203	1	0	75	269.96250000000435
n1327	1208	1	0	75	270.357291666671
n1348	1215	1	0	58	271.62187500000414
n1349	1218	1	0	59	272.0343750000043
n1347	1212	1	0	60	271.2104166666708
n1341	1214	1	0	66	271.2104166666708
n1343	1220	1	0	66	272.0239583333376
n1342	1216	1	0	68	271.6187500000041
n1336	1213	1	0	75	271.21666666667085
n1338	1219	1	0	75	272.0197916666709
n1337	1217	1	0	76	271.61458333333746
n1351	1224	1	0	56	272.840625000004
n1362	1227	1	0	57	273.2458333333375
n1350	1221	1	0	58	272.4135416666708
n1345	1223	1	0	59	272.8239583333374
n1356	1226	1	0	64	273.25312500000416
n1344	1222	1	0	71	272.4135416666708
n1352	1228	1	0	73	273.2437500000041
n1339	1225	1	0	74	272.840625000004
n1363	1230	1	0	51	274.06666666667087
n1364	1235	1	0	52	274.48541666667074
n1358	1232	1	0	66	274.06145833333755
n1357	1229	1	0	68	273.6552083333376
n1359	1234	1	0	68	274.4614583333374
n1354	1236	1	0	71	274.46250000000407
n1353	1231	1	0	72	274.0572916666709
n1365	1239	1	0	40	275.2739583333375
n1375	1243	1	0	47	275.67708333333735
n1361	1238	1	0	64	275.2739583333375
n1360	1233	1	0	66	274.8729166666708
n1369	1241	1	0	66	275.668750000004
n1355	1237	1	0	73	275.2583333333375
n1366	1240	1	0	74	275.6552083333374
n1376	1246	1	0	48	276.47291666667076
n1377	1248	1	0	49	276.87812500000405
n1370	1242	1	0	68	276.0656250000041
n1372	1247	1	0	68	276.8583333333374
n1371	1245	1	0	69	276.4593750000041
n1367	1244	1	0	75	276.44479166667077
n1368	1256	1	0	76	276.8510416666707
n1378	1251	1	0	56	277.6729166666708
n1387	1255	1	0	57	278.0791666666708
n1374	1250	1	0	64	277.6593750000041
n1381	1252	1	0	66	278.0697916666708
n1373	1249	1	0	73	277.26458333333744
n1389	1260	1	0	54	279.23645833333745
n1388	1257	1	0	61	278.86354166667076
n1383	1254	1	0	68	278.84479166667074
n1382	1253	1	0	69	278.4718750000041
n1384	1258	1	0	69	279.24583333333743
n1380	1263	1	0	75	279.2343750000041
n1399	1265	1	0	52	280.4708333333375
n1390	1262	1	0	59	280.0427083333375
n1386	1261	1	0	66	280.02916666667085
n1385	1259	1	0	68	279.60937500000415
n1395	1264	1	0	68	280.4552083333375
n1391	1267	1	0	76	280.4437500000042
n1400	1266	1	0	59	280.85729166667096
n1401	1269	1	0	64	281.272916666671
n1397	1271	1	0	67	281.6645833333377
n1392	1268	1	0	68	281.257291666671
n1396	deletion
n1393	1273	1	0	70	281.64479166667104
n1404	1272	1	0	61	282.26250000000437
n1403	1270	1	0	63	282.0708333333377
n1405	1276	1	0	63	282.47187500000433
n1410	1277	1	0	65	282.8520833333377
n1398	1275	1	0	66	282.4395833333377
n1394	1274	1	0	72	282.4395833333377
n1406	1278	1	0	73	282.83229166667104
n1414	1279	1	0	56	283.24375000000435
n1415	1282	1	0	61	283.6468750000044
n1412	1286	1	0	63	284.06875000000434
n1411	1281	1	0	64	283.63229166667105
n1408	1285	1	0	66	284.05312500000434
n1407	1280	1	0	69	283.6250000000044
n1418	1284	1	0	58	284.63958333333767
n1417	1283	1	0	60	284.44687500000435
n1419	1287	1	0	60	284.86562500000434
n1431	1288	1	0	61	285.2583333333377
n1424	deletion
n1420	1292	1	0	64	285.2489583333377
n1409	1291	1	0	68	284.841666666671
n1432	1290	1	0	49	285.6687500000043
n1434	1296	1	0	60	286.4843750000043
n1425	1289	1	0	61	285.672916666671
n1433	1293	1	0	61	286.10208333333765
n1426	1294	1	0	69	286.08645833333765
n1448	1299	1	0	58	287.701041666671
n1435	1298	1	0	59	287.28437500000445
n1429	1297	1	0	66	287.0708333333377
n1428	1295	1	0	68	286.89791666667105
n1430	1300	1	0	68	287.27916666667113
n1450	1305	1	0	56	288.9145833333376
n1449	1302	1	0	57	288.50833333333765
n1442	1301	1	0	61	288.08958333333766
n1443	1303	1	0	66	288.50833333333765
n1460	1310	1	0	54	290.13750000000437
n1451	1308	1	0	61	289.710416666671
n1446	1306	1	0	63	289.49479166667095
n1445	1304	1	0	65	289.3208333333376
n1447	1307	1	0	65	289.7031250000043
n1456	1315	1	0	66	290.1427083333377
n1440	1309	1	0	71	289.70104166667096
n1463	1316	1	0	49	291.363541666671
n1462	1313	1	0	51	290.960416666671
n1461	1311	1	0	52	290.557291666671
n1453	1312	1	0	70	290.5468750000043
n1454	1314	1	0	72	290.94375000000434
n1455	1320	1	0	73	291.35208333333765
n1474	1322	1	0	44	292.56458333333774
n1465	1321	1	0	46	292.1572916666711
n1464	1317	1	0	47	291.7531250000044
n1458	1318	1	0	65	291.7718750000044
n1459	1319	1	0	67	292.1572916666711
n1470	1326	1	0	68	292.5750000000044
n1475	1323	1	0	56	292.95937500000434
n1476	1325	1	0	58	293.35833333333767
n1477	1328	1	0	59	293.78854166667105
n1467	1324	1	0	72	292.9552083333377
n1468	1327	1	0	74	293.36041666667103
n1469	1333	1	0	75	293.78854166667105
n1487	1334	1	0	58	294.97604166667116
n1479	1331	1	0	59	294.5812500000044
n1478	1329	1	0	61	294.17395833333774
n1472	1330	1	0	67	294.1812500000044
n1473	1332	1	0	69	294.5760416666711
n1484	1339	1	0	70	294.9947916666711
n1488	1335	1	0	46	295.40000000000447
n1489	1337	1	0	48	295.79687500000443
n1490	1340	1	0	50	296.18020833333776
n1481	1336	1	0	74	295.4052083333378
n1482	1338	1	0	75	295.78437500000445
n1483	1344	1	0	77	296.17395833333774
n1491	1341	1	0	48	296.59895833333775
n1492	1342	1	0	50	296.9906250000044
n1507	1345	1	0	51	297.39375000000445
n1501	1355	1	0	66	297.38125000000446
n1486	1343	1	0	68	296.9833333333377
n1510	1350	1	0	53	298.58333333333763
n1509	1349	1	0	54	298.1875000000044
n1508	1347	1	0	56	297.7875000000044
n1495	1348	1	0	74	297.96979166667103
n1494	1346	1	0	75	297.80416666667105
n1496	1351	1	0	75	298.1927083333377
n1523	1358	1	0	55	299.8000000000044
n1512	1356	1	0	56	299.40104166667106
n1511	1354	1	0	58	298.9864583333377
n1519	1360	1	0	63	299.7927083333377
n1506	1364	1	0	70	299.39583333333775
n1499	1353	1	0	71	299.1677083333377
n1498	1352	1	0	73	299.00416666667104
n1500	1357	1	0	73	299.3843750000044
n1524	1361	1	0	51	300.2093750000044
n1525	1363	1	0	55	300.61145833333774
n1526	1372	1	0	56	301.02187500000446
n1516	1365	1	0	71	301.02916666667113
n1515	1362	1	0	73	300.6208333333377
n1514	1359	1	0	75	300.2125000000044
n1533	1370	1	0	58	302.2708333333378
n1522	1368	1	0	59	301.8552083333378
n1521	1366	1	0	61	301.4302083333378
n1527	1371	1	0	73	302.2781250000045
n1518	1369	1	0	75	301.84479166667114
n1517	1367	1	0	76	301.4343750000045
n1539	1382	1	0	55	303.529166666671
n1534	1375	1	0	59	302.6729166666711
n1535	1374	1	0	61	303.07500000000437
n1536	1379	1	0	63	303.50520833333763
n1530	1376	1	0	70	303.50520833333763
n1528	1373	1	0	75	302.67708333333775
n1529	1377	1	0	76	303.0802083333377
n1537	1381	1	0	51	304.33437500000446
n1541	1385	1	0	56	304.7375000000045
n1547	deletion
n1540	1383	1	0	71	304.7531250000045
n1532	1380	1	0	73	304.33437500000446
n1531	1378	1	0	75	303.91354166667105
n1549	1388	1	0	43	306.0197916666711
n1548	1386	1	0	44	305.5968750000045
n1542	1384	1	0	58	305.1468750000045
n1544	1389	1	0	58	306.0104166666711
n1543	1387	1	0	59	305.5895833333378
n1560	1395	1	0	41	307.24166666667105
n1550	1390	1	0	42	306.8375000000044
n1546	1392	1	0	51	306.8343750000044
n1554	1393	1	0	56	307.2375000000044
n1545	1391	1	0	63	306.4104166666711
n1562	1401	1	0	39	308.4406250000045
n1561	1398	1	0	40	308.0593750000044
n1556	1396	1	0	58	308.0531250000044
n1555	1394	1	0	59	307.63333333333776
n1557	1400	1	0	59	308.47604166667116
n1551	1397	1	0	61	308.0531250000044
n1552	1399	1	0	66	308.47604166667116
n1563	1404	1	0	41	309.2947916666712
n1576	1408	1	0	42	309.7145833333378
n1559	1405	1	0	56	309.2666666666712
n1558	1402	1	0	58	308.8843750000045
n1570	1406	1	0	58	309.71041666667116
n1553	1403	1	0	68	309.2614583333379
n1577	1412	1	0	43	310.51875000000456
n1578	1422	1	0	44	310.9635416666713
n1571	1409	1	0	59	310.1208333333379
n1573	1414	1	0	59	310.9510416666713
n1572	1411	1	0	61	310.5229166666712
n1567	1413	1	0	63	310.93645833333795
n1566	1410	1	0	64	310.5093750000046
n1565	1407	1	0	66	310.1000000000045
n1575	1418	1	0	56	311.76250000000476
n1581	1419	1	0	58	312.1781250000046
n1574	1417	1	0	64	311.3656250000047
n1579	1423	1	0	65	312.17395833333796
n1568	1415	1	0	68	311.3531250000047
n1569	1416	1	0	71	311.76250000000476
n1588	1439	1	0	43	313.4114583333378
n1583	1421	1	0	59	312.9770833333379
n1582	1420	1	0	61	312.5718750000046
n1584	1424	1	0	61	313.39270833333785
n1580	1425	1	0	70	313.4010416666712
n1590	1428	1	0	49	314.1916666666712
n1589	1426	1	0	51	313.7968750000045
n1599	1430	1	0	51	314.6104166666712
n1586	1429	1	0	58	314.17708333333786
n1585	1427	1	0	59	313.81145833333784
n1595	1432	1	0	59	314.60000000000457
n1601	1433	1	0	47	315.4125000000045
n1600	1431	1	0	49	314.9791666666712
n1602	1434	1	0	49	315.81145833333784
n1596	1435	1	0	58	315.8093750000045
n1592	1436	1	0	68	315.4177083333378
n1604	1441	1	0	46	316.61666666667116
n1603	1437	1	0	47	316.2270833333378
n1616	1444	1	0	47	317.03854166667116
n1598	1442	1	0	61	316.6093750000045
n1597	1438	1	0	63	316.20729166667115
n1610	1443	1	0	63	317.01770833333785
n1594	1440	1	0	67	316.60729166667113
n1605	1449	1	0	68	317.01770833333785
n1618	1445	1	0	44	317.81666666667115
n1617	1447	1	0	46	317.43750000000455
n1619	1456	1	0	51	318.23645833333774
n1612	1448	1	0	59	317.8125000000045
n1611	1446	1	0	61	317.4177083333379
n1613	1450	1	0	61	318.2312500000044
n1632	deletion
n1615	1453	1	0	58	319.0406250000044
n1614	1451	1	0	59	318.6312500000044
n1626	1455	1	0	59	319.43958333333774
n1609	1454	1	0	73	319.02708333333777
n1608	1452	1	0	75	318.63541666667106
n1620	1458	1	0	75	319.43958333333774
n1633	1460	1	0	44	320.2687500000044
n1634	1468	1	0	52	320.7041666666712
n1628	1461	1	0	56	320.25520833333775
n1627	1457	1	0	58	319.83854166667106
n1629	1463	1	0	58	320.67395833333785
n1622	1462	1	0	71	320.25208333333774
n1621	1459	1	0	73	319.83854166667106
n1623	1464	1	0	73	320.67395833333785
n1631	1467	1	0	55	321.50208333333785
n1630	1465	1	0	56	321.0875000000045
n1639	1472	1	0	56	321.9364583333379
n1625	1469	1	0	70	321.49687500000454
n1624	1466	1	0	71	321.08333333333786
n1635	1473	1	0	71	321.9135416666712
n1645	1471	1	0	50	322.723958333338
n1644	1470	1	0	51	322.3229166666713
n1646	1483	1	0	51	323.139583333338
n1642	1476	1	0	59	323.9718750000047
n1641	1474	1	0	61	323.57916666667137
n1651	1478	1	0	61	324.3937500000047
n1638	1477	1	0	68	323.964583333338
n1637	1475	1	0	70	323.5718750000047
n1647	1481	1	0	70	324.3791666666713
n1653	1480	1	0	58	325.198958333338
n1652	1479	1	0	59	324.7885416666713
n1654	1485	1	0	59	325.611458333338
n1650	1484	1	0	67	326.44479166667134
n1649	1482	1	0	68	326.0322916666713
n1656	1489	1	0	68	326.85208333333793
n1664	1487	1	0	47	327.64791666667134
n1663	1486	1	0	49	327.273958333338
n1665	1488	1	0	49	328.0822916666713
n1661	1490	1	0	58	328.0562500000047
n1667	1493	1	0	46	328.87291666667124
n1666	1491	1	0	47	328.47916666667123
n1678	1496	1	0	47	329.3156250000045
n1674	1495	1	0	51	329.3062500000045
n1658	1492	1	0	65	328.4812500000046
n1659	1494	1	0	67	328.8770833333379
n1668	1497	1	0	68	329.2906250000045
n1683	1513	1	0	39	330.51041666667135
n1682	1503	1	0	44	330.28645833333803
n1681	1502	1	0	46	330.1135416666714
n1680	1500	1	0	47	329.8979166666712
n1679	1498	1	0	49	329.68541666667113
n1676	1505	1	0	67	330.51562500000466
n1675	1501	1	0	68	330.095833333338
n1669	1499	1	0	70	329.7020833333378
n1671	1506	1	0	70	330.51041666667135
n1670	1504	1	0	71	330.0875000000047
n1673	1508	1	0	63	331.327083333338
n1690	1510	1	0	65	331.77500000000464
n1677	1509	1	0	66	331.35729166667136
n1684	1512	1	0	68	331.74375000000464
n1672	1507	1	0	75	330.91562500000475
n1695	1515	1	0	37	332.5541666666712
n1696	1517	1	0	44	332.97083333333785
n1692	deletion
n1691	deletion
n1686	1514	1	0	70	332.5541666666712
n1685	1511	1	0	71	332.14895833333793
n1687	1516	1	0	71	332.94062500000456
n1697	1521	1	0	37	333.7593750000045
n1707	1523	1	0	42	334.17708333333786
n1693	1519	1	0	65	333.7593750000045
n1704	1525	1	0	66	334.16145833333786
n1689	1520	1	0	68	333.7302083333378
n1688	1518	1	0	70	333.3333333333378
n1698	1522	1	0	70	334.14583333333786
n1708	1528	1	0	39	334.9593750000045
n1709	1532	1	0	44	335.3666666666712
n1705	1526	1	0	67	334.9458333333379
n1706	1529	1	0	68	335.34895833333786
n1699	1524	1	0	71	334.5479166666712
n1701	1530	1	0	71	335.3447916666712
n1700	1527	1	0	73	334.9593750000045
n1710	1533	1	0	47	336.15416666667124
n1719	1536	1	0	52	336.5864583333379
n1703	1538	1	0	68	336.1635416666712
n1711	1534	1	0	70	336.57291666667123
n1702	1531	1	0	76	335.75833333333793
n1721	1541	1	0	46	337.79479166667124
n1720	1539	1	0	49	337.3864583333379
n1718	1543	1	0	67	337.7781250000046
n1713	1537	1	0	71	337.37500000000455
n1712	1535	1	0	73	336.9666666666712
n1714	1540	1	0	73	337.75625000000457
n1730	1547	1	0	44	339.0312500000045
n1722	1545	1	0	51	338.5979166666712
n1729	1559	1	0	68	339.0166666666712
n1716	1544	1	0	70	338.5708333333379
n1715	1542	1	0	71	338.1708333333379
n1723	1546	1	0	71	339.02083333333786
n1732	1550	1	0	40	340.2385416666712
n1731	1549	1	0	47	339.8375000000045
n1724	1548	1	0	73	339.43020833333793
n1725	1551	1	0	75	339.8416666666712
n1743	1560	1	0	50	341.49166666667105
n1734	1555	1	0	51	341.0666666666711
n1733	1552	1	0	52	340.6729166666711
n1735	1556	1	0	70	341.49166666667105
n1728	1554	1	0	71	341.0666666666711
n1727	1553	1	0	73	340.65625000000443
n1737	1558	1	0	70	342.2947916666712
n1738	1565	1	0	70	342.73645833333796
n1736	1557	1	0	77	341.89062500000443
n1745	1562	1	0	46	343.15104166667135
n1746	1563	1	0	48	343.56250000000466
n1752	1568	1	0	49	343.9875000000047
n1742	1564	1	0	65	343.5656250000047
n1741	1561	1	0	67	343.136458333338
n1751	1571	1	0	67	343.9875000000047
n1749	1567	1	0	75	344.8520833333381
n1750	1573	1	0	75	345.3000000000048
n1748	1566	1	0	76	344.4322916666713
n1755	1570	1	0	46	346.1385416666715
n1754	1569	1	0	47	345.72812500000475
n1766	1572	1	0	47	346.6197916666715
n1763	1580	1	0	68	346.5843750000048
n1768	1576	1	0	44	347.5395833333381
n1767	1575	1	0	46	347.0562500000048
n1769	1582	1	0	51	348.19062500000473
n1758	1577	1	0	71	347.5447916666714
n1757	1574	1	0	73	347.0510416666715
n1760	1579	1	0	73	348.49583333333806
n1759	1578	1	0	75	348.19062500000473
n1770	1585	1	0	39	349.7281250000047
n1773	1587	1	0	44	351.3375000000048
n1765	1584	1	0	67	349.7229166666714
n1771	1586	1	0	68	351.3447916666715
n1772	deletion
n1762	1583	1	0	70	349.7229166666714
n1761	1581	1	0	71	348.86458333333803
insertion	267	1	0	47	72.50624999999991
insertion	266	1	0	49	72.41562499999992
insertion	269	1	0	49	72.60416666666657
insertion	270	1	0	47	72.69791666666656
insertion	272	1	0	47	72.88645833333322
insertion	276	1	0	47	73.08020833333323
insertion	278	1	0	47	73.28645833333323
insertion	280	1	0	47	73.49687499999989
insertion	282	1	0	47	73.69999999999989
insertion	271	1	0	49	72.7968749999999
insertion	273	1	0	49	72.99270833333323
insertion	277	1	0	49	73.19583333333323
insertion	279	1	0	49	73.39166666666657
insertion	281	1	0	49	73.61979166666656
insertion	292	1	0	46	74.45416666666652
insertion	283	1	0	49	73.8343749999999
insertion	286	1	0	47	73.9156249999999
insertion	287	1	0	49	74.03333333333323
insertion	288	1	0	47	74.13645833333324
insertion	289	1	0	49	74.24583333333322
insertion	291	1	0	47	74.31874999999988
insertion	293	1	0	47	74.53854166666652
insertion	530	1	0	68	127.56874999999758
insertion	621	1	0	40	146.76041666666524
insertion	620	1	0	42	146.66249999999857
insertion	624	1	0	40	146.94166666666524
insertion	626	1	0	40	147.1447916666652
insertion	629	1	0	40	147.3385416666652
insertion	631	1	0	40	147.5437499999985
insertion	634	1	0	40	147.75208333333185
insertion	622	1	0	42	146.8458333333319
insertion	625	1	0	42	147.0583333333319
insertion	628	1	0	42	147.24999999999855
insertion	630	1	0	42	147.4604166666652
insertion	632	1	0	42	147.64895833333185
insertion	635	1	0	42	147.86458333333184
insertion	645	1	0	39	148.6999999999985
insertion	636	1	0	40	147.9593749999985
insertion	638	1	0	42	148.0781249999985
insertion	639	1	0	40	148.17708333333186
insertion	640	1	0	42	148.29062499999856
insertion	641	1	0	40	148.3854166666652
insertion	643	1	0	42	148.49166666666517
insertion	644	1	0	40	148.58020833333185
insertion	646	1	0	40	148.81874999999854
insertion	683	1	0	74	158.17187499999855
insertion	682	1	0	75	158.07395833333186
insertion	686	1	0	74	158.35624999999857
insertion	688	1	0	74	158.50624999999857
insertion	691	1	0	74	158.65937499999862
insertion	694	1	0	74	158.85937499999864
insertion	684	1	0	75	158.2697916666652
insertion	687	1	0	75	158.4177083333319
insertion	689	1	0	75	158.58645833333193
insertion	692	1	0	72	158.77395833333196
insertion	720	1	0	68	164.45104166666542
insertion	748	1	0	67	170.326041666666
insertion	747	1	0	68	170.23437499999932
insertion	750	1	0	68	170.41249999999934
insertion	751	1	0	67	170.49687499999936
insertion	753	1	0	67	170.70624999999936
insertion	756	1	0	67	170.88854166666604
insertion	759	1	0	67	171.09895833333272
insertion	752	1	0	68	170.61041666666603
insertion	755	1	0	68	170.7958333333327
insertion	758	1	0	65	171.0156249999994
