xml_id	midi_id	track	channel	pitch	onset
n13	10	1	0	38	1.5062499999999999
n12	0	1	0	50	0.9770833333333333
n7	9	1	0	64	1.808333333333333
n6	8	1	0	65	1.7031249999999996
n5	7	1	0	67	1.6010416666666663
n4	6	1	0	69	1.5052083333333333
n3	5	1	0	70	1.3697916666666665
n2	3	1	0	72	1.255208333333333
n1	2	1	0	74	0.9708333333333333
n8	11	1	0	62	1.920833333333333
n11	14	1	0	62	2.2531249999999994
n10	13	1	0	64	2.1427083333333328
n9	12	1	0	65	2.023958333333333
n28	17	1	0	38	2.5802083333333323
n17	18	1	0	62	2.596874999999999
n16	16	1	0	67	2.471874999999999
n18	19	1	0	67	2.7072916666666655
n15	15	1	0	70	2.359374999999999
n29	20	1	0	43	2.8041666666666654
n30	23	1	0	46	3.031249999999999
n21	24	1	0	62	3.0489583333333328
n20	22	1	0	67	2.940624999999999
n22	25	1	0	67	3.1614583333333326
n19	21	1	0	70	2.8239583333333322
n31	26	1	0	50	3.257291666666666
n25	30	1	0	62	3.5114583333333322
n24	29	1	0	67	3.374999999999999
n26	32	1	0	67	3.6166666666666654
n23	27	1	0	70	3.281249999999999
n45	35	1	0	38	3.9239583333333323
n34	36	1	0	62	3.9458333333333324
n33	34	1	0	67	3.8302083333333323
n35	37	1	0	67	4.041666666666666
n32	33	1	0	69	3.723958333333332
n46	38	1	0	41	4.147916666666666
n47	41	1	0	45	4.359375
n38	42	1	0	62	4.369791666666666
n37	40	1	0	65	4.263541666666667
n39	43	1	0	65	4.479166666666666
n36	39	1	0	69	4.1499999999999995
n48	44	1	0	50	4.620833333333333
n42	48	1	0	62	4.828124999999999
n41	47	1	0	65	4.695833333333333
n43	49	1	0	65	4.924999999999999
n40	45	1	0	69	4.606249999999999
n62	53	1	0	58	5.262499999999998
n51	54	1	0	62	5.247916666666665
n50	52	1	0	64	5.155208333333332
n52	55	1	0	64	5.363541666666665
n49	51	1	0	67	5.039583333333332
n63	56	1	0	52	5.461458333333331
n64	59	1	0	55	5.695833333333332
n55	60	1	0	61	5.706249999999999
n54	58	1	0	64	5.5927083333333325
n56	61	1	0	64	5.805208333333332
n53	57	1	0	67	5.472916666666665
n65	62	1	0	49	5.907291666666666
n66	65	1	0	57	6.133333333333332
n59	66	1	0	61	6.142708333333332
n58	64	1	0	64	6.027083333333333
n60	67	1	0	64	6.256249999999999
n57	63	1	0	67	5.917708333333333
n72	71	1	0	50	6.353124999999999
n70	70	1	0	58	6.718749999999997
n69	69	1	0	60	6.612499999999998
n68	68	1	0	62	6.481249999999998
n67	75	1	0	65	6.366666666666665
n76	76	1	0	52	7.152083333333333
n75	74	1	0	53	7.042708333333333
n74	73	1	0	55	6.923958333333331
n71	72	1	0	57	6.823958333333331
n77	77	1	0	50	7.268749999999999
n80	80	1	0	50	7.604166666666665
n79	79	1	0	52	7.483333333333332
n78	78	1	0	53	7.371874999999998
n88	84	1	0	50	7.929166666666665
n87	82	1	0	55	7.813541666666665
n89	85	1	0	55	8.040624999999999
n86	81	1	0	58	7.704166666666665
n82	83	1	0	62	7.917708333333332
n92	90	1	0	50	8.38125
n91	88	1	0	55	8.254166666666666
n93	91	1	0	55	8.515625
n90	87	1	0	58	8.1375
n83	86	1	0	67	8.157291666666666
n84	89	1	0	70	8.382291666666667
n96	96	1	0	50	8.840625000000001
n95	95	1	0	55	8.726041666666667
n97	97	1	0	55	8.954166666666667
n94	93	1	0	58	8.622916666666667
n85	92	1	0	74	8.629166666666666
n105	102	1	0	50	9.277083333333334
n104	100	1	0	55	9.166666666666668
n106	103	1	0	55	9.398958333333333
n103	99	1	0	57	9.059375000000001
n99	101	1	0	62	9.263541666666667
n109	108	1	0	50	9.751041666666666
n108	106	1	0	53	9.63125
n110	109	1	0	53	9.866666666666665
n107	105	1	0	57	9.518749999999999
n100	104	1	0	65	9.5125
n101	107	1	0	69	9.736458333333333
n113	114	1	0	50	10.202083333333333
n112	113	1	0	53	10.079166666666666
n114	115	1	0	53	10.320833333333331
n111	111	1	0	57	9.968749999999998
n102	110	1	0	74	9.973958333333332
n123	119	1	0	50	10.654166666666663
n122	117	1	0	52	10.538541666666664
n124	120	1	0	52	10.771874999999996
n121	116	1	0	55	10.413541666666664
n116	118	1	0	67	10.662499999999996
n127	125	1	0	49	11.12083333333333
n126	123	1	0	52	11.010416666666664
n128	126	1	0	52	11.247916666666663
n125	122	1	0	55	10.88645833333333
n117	121	1	0	73	10.88958333333333
n118	124	1	0	76	11.141666666666664
n131	131	1	0	49	11.621875
n130	129	1	0	52	11.504166666666665
n132	132	1	0	52	11.7375
n129	128	1	0	55	11.367708333333331
n120	130	1	0	69	11.622916666666667
n119	127	1	0	73	11.369791666666664
n143	134	1	0	50	11.998958333333334
n144	136	1	0	52	12.121875000000001
n142	133	1	0	53	11.875000000000002
n145	138	1	0	53	12.230208333333334
n135	139	1	0	70	12.216666666666667
n134	137	1	0	72	12.116666666666667
n133	135	1	0	74	11.861458333333335
n146	141	1	0	55	12.335416666666667
n147	143	1	0	57	12.454166666666667
n148	145	1	0	59	12.569791666666667
n149	147	1	0	61	12.684375000000001
n139	146	1	0	64	12.669791666666669
n138	144	1	0	65	12.552083333333334
n137	142	1	0	67	12.4375
n136	140	1	0	69	12.335416666666667
n153	152	1	0	57	13.131250000000001
n152	151	1	0	59	13.007291666666667
n151	150	1	0	60	12.894791666666666
n150	149	1	0	62	12.777083333333334
n140	148	1	0	65	12.776041666666666
n141	153	1	0	69	13.012500000000001
n169	160	1	0	57	13.59375
n166	154	1	0	59	13.247916666666669
n168	157	1	0	59	13.497916666666667
n167	156	1	0	60	13.353125
n155	155	1	0	67	13.355208333333334
n156	158	1	0	69	13.46875
n157	159	1	0	71	13.582291666666666
n173	167	1	0	50	13.993750000000004
n172	165	1	0	52	13.887500000000003
n171	163	1	0	53	13.788541666666669
n170	162	1	0	55	13.701041666666669
n158	161	1	0	72	13.695833333333335
n159	164	1	0	74	13.790625000000002
n160	166	1	0	76	13.897916666666669
n161	168	1	0	77	13.994791666666671
n174	169	1	0	52	14.086458333333338
n175	172	1	0	55	14.322916666666675
n165	174	1	0	74	14.413541666666676
n164	173	1	0	76	14.319791666666674
n163	171	1	0	77	14.215625000000008
n162	170	1	0	79	14.09270833333334
n186	177	1	0	48	14.567708333333341
n187	178	1	0	50	14.816666666666677
n188	180	1	0	52	14.910416666666677
n179	181	1	0	69	14.922916666666676
n178	179	1	0	70	14.804166666666678
n177	176	1	0	72	14.69375000000001
n176	175	1	0	76	14.557291666666675
n189	182	1	0	53	15.008333333333344
n190	185	1	0	55	15.115625000000009
n191	186	1	0	57	15.217708333333343
n192	189	1	0	58	15.311458333333345
n183	188	1	0	62	15.310416666666677
n182	187	1	0	64	15.208333333333343
n181	184	1	0	65	15.112500000000008
n180	183	1	0	67	15.020833333333343
n196	194	1	0	55	15.800000000000013
n195	193	1	0	57	15.662500000000014
n194	192	1	0	58	15.555208333333347
n193	191	1	0	60	15.41354166666668
n184	190	1	0	64	15.420833333333347
n185	195	1	0	67	15.670833333333347
n212	201	1	0	55	16.240625000000016
n209	196	1	0	57	15.920833333333348
n211	199	1	0	57	16.14791666666668
n210	197	1	0	58	16.02291666666668
n198	198	1	0	65	16.018750000000015
n199	200	1	0	67	16.134375000000016
n200	202	1	0	69	16.237500000000015
n216	209	1	0	48	16.664583333333344
n215	207	1	0	50	16.557291666666682
n214	205	1	0	51	16.447916666666682
n213	204	1	0	53	16.34270833333335
n201	203	1	0	70	16.338541666666682
n202	206	1	0	72	16.456250000000015
n203	208	1	0	74	16.570833333333347
n204	210	1	0	75	16.66562500000001
n217	211	1	0	50	16.770833333333336
n218	214	1	0	53	16.991666666666667
n208	216	1	0	72	17.12291666666667
n207	215	1	0	74	17.007291666666667
n206	213	1	0	75	16.897916666666667
n205	212	1	0	77	16.777083333333334
n231	217	1	0	46	17.214583333333337
n232	221	1	0	58	17.453125000000014
n233	223	1	0	60	17.58333333333335
n222	222	1	0	72	17.593750000000018
n219	218	1	0	74	17.235416666666673
n221	220	1	0	74	17.47395833333335
n220	219	1	0	77	17.348958333333343
n234	224	1	0	62	17.689583333333353
n235	227	1	0	65	17.925000000000022
n226	229	1	0	69	18.05104166666669
n223	225	1	0	70	17.71041666666669
n225	228	1	0	70	17.945833333333354
n224	226	1	0	74	17.823958333333355
n236	230	1	0	58	18.150000000000027
n237	233	1	0	62	18.385416666666693
n230	235	1	0	65	18.507291666666692
n227	231	1	0	67	18.153125000000028
n229	234	1	0	67	18.387500000000028
n228	232	1	0	70	18.271875000000026
n248	241	1	0	53	18.95729166666669
n245	237	1	0	55	18.62083333333336
n247	240	1	0	55	18.865625000000026
n246	238	1	0	58	18.733333333333356
n238	236	1	0	64	18.62083333333336
n239	239	1	0	76	18.84583333333336
n240	242	1	0	77	18.953125000000025
n252	248	1	0	50	19.423958333333363
n249	244	1	0	52	19.06354166666669
n251	247	1	0	52	19.31562500000003
n250	245	1	0	55	19.19270833333336
n241	243	1	0	79	19.055208333333358
n242	246	1	0	82	19.301041666666695
n256	254	1	0	47	19.890625000000025
n253	250	1	0	49	19.563541666666694
n255	253	1	0	49	19.80104166666669
n254	251	1	0	52	19.682291666666693
n243	249	1	0	76	19.56250000000003
n244	252	1	0	79	19.796875000000025
n269	255	1	0	45	20.012500000000024
n270	259	1	0	57	20.252083333333356
n271	260	1	0	59	20.373958333333356
n260	261	1	0	71	20.37291666666669
n257	256	1	0	73	20.039583333333358
n259	258	1	0	73	20.259375000000023
n258	257	1	0	79	20.155208333333356
n272	262	1	0	61	20.487500000000022
n273	265	1	0	64	20.73541666666669
n264	267	1	0	67	20.85729166666669
n261	263	1	0	69	20.50104166666669
n263	266	1	0	69	20.74583333333336
n262	264	1	0	76	20.633333333333358
n275	271	1	0	55	21.192708333333357
n274	268	1	0	57	20.96666666666669
n268	273	1	0	64	21.31041666666669
n265	269	1	0	65	20.975000000000023
n267	272	1	0	65	21.192708333333357
n266	270	1	0	73	21.102083333333358
n286	279	1	0	52	21.73020833333335
n283	275	1	0	53	21.398958333333358
n285	277	1	0	53	21.638541666666686
n276	274	1	0	62	21.403125000000024
n284	276	1	0	62	21.52604166666669
n277	278	1	0	74	21.627083333333353
n278	280	1	0	76	21.734375000000018
n290	286	1	0	48	22.18645833333335
n287	282	1	0	50	21.85000000000002
n289	285	1	0	50	22.09270833333335
n288	283	1	0	57	21.96458333333335
n279	281	1	0	77	21.832291666666684
n280	284	1	0	81	22.076041666666683
n294	292	1	0	45	22.660416666666684
n291	288	1	0	46	22.310416666666683
n293	291	1	0	46	22.563541666666683
n292	289	1	0	53	22.42916666666668
n282	290	1	0	72	22.575000000000017
n281	287	1	0	74	22.315625000000015
n307	294	1	0	43	22.786458333333353
n308	297	1	0	55	23.028125000000017
n309	298	1	0	57	23.134375000000016
n298	299	1	0	69	23.144791666666684
n295	293	1	0	70	22.80000000000002
n297	296	1	0	70	23.03437500000002
n296	295	1	0	79	22.916666666666682
n310	300	1	0	58	23.248958333333352
n311	303	1	0	62	23.50937500000002
n302	305	1	0	65	23.623958333333356
n299	301	1	0	67	23.264583333333352
n301	304	1	0	67	23.51250000000002
n300	302	1	0	70	23.37187500000002
n312	306	1	0	55	23.733333333333356
n313	309	1	0	58	23.978125000000023
n306	311	1	0	62	24.102083333333354
n303	307	1	0	63	23.740625000000023
n305	310	1	0	63	23.973958333333357
n304	308	1	0	70	23.85104166666669
n326	312	1	0	57	24.21562500000002
n317	317	1	0	59	24.591666666666686
n314	313	1	0	61	24.21875000000002
n316	316	1	0	61	24.457291666666688
n327	315	1	0	64	24.46562500000002
n315	314	1	0	69	24.34062500000002
n328	318	1	0	57	24.705208333333353
n318	319	1	0	61	24.711458333333354
n320	322	1	0	61	24.94791666666669
n329	321	1	0	64	24.950000000000024
n319	320	1	0	69	24.84062500000002
n321	323	1	0	69	25.070833333333358
n330	324	1	0	57	25.175000000000022
n322	325	1	0	61	25.17916666666669
n324	328	1	0	61	25.433333333333355
n331	327	1	0	64	25.430208333333354
n323	326	1	0	69	25.317708333333353
n325	329	1	0	69	25.56041666666669
n344	330	1	0	55	25.67916666666669
n335	335	1	0	59	26.034375000000026
n332	331	1	0	61	25.681250000000023
n334	334	1	0	61	25.908333333333356
n345	333	1	0	64	25.912500000000023
n333	332	1	0	69	25.79479166666669
n346	336	1	0	55	26.14166666666669
n336	337	1	0	61	26.14166666666669
n338	340	1	0	61	26.395833333333357
n347	339	1	0	64	26.396875000000023
n337	338	1	0	69	26.275000000000023
n339	341	1	0	69	26.53854166666669
n348	342	1	0	55	26.642708333333356
n340	343	1	0	61	26.648958333333358
n342	346	1	0	61	26.887500000000028
n349	345	1	0	64	26.884375000000027
n341	344	1	0	69	26.76145833333336
n343	347	1	0	69	27.003125000000026
n362	348	1	0	53	27.104166666666693
n353	353	1	0	61	27.479166666666696
n350	349	1	0	62	27.118750000000027
n352	352	1	0	62	27.37187500000003
n363	351	1	0	65	27.345833333333363
n351	350	1	0	69	27.248958333333363
n364	354	1	0	53	27.60000000000003
n354	355	1	0	62	27.601041666666696
n356	358	1	0	62	27.85625000000003
n365	357	1	0	65	27.85000000000003
n355	356	1	0	69	27.741666666666696
n357	359	1	0	69	27.9729166666667
n366	360	1	0	53	28.092708333333366
n358	361	1	0	62	28.093750000000032
n360	364	1	0	62	28.33645833333337
n367	363	1	0	65	28.328125000000036
n359	362	1	0	69	28.218750000000036
n361	365	1	0	69	28.446875000000038
n380	366	1	0	61	28.565625000000036
n371	371	1	0	62	28.928125000000033
n368	367	1	0	64	28.57395833333337
n370	370	1	0	64	28.827083333333366
n381	369	1	0	67	28.800000000000033
n369	368	1	0	69	28.693750000000033
n382	372	1	0	61	29.0135416666667
n372	373	1	0	64	29.0385416666667
n374	376	1	0	64	29.27395833333336
n383	375	1	0	67	29.25312500000003
n373	374	1	0	69	29.155208333333363
n375	377	1	0	69	29.385416666666696
n384	378	1	0	61	29.516666666666698
n376	379	1	0	64	29.52187500000003
n378	382	1	0	64	29.747916666666697
n385	381	1	0	67	29.755208333333364
n377	380	1	0	69	29.63437500000003
n379	383	1	0	69	29.869791666666696
n400	385	1	0	62	29.994791666666696
n386	384	1	0	65	29.98125000000003
n401	389	1	0	65	30.26770833333337
n387	386	1	0	69	30.044791666666697
n391	391	1	0	69	30.416666666666703
n388	387	1	0	71	30.127083333333367
n389	388	1	0	73	30.18333333333337
n390	390	1	0	74	30.284375000000036
n402	392	1	0	62	30.505208333333368
n392	393	1	0	65	30.533333333333367
n403	395	1	0	65	30.746875000000035
n393	394	1	0	69	30.639583333333366
n395	397	1	0	69	30.88333333333337
n394	396	1	0	74	30.7479166666667
n404	398	1	0	62	30.9916666666667
n396	399	1	0	65	30.984375000000032
n405	401	1	0	65	31.233333333333366
n397	400	1	0	69	31.102083333333365
n399	403	1	0	69	31.328125000000032
n398	402	1	0	74	31.2135416666667
n418	404	1	0	60	31.442708333333368
n409	409	1	0	64	31.800000000000033
n406	405	1	0	66	31.4322916666667
n408	408	1	0	66	31.6822916666667
n419	407	1	0	69	31.695833333333365
n407	406	1	0	74	31.570833333333365
n420	410	1	0	60	31.918750000000035
n410	411	1	0	66	31.915625000000034
n412	414	1	0	66	32.163541666666696
n421	413	1	0	69	32.172916666666694
n411	412	1	0	74	32.0416666666667
n413	415	1	0	74	32.29479166666669
n422	416	1	0	60	32.398958333333354
n414	417	1	0	66	32.39166666666669
n416	420	1	0	66	32.64583333333335
n423	419	1	0	69	32.65833333333335
n415	418	1	0	74	32.537500000000016
n417	421	1	0	74	32.75000000000002
n438	422	1	0	59	32.86666666666669
n424	423	1	0	67	32.86562500000002
n439	426	1	0	67	33.097916666666684
n425	424	1	0	69	32.92291666666669
n426	425	1	0	71	33.00104166666669
n429	429	1	0	71	33.229166666666686
n427	427	1	0	72	33.06458333333335
n428	428	1	0	74	33.12708333333335
n440	430	1	0	59	33.32187500000001
n430	431	1	0	67	33.33541666666668
n441	433	1	0	67	33.58333333333334
n431	432	1	0	71	33.464583333333344
n433	435	1	0	71	33.70312500000001
n432	434	1	0	74	33.58854166666668
n442	436	1	0	59	33.81250000000001
n434	437	1	0	67	33.821875000000006
n443	439	1	0	67	34.06041666666667
n435	438	1	0	71	33.94166666666667
n437	441	1	0	71	34.18229166666667
n436	440	1	0	74	34.059375
n456	442	1	0	64	34.28333333333334
n447	447	1	0	66	34.65937500000001
n444	443	1	0	68	34.288541666666674
n446	446	1	0	68	34.54895833333334
n457	445	1	0	71	34.550000000000004
n445	444	1	0	74	34.40729166666667
n458	448	1	0	64	34.76145833333335
n448	449	1	0	68	34.77812500000002
n450	452	1	0	68	35.011458333333344
n459	451	1	0	71	35.00937500000001
n449	450	1	0	74	34.89166666666668
n451	453	1	0	74	35.12604166666668
n460	454	1	0	64	35.23854166666668
n452	455	1	0	68	35.245833333333344
n454	458	1	0	68	35.47083333333335
n461	457	1	0	71	35.46458333333335
n453	456	1	0	74	35.35104166666668
n455	459	1	0	74	35.59166666666668
n468	464	1	0	57	35.720833333333346
n466	462	1	0	65	36.10937500000003
n465	461	1	0	67	35.99062500000002
n464	460	1	0	69	35.87812500000002
n462	467	1	0	72	35.732291666666676
n472	468	1	0	59	36.614583333333364
n471	466	1	0	60	36.480208333333366
n470	465	1	0	62	36.3635416666667
n467	463	1	0	64	36.23437500000003
n473	469	1	0	57	36.73333333333336
n476	472	1	0	57	37.07395833333336
n475	471	1	0	59	36.97708333333336
n474	470	1	0	60	36.844791666666694
n484	476	1	0	57	37.41770833333336
n483	474	1	0	62	37.300000000000026
n485	477	1	0	62	37.558333333333366
n482	473	1	0	65	37.184375000000024
n478	475	1	0	69	37.422916666666694
n488	482	1	0	57	37.91875000000003
n487	480	1	0	62	37.802083333333364
n489	483	1	0	62	38.0385416666667
n486	479	1	0	65	37.67083333333337
n479	478	1	0	74	37.67395833333337
n480	481	1	0	77	37.913541666666696
n492	488	1	0	57	38.390625000000036
n491	487	1	0	62	38.2885416666667
n493	489	1	0	62	38.53333333333337
n490	485	1	0	65	38.16250000000004
n481	484	1	0	81	38.169791666666704
n501	494	1	0	57	38.852083333333375
n500	492	1	0	62	38.74375000000004
n502	495	1	0	62	38.98229166666671
n499	491	1	0	64	38.622916666666704
n495	493	1	0	69	38.86250000000004
n505	500	1	0	57	39.33125000000004
n504	498	1	0	60	39.21041666666671
n506	501	1	0	60	39.44375000000004
n503	497	1	0	64	39.09166666666671
n496	496	1	0	72	39.09687500000005
n497	499	1	0	76	39.32916666666671
n509	506	1	0	57	39.80104166666671
n508	505	1	0	60	39.68958333333338
n510	507	1	0	60	39.92604166666671
n507	503	1	0	64	39.57916666666671
n498	502	1	0	81	39.58750000000004
n519	512	1	0	57	40.24479166666671
n518	510	1	0	59	40.13541666666671
n520	513	1	0	59	40.372916666666704
n517	509	1	0	62	40.02291666666671
n512	511	1	0	74	40.25312500000004
n523	518	1	0	56	40.74270833333337
n522	516	1	0	59	40.63125000000004
n524	519	1	0	59	40.86145833333337
n521	515	1	0	62	40.50312500000004
n513	514	1	0	80	40.50625000000004
n514	517	1	0	83	40.743750000000034
n527	524	1	0	56	41.210416666666696
n526	522	1	0	59	41.1072916666667
n528	525	1	0	59	41.3322916666667
n525	521	1	0	62	40.97500000000003
n516	523	1	0	76	41.223958333333364
n515	520	1	0	80	40.985416666666694
n541	528	1	0	45	41.73750000000003
n540	526	1	0	60	41.4572916666667
n531	530	1	0	77	41.862500000000026
n530	529	1	0	79	41.74895833333336
n529	527	1	0	81	41.446875000000034
n542	531	1	0	48	41.98854166666669
n543	534	1	0	52	42.210416666666696
n535	536	1	0	71	42.33854166666669
n534	535	1	0	72	42.219791666666694
n533	533	1	0	74	42.096875000000026
n532	532	1	0	76	41.987500000000026
n544	537	1	0	57	42.43958333333336
n545	540	1	0	60	42.68020833333336
n536	538	1	0	69	42.45104166666669
n539	542	1	0	69	42.82187500000003
n538	541	1	0	71	42.694791666666696
n537	539	1	0	72	42.575000000000024
n558	543	1	0	62	42.91250000000003
n559	546	1	0	65	43.15312500000004
n548	547	1	0	69	43.16875000000004
n547	545	1	0	74	43.03750000000004
n549	548	1	0	74	43.28125000000004
n546	544	1	0	77	42.9260416666667
n560	549	1	0	57	43.401041666666714
n561	552	1	0	62	43.635416666666714
n552	553	1	0	69	43.64270833333338
n551	551	1	0	74	43.51979166666671
n553	554	1	0	74	43.76145833333338
n550	550	1	0	77	43.39479166666671
n562	555	1	0	50	43.87708333333338
n563	558	1	0	59	44.12500000000005
n556	559	1	0	69	44.13645833333338
n555	557	1	0	74	44.005208333333385
n557	560	1	0	74	44.244791666666714
n554	556	1	0	77	43.885416666666714
n576	561	1	0	60	44.36354166666671
n577	564	1	0	64	44.619791666666714
n566	565	1	0	69	44.619791666666714
n565	563	1	0	74	44.47083333333338
n567	566	1	0	74	44.73229166666671
n564	562	1	0	76	44.36875000000005
n578	567	1	0	57	44.85416666666671
n579	570	1	0	60	45.08958333333337
n570	571	1	0	69	45.09687500000004
n569	569	1	0	72	44.965625000000045
n571	572	1	0	72	45.21250000000004
n568	568	1	0	76	44.85833333333338
n580	deletion
n581	575	1	0	57	45.57812500000004
n574	576	1	0	69	45.57916666666671
n573	574	1	0	72	45.45000000000004
n575	577	1	0	72	45.69375000000004
n572	573	1	0	76	45.32500000000004
n594	578	1	0	59	45.794791666666704
n595	581	1	0	62	46.03020833333336
n584	582	1	0	69	46.050000000000026
n583	580	1	0	71	45.9416666666667
n585	583	1	0	71	46.159375000000026
n582	579	1	0	74	45.80937500000003
n596	584	1	0	56	46.25520833333336
n597	587	1	0	59	46.498958333333356
n588	588	1	0	68	46.514583333333356
n587	586	1	0	71	46.37916666666669
n589	589	1	0	71	46.635416666666686
n586	585	1	0	74	46.26770833333336
n599	593	1	0	52	46.98333333333336
n598	590	1	0	64	46.73958333333335
n592	594	1	0	68	46.98750000000003
n591	592	1	0	71	46.87916666666669
n593	595	1	0	71	47.1010416666667
n590	591	1	0	74	46.758333333333354
n601	599	1	0	57	47.238541666666706
n604	598	1	0	65	47.5885416666667
n603	597	1	0	67	47.4604166666667
n602	596	1	0	69	47.35000000000004
n600	609	1	0	72	47.222916666666706
n608	603	1	0	59	48.03333333333337
n607	602	1	0	60	47.9416666666667
n606	601	1	0	62	47.821875000000034
n605	600	1	0	64	47.7166666666667
n611	606	1	0	52	48.35208333333336
n612	607	1	0	55	48.473958333333364
n609	604	1	0	57	48.14895833333336
n610	605	1	0	60	48.253125000000026
n625	608	1	0	54	48.59062500000003
n626	611	1	0	69	48.816666666666706
n616	613	1	0	72	48.9385416666667
n615	612	1	0	74	48.82500000000004
n614	610	1	0	75	48.716666666666704
n628	617	1	0	69	49.31875000000003
n627	614	1	0	72	49.056250000000034
n620	619	1	0	72	49.42187500000003
n619	618	1	0	74	49.31145833333336
n618	616	1	0	75	49.19062500000003
n617	615	1	0	78	49.0666666666667
n630	623	1	0	62	49.77916666666671
n629	620	1	0	66	49.5479166666667
n624	625	1	0	72	49.89895833333338
n623	624	1	0	74	49.78125000000004
n622	622	1	0	75	49.65312500000004
n621	621	1	0	81	49.54375000000003
n644	629	1	0	55	50.236458333333374
n643	627	1	0	67	50.010416666666714
n631	626	1	0	70	50.00937500000005
n634	631	1	0	75	50.345833333333374
n633	630	1	0	77	50.24375000000004
n632	628	1	0	79	50.12500000000004
n645	632	1	0	58	50.47187500000004
n646	635	1	0	62	50.705208333333374
n638	637	1	0	69	50.84375000000004
n637	636	1	0	70	50.71458333333337
n636	634	1	0	72	50.60833333333337
n635	633	1	0	74	50.46562500000004
n648	641	1	0	65	51.196875000000034
n647	638	1	0	67	50.94895833333338
n642	643	1	0	67	51.28333333333337
n641	642	1	0	69	51.17812500000004
n640	640	1	0	70	51.06354166666671
n639	639	1	0	72	50.95729166666671
n658	649	1	0	58	51.770833333333364
n657	648	1	0	60	51.6510416666667
n656	646	1	0	61	51.52812500000003
n655	645	1	0	64	51.402083333333366
n649	644	1	0	72	51.402083333333366
n650	647	1	0	76	51.65312500000003
n662	655	1	0	58	52.26041666666669
n661	654	1	0	60	52.145833333333364
n660	652	1	0	61	52.0166666666667
n659	651	1	0	65	51.8916666666667
n651	650	1	0	71	51.8854166666667
n652	653	1	0	77	52.1291666666667
n666	660	1	0	58	52.722916666666684
n665	659	1	0	60	52.61875000000002
n664	658	1	0	61	52.49791666666669
n663	657	1	0	67	52.36354166666669
n653	656	1	0	70	52.36458333333336
n654	662	1	0	79	52.60729166666669
n679	661	1	0	57	52.86250000000002
n682	667	1	0	62	53.18854166666669
n681	666	1	0	64	53.090625000000024
n680	664	1	0	65	52.97395833333336
n670	668	1	0	70	53.186458333333356
n669	665	1	0	72	53.07604166666669
n668	663	1	0	74	52.97604166666669
n686	675	1	0	55	53.647916666666674
n685	673	1	0	57	53.52604166666668
n684	671	1	0	58	53.412500000000016
n683	670	1	0	60	53.29895833333335
n671	669	1	0	69	53.295833333333356
n674	676	1	0	76	53.64583333333334
n673	674	1	0	77	53.53750000000001
n672	672	1	0	79	53.40312500000002
n690	683	1	0	53	54.080208333333346
n689	681	1	0	55	53.97395833333334
n688	679	1	0	57	53.86250000000001
n687	677	1	0	58	53.745833333333344
n675	678	1	0	74	53.75833333333334
n678	684	1	0	74	54.095833333333346
n677	682	1	0	76	53.97916666666668
n676	680	1	0	82	53.86562500000001
n703	685	1	0	52	54.18437500000002
n706	692	1	0	64	54.55625
n705	689	1	0	65	54.420833333333334
n704	687	1	0	67	54.31770833333334
n694	691	1	0	67	54.55416666666667
n693	690	1	0	69	54.425000000000004
n692	688	1	0	70	54.319791666666674
n691	686	1	0	73	54.20208333333335
n707	693	1	0	62	54.66770833333334
n710	700	1	0	64	55.017708333333324
n709	697	1	0	65	54.89791666666666
n708	695	1	0	67	54.80520833333333
n698	699	1	0	67	55.013541666666654
n697	698	1	0	69	54.90416666666666
n696	696	1	0	70	54.7875
n695	694	1	0	74	54.6625
n711	701	1	0	61	55.12291666666666
n714	707	1	0	64	55.45416666666665
n713	705	1	0	65	55.35104166666665
n712	703	1	0	67	55.256249999999994
n702	708	1	0	67	55.50312499999998
n701	706	1	0	69	55.386458333333316
n700	704	1	0	70	55.26562499999999
n699	702	1	0	76	55.14479166666666
n724	713	1	0	60	55.98541666666663
n723	712	1	0	62	55.86249999999997
n721	deletion
n722	710	1	0	63	55.735416666666644
n715	711	1	0	65	55.60833333333331
n716	714	1	0	66	55.86874999999997
n728	719	1	0	57	56.45416666666663
n725	715	1	0	58	56.095833333333296
n727	718	1	0	58	56.3552083333333
n726	716	1	0	60	56.23124999999997
n717	717	1	0	67	56.10312499999996
n718	720	1	0	69	56.35312499999997
n732	725	1	0	53	56.96979166666664
n729	721	1	0	55	56.607291666666626
n731	724	1	0	55	56.865624999999966
n730	722	1	0	57	56.745833333333294
n719	723	1	0	70	56.60937499999996
n720	726	1	0	71	56.861458333333296
n739	727	1	0	52	57.104166666666636
n742	732	1	0	55	57.50520833333331
n741	730	1	0	57	57.35624999999997
n740	728	1	0	58	57.22187499999997
n733	729	1	0	72	57.11249999999997
n734	733	1	0	73	57.3427083333333
n746	738	1	0	52	57.94895833333331
n743	734	1	0	53	57.621874999999974
n745	737	1	0	53	57.84479166666664
n744	735	1	0	55	57.73229166666664
n735	736	1	0	74	57.61249999999997
n736	739	1	0	76	57.842708333333306
n750	744	1	0	48	58.44479166666664
n747	740	1	0	50	58.08333333333331
n749	743	1	0	50	58.32187499999997
n748	741	1	0	51	58.1989583333333
n737	742	1	0	77	58.09479166666664
n738	745	1	0	78	58.32916666666664
n764	749	1	0	43	58.82291666666664
n763	746	1	0	46	58.561458333333306
n752	748	1	0	74	58.70937499999997
n751	747	1	0	79	58.572916666666636
n754	751	1	0	81	58.95104166666663
n753	750	1	0	82	58.82604166666664
n765	752	1	0	46	59.04999999999997
n766	755	1	0	50	59.28854166666663
n758	757	1	0	74	59.40104166666663
n757	756	1	0	76	59.29374999999997
n756	754	1	0	77	59.18437499999997
n755	753	1	0	79	59.0614583333333
n767	758	1	0	55	59.515624999999964
n759	760	1	0	73	59.54062499999996
n762	764	1	0	73	59.892708333333296
n760	761	1	0	74	59.656249999999964
n761	762	1	0	76	59.787499999999966
n776	769	1	0	43	60.35937499999996
n775	768	1	0	45	60.24895833333329
n774	766	1	0	55	60.142708333333296
n769	767	1	0	64	60.25208333333329
n768	765	1	0	69	60.00729166666663
n777	771	1	0	45	60.50416666666663
n779	774	1	0	45	60.73541666666663
n778	772	1	0	55	60.607291666666626
n780	775	1	0	55	60.84895833333329
n770	770	1	0	69	60.49687499999996
n771	773	1	0	73	60.74479166666663
n781	777	1	0	45	60.984374999999964
n783	780	1	0	45	61.21666666666663
n782	779	1	0	55	61.0927083333333
n784	781	1	0	55	61.31354166666664
n772	776	1	0	76	60.96354166666663
n797	789	1	0	43	61.77395833333329
n794	783	1	0	45	61.42499999999997
n796	786	1	0	45	61.66249999999996
n795	784	1	0	53	61.55208333333329
n787	787	1	0	65	61.67499999999996
n786	785	1	0	69	61.55520833333329
n788	788	1	0	69	61.79999999999996
n798	790	1	0	45	61.896874999999966
n800	795	1	0	45	62.13020833333329
n799	792	1	0	53	62.01874999999996
n801	797	1	0	53	62.2520833333333
n791	794	1	0	65	62.13020833333329
n790	793	1	0	69	62.02083333333329
n792	796	1	0	69	62.25312499999997
n789	791	1	0	74	61.9052083333333
n802	799	1	0	45	62.3739583333333
n804	802	1	0	45	62.62187499999996
n803	801	1	0	53	62.47395833333329
n805	803	1	0	53	62.74479166666662
n793	798	1	0	74	62.3395833333333
n818	811	1	0	43	63.20312499999994
n815	805	1	0	45	62.833333333333286
n817	808	1	0	45	63.09687499999995
n816	807	1	0	52	62.96666666666662
n808	809	1	0	64	63.07083333333328
n807	806	1	0	67	62.95104166666662
n809	810	1	0	67	63.199999999999946
n819	812	1	0	45	63.32187499999995
n821	817	1	0	45	63.55208333333328
n820	814	1	0	52	63.44062499999995
n822	819	1	0	52	63.66041666666662
n812	816	1	0	64	63.56770833333328
n811	815	1	0	67	63.43645833333328
n813	818	1	0	67	63.67187499999995
n810	813	1	0	72	63.31562499999995
n823	821	1	0	45	63.79270833333328
n825	824	1	0	45	64.02187499999995
n824	823	1	0	52	63.90312499999995
n826	825	1	0	52	64.14791666666662
n814	820	1	0	72	63.78645833333328
n839	826	1	0	45	64.28437499999995
n840	828	1	0	50	64.39479166666663
n842	832	1	0	50	64.62812499999995
n841	830	1	0	53	64.5177083333333
n829	831	1	0	62	64.5239583333333
n828	829	1	0	65	64.38229166666663
n830	833	1	0	65	64.63229166666662
n843	834	1	0	45	64.74687499999996
n844	837	1	0	50	64.87916666666662
n845	838	1	0	53	64.97812499999995
n846	840	1	0	57	65.07708333333328
n833	839	1	0	62	64.97708333333328
n832	836	1	0	65	64.85833333333329
n834	841	1	0	65	65.09374999999994
n831	835	1	0	70	64.74791666666663
n847	842	1	0	43	65.18124999999995
n848	844	1	0	52	65.30416666666662
n849	847	1	0	55	65.41770833333328
n850	848	1	0	58	65.5447916666666
n837	846	1	0	64	65.41354166666662
n836	845	1	0	67	65.31041666666661
n838	849	1	0	67	65.53749999999994
n835	843	1	0	70	65.19270833333329
n862	853	1	0	49	65.88229166666662
n861	850	1	0	55	65.66145833333327
n851	851	1	0	61	65.65312499999993
n852	852	1	0	69	65.77916666666661
n854	855	1	0	69	66.02812499999996
n853	854	1	0	70	65.90937499999995
n864	862	1	0	43	66.38645833333328
n863	856	1	0	52	66.13541666666661
n855	857	1	0	61	66.15104166666661
n856	858	1	0	69	66.27708333333328
n858	860	1	0	69	66.53749999999995
n857	859	1	0	70	66.39895833333328
n868	865	1	0	43	67.01458333333328
n867	864	1	0	45	66.90520833333328
n866	863	1	0	46	66.76770833333329
n859	861	1	0	61	66.64895833333328
n860	867	1	0	64	66.89687499999995
n879	866	1	0	41	67.13333333333327
n881	870	1	0	52	67.37187499999995
n880	868	1	0	53	67.25104166666661
n882	872	1	0	53	67.46874999999994
n870	869	1	0	69	67.26874999999994
n872	873	1	0	69	67.51354166666661
n871	871	1	0	70	67.3822916666666
n883	874	1	0	41	67.61979166666661
n885	878	1	0	52	67.85624999999992
n884	877	1	0	53	67.74270833333327
n886	880	1	0	53	67.9624999999999
n873	875	1	0	62	67.62499999999994
n874	876	1	0	69	67.7416666666666
n876	881	1	0	69	67.94791666666657
n875	879	1	0	70	67.84895833333326
n887	883	1	0	41	68.08541666666657
n890	886	1	0	50	68.42604166666655
n889	885	1	0	52	68.3187499999999
n888	884	1	0	53	68.20104166666657
n877	882	1	0	62	68.08229166666658
n878	887	1	0	65	68.31041666666657
n902	890	1	0	40	68.81249999999987
n901	888	1	0	49	68.56145833333322
n892	889	1	0	67	68.69479166666655
n894	893	1	0	67	68.92499999999987
n893	892	1	0	69	68.80937499999987
n904	898	1	0	37	69.29166666666654
n903	894	1	0	43	69.04062499999986
n895	895	1	0	64	69.0489583333332
n896	896	1	0	67	69.16041666666655
n898	899	1	0	67	69.39583333333321
n897	897	1	0	69	69.28229166666655
n908	904	1	0	45	69.89166666666655
n907	902	1	0	47	69.76145833333321
n906	901	1	0	49	69.6395833333332
n899	900	1	0	57	69.53541666666655
n900	903	1	0	67	69.78854166666655
n922	907	1	0	38	70.2447916666665
n921	905	1	0	50	70.0114583333332
n912	909	1	0	55	70.35520833333317
n911	908	1	0	57	70.23541666666651
n910	906	1	0	58	70.12395833333319
n923	910	1	0	41	70.4854166666665
n924	913	1	0	45	70.73437499999983
n913	911	1	0	57	70.4854166666665
n916	915	1	0	61	70.84374999999983
n915	914	1	0	62	70.7166666666665
n914	912	1	0	64	70.61145833333316
n925	916	1	0	50	70.97291666666649
n917	918	1	0	62	70.96041666666649
n920	922	1	0	64	71.30416666666649
n919	921	1	0	65	71.19270833333316
n918	920	1	0	67	71.08124999999983
n939	926	1	0	55	71.55416666666649
n940	927	1	0	57	71.66249999999981
n927	925	1	0	58	71.53854166666649
n941	929	1	0	58	71.75833333333314
n928	928	1	0	60	71.65624999999982
n929	930	1	0	62	71.76458333333314
n926	924	1	0	65	71.41354166666649
n942	932	1	0	48	71.8624999999998
n943	933	1	0	54	71.9843749999998
n944	935	1	0	55	72.10312499999979
n931	934	1	0	57	71.99270833333314
n945	937	1	0	57	72.21354166666646
n932	936	1	0	58	72.09583333333313
n933	938	1	0	60	72.21666666666646
n930	931	1	0	63	71.86979166666646
n946	939	1	0	46	72.31458333333312
n947	941	1	0	55	72.44062499999978
n948	943	1	0	57	72.5489583333331
n935	942	1	0	58	72.44166666666645
n949	945	1	0	58	72.6677083333331
n936	944	1	0	60	72.57812499999977
n934	940	1	0	62	72.32916666666645
n937	946	1	0	62	72.6927083333331
n962	947	1	0	48	72.79374999999978
n963	949	1	0	54	72.8989583333331
n964	951	1	0	55	73.00104166666644
n951	950	1	0	57	72.90104166666643
n965	953	1	0	57	73.12916666666644
n952	952	1	0	58	73.01874999999977
n953	954	1	0	60	73.14062499999977
n950	948	1	0	63	72.79270833333311
n966	956	1	0	46	73.22708333333311
n967	957	1	0	55	73.34791666666644
n968	959	1	0	57	73.46666666666644
n955	958	1	0	58	73.3427083333331
n969	961	1	0	58	73.56562499999977
n956	960	1	0	60	73.46979166666644
n954	955	1	0	62	73.24583333333311
n957	962	1	0	62	73.5833333333331
n970	963	1	0	45	73.6927083333331
n971	966	1	0	50	73.80312499999977
n972	967	1	0	52	73.91666666666644
n959	965	1	0	54	73.80624999999976
n973	969	1	0	54	74.04270833333311
n960	968	1	0	55	73.92187499999977
n961	970	1	0	57	74.04062499999978
n958	964	1	0	60	73.69062499999977
n982	971	1	0	43	74.15624999999977
n983	972	1	0	50	74.31041666666644
n984	973	1	0	52	74.42499999999977
n985	975	1	0	54	74.5520833333331
n974	974	1	0	58	74.17499999999977
n986	978	1	0	55	74.6708333333331
n975	976	1	0	57	74.74999999999977
n976	977	1	0	58	74.8739583333331
n977	979	1	0	60	74.99583333333311
n979	981	1	0	58	75.2229166666664
n978	980	1	0	62	75.1177083333331
n981	983	1	0	62	75.44999999999972
n980	982	1	0	67	75.33645833333306
n990	987	1	0	63	75.94687499999968
n989	986	1	0	65	75.84374999999969
n988	985	1	0	67	75.71666666666636
n987	984	1	0	70	75.59270833333304
n999	991	1	0	57	76.40624999999966
n998	990	1	0	58	76.28124999999966
n997	989	1	0	60	76.17499999999967
n991	988	1	0	62	76.07291666666634
n1002	994	1	0	52	76.76562499999966
n1000	992	1	0	55	76.530208333333
n1003	995	1	0	55	76.87291666666633
n1001	993	1	0	58	76.65729166666632
n1016	999	1	0	49	76.98958333333299
n1007	998	1	0	67	77.33437499999965
n1006	997	1	0	69	77.22604166666632
n1005	996	1	0	70	77.10312499999965
n1018	1002	1	0	45	77.70312499999966
n1011	1004	1	0	71	77.81458333333299
n1010	1003	1	0	73	77.68749999999966
n1009	1001	1	0	74	77.57604166666633
n1008	1000	1	0	76	77.44479166666632
n1019	1005	1	0	47	77.93124999999966
n1020	1008	1	0	49	78.16041666666632
n1015	1010	1	0	64	78.26874999999966
n1014	1009	1	0	65	78.16562499999965
n1013	1007	1	0	67	78.04374999999966
n1012	1006	1	0	69	77.93124999999966
n1033	1011	1	0	50	78.39374999999966
n1034	1014	1	0	52	78.639583333333
n1022	1013	1	0	62	78.53541666666632
n1024	1016	1	0	62	78.76874999999966
n1021	1012	1	0	65	78.38333333333298
n1023	1015	1	0	67	78.636458333333
n1035	1017	1	0	53	78.86458333333299
n1036	1020	1	0	55	79.11562499999965
n1026	1019	1	0	62	78.99062499999965
n1028	1022	1	0	62	79.24791666666631
n1025	1018	1	0	69	78.86979166666632
n1027	1021	1	0	70	79.11562499999965
n1038	1025	1	0	45	79.7093749999996
n1037	1023	1	0	57	79.37499999999962
n1032	1027	1	0	61	79.82291666666626
n1030	1024	1	0	62	79.5812499999996
n1031	1026	1	0	64	79.6937499999996
n1051	1028	1	0	50	79.96041666666625
n1041	1032	1	0	54	80.18854166666624
n1052	1031	1	0	57	80.18124999999958
n1040	1030	1	0	60	80.08020833333292
n1042	1033	1	0	60	80.3083333333329
n1039	1029	1	0	62	79.95520833333292
n1053	1034	1	0	50	80.41041666666624
n1045	1038	1	0	54	80.66562499999957
n1054	1037	1	0	57	80.65937499999957
n1044	1036	1	0	60	80.53854166666623
n1046	1039	1	0	60	80.77499999999957
n1043	1035	1	0	62	80.4145833333329
n1055	1040	1	0	50	80.88854166666623
n1049	1044	1	0	54	81.1239583333329
n1056	1043	1	0	57	81.12291666666623
n1048	1042	1	0	60	80.99791666666623
n1050	1045	1	0	60	81.2333333333329
n1047	1041	1	0	62	80.88437499999957
n1069	1046	1	0	50	81.35416666666623
n1060	1051	1	0	54	81.72812499999957
n1070	1049	1	0	55	81.61354166666622
n1057	1047	1	0	58	81.34999999999957
n1059	1050	1	0	58	81.61562499999955
n1058	1048	1	0	62	81.46562499999956
n1071	1052	1	0	50	81.83124999999956
n1064	1057	1	0	54	82.1958333333329
n1072	1055	1	0	55	82.09062499999956
n1061	1053	1	0	58	81.84895833333289
n1063	1056	1	0	58	82.07604166666623
n1062	1054	1	0	62	81.95520833333289
n1073	1058	1	0	50	82.3208333333329
n1068	deletion
n1074	1062	1	0	55	82.5864583333329
n1065	1059	1	0	58	82.3239583333329
n1067	1061	1	0	58	82.55624999999957
n1066	1060	1	0	62	82.42291666666623
n1087	1064	1	0	50	82.81041666666623
n1075	1065	1	0	53	82.80937499999956
n1077	1068	1	0	53	83.05624999999951
n1088	1067	1	0	57	83.05416666666618
n1076	1066	1	0	62	82.93020833333287
n1078	1069	1	0	62	83.1781249999995
n1089	1070	1	0	50	83.29479166666616
n1079	1071	1	0	53	83.28958333333283
n1081	1074	1	0	53	83.56458333333282
n1090	1073	1	0	57	83.55937499999949
n1080	1072	1	0	62	83.41666666666616
n1082	1075	1	0	62	83.68124999999948
n1091	1076	1	0	50	83.79583333333281
n1083	1077	1	0	53	83.79479166666614
n1085	1080	1	0	53	84.04895833333279
n1092	1079	1	0	57	84.02812499999946
n1084	1078	1	0	62	83.91874999999946
n1086	1081	1	0	62	84.14062499999945
n1105	1082	1	0	50	84.25624999999944
n1096	1087	1	0	52	84.6458333333328
n1093	1083	1	0	55	84.27708333333278
n1095	1086	1	0	55	84.53333333333279
n1106	1085	1	0	58	84.50416666666612
n1094	1084	1	0	61	84.38124999999945
n1107	1088	1	0	50	84.74999999999947
n1100	1093	1	0	52	85.13541666666612
n1097	1089	1	0	55	84.7520833333328
n1099	1092	1	0	55	85.00937499999945
n1108	1091	1	0	58	84.99583333333278
n1098	1090	1	0	61	84.88124999999945
n1109	1094	1	0	50	85.27499999999945
n1104	1099	1	0	52	85.74583333333278
n1101	1095	1	0	55	85.25937499999945
n1103	1098	1	0	55	85.56249999999946
n1110	1097	1	0	58	85.56874999999945
n1102	1096	1	0	61	85.40729166666613
n1113	1100	1	0	50	86.05104166666611
n1111	1102	1	0	54	86.06770833333277
n1114	1101	1	0	57	86.02499999999944
n1112	1103	1	0	62	86.06041666666611
insertion	4	1	0	50	1.1249999999999998
insertion	1	1	0	49	1.040625
insertion	31	1	0	50	3.4010416666666656
insertion	28	1	0	49	3.318749999999999
insertion	50	1	0	50	4.752083333333333
insertion	46	1	0	49	4.667708333333333
insertion	98	1	0	74	8.751041666666667
insertion	94	1	0	73	8.683333333333334
insertion	112	1	0	73	10.028125
insertion	490	1	0	81	38.2760416666667
insertion	486	1	0	80	38.20208333333337
insertion	508	1	0	81	39.71250000000005
insertion	504	1	0	80	39.646875000000044
insertion	709	1	0	50	55.58749999999998
insertion	731	1	0	53	57.530208333333306
insertion	763	1	0	55	59.64583333333329
insertion	759	1	0	53	59.57291666666663
insertion	782	1	0	76	61.0989583333333
insertion	778	1	0	74	61.01249999999997
insertion	804	1	0	74	62.466666666666626
insertion	800	1	0	72	62.39583333333329
insertion	827	1	0	72	63.915624999999956
insertion	822	1	0	70	63.82812499999995
insertion	891	1	0	41	68.84791666666653
insertion	923	1	0	50	71.10208333333316
insertion	917	1	0	48	70.98958333333316
insertion	919	1	0	49	71.0166666666665
insertion	1063	1	0	52	82.69062499999957
