xml_id	midi_id	track	channel	pitch	onset
n21	1	0	0	44	2.02056421875
n24	9	0	0	51	2.5721128125
n33	deletion
n23	7	0	0	56	2.44524328125
n22	4	0	0	60	2.29032890625
n3	2	0	0	68	2.0058740625
n6	6	0	0	70	2.4265467187499996
n4	3	0	0	72	2.2729678125
n7	deletion
n5	5	0	0	80	2.259613125
n8	11	0	0	82	2.5560871874999997
n27	16	0	0	44	2.9099864062499994
n26	13	0	0	56	2.7657557812499993
n25	10	0	0	63	2.6829567187499994
n9	12	0	0	71	2.6789503124999996
n12	17	0	0	72	2.9166637499999992
n10	deletion
n11	15	0	0	83	2.7991424999999994
n30	24	0	0	51	3.269227499999999
n34	deletion
n29	21	0	0	56	3.143693437499999
n28	19	0	0	60	3.0235012499999994
n15	20	0	0	73	3.1263323437499992
n13	deletion
n16	deletion
n14	deletion
n17	22	0	0	85	3.254537343749999
n53	30	0	0	44	3.557688749999998
n32	26	0	0	56	3.4268128124999984
n31	23	0	0	63	3.3480201562499987
n18	25	0	0	74	3.338671874999999
n35	31	0	0	75	3.585733593749998
n19	deletion
n20	28	0	0	86	3.4548576562499984
n56	40	0	0	51	3.900904218749997
n65	deletion
n55	deletion
n54	32	0	0	61	3.699248437499998
n38	35	0	0	77	3.800744062499997
n36	deletion
n39	37	0	0	80	3.924942656249997
n37	33	0	0	87	3.7085967187499977
n40	36	0	0	89	3.911587968749997
n59	45	0	0	44	4.2280940624999985
n58	deletion
n57	38	0	0	63	4.0023998437499975
n44	46	0	0	72	4.254803437499999
n41	42	0	0	75	4.0251028124999975
n42	43	0	0	79	4.1386176562499974
n43	44	0	0	87	4.135946718749998
n62	53	0	0	51	4.561961249999999
n66	deletion
n61	50	0	0	56	4.461801093749999
n60	48	0	0	60	4.349621718749999
n47	49	0	0	70	4.469813906249999
n48	deletion
n45	deletion
n49	51	0	0	82	4.576651406249998
n46	47	0	0	84	4.340273437499999
n85	deletion
n64	55	0	0	56	4.7622815625
n63	52	0	0	63	4.67814703125
n67	58	0	0	70	4.9252087499999995
n50	54	0	0	72	4.68081796875
n51	57	0	0	75	4.797003749999999
n52	56	0	0	84	4.78632
n88	67	0	0	51	5.292462656249999
n97	deletion
n87	64	0	0	55	5.180283281249999
n86	62	0	0	61	5.046736406249999
n70	63	0	0	72	5.157580312499999
n68	60	0	0	73	5.066768437499999
n71	66	0	0	75	5.272430624999999
n69	61	0	0	82	5.0387235937499995
n72	65	0	0	84	5.263082343749999
n91	73	0	0	44	5.592943124999999
n90	72	0	0	55	5.512815
n89	68	0	0	63	5.397964687499999
n73	69	0	0	67	5.387280937499999
n76	74	0	0	68	5.6169815624999995
n74	71	0	0	70	5.49545390625
n75	70	0	0	79	5.50079578125
n94	83	0	0	51	5.94684234375
n98	deletion
n93	79	0	0	56	5.8306565625000015
n92	77	0	0	60	5.721148125
n79	78	0	0	67	5.8253146875000015
n80	81	0	0	70	5.9281457812500005
n77	75	0	0	72	5.71580625
n81	80	0	0	79	5.934823125
n78	76	0	0	80	5.71714171875
n117	88	0	0	46	6.276703125000003
n96	85	0	0	56	6.155175468750001
n95	82	0	0	63	6.049673437500001
n99	89	0	0	65	6.286051406250003
n82	84	0	0	68	6.047002500000001
n83	87	0	0	72	6.149833593750001
n84	86	0	0	80	6.1538400000000015
n120	98	0	0	56	6.634608750000005
n129	deletion
n119	93	0	0	58	6.490378125000003
n118	92	0	0	62	6.390217968750003
n102	94	0	0	67	6.510410156250003
n100	90	0	0	68	6.368850468750003
n103	96	0	0	70	6.646627968750005
n101	91	0	0	77	6.395559843750003
n104	95	0	0	79	6.6159121875000055
n123	104	0	0	39	6.947108437500005
n122	99	0	0	58	6.801542343750006
n121	97	0	0	62	6.757471875000006
n108	105	0	0	64	6.988507968750005
n105	100	0	0	65	6.740110781250006
n106	103	0	0	68	6.862973906250006
n107	101	0	0	77	6.869651250000006
n126	112	0	0	51	7.370452031250004
n130	deletion
n125	110	0	0	58	7.2462534375000045
n124	107	0	0	61	7.120719375000005
n111	109	0	0	63	7.243582500000005
n109	108	0	0	67	7.120719375000005
n114	114	0	0	67	7.465270312500006
n112	deletion
n113	111	0	0	75	7.337065312500004
n110	106	0	0	76	7.094010000000005
n149	118	0	0	44	7.767086250000007
n128	116	0	0	58	7.592139843750007
n127	113	0	0	61	7.4999925000000065
n131	119	0	0	68	7.781776406250008
n115	117	0	0	70	7.601488125000007
n116	115	0	0	79	7.5787851562500075
n152	126	0	0	51	8.151701250000007
n161	deletion
n151	123	0	0	56	8.022160781250006
n150	122	0	0	60	7.920665156250008
n134	124	0	0	70	8.016818906250007
n132	120	0	0	72	7.904639531250008
n135	125	0	0	73	8.161049531250008
n133	121	0	0	80	7.893955781250008
n136	127	0	0	82	8.145023906250007
n155	133	0	0	44	8.482897500000007
n154	130	0	0	56	8.346679687500007
n153	128	0	0	63	8.263880625000008
n137	129	0	0	71	8.249190468750008
n140	134	0	0	72	8.477555625000008
n138	131	0	0	74	8.349350625000007
n139	132	0	0	83	8.362705312500006
n158	144	0	0	51	8.812758281250002
n162	deletion
n157	140	0	0	56	8.688559687500005
n156	138	0	0	60	8.597747812500005
n143	139	0	0	73	8.692566093750004
n141	136	0	0	75	8.589735000000006
n144	141	0	0	76	8.786048906250004
n142	135	0	0	84	8.579051250000006
n145	142	0	0	85	8.807416406250002
n181	149	0	0	44	9.134606250000006
n160	147	0	0	56	9.002394843750007
n159	143	0	0	63	8.916924843750005
n146	145	0	0	74	8.916924843750005
n163	150	0	0	75	9.138612656250006
n147	148	0	0	77	9.014414062500007
n148	146	0	0	86	8.995717500000007
n184	159	0	0	51	9.488505468750006
n193	deletion
n183	deletion
n182	153	0	0	61	9.268153125000007
n166	154	0	0	77	9.364306875000008
n164	151	0	0	79	9.282843281250006
n167	deletion
n165	152	0	0	87	9.258804843750006
n168	156	0	0	89	9.468473437500007
n187	164	0	0	44	9.788985937500005
n186	deletion
n185	158	0	0	63	9.588665625000006
n172	165	0	0	72	9.813024375000005
n169	161	0	0	75	9.594007500000005
n170	163	0	0	79	9.711528750000005
n171	162	0	0	87	9.687490312500005
n190	deletion
n194	deletion
n189	170	0	0	56	10.026699375000007
n188	168	0	0	60	9.922532812500007
n175	169	0	0	70	10.038718593750007
n176	171	0	0	73	10.149562500000005
n173	167	0	0	75	9.937222968750007
n177	172	0	0	82	10.158910781250004
n174	166	0	0	84	9.903836250000007
n213	179	0	0	46	10.50079078125
n192	177	0	0	56	10.345876406250001
n191	175	0	0	63	10.269754687500003
n195	180	0	0	70	10.528835625
n178	174	0	0	72	10.256400000000003
n179	178	0	0	75	10.376592187500002
n180	176	0	0	84	10.357895625000001
n216	190	0	0	56	10.910779687499998
n225	deletion
n215	185	0	0	58	10.827980624999999
n214	183	0	0	62	10.663717968750001
n198	184	0	0	72	10.78391015625
n196	181	0	0	74	10.663717968750001
n199	deletion
n197	182	0	0	82	10.663717968750001
n200	deletion
n219	193	0	0	51	11.229956718749998
n218	192	0	0	58	11.133802968749999
n217	191	0	0	62	11.022959062499998
n201	deletion
n204	deletion
n202	194	0	0	77	11.308749374999998
n207	deletion
n203	deletion
n222	206	0	0	60	11.626590937499998
n226	deletion
n221	200	0	0	63	11.507734218749997
n220	198	0	0	67	11.384871093749998
n205	195	0	0	79	11.439625312499999
n208	deletion
n206	deletion
n209	197	0	0	89	11.439625312499999
n245	212	0	0	58	12.04459265625
n257	deletion
n224	209	0	0	63	11.927071406249999
n223	205	0	0	69	11.810885625
n210	204	0	0	78	11.789518124999999
n227	210	0	0	79	12.0379153125
n211	202	0	0	81	11.710725468749999
n212	208	0	0	90	11.940426093749998
n248	220	0	0	58	12.427872187499998
n258	deletion
n247	215	0	0	63	12.30634453125
n246	213	0	0	70	12.18348140625
n230	214	0	0	80	12.28230609375
n228	deletion
n231	216	0	0	84	12.431878593749998
n229	211	0	0	91	12.09266953125
n232	217	0	0	92	12.401162812499999
n251	224	0	0	51	12.823170937499999
n250	222	0	0	62	12.67226296875
n249	219	0	0	68	12.5560771875
n233	218	0	0	74	12.55340625
n234	221	0	0	77	12.6709275
n236	225	0	0	77	12.8178290625
n235	223	0	0	86	12.68027578125
n254	236	0	0	61	13.243843593749999
n259	deletion
n253	229	0	0	63	13.08892921875
n252	227	0	0	67	12.978085312500001
n239	230	0	0	76	13.122315937499998
n240	233	0	0	79	13.243843593749999
n237	228	0	0	80	12.9834271875
n241	231	0	0	88	13.223811562499998
n238	226	0	0	89	12.96873703125
n284	241	0	0	44	13.756663593749998
n256	237	0	0	63	13.485563437499998
n255	234	0	0	67	13.385403281249998
n242	235	0	0	75	13.382732343749998
n260	240	0	0	75	13.762005468749997
n266	deletion
n243	239	0	0	79	13.510937343749998
n244	238	0	0	87	13.493576249999997
n287	249	0	0	51	14.298863906250006
n286	245	0	0	56	14.159975156250002
n285	244	0	0	60	13.97835140625
n261	246	0	0	70	14.159975156250002
n269	deletion
n267	243	0	0	72	13.9823578125
n270	247	0	0	73	14.342934375000008
n268	242	0	0	80	13.96366125
n271	248	0	0	82	14.329579687500006
n290	255	0	0	44	14.684814375000004
n289	252	0	0	56	14.533906406250004
n288	250	0	0	63	14.425733437500007
n262	251	0	0	71	14.443094531250006
n272	deletion
n263	256	0	0	72	14.700840000000005
n275	deletion
n273	253	0	0	74	14.568628593750004
n274	254	0	0	83	14.580647812500004
n293	265	0	0	51	15.053403750000006
n292	261	0	0	56	14.963927343750006
n291	259	0	0	60	14.831715937500006
n264	260	0	0	73	14.938553437500007
n278	deletion
n276	257	0	0	75	14.819696718750006
n279	262	0	0	76	15.058745625000006
n277	258	0	0	84	14.827709531250006
n280	263	0	0	85	15.062752031250005
n320	269	0	0	44	15.412644843750009
n295	267	0	0	56	15.267078750000008
n294	264	0	0	63	15.194963437500007
n265	266	0	0	74	15.186950625000007
n281	deletion
n296	270	0	0	75	15.417986718750008
n302	280	0	0	75	15.885400781250006
n314	deletion
n282	268	0	0	77	15.293788125000008
n283	deletion
n323	278	0	0	51	15.77322140625001
n322	274	0	0	55	15.667719375000011
n321	272	0	0	61	15.55286906250001
n299	273	0	0	77	15.659706562500011
n315	deletion
n297	deletion
n300	275	0	0	80	15.76787953125001
n298	271	0	0	87	15.54886265625001
n301	276	0	0	89	15.775892343750009
n326	283	0	0	44	16.06969546875
n325	279	0	0	55	15.917452031250004
n324	277	0	0	63	15.864033281250006
n305	284	0	0	72	16.09640484375
n317	deletion
n316	deletion
n303	282	0	0	79	16.008263906250004
n304	281	0	0	87	15.982890000000003
n329	293	0	0	51	16.435613906249998
n328	288	0	0	56	16.332782812499996
n327	287	0	0	60	16.228616249999998
n308	289	0	0	70	16.343466562499994
n332	299	0	0	70	16.800196874999994
n350	deletion
n318	deletion
n309	290	0	0	73	16.4503040625
n306	286	0	0	75	16.2206034375
n310	291	0	0	82	16.45163953125
n307	285	0	0	84	16.201906875000002
n356	298	0	0	44	16.776158437499994
n331	294	0	0	56	16.63326328125
n330	292	0	0	63	16.56114796875
n311	295	0	0	72	16.571831718749998
n319	deletion
n312	297	0	0	75	16.667985468749997
n313	296	0	0	84	16.6532953125
n359	307	0	0	51	17.132728593750002
n358	303	0	0	55	17.01921375
n357	302	0	0	61	16.909705312499998
n335	304	0	0	72	17.033903906249996
n351	deletion
n333	300	0	0	73	16.913711718749997
n336	306	0	0	75	17.15142515625
n334	301	0	0	82	16.919053593749997
n337	305	0	0	84	17.135399531250002
n362	313	0	0	44	17.44656375
n361	309	0	0	55	17.284972031249996
n360	308	0	0	63	17.25024984375
n338	310	0	0	67	17.2622690625
n352	deletion
n341	314	0	0	68	17.482621406249997
n353	deletion
n339	312	0	0	70	17.351745468749996
n340	311	0	0	79	17.354416406249996
n365	323	0	0	51	17.800462968749986
n364	318	0	0	56	17.696296406249992
n363	316	0	0	60	17.588123437499995
n344	319	0	0	67	17.70698015624999
n354	deletion
n345	321	0	0	70	17.820494999999983
n342	317	0	0	72	17.642877656249997
n346	320	0	0	79	17.829843281249982
n343	315	0	0	80	17.582781562499996
n386	328	0	0	46	18.17973609374998
n367	326	0	0	56	18.02615718749998
n366	322	0	0	63	17.92733249999998
n368	329	0	0	65	18.17305874999998
n347	324	0	0	68	17.943358124999982
n369	330	0	0	68	18.27054796874998
n355	deletion
n348	327	0	0	72	18.014137968749978
n349	325	0	0	80	18.036840937499978
n389	337	0	0	56	18.542983593749973
n388	333	0	0	58	18.424126874999978
n387	332	0	0	62	18.31061203124998
n371	334	0	0	67	18.41344312499998
n372	336	0	0	70	18.569692968749973
n370	331	0	0	77	18.28790906249998
n373	335	0	0	79	18.522951562499976
n392	343	0	0	39	18.887534531249973
n391	339	0	0	58	18.725942812499973
n390	338	0	0	62	18.69122062499997
n377	344	0	0	64	18.91958578124997
n374	340	0	0	65	18.664511249999972
n375	342	0	0	68	18.78603890624997
n376	341	0	0	77	18.75799406249997
n395	351	0	0	51	19.296187968749972
n394	348	0	0	58	19.186679531249975
n393	deletion
n380	347	0	0	63	19.182673124999976
n378	345	0	0	67	19.05580359374997
n381	deletion
n382	349	0	0	75	19.272149531249973
n379	deletion
n416	356	0	0	44	19.699499531249973
n397	354	0	0	58	19.528559531249975
n396	350	0	0	61	19.433741249999976
n383	352	0	0	67	19.413709218749975
n398	357	0	0	68	19.704841406249972
n384	355	0	0	70	19.528559531249975
n385	353	0	0	79	19.505856562499975
n419	364	0	0	51	20.026689374999968
n418	361	0	0	56	19.93187109374997
n417	359	0	0	60	19.829039999999974
n401	362	0	0	70	19.935877499999968
n399	360	0	0	72	19.839723749999973
n402	363	0	0	73	20.042714999999966
n400	358	0	0	80	19.817020781249973
n403	365	0	0	82	20.032031249999967
n422	372	0	0	44	20.39127234374996
n421	368	0	0	56	20.24169984374996
n420	366	0	0	63	20.15222343749996
n404	367	0	0	71	20.15355890624996
n407	373	0	0	72	20.36990484374996
n405	369	0	0	74	20.26974468749996
n406	370	0	0	83	20.26840921874996
n425	385	0	0	51	20.681069062499947
n424	380	0	0	56	20.583579843749952
n423	378	0	0	60	20.480748749999957
n410	379	0	0	73	20.58491531249995
n408	376	0	0	75	20.490097031249956
n411	381	0	0	76	20.687746406249946
n409	375	0	0	84	20.47407140624996
n412	382	0	0	85	20.701101093749944
n446	389	0	0	44	21.00425249999994
n427	386	0	0	56	20.873376562499946
n426	383	0	0	63	20.810609531249945
n413	384	0	0	74	20.803932187499946
n428	390	0	0	75	21.02027812499994
n414	388	0	0	77	20.89875046874994
n415	387	0	0	86	20.90275687499994
n449	397	0	0	51	21.374177343749935
n448	394	0	0	55	21.25665609374994
n447	392	0	0	61	21.153824999999937
n431	393	0	0	77	21.24997874999994
n429	deletion
n432	396	0	0	80	21.355480781249938
n430	391	0	0	87	21.14581218749994
n433	395	0	0	89	21.364829062499936
n452	403	0	0	44	21.658632187499926
n451	400	0	0	55	21.510395156249928
n450	398	0	0	63	21.46498921874993
n437	404	0	0	72	21.688012499999925
n434	399	0	0	75	21.47967937499993
n435	401	0	0	79	21.565149374999926
n436	402	0	0	87	21.570491249999925
n455	deletion
n454	408	0	0	56	21.892339218749925
n453	407	0	0	60	21.788172656249927
n440	409	0	0	70	21.913706718749925
n441	410	0	0	73	22.037905312499927
n438	406	0	0	75	21.813546562499926
n442	411	0	0	82	22.017873281249926
n439	405	0	0	84	21.790843593749926
n476	418	0	0	49	22.343727656249925
n457	416	0	0	56	22.20884531249993
n456	413	0	0	63	22.124710781249927
n443	414	0	0	72	22.136729999999925
n458	419	0	0	73	22.36509515624992
n444	417	0	0	75	22.242232031249923
n445	415	0	0	84	22.228877343749925
n479	429	0	0	56	22.69495593749992
n478	423	0	0	61	22.58811843749992
n477	422	0	0	65	22.48662281249992
n461	424	0	0	75	22.598802187499917
n459	420	0	0	77	22.473268124999922
n462	425	0	0	79	22.705639687499918
n460	421	0	0	85	22.477274531249922
n463	426	0	0	87	22.716323437499916
n482	434	0	0	49	23.05419703124992
n481	430	0	0	61	22.917979218749917
n480	427	0	0	65	22.833844687499916
n464	428	0	0	77	22.820489999999918
n467	435	0	0	79	23.05019062499992
n465	431	0	0	80	22.94869499999992
n466	432	0	0	89	22.935340312499918
n485	444	0	0	56	23.40275437499992
n484	440	0	0	61	23.289239531249923
n483	439	0	0	64	23.179731093749922
n470	441	0	0	80	23.29858781249992
n468	437	0	0	82	23.194421249999923
n471	442	0	0	83	23.42278640624992
n469	436	0	0	91	23.15836359374992
n472	443	0	0	92	23.39741249999992
n506	450	0	0	51	23.761995468749916
n487	448	0	0	61	23.625777656249916
n486	445	0	0	64	23.53363031249992
n473	446	0	0	81	23.51760468749992
n488	451	0	0	82	23.759324531249916
n474	447	0	0	84	23.620435781249917
n475	449	0	0	93	23.657828906249915
n509	461	0	0	61	24.16130062499991
n508	455	0	0	63	24.027753749999913
n507	454	0	0	67	23.898213281249912
n491	456	0	0	84	24.025082812499914
n489	452	0	0	85	23.888864999999914
n492	458	0	0	87	24.15862968749991
n490	453	0	0	94	23.892871406249913
n493	457	0	0	96	24.139933124999914
n512	465	0	0	44	24.618030937499903
n511	462	0	0	63	24.417710624999906
n510	459	0	0	67	24.314879531249908
n494	460	0	0	79	24.290841093749908
n497	466	0	0	80	24.631385624999904
n495	464	0	0	82	24.425723437499904
n496	463	0	0	91	24.407026874999907
n515	475	0	0	51	25.098799687499902
n514	471	0	0	56	24.970594687499904
n513	469	0	0	60	24.8143448437499
n501	472	0	0	72	25.090786874999903
n500	470	0	0	80	24.945220781249905
n502	473	0	0	80	25.086780468749904
n498	468	0	0	84	24.8076674999999
n499	467	0	0	92	24.796983749999903
n542	481	0	0	40	25.661032031249896
n517	477	0	0	56	25.4046220312499
n516	474	0	0	63	25.271075156249903
n503	476	0	0	68	25.279087968749902
n518	480	0	0	68	25.667709374999895
n536	deletion
n504	479	0	0	72	25.4206476562499
n505	478	0	0	80	25.4086284374999
n545	492	0	0	47	26.20189687499989
n544	487	0	0	52	26.041640624999893
n543	483	0	0	59	25.889397187499892
n521	486	0	0	69	26.022944062499892
n537	deletion
n519	482	0	0	71	25.880048906249893
n522	489	0	0	73	26.16984562499989
n520	484	0	0	80	25.850668593749894
n523	488	0	0	81	26.161832812499892
n548	497	0	0	40	26.58384093749989
n547	494	0	0	52	26.40488812499989
n546	491	0	0	59	26.32342453124989
n527	498	0	0	66	26.599866562499887
n539	deletion
n524	493	0	0	68	26.33010187499989
n538	deletion
n525	496	0	0	71	26.44628765624989
n526	495	0	0	80	26.44094578124989
n551	507	0	0	49	26.99516531249989
n550	503	0	0	54	26.858947499999886
n549	501	0	0	58	26.736084374999887
n530	502	0	0	61	26.870966718749887
n540	deletion
n531	504	0	0	64	26.97379781249989
n528	500	0	0	70	26.72540062499989
n532	505	0	0	73	26.99783624999989
n529	499	0	0	78	26.71471687499989
n572	512	0	0	40	27.371767499999887
n553	509	0	0	54	27.20216296874989
n552	506	0	0	58	27.126041249999886
n533	508	0	0	63	27.132718593749885
n541	deletion
n554	513	0	0	64	27.35974828124989
n534	510	0	0	66	27.24089156249989
n535	511	0	0	75	27.24089156249989
n575	522	0	0	47	27.73367953124988
n574	519	0	0	51	27.605474531249882
n573	517	0	0	57	27.499972499999885
n555	516	0	0	68	27.502643437499884
n557	518	0	0	68	27.61615828124988
n558	520	0	0	71	27.71498296874988
n556	515	0	0	76	27.467921249999886
n559	521	0	0	80	27.73501499999988
n578	528	0	0	40	28.092920624999877
n577	525	0	0	51	27.933999843749877
n576	524	0	0	59	27.86989734374988
n563	529	0	0	64	28.096927031249876
n560	523	0	0	66	27.86589093749988
n561	527	0	0	69	27.954031874999878
n562	526	0	0	78	27.96872203124988
n581	537	0	0	47	28.45883906249987
n580	533	0	0	52	28.347995156249873
n579	532	0	0	56	28.245164062499878
n566	534	0	0	59	28.35867890624987
n567	536	0	0	63	28.468187343749868
n564	531	0	0	68	28.23180937499988
n568	535	0	0	71	28.44949078124987
n565	530	0	0	76	28.21311281249988
n602	543	0	0	40	28.836776718749874
n583	540	0	0	52	28.661830312499873
n582	539	0	0	59	28.60574062499987
n569	538	0	0	61	28.60574062499987
n570	541	0	0	64	28.711242656249873
n584	544	0	0	64	28.844789531249873
n571	542	0	0	73	28.727268281249874
n605	551	0	0	47	29.206701562499866
n604	548	0	0	54	29.069148281249866
n603	547	0	0	57	28.97967187499987
n587	549	0	0	63	29.089180312499867
n588	550	0	0	66	29.209372499999866
n585	546	0	0	68	28.97299453124987
n589	552	0	0	75	29.209372499999866
n586	545	0	0	76	28.94762062499987
n608	557	0	0	40	29.545910624999863
n607	555	0	0	54	29.380312499999864
n606	553	0	0	59	29.344254843749862
n590	554	0	0	64	29.318880937499863
n593	558	0	0	68	29.55258796874986
n591	deletion
n592	556	0	0	76	29.409692812499863
n611	566	0	0	47	29.905151718749863
n610	563	0	0	51	29.771604843749863
n609	561	0	0	57	29.664767343749862
n596	562	0	0	66	29.798314218749862
n597	564	0	0	69	29.87310046874986
n594	559	0	0	71	29.67144468749986
n598	565	0	0	78	29.91449999999986
n595	560	0	0	80	29.67278015624986
n632	572	0	0	40	30.25771546874986
n613	569	0	0	51	30.10146562499986
n612	567	0	0	59	30.044040468749863
n599	568	0	0	68	30.022672968749863
n600	570	0	0	71	30.138858749999862
n614	573	0	0	71	30.253709062499862
n601	571	0	0	80	30.14687156249986
n635	583	0	0	47	30.62229843749985
n634	578	0	0	54	30.480738749999855
n633	576	0	0	57	30.407287968749856
n617	577	0	0	69	30.490087031249853
n618	579	0	0	73	30.61695656249985
n615	575	0	0	75	30.38592046874986
n619	580	0	0	81	30.603601874999853
n616	574	0	0	83	30.36989484374986
n638	587	0	0	40	30.99088781249985
n637	584	0	0	54	30.82662515624985
n636	581	0	0	59	30.75450984374985
n620	582	0	0	71	30.73047140624985
n621	586	0	0	75	30.85199906249985
n623	588	0	0	75	30.98421046874985
n622	585	0	0	83	30.84799265624985
n641	594	0	0	47	31.426250624999845
n640	593	0	0	51	31.276678124999844
n639	591	0	0	57	31.180524374999848
n626	592	0	0	73	31.292703749999845
n627	596	0	0	76	31.412895937499847
n624	590	0	0	78	31.157821406249848
n628	595	0	0	85	31.419573281249846
n625	589	0	0	87	31.137789374999848
n662	602	0	0	40	32.04190171874984
n643	599	0	0	54	31.704028124999848
n642	597	0	0	59	31.579829531249846
n644	603	0	0	68	32.14473281249983
n629	598	0	0	71	31.579829531249846
n630	601	0	0	75	31.730737499999847
n631	600	0	0	83	31.714711874999846
n665	611	0	0	47	32.68826859374975
n664	607	0	0	52	32.55338624999977
n663	605	0	0	59	32.3690915624998
n647	608	0	0	69	32.52267046874977
n645	604	0	0	71	32.389123593749794
n648	610	0	0	72	32.66957203124975
n646	606	0	0	80	32.3610787499998
n649	609	0	0	81	32.645533593749754
n668	617	0	0	40	33.08089640624969
n667	614	0	0	52	32.92331109374972
n666	612	0	0	59	32.817809062499734
n653	618	0	0	66	33.08490281249969
n650	613	0	0	68	32.79777703124974
n651	616	0	0	71	32.933994843749716
n652	615	0	0	80	32.939336718749715
n671	627	0	0	48	33.542968593749634
n670	623	0	0	52	33.409421718749655
n669	621	0	0	57	33.26385562499967
n656	622	0	0	60	33.38271234374966
n657	624	0	0	64	33.49489171874964
n654	619	0	0	69	33.22646249999968
n658	625	0	0	72	33.49489171874964
n655	620	0	0	78	33.245159062499674
n692	633	0	0	40	33.88084218749958
n673	629	0	0	52	33.721921406249606
n672	626	0	0	57	33.64579968749962
n659	628	0	0	64	33.62309671874962
n674	634	0	0	66	33.87282937499958
n660	631	0	0	68	33.7499662499996
n661	630	0	0	76	33.728598749999605
n695	642	0	0	47	34.297508437499516
n694	637	0	0	51	34.13725218749954
n693	636	0	0	57	34.02774374999956
n677	638	0	0	68	34.14392953124954
n675	deletion
n678	639	0	0	71	34.26679265624952
n676	635	0	0	78	34.01572453124956
n679	640	0	0	80	34.27079906249952
n698	647	0	0	40	34.675446093749464
n697	644	0	0	51	34.52186718749948
n696	641	0	0	59	34.4056814062495
n683	648	0	0	64	34.68078796874946
n680	643	0	0	66	34.4003395312495
n681	646	0	0	69	34.53789281249948
n682	645	0	0	78	34.53388640624948
n701	656	0	0	47	35.1468665624994
n700	652	0	0	52	34.96791374999942
n699	651	0	0	56	34.85039249999944
n686	653	0	0	63	34.987945781249415
n684	650	0	0	68	34.84371515624944
n687	654	0	0	68	35.161556718749395
n688	655	0	0	75	35.1388537499994
n685	649	0	0	76	34.82902499999944
n722	663	0	0	39	35.68773140624933
n703	659	0	0	52	35.46604359374936
n702	657	0	0	59	35.325819374999384
n689	658	0	0	62	35.29777453124939
n704	664	0	0	63	35.694408749999326
n690	661	0	0	68	35.47539187499936
n691	660	0	0	74	35.45669531249936
n725	674	0	0	51	36.16983562499926
n724	670	0	0	55	36.026940468749274
n723	667	0	0	61	35.90140640624929
n707	669	0	0	65	36.00957937499928
n705	665	0	0	67	35.893393593749295
n708	672	0	0	68	36.15514546874926
n706	666	0	0	75	35.892058124999295
n709	671	0	0	77	36.14312624999926
n728	677	0	0	39	36.45963234374923
n727	675	0	0	55	36.30204703124924
n726	673	0	0	63	36.251299218749246
n710	676	0	0	66	36.27533765624924
n713	679	0	0	67	36.51839296874922
n711	deletion
n712	678	0	0	78	36.419568281249234
n731	688	0	0	51	36.89232421874921
n730	684	0	0	55	36.75477093749921
n729	682	0	0	61	36.64259156249921
n716	683	0	0	68	36.76545468749921
n714	681	0	0	70	36.65327531249921
n717	685	0	0	72	36.89098874999921
n715	680	0	0	79	36.64926890624921
n718	686	0	0	80	36.89499515624921
n752	693	0	0	44	37.235539687499205
n733	689	0	0	55	37.04990953124921
n732	687	0	0	63	36.96443953124921
n719	690	0	0	70	36.993819843749215
n734	694	0	0	72	37.235539687499205
n720	691	0	0	73	37.14472781249921
n721	692	0	0	82	37.131373124999214
n755	703	0	0	54	37.590774374999185
n754	699	0	0	56	37.47859499999919
n753	deletion
n737	698	0	0	73	37.46390484374919
n735	696	0	0	75	37.367751093749185
n738	deletion
n736	695	0	0	84	37.33970624999919
n739	700	0	0	85	37.590774374999185
n758	deletion
n757	704	0	0	56	37.777739999999184
n756	701	0	0	63	37.69894734374918
n740	702	0	0	74	37.69494093749918
n743	707	0	0	75	37.91529328124918
n741	705	0	0	77	37.78308187499918
n742	deletion
n761	717	0	0	54	38.28922453124914
n760	712	0	0	56	38.163690468749145
n759	709	0	0	60	38.06887218749915
n746	711	0	0	77	38.173038749999144
n744	708	0	0	78	38.050175624999156
n747	714	0	0	80	38.29723734374914
n745	710	0	0	87	38.052846562499155
n748	713	0	0	89	38.29055999999914
n782	721	0	0	37	38.74862578124913
n763	718	0	0	56	38.554982812499134
n762	715	0	0	63	38.42410687499914
n749	716	0	0	78	38.43078421874914
n764	722	0	0	78	38.75396765624913
n750	720	0	0	82	38.57635031249913
n751	719	0	0	90	38.57367937499913
n785	731	0	0	56	39.28281328124909
n784	726	0	0	61	39.14793093749909
n783	723	0	0	65	39.0063712499991
n767	727	0	0	77	39.14258906249909
n768	deletion
n765	724	0	0	82	38.9876746874991
n769	728	0	0	89	39.24675562499909
n766	725	0	0	90	38.9876746874991
n788	735	0	0	43	39.711498749999095
n787	734	0	0	61	39.549907031249106
n786	729	0	0	65	39.4243729687491
n770	730	0	0	72	39.398999062499094
n771	733	0	0	75	39.54055874999911
n773	736	0	0	75	39.702150468749096
n772	732	0	0	84	39.513849374999104
n791	744	0	0	52	40.17357093749906
n790	740	0	0	58	40.02266296874907
n789	739	0	0	61	39.91582546874907
n776	741	0	0	73	40.038688593749065
n777	743	0	0	76	40.182919218749056
n774	deletion
n778	742	0	0	85	40.18024828124906
n775	737	0	0	87	39.89312249999907
n812	750	0	0	44	40.55818593749905
n793	747	0	0	58	40.39525874999905
n792	745	0	0	61	40.319137031249056
n779	746	0	0	70	40.30978874999906
n794	751	0	0	70	40.580888906249044
n780	748	0	0	73	40.44066468749905
n781	749	0	0	82	40.44200015624905
n815	758	0	0	53	40.954820156249
n814	755	0	0	56	40.82527968749902
n813	754	0	0	61	40.698410156249025
n797	756	0	0	69	40.84264078124902
n795	753	0	0	73	40.72779046874902
n798	759	0	0	73	40.969510312499
n799	757	0	0	81	40.960162031249
n796	752	0	0	82	40.709093906249024
n818	765	0	0	44	41.38751203124895
n817	762	0	0	56	41.21790749999898
n816	760	0	0	61	41.101721718749
n803	766	0	0	67	41.380834687498954
n800	761	0	0	68	41.12976656249899
n801	763	0	0	73	41.248623281248975
n802	764	0	0	80	41.23393312499898
n821	777	0	0	54	41.85359062499888
n820	770	0	0	56	41.698676249998904
n819	769	0	0	60	41.54109093749893
n806	771	0	0	66	41.686657031248906
n804	768	0	0	72	41.53174265624893
n807	772	0	0	72	41.84290687499888
n808	773	0	0	78	41.83355859374888
n805	767	0	0	79	41.503697812498935
n842	781	0	0	37	42.499957499998786
n823	776	0	0	56	42.20348343749883
n822	774	0	0	60	42.05391093749885
n824	782	0	0	61	42.48393187499879
n809	775	0	0	63	42.017853281248854
n810	779	0	0	66	42.21283171874883
n811	778	0	0	75	42.192799687498834
n845	790	0	0	44	43.11694406249872
n844	786	0	0	49	42.96603609374873
n843	783	0	0	56	42.801773437498746
n827	787	0	0	61	42.95001046874873
n825	785	0	0	65	42.79376062499875
n828	789	0	0	65	43.12228593749872
n826	784	0	0	73	42.78574781249875
n829	788	0	0	73	43.092905624998714
n848	796	0	0	37	43.52292656249869
n847	793	0	0	49	43.382702343748704
n846	791	0	0	56	43.27185843749871
n830	792	0	0	61	43.25182640624871
n833	797	0	0	61	43.53494578124869
n831	795	0	0	65	43.381366874998704
n832	794	0	0	73	43.386708749998704
n851	807	0	0	44	44.01571453124865
n850	801	0	0	49	43.84210359374866
n849	800	0	0	56	43.74194343749866
n836	802	0	0	61	43.83943265624866
n834	799	0	0	65	43.69787296874867
n837	804	0	0	65	43.99968890624865
n835	798	0	0	73	43.69119562499867
n838	803	0	0	73	43.99568249999865
n872	811	0	0	37	44.5899660937486
n853	808	0	0	49	44.305511249998624
n852	806	0	0	56	44.187989999998635
n839	805	0	0	61	44.15460328124864
n854	812	0	0	61	44.5779468749986
n840	810	0	0	65	44.302840312498624
n841	809	0	0	73	44.31085312499862
n875	819	0	0	44	45.21763640624856
n874	816	0	0	49	45.062722031248555
n873	814	0	0	56	44.90113031249856
n857	817	0	0	61	45.058715624998555
n855	815	0	0	64	44.90380124999856
n858	818	0	0	64	45.22698468749856
n856	813	0	0	73	44.90380124999856
n859	820	0	0	73	45.25369406249856
n878	825	0	0	37	45.63563812499854
n877	822	0	0	49	45.45802078124856
n876	deletion
n860	821	0	0	61	45.35118328124856
n863	826	0	0	61	45.63830906249854
n861	823	0	0	64	45.472710937498555
n862	824	0	0	73	45.49007203124855
n881	836	0	0	44	46.08836203124847
n880	831	0	0	49	45.950808749998494
n879	829	0	0	56	45.823939218748514
n866	830	0	0	61	45.9267703124985
n864	828	0	0	64	45.809249062498516
n867	832	0	0	64	46.04696249999848
n865	827	0	0	73	45.814590937498515
n868	833	0	0	73	46.077678281248474
n902	841	0	0	45	46.75208999999841
n883	837	0	0	49	46.45160953124845
n882	835	0	0	56	46.30470796874847
n869	834	0	0	73	46.25128921874847
n884	840	0	0	73	46.73873531249841
n870	839	0	0	76	46.47297703124845
n871	838	0	0	85	46.44893859374845
n905	849	0	0	52	47.264909999998345
n904	846	0	0	57	47.14605328124836
n903	842	0	0	64	46.96175859374838
n887	845	0	0	74	47.088628124998365
n885	843	0	0	76	46.96309406249838
n888	848	0	0	78	47.23820062499835
n886	844	0	0	85	46.93772015624838
n889	847	0	0	86	47.22885234374835
n908	855	0	0	45	47.62281562499829
n907	852	0	0	57	47.46656578124831
n906	850	0	0	64	47.393114999998325
n893	856	0	0	71	47.638841249998286
n890	851	0	0	73	47.37842484374833
n891	854	0	0	76	47.49995249999831
n892	853	0	0	85	47.49995249999831
n911	863	0	0	54	48.02879812499824
n910	deletion
n909	859	0	0	63	47.781736406248264
n896	860	0	0	66	47.91394781249825
n897	deletion
n894	858	0	0	75	47.75502703124827
n898	862	0	0	78	48.04081734374824
n895	857	0	0	83	47.74968515624827
n932	869	0	0	45	48.40406484374819
n913	deletion
n912	864	0	0	63	48.19038984374822
n899	865	0	0	68	48.18771890624822
n914	870	0	0	69	48.416084062498186
n900	867	0	0	71	48.297227343748204
n901	868	0	0	80	48.287879062498206
n935	878	0	0	52	48.81806015624815
n934	875	0	0	56	48.69653249999816
n933	873	0	0	62	48.57767578124816
n915	872	0	0	73	48.545624531248166
n917	874	0	0	73	48.67115859374816
n918	876	0	0	76	48.78467343749816
n916	871	0	0	81	48.52425703124817
n919	877	0	0	85	48.803369999998154
n938	885	0	0	45	49.18397859374811
n937	882	0	0	56	49.02639328124812
n936	881	0	0	64	48.95961984374813
n923	886	0	0	69	49.17596578124811
n920	880	0	0	71	48.93424593749813
n921	deletion
n922	883	0	0	83	49.02772874999812
n941	895	0	0	52	49.55924531249808
n940	891	0	0	57	49.44573046874808
n939	889	0	0	61	49.34690578124808
n926	890	0	0	64	49.41367921874808
n927	893	0	0	68	49.53387140624808
n924	888	0	0	73	49.30417078124809
n928	892	0	0	76	49.509832968748086
n925	887	0	0	81	49.28013234374809
n962	900	0	0	45	49.922492812498035
n943	898	0	0	57	49.78493953124804
n942	897	0	0	64	49.69412765624806
n929	896	0	0	66	49.65806999999806
n944	901	0	0	69	49.90112531249804
n930	deletion
n931	899	0	0	78	49.78093312499804
n965	909	0	0	52	50.28173390624799
n964	906	0	0	59	50.174896406248
n963	904	0	0	62	50.06672343749801
n947	905	0	0	68	50.157535312498005
n948	907	0	0	71	50.241669843748
n945	903	0	0	73	50.03200124999802
n949	908	0	0	80	50.261701874997996
n946	902	0	0	81	49.993272656248024
n968	916	0	0	45	50.61693656249795
n967	912	0	0	59	50.463357656247965
n966	910	0	0	64	50.405932499997974
n950	911	0	0	69	50.37388124999798
n951	913	0	0	73	50.47270593749796
n953	917	0	0	73	50.60224640624795
n952	914	0	0	81	50.48071874999796
n971	927	0	0	52	50.96549390624791
n970	922	0	0	56	50.85999187499792
n969	920	0	0	62	50.75048343749793
n956	921	0	0	71	50.84263078124792
n957	923	0	0	74	50.94946828124791
n954	918	0	0	76	50.73579328124793
n958	924	0	0	83	50.94145546874791
n955	919	0	0	85	50.73979968749793
n992	933	0	0	45	51.37414734374786
n973	931	0	0	56	51.22724578124788
n972	928	0	0	64	51.105718124997885
n959	929	0	0	73	51.08969249999789
n960	930	0	0	76	51.21389109374788
n974	934	0	0	76	51.35277984374786
n961	932	0	0	85	51.23792953124788
n995	947	0	0	52	51.7547559374978
n994	941	0	0	59	51.63589921874782
n993	939	0	0	62	51.55042921874783
n977	940	0	0	74	51.62120906249782
n978	942	0	0	78	51.7454076562478
n975	938	0	0	80	51.53573906249783
n979	943	0	0	86	51.7186982812478
n976	936	0	0	88	51.49166859374784
n998	950	0	0	45	52.13536453124776
n997	948	0	0	59	51.98045015624777
n996	944	0	0	64	51.88028999999778
n980	945	0	0	76	51.85090968749778
n981	946	0	0	80	51.97777921874777
n983	951	0	0	80	52.100642343747765
n982	949	0	0	88	51.97777921874777
n1001	961	0	0	52	52.59209484374771
n1000	957	0	0	56	52.43183859374773
n999	955	0	0	62	52.30363359374773
n986	956	0	0	78	52.449199687497725
n987	959	0	0	81	52.58942390624771
n984	953	0	0	83	52.284937031247736
n988	958	0	0	90	52.57206281249771
n985	954	0	0	92	52.27291781249774
n1022	966	0	0	45	53.23979718749766
n1003	963	0	0	59	52.904594531247675
n1002	960	0	0	64	52.77906046874768
n1004	967	0	0	73	53.329273593747644
n989	962	0	0	76	52.72964812499769
n990	965	0	0	80	52.893910781247676
n991	964	0	0	88	52.88990437499768
n1025	975	0	0	52	53.90486062499758
n1024	971	0	0	57	53.751281718747606
n1023	968	0	0	64	53.604380156247615
n1007	972	0	0	74	53.74593984374761
n1005	969	0	0	76	53.61907031249761
n1008	974	0	0	77	53.90352515624758
n1006	970	0	0	85	53.601709218747615
n1009	973	0	0	86	53.86746749999759
n1028	981	0	0	45	54.306836718747554
n1027	979	0	0	57	54.17596078124756
n1026	976	0	0	64	54.039742968747575
n1013	982	0	0	71	54.296152968747556
n1010	977	0	0	73	54.01703999999758
n1011	978	0	0	76	54.17195437499756
n1012	980	0	0	85	54.17729624999756
n1031	993	0	0	53	54.74353499999749
n1030	987	0	0	57	54.605981718747515
n1029	985	0	0	62	54.49513781249753
n1016	986	0	0	65	54.56191124999752
n1017	988	0	0	69	54.6794324999975
n1014	984	0	0	74	54.437712656247534
n1018	989	0	0	77	54.676761562497504
n1015	983	0	0	83	54.423022499997536
n1052	996	0	0	45	55.070724843747456
n1033	992	0	0	57	54.93317156249747
n1032	990	0	0	62	54.84102421874748
n1019	991	0	0	69	54.803631093747484
n1034	997	0	0	71	55.04935734374746
n1020	995	0	0	73	54.97857749999747
n1021	994	0	0	81	54.93450703124747
n1055	1007	0	0	52	55.50208124999742
n1054	1001	0	0	56	55.32713484374743
n1053	1000	0	0	62	55.22296828124744
n1037	1002	0	0	73	55.32312843749743
n1035	998	0	0	74	55.16821406249745
n1038	1003	0	0	76	55.42061765624742
n1036	999	0	0	83	55.178897812497446
n1039	1004	0	0	85	55.42996593749742
n1058	1011	0	0	45	55.862657812497375
n1057	1010	0	0	56	55.711749843747384
n1056	1005	0	0	64	55.5968995312474
n1043	1012	0	0	69	55.83594843749738
n1040	1006	0	0	71	55.55683546874741
n1041	1009	0	0	74	55.68771140624739
n1042	1008	0	0	83	55.67569218749739
n1061	1020	0	0	52	56.32873640624732
n1060	1017	0	0	57	56.184505781247346
n1059	1015	0	0	61	56.036268749997355
n1046	1016	0	0	68	56.14177078124735
n1044	1014	0	0	73	56.01356578124735
n1047	1019	0	0	73	56.30336249999733
n1048	1018	0	0	80	56.28065953124733
n1045	1013	0	0	81	56.00555296874735
n1082	1026	0	0	44	56.78279578124727
n1063	1024	0	0	57	56.59583015624729
n1062	1021	0	0	64	56.47430249999731
n1049	1022	0	0	67	56.423554687497315
n1064	1027	0	0	68	56.75207999999728
n1050	1025	0	0	73	56.58381093749729
n1051	1023	0	0	79	56.56778531249729
n1085	1035	0	0	54	57.24086156249721
n1084	1032	0	0	56	57.097966406247224
n1083	1030	0	0	60	56.98845796874724
n1067	1031	0	0	70	57.05389593749723
n1065	1028	0	0	72	56.92435546874725
n1068	1033	0	0	73	57.20881031249721
n1066	1029	0	0	80	56.93904562499725
n1069	1034	0	0	82	57.19946203124721
n1088	1042	0	0	44	57.5413420312472
n1087	1038	0	0	56	57.3997823437472
n1086	1036	0	0	63	57.3263315624972
n1070	1037	0	0	71	57.2956157812472
n1073	1043	0	0	72	57.5253164062472
n1071	1039	0	0	74	57.4037887499972
n1072	1040	0	0	83	57.4264917187472
n1091	1052	0	0	54	57.88322203124718
n1090	1049	0	0	56	57.75368156249718
n1089	1047	0	0	60	57.66286968749718
n1076	1048	0	0	73	57.75768796874718
n1074	1045	0	0	75	57.63616031249718
n1077	1050	0	0	77	57.85784812499718
n1075	1044	0	0	84	57.63081843749718
n1078	1051	0	0	85	57.88188656249718
n1112	1058	0	0	49	58.23044390624717
n1093	1056	0	0	56	58.090219687497175
n1092	1053	0	0	63	57.98872406249718
n1079	1054	0	0	75	57.97670484374718
n1094	1059	0	0	77	58.22777296874717
n1080	1055	0	0	78	58.10624531249717
n1081	1057	0	0	87	58.11692906249717
n1115	1067	0	0	59	58.58834953124714
n1114	1064	0	0	61	58.468157343747144
n1113	1062	0	0	65	58.38402281249714
n1097	1063	0	0	78	58.456138124997146
n1095	1060	0	0	80	58.35197156249715
n1098	1065	0	0	81	58.57499484374714
n1096	1061	0	0	89	58.373339062497145
n1099	1066	0	0	90	58.57900124999714
n1118	1074	0	0	49	58.89283640624713
n1117	1070	0	0	61	58.76997328124713
n1116	1068	0	0	68	58.68984515624713
n1100	1069	0	0	79	58.68183234374713
n1103	1075	0	0	80	58.911532968747125
n1101	1072	0	0	82	58.802024531247135
n1102	1071	0	0	91	58.798018124997135
n1121	1081	0	0	59	59.2494065624971
n1120	1078	0	0	61	59.1292143749971
n1119	1076	0	0	65	59.033060624997105
n1106	1079	0	0	82	59.1572592187471
n1104	deletion
n1107	1080	0	0	85	59.280122343747095
n1105	1077	0	0	92	59.033060624997105
n1108	1082	0	0	94	59.2707740624971
n1142	1089	0	0	54	59.64470531249709
n1123	deletion
n1122	1083	0	0	68	59.35223765624709
n1109	1084	0	0	83	59.39096624999709
n1124	1088	0	0	83	59.64470531249709
n1110	1086	0	0	87	59.512493906247094
n1111	1087	0	0	95	59.505816562497095
n1145	1100	0	0	58	60.04000406249706
n1144	1095	0	0	61	59.90512171874706
n1143	1093	0	0	66	59.798284218747064
n1127	1096	0	0	82	59.91313453124706
n1128	1098	0	0	85	60.04267499999706
n1125	1091	0	0	87	59.788935937497065
n1129	1097	0	0	94	60.03733312499706
n1126	1090	0	0	95	59.77023937499707
n1148	1105	0	0	47	60.460676718747045
n1147	1102	0	0	61	60.26970468749706
n1146	1099	0	0	70	60.18690562499706
n1130	1101	0	0	77	60.16153171874706
n1131	1104	0	0	80	60.29374312499706
n1133	1106	0	0	80	60.463347656247045
n1132	1103	0	0	89	60.28172390624706
n1151	1115	0	0	56	60.86265281249702
n1150	1110	0	0	59	60.76516359374702
n1149	1109	0	0	63	60.643635937497024
n1136	1111	0	0	78	60.74913796874702
n1134	1108	0	0	83	60.638294062497025
n1137	1113	0	0	83	60.882684843747015
n1138	1112	0	0	90	60.86665921874702
n1135	1107	0	0	92	60.631616718747026
n1172	1120	0	0	49	61.192513593746995
n1153	1116	0	0	59	61.01890265624701
n1152	1114	0	0	66	60.96681937499701
n1139	1117	0	0	75	60.96414843749701
n1154	1121	0	0	75	61.20586828124699
n1140	1118	0	0	78	61.077663281247006
n1141	1119	0	0	87	61.084340624997004
n1175	1130	0	0	54	61.514361562496966
n1174	1125	0	0	58	61.40885953124697
n1173	1124	0	0	61	61.30335749999698
n1157	1126	0	0	74	61.420878749996966
n1155	1123	0	0	78	61.33941515624697
n1158	1128	0	0	78	61.54240640624696
n1159	1127	0	0	86	61.54908374999696
n1156	1122	0	0	87	61.320718593746975
n1178	1135	0	0	49	61.850899687496955
n1177	1132	0	0	58	61.72002374999696
n1176	1129	0	0	66	61.64256656249697
n1160	1131	0	0	73	61.646572968746966
n1163	1136	0	0	73	61.87360265624695
n1161	1133	0	0	78	61.78145531249696
n1162	1134	0	0	85	61.77210703124696
n1181	1145	0	0	56	62.263559531246926
n1180	1141	0	0	59	62.13001265624693
n1179	1139	0	0	65	62.00314312499693
n1166	1140	0	0	72	62.10463874999693
n1164	1137	0	0	77	62.00848499999693
n1167	1143	0	0	77	62.24085656249693
n1168	1142	0	0	84	62.22215999999693
n1165	1138	0	0	85	61.988452968746934
n1202	1150	0	0	50	62.64283265624692
n1183	1146	0	0	59	62.451860624996925
n1182	1144	0	0	68	62.37039703124693
n1184	1151	0	0	70	62.63615531249692
n1169	1147	0	0	71	62.36906156249693
n1170	1149	0	0	77	62.494595624996926
n1171	1148	0	0	83	62.47589906249693
n1205	1159	0	0	56	63.01676390624687
n1204	1156	0	0	58	62.88722343749689
n1203	1154	0	0	65	62.7964115624969
n1187	1155	0	0	72	62.873868749996895
n1185	1152	0	0	74	62.7710376562469
n1188	deletion
n1186	1153	0	0	82	62.7656957812469
n1189	1157	0	0	84	62.97669984374688
n1208	1164	0	0	46	63.34128281249686
n1207	1162	0	0	58	63.19972312499686
n1206	1160	0	0	68	63.13027874999687
n1190	1161	0	0	73	63.10089843749687
n1193	1165	0	0	74	63.34395374999686
n1191	deletion
n1192	1163	0	0	85	63.23845171874686
n1211	1175	0	0	56	63.70720124999684
n1210	1171	0	0	58	63.605705624996844
n1209	1169	0	0	62	63.47883609374684
n1196	1170	0	0	75	63.562970624996844
n1194	1167	0	0	77	63.43877203124684
n1197	1173	0	0	79	63.729904218746846
n1195	1166	0	0	86	63.470823281246844
n1198	1174	0	0	87	63.697852968746844
n1232	1183	0	0	51	64.14122859374685
n1213	1180	0	0	58	63.94892109374685
n1212	1176	0	0	68	63.84475453124685
n1199	1177	0	0	77	63.81403874999685
n1200	1179	0	0	80	63.93423093749685
n1214	1181	0	0	80	64.14389953124684
n1201	1178	0	0	89	63.92888906249685
n1235	1190	0	0	55	64.5391982812468
n1234	1186	0	0	58	64.4069868749968
n1233	1185	0	0	63	64.31884593749682
n1217	1187	0	0	79	64.4136642187468
n1218	1189	0	0	82	64.5405337499968
n1215	1182	0	0	84	64.30148484374682
n1219	1188	0	0	91	64.5325209374968
n1216	1184	0	0	92	64.30415578124682
n1238	1196	0	0	45	64.95719999999679
n1237	1193	0	0	58	64.77958265624679
n1236	1191	0	0	67	64.67808703124679
n1220	1192	0	0	74	64.66873874999679
n1221	1194	0	0	77	64.78091812499679
n1223	1199	0	0	77	64.94785171874679
n1222	1195	0	0	86	64.79160187499679
n1241	1209	0	0	54	65.38588546874675
n1240	1204	0	0	60	65.25233859374676
n1239	1203	0	0	63	65.16686859374677
n1226	1205	0	0	75	65.26569328124675
n1227	1207	0	0	78	65.40992390624675
n1224	deletion
n1228	1206	0	0	87	65.38989187499675
n1225	1198	0	0	89	65.12680453124678
n1262	1214	0	0	46	65.82525468749672
n1243	1211	0	0	60	65.60223140624674
n1242	1208	0	0	66	65.53679343749674
n1229	1210	0	0	72	65.51943234374674
n1244	1215	0	0	72	65.83460296874672
n1230	1212	0	0	75	65.66232749999674
n1231	1213	0	0	84	65.65297921874674
n1265	1223	0	0	55	66.2859914062467
n1264	1220	0	0	58	66.1604573437467
n1263	1218	0	0	63	66.0269104687467
n1247	1219	0	0	71	66.1537799999967
n1245	1217	0	0	75	66.01889765624671
n1248	1222	0	0	75	66.2926687499967
n1249	1221	0	0	83	66.2779785937467
n1246	1216	0	0	84	66.00420749999671
n1268	1229	0	0	46	66.67995468749665
n1267	1226	0	0	58	66.53171765624666
n1266	1224	0	0	67	66.43022203124667
n1250	1225	0	0	70	66.41152546874667
n1253	1230	0	0	72	66.68396109374665
n1251	1227	0	0	75	66.54373687499665
n1252	1228	0	0	82	66.53973046874665
n1271	1238	0	0	55	67.0338539062466
n1270	1235	0	0	60	66.9336937499966
n1269	1233	0	0	64	66.83753999999662
n1256	1234	0	0	71	66.92968734374661
n1254	1232	0	0	76	66.81350156249663
n1257	1237	0	0	76	67.0445376562466
n1258	1236	0	0	83	67.0285120312466
n1255	deletion
n1292	1243	0	0	46	67.36772109374657
n1273	1241	0	0	60	67.21280671874658
n1272	1239	0	0	67	67.16740078124658
n1259	1240	0	0	70	67.16205890624659
n1274	1244	0	0	72	67.39175953124656
n1260	deletion
n1261	1242	0	0	82	67.26756093749657
n1295	deletion
n1294	1249	0	0	62	67.68022078124653
n1293	1247	0	0	65	67.52397093749654
n1277	1250	0	0	71	67.62947296874653
n1275	1246	0	0	77	67.53198374999654
n1278	1252	0	0	77	67.74966515624654
n1279	1251	0	0	83	67.73096859374654
n1276	1245	0	0	84	67.50928078124655
n1298	1259	0	0	46	68.09020968749653
n1297	1255	0	0	62	67.94330812499653
n1296	1253	0	0	68	67.84982531249653
n1280	1256	0	0	70	67.87386374999653
n1283	1260	0	0	70	68.11958999999652
n1281	1257	0	0	77	67.98070124999653
n1282	1258	0	0	82	67.97402390624653
n1301	1268	0	0	56	68.49886312499648
n1300	1265	0	0	58	68.3786709374965
n1299	1262	0	0	62	68.2651560937465
n1284	deletion
n1286	1264	0	0	79	68.3666517187465
n1285	1261	0	0	82	68.2344403124965
n1287	1267	0	0	82	68.49886312499648
n1288	1266	0	0	91	68.47883109374648
n1322	1278	0	0	51	68.90618109374644
n1323	1276	0	0	55	68.90484562499644
n1303	1272	0	0	58	68.71921546874647
n1302	1269	0	0	62	68.62706812499647
n1324	1277	0	0	63	68.89549734374644
n1304	1275	0	0	75	68.89683281249644
n1289	1270	0	0	77	68.61371343749647
n1290	deletion
n1291	1271	0	0	89	68.72188640624647
n1326	1288	0	0	51	69.3228473437464
n1327	1287	0	0	56	69.3094926562464
n1328	1285	0	0	59	69.3094926562464
n1329	1284	0	0	62	69.3068217187464
n1307	1281	0	0	76	69.17193937499641
n1305	1279	0	0	79	69.03037968749642
n1308	1282	0	0	80	69.3175054687464
n1306	1280	0	0	87	69.02770874999642
n1309	1283	0	0	88	69.3188409374964
n1310	1286	0	0	88	69.4497168749964
n1313	1292	0	0	88	69.67140468749638
n1311	1289	0	0	92	69.58326374999639
n1312	1290	0	0	100	69.57792187499639
n1330	1298	0	0	39	69.98657531249634
n1317	deletion
n1318	1299	0	0	76	69.99992999999634
n1316	deletion
n1314	1294	0	0	80	69.79026140624636
n1315	1295	0	0	88	69.79159687499636
n1350	1307	0	0	51	70.35516468749631
n1351	1306	0	0	58	70.33780359374632
n1332	1308	0	0	63	70.36451296874631
n1319	1302	0	0	64	70.14549609374633
n1320	1304	0	0	68	70.22428874999633
n1321	1303	0	0	76	70.22695968749633
n1353	1319	0	0	51	70.69971562499626
n1354	1318	0	0	56	70.68101906249626
n1355	1314	0	0	59	70.70505749999626
n1356	1317	0	0	62	70.68502546874626
n1335	1312	0	0	64	70.59821999999627
n1333	1310	0	0	67	70.48871156249629
n1336	1313	0	0	68	70.69971562499626
n1334	1311	0	0	75	70.4753568749963
n1337	1315	0	0	76	70.69838015624626
n1357	1324	0	0	39	71.07364687499624
n1338	1320	0	0	76	70.82524968749625
n1339	1321	0	0	80	70.94009999999625
n1340	1322	0	0	88	70.93876453124625
n1341	1325	0	0	88	71.06696953124624
n1359	1340	0	0	51	71.44090078124624
n1360	1336	0	0	56	71.44490718749624
n1361	1335	0	0	59	71.45024906249624
n1362	1332	0	0	62	71.43956531249624
n1345	1334	0	0	80	71.45826187499624
n1344	1329	0	0	88	71.30201203124625
n1346	1330	0	0	88	71.44090078124624
n1342	1328	0	0	92	71.20585828124625
n1343	1326	0	0	100	71.20585828124625
n1382	1343	0	0	55	71.85489609374623
n1383	1344	0	0	58	71.85088968749623
n1363	1346	0	0	63	71.88961828124623
n1348	1342	0	0	68	71.72535562499624
n1347	1337	0	0	76	71.55575109374624
n1349	1339	0	0	76	71.67594328124623
n1384	1347	0	0	39	72.0685710937462
n1364	1341	0	0	67	71.77343249999625
n1365	1348	0	0	75	72.0552164062462
n1366	1349	0	0	75	72.2234854687462
n1367	1351	0	0	79	72.3129618749962
n1368	1350	0	0	87	72.3289874999962
n1387	1357	0	0	51	72.58139109374619
n1389	deletion
n1388	1354	0	0	58	72.5600235937462
n1390	1356	0	0	60	72.70024781249617
n1372	1358	0	0	66	72.71493796874617
n1370	1353	0	0	67	72.59073937499619
n1369	1352	0	0	75	72.4398314062462
n1371	1355	0	0	75	72.57471374999619
n1391	1361	0	0	39	72.86451046874615
n1373	1359	0	0	69	72.82311093749615
n1374	1360	0	0	78	72.85382671874615
n1375	1362	0	0	78	72.99271546874614
n1376	1364	0	0	81	73.09554656249614
n1377	1363	0	0	90	73.12626234374613
n1394	1368	0	0	51	73.34795015624611
n1414	1373	0	0	51	73.4801615624961
n1415	1372	0	0	59	73.4694778124961
n1395	1371	0	0	60	73.33993734374612
n1396	1374	0	0	65	73.4788260937461
n1379	1367	0	0	69	73.36130484374611
n1378	1366	0	0	78	73.21840968749612
n1380	1370	0	0	78	73.35863390624611
n1416	1377	0	0	39	73.63240499999607
n1397	1375	0	0	68	73.58966999999608
n1398	1376	0	0	77	73.58833453124608
n1399	1379	0	0	77	73.73790703124607
n1400	1382	0	0	80	73.84607999999605
n1401	1380	0	0	89	73.82337703124605
n1419	1388	0	0	51	74.06509687499603
n1421	1390	0	0	51	74.20131468749601
n1420	1387	0	0	59	74.06776781249603
n1422	1389	0	0	62	74.19597281249601
n1403	1384	0	0	68	74.05708406249603
n1405	1391	0	0	68	74.19463734374601
n1402	1383	0	0	77	73.92220171874604
n1404	1385	0	0	77	74.07177421874603
n1423	1394	0	0	39	74.36691281249598
n1406	1392	0	0	71	74.300139374996
n1407	1393	0	0	80	74.32684874999599
n1408	1395	0	0	80	74.477756718746
n1411	deletion
n1409	1397	0	0	83	74.611303593746
n1410	1396	0	0	92	74.563226718746
n1426	1400	0	0	51	74.80094015624599
n1446	1407	0	0	51	74.94383531249598
n1447	1405	0	0	61	74.95184812499598
n1427	1402	0	0	62	74.79292734374599
n1428	1408	0	0	67	74.94784171874598
n1412	deletion
n1413	deletion
n1448	1413	0	0	39	75.10275609374595
n1429	1409	0	0	70	75.06536296874596
n1430	1411	0	0	79	75.06669843749596
n1431	1414	0	0	79	75.20825812499595
n1432	1416	0	0	82	75.32978578124595
n1433	1415	0	0	91	75.32043749999595
n1451	1420	0	0	51	75.52743515624594
n1453	1424	0	0	51	75.68769140624593
n1452	1418	0	0	61	75.51675140624594
n1454	1423	0	0	64	75.67834312499593
n1435	1419	0	0	70	75.55013812499594
n1437	1425	0	0	70	75.66765937499594
n1434	1417	0	0	79	75.42727499999594
n1436	1421	0	0	79	75.54479624999594
n1455	1427	0	0	39	75.84661218749592
n1438	deletion
n1439	1426	0	0	82	75.81856734374593
n1440	1429	0	0	82	75.92406937499591
n1441	1432	0	0	85	76.0442615624959
n1442	1431	0	0	94	76.0349132812459
n1458	1436	0	0	51	76.2646139062459
n1478	1439	0	0	51	76.41017999999588
n1479	1438	0	0	63	76.40216718749588
n1459	1434	0	0	64	76.2606074999959
n1460	1440	0	0	69	76.40216718749588
n1444	1437	0	0	73	76.2939942187459
n1443	1433	0	0	82	76.1404153124959
n1445	1435	0	0	82	76.2699557812459
n1480	1444	0	0	39	76.57978453124585
n1461	deletion
n1462	1443	0	0	81	76.51968843749586
n1463	1445	0	0	81	76.65724171874585
n1464	1447	0	0	84	76.74404718749585
n1465	1446	0	0	93	76.75473093749585
n1483	1453	0	0	51	76.98710249999584
n1485	1456	0	0	51	77.16872624999581
n1484	1451	0	0	63	76.96974140624584
n1486	1454	0	0	66	77.16471984374581
n1467	1450	0	0	72	76.98977343749584
n1469	1457	0	0	72	77.15670703124582
n1466	1449	0	0	81	76.85756203124585
n1468	1452	0	0	81	76.98576703124584
n1487	1461	0	0	39	77.34767906249579
n1470	1459	0	0	75	77.31696328124579
n1471	1460	0	0	84	77.31696328124579
n1472	1462	0	0	84	77.46653578124578
n1473	1464	0	0	87	77.60275359374577
n1474	1463	0	0	96	77.58539249999578
n1490	1468	0	0	51	77.89655671874577
n1510	deletion
n1511	1470	0	0	58	77.97668484374577
n1512	1471	0	0	61	78.02209078124577
n1491	1466	0	0	66	77.79372562499577
n1513	1472	0	0	67	78.09821249999575
n1492	1473	0	0	73	78.09019968749575
n1476	1469	0	0	75	77.84847984374576
n1475	1465	0	0	84	77.69089453124577
n1477	1467	0	0	84	77.81909953124577
n1514	1485	0	0	70	78.59500687499572
n1515	1484	0	0	73	78.59233593749572
n1493	1474	0	0	75	78.25713328124573
n1516	1481	0	0	79	78.58298765624572
n1494	1475	0	0	85	78.24377859374573
n1495	1477	0	0	85	78.40670578124572
n1496	1479	0	0	87	78.60168421874572
n1497	1478	0	0	97	78.59500687499572
n1498	1480	0	0	85	78.74591484374572
n1501	1486	0	0	85	78.96893812499573
n1499	1483	0	0	87	78.87411984374573
n1500	1482	0	0	97	78.85675874999573
n1517	1496	0	0	69	79.3415339062457
n1518	1499	0	0	73	79.3268437499957
n1519	1492	0	0	78	79.3188309374957
n1504	1489	0	0	85	79.20264515624571
n1502	1487	0	0	87	79.09714312499571
n1505	1490	0	0	87	79.3615659374957
n1503	1488	0	0	97	79.08378843749571
n1506	1491	0	0	97	79.3482112499957
n1538	1500	0	0	70	79.70611687499567
n1540	1498	0	0	79	79.69943953124567
n1507	1493	0	0	85	79.46306156249568
n1520	1497	0	0	85	79.73549718749567
n1508	1494	0	0	87	79.60195031249567
n1509	1495	0	0	97	79.59393749999568
n1542	1509	0	0	69	80.11477031249562
n1543	1513	0	0	73	80.10809296874562
n1544	1507	0	0	78	80.09340281249563
n1523	1503	0	0	85	79.97988796874563
n1521	1501	0	0	87	79.86103124999565
n1524	1504	0	0	87	80.15884078124562
n1522	1502	0	0	97	79.85702484374565
n1525	1505	0	0	97	80.11477031249562
n1545	1514	0	0	70	80.54879765624558
n1547	1512	0	0	79	80.53410749999559
n1526	1506	0	0	85	80.2616718749956
n1529	1511	0	0	85	80.52609468749559
n1527	1508	0	0	87	80.39788968749559
n1528	1510	0	0	97	80.3845349999956
n1549	1524	0	0	69	80.96679937499555
n1550	1522	0	0	73	80.95344468749555
n1551	1532	0	0	78	80.93875453124555
n1532	1517	0	0	85	80.80921406249556
n1530	1515	0	0	87	80.67566718749556
n1533	deletion
n1531	1516	0	0	97	80.67833812499556
n1534	1518	0	0	97	80.97347671874554
n1573	1531	0	0	75	81.3754528124955
n1574	deletion
n1535	1519	0	0	85	81.10435265624552
n1552	1523	0	0	85	81.3888074999955
n1536	1520	0	0	87	81.27529265624551
n1537	1521	0	0	97	81.24591234374552
n1571	1537	0	0	68	81.76674515624545
n1555	1527	0	0	85	81.61183078124547
n1553	1525	0	0	87	81.52903171874547
n1556	1528	0	0	87	81.76941609374545
n1557	1529	0	0	96	81.74804859374545
n1554	1526	0	0	97	81.51434156249547
n1575	1546	0	0	74	82.12465078124539
n1576	1545	0	0	77	82.12732171874539
n1558	1533	0	0	84	81.87358265624543
n1561	1536	0	0	84	82.1219798437454
n1559	1534	0	0	87	81.99778124999541
n1560	1535	0	0	96	81.99243937499541
n1572	1551	0	0	67	82.49457562499533
n1564	1542	0	0	84	82.38373171874535
n1562	1540	0	0	86	82.25686218749537
n1565	1544	0	0	86	82.47587906249534
n1566	1543	0	0	95	82.48389187499534
n1563	1539	0	0	96	82.25152031249537
n1598	1558	0	0	73	82.88186156249529
n1599	1557	0	0	76	82.87384874999529
n1567	1547	0	0	83	82.62278062499531
n1577	1550	0	0	83	82.88453249999529
n1568	deletion
n1569	1548	0	0	95	82.7269471874953
n1596	1563	0	0	66	83.30253421874522
n1580	1554	0	0	83	83.17432921874524
n1578	1553	0	0	85	83.04078234374526
n1581	1555	0	0	85	83.29452140624522
n1582	1556	0	0	94	83.28784406249522
n1579	1552	0	0	95	83.01941484374527
n1600	1571	0	0	72	83.67245906249518
n1601	1573	0	0	75	83.67379453124518
n1583	1559	0	0	82	83.4213909374952
n1586	1562	0	0	82	83.67913640624518
n1584	1561	0	0	85	83.54158312499519
n1585	1560	0	0	94	83.54158312499519
n1597	1577	0	0	65	84.11449921874511
n1589	1567	0	0	82	83.94623015624514
n1587	1564	0	0	84	83.81134781249516
n1590	1568	0	0	84	84.09847359374511
n1591	1570	0	0	93	84.12785390624511
n1588	1565	0	0	94	83.81802515624516
n1622	1588	0	0	71	84.56188124999507
n1623	1586	0	0	74	84.56054578124507
n1592	1572	0	0	81	84.25872984374509
n1602	1576	0	0	81	84.53784281249507
n1593	1575	0	0	84	84.39094124999507
n1594	1574	0	0	93	84.38025749999507
n1621	1590	0	0	64	85.09606874999501
n1605	deletion
n1603	1579	0	0	83	84.72213749999504
n1606	1582	0	0	83	85.08538499999501
n1607	1581	0	0	92	85.05734015624502
n1604	1578	0	0	93	84.71679562499504
n1608	1583	0	0	80	85.26433781249499
n1611	1587	0	0	80	85.56882468749494
n1609	1584	0	0	83	85.41257484374496
n1610	1585	0	0	92	85.39387828124497
n1614	1592	0	0	80	85.88933718749489
n1612	1589	0	0	83	85.75311937499491
n1615	1594	0	0	83	86.05894171874488
n1613	1591	0	0	92	85.71973265624491
n1616	1593	0	0	92	86.04825796874488
n1642	1601	0	0	40	86.69195390624483
n1617	1595	0	0	80	86.22453984374486
n1624	1598	0	0	80	86.66390906249484
n1618	1596	0	0	83	86.41551187499486
n1619	1597	0	0	92	86.39681531249487
n1644	1603	0	0	47	87.08057531249479
n1645	1605	0	0	50	87.28757296874477
n1627	1602	0	0	78	87.06989156249479
n1628	1606	0	0	81	87.25552171874477
n1625	1600	0	0	83	86.8962806249948
n1629	1604	0	0	90	87.26620546874477
n1626	1599	0	0	92	86.8669003124948
n1646	1608	0	0	56	87.45183562499474
n1647	1611	0	0	62	87.65215593749473
n1648	1612	0	0	68	87.8952112499947
n1633	1613	0	0	74	87.8805210937447
n1630	1607	0	0	76	87.45851296874474
n1631	1610	0	0	80	87.63479484374473
n1632	1609	0	0	88	87.64414312499473
n1636	1617	0	0	71	88.3906701562447
n1637	1618	0	0	74	88.70183437499469
n1634	1615	0	0	78	88.1502857812447
n1638	1616	0	0	83	88.68447328124469
n1635	1614	0	0	86	88.1409374999947
n1669	1622	0	0	39	90.19088203124458
n1639	1619	0	0	68	89.03169515624468
n1651	1623	0	0	68	90.17084999999459
n1640	1621	0	0	71	89.54985703124466
n1641	1620	0	0	80	89.52181218749466
n1672	1630	0	0	51	90.82389421874451
n1671	1628	0	0	56	90.66497343749451
n1670	1625	0	0	60	90.52074281249453
n1654	1627	0	0	70	90.65295421874451
n1652	1624	0	0	72	90.50071078124454
n1655	deletion
n1653	1626	0	0	80	90.48468515624454
n1656	1629	0	0	82	90.82790062499451
n1675	1636	0	0	39	91.23521859374446
n1674	1633	0	0	56	91.04958843749449
n1673	1632	0	0	63	90.9774731249945
n1657	1631	0	0	71	90.94275093749451
n1660	1637	0	0	72	91.24323140624446
n1658	1634	0	0	74	91.08297515624449
n1659	1635	0	0	83	91.08965249999449
n1678	1647	0	0	51	91.6639040624944
n1677	1642	0	0	56	91.52902171874442
n1676	1640	0	0	60	91.42084874999443
n1663	1641	0	0	73	91.49429953124442
n1661	1639	0	0	75	91.38078468749444
n1664	deletion
n1662	1638	0	0	84	91.37944921874444
n1665	1643	0	0	85	91.6465429687444
n1699	1650	0	0	39	92.00177765624434
n1680	1646	0	0	56	91.83885046874437
n1679	1645	0	0	63	91.80679921874437
n1666	1644	0	0	74	91.76005781249438
n1681	1651	0	0	75	92.00311312499434
n1667	1649	0	0	77	91.85888249999437
n1668	deletion
n1702	1658	0	0	51	92.42378578124428
n1701	1655	0	0	55	92.2955807812443
n1700	1653	0	0	61	92.22747187499431
n1684	1654	0	0	77	92.2595231249943
n1682	deletion
n1685	1656	0	0	80	92.37303796874428
n1683	1652	0	0	87	92.15669203124432
n1686	1657	0	0	89	92.39574093749428
n1705	1664	0	0	44	92.75898843749422
n1704	1661	0	0	55	92.56801640624425
n1703	1660	0	0	63	92.56133906249426
n1690	1665	0	0	72	92.73895640624423
n1687	1659	0	0	75	92.49990749999426
n1688	1662	0	0	79	92.61342234374425
n1689	1663	0	0	87	92.60808046874425
n1708	1674	0	0	51	93.1168940624942
n1707	1669	0	0	56	92.9967018749942
n1706	1668	0	0	60	92.8898643749942
n1693	1670	0	0	70	92.9926954687442
n1694	1671	0	0	73	93.1182295312442
n1691	1667	0	0	75	92.84579390624421
n1695	1672	0	0	82	93.1289132812442
n1692	1666	0	0	84	92.83644562499421
n1729	1679	0	0	44	93.45076124999414
n1710	1677	0	0	56	93.33591093749416
n1709	1673	0	0	63	93.23842171874418
n1711	1680	0	0	70	93.49216078124414
n1696	1675	0	0	72	93.23174437499418
n1697	1678	0	0	75	93.36796218749416
n1698	1676	0	0	84	93.34258828124416
n1732	1688	0	0	51	93.83671171874408
n1731	1684	0	0	55	93.7218614062441
n1730	1682	0	0	61	93.60166921874412
n1714	1685	0	0	72	93.7258678124941
n1712	1681	0	0	73	93.63505593749412
n1715	1687	0	0	75	93.84472453124408
n1713	1683	0	0	82	93.62570765624412
n1716	1686	0	0	84	93.83003437499409
n1735	1693	0	0	44	94.17592078124403
n1734	1689	0	0	55	94.00498078124406
n1733	deletion
n1717	1690	0	0	67	93.96091031249406
n1720	1694	0	0	68	94.20530109374403
n1718	1692	0	0	70	94.07041874999405
n1719	1691	0	0	79	94.06641234374405
n1738	1701	0	0	51	94.52981999999398
n1737	1697	0	0	56	94.414969687494
n1736	1695	0	0	60	94.330835156244
n1723	1698	0	0	67	94.42965984374399
n1724	1699	0	0	70	94.53916828124397
n1721	deletion
n1725	1700	0	0	79	94.55519390624397
n1722	1696	0	0	80	94.336177031244
n1759	1707	0	0	46	94.86502265624392
n1740	1703	0	0	56	94.71678562499395
n1739	1702	0	0	63	94.66870874999395
n1741	1708	0	0	65	94.88238374999392
n1726	1704	0	0	68	94.66069593749395
n1727	1706	0	0	72	94.78489453124394
n1728	1705	0	0	80	94.78890093749393
n1762	1718	0	0	56	95.25097312499386
n1761	1712	0	0	58	95.12543906249388
n1760	1711	0	0	62	95.0159306249939
n1744	1713	0	0	67	95.12810999999388
n1742	1709	0	0	68	94.9958985937439
n1745	1715	0	0	70	95.26566328124386
n1743	1710	0	0	77	94.9972340624939
n1746	1714	0	0	79	95.24296031249386
n1765	1723	0	0	39	95.6048723437438
n1764	1717	0	0	58	95.44328062499383
n1763	1716	0	0	62	95.40588749999384
n1750	1724	0	0	64	95.6329171874938
n1747	1719	0	0	65	95.37383624999384
n1748	1721	0	0	68	95.51272499999382
n1749	1720	0	0	77	95.47666734374383
n1768	1732	0	0	51	96.02153859374374
n1767	1728	0	0	58	95.89066265624376
n1766	1727	0	0	61	95.77848328124378
n1753	1729	0	0	63	95.90134640624376
n1751	1726	0	0	67	95.76112218749378
n1754	deletion
n1755	1730	0	0	75	95.99883562499375
n1752	1725	0	0	76	95.74242562499379
n1789	1737	0	0	44	96.46892062499369
n1770	1734	0	0	58	96.25658109374372
n1769	1731	0	0	61	96.16844015624373
n1756	1733	0	0	67	96.15107906249374
n1771	1738	0	0	68	96.46491421874369
n1757	1736	0	0	70	96.27260671874372
n1758	1735	0	0	79	96.26592937499372
n1792	1746	0	0	51	96.88024499999364
n1791	1743	0	0	56	96.76138828124364
n1790	1741	0	0	60	96.66256359374366
n1774	1742	0	0	70	96.73067249999364
n1772	1739	0	0	72	96.62116406249366
n1775	1745	0	0	73	96.89627062499363
n1773	1740	0	0	80	96.64253156249366
n1776	1744	0	0	82	96.86555484374364
n1795	1751	0	0	44	97.20476390624358
n1794	1749	0	0	56	97.0698815624936
n1793	1747	0	0	63	96.99910171874362
n1777	1748	0	0	71	96.96170859374362
n1780	1752	0	0	72	97.20075749999359
n1778	deletion
n1779	1750	0	0	83	97.0859071874936
n1798	1760	0	0	51	97.55198578124353
n1797	1757	0	0	56	97.43980640624355
n1796	1755	0	0	60	97.34231718749356
n1783	1756	0	0	73	97.42110984374355
n1781	1753	0	0	75	97.31293687499357
n1784	deletion
n1782	1754	0	0	84	97.33029796874357
n1785	1758	0	0	85	97.55866312499353
n1819	1766	0	0	44	97.84979531249348
n1800	1762	0	0	56	97.7469642187435
n1799	1759	0	0	63	97.65748781249351
n1786	1761	0	0	74	97.64947499999352
n1801	1767	0	0	75	97.87650468749348
n1787	1764	0	0	77	97.7255967187435
n1788	1763	0	0	86	97.7482996874935
n1822	1774	0	0	51	98.23173937499345
n1821	1770	0	0	55	98.14493390624345
n1820	1769	0	0	61	98.01672890624346
n1804	1771	0	0	77	98.12089546874346
n1802	deletion
n1805	1772	0	0	80	98.23574578124345
n1803	1768	0	0	87	98.03275453124346
n1806	deletion
n1825	1780	0	0	44	98.55892921874342
n1824	1776	0	0	55	98.39066015624344
n1823	1773	0	0	63	98.35994437499345
n1810	1782	0	0	72	98.57762578124341
n1807	1777	0	0	75	98.34792515624345
n1808	1779	0	0	79	98.48013656249343
n1809	1778	0	0	87	98.46277546874343
n1828	deletion
n1827	1787	0	0	56	98.80331999999338
n1826	1785	0	0	60	98.70583078124339
n1813	1786	0	0	70	98.81801015624337
n1814	1788	0	0	73	98.94087328124337
n1811	1784	0	0	75	98.7018243749934
n1815	1789	0	0	82	98.94087328124337
n1812	1783	0	0	84	98.6898051562434
n1849	1796	0	0	49	99.27874687499335
n1830	1795	0	0	56	99.13451624999335
n1829	1792	0	0	63	99.04236890624335
n1816	1790	0	0	72	99.03168515624336
n1831	1797	0	0	73	99.29877890624334
n1817	1794	0	0	75	99.15721921874335
n1818	1793	0	0	84	99.15454828124335
n1852	1805	0	0	56	99.67404562499331
n1851	1802	0	0	61	99.55251796874332
n1850	1800	0	0	65	99.43366124999332
n1834	1801	0	0	75	99.55118249999332
n1832	1798	0	0	77	99.41095828124332
n1835	1803	0	0	79	99.69007124999331
n1833	1799	0	0	85	99.43366124999332
n1836	1804	0	0	87	99.68606484374331
n1855	1811	0	0	48	100.04797687499328
n1854	1807	0	0	61	99.8529984374933
n1853	1806	0	0	65	99.8196117187433
n1840	1812	0	0	76	100.04797687499328
n1837	1808	0	0	77	99.79290234374331
n1838	1810	0	0	80	99.91576546874329
n1839	1809	0	0	89	99.90908812499329
n1858	1823	0	0	58	100.44194015624323
n1857	1818	0	0	60	100.32708984374325
n1856	1815	0	0	64	100.23360703124325
n1843	1816	0	0	77	100.31774156249325
n1841	1813	0	0	82	100.20823312499326
n1844	1819	0	0	84	100.44060468749323
n1842	1814	0	0	91	100.19087203124326
n1845	1820	0	0	92	100.45796578124323
n1879	1828	0	0	53	100.85994187499323
n1860	1824	0	0	60	100.69300828124322
n1859	1822	0	0	67	100.58750624999323
n1846	1821	0	0	79	100.57815796874323
n1861	1827	0	0	79	100.85192906249323
n1847	1826	0	0	85	100.70636296874322
n1848	1825	0	0	94	100.70235656249322
n1882	1836	0	0	56	101.25791156249319
n1881	1833	0	0	60	101.1377193749932
n1880	1831	0	0	65	101.0055079687432
n1864	1832	0	0	80	101.1377193749932
n1865	1835	0	0	84	101.28328546874319
n1862	1830	0	0	85	100.9988306249932
n1866	1834	0	0	92	101.26592437499319
n1863	1829	0	0	94	101.0028370312432
n1885	1843	0	0	49	101.61314624999316
n1884	1839	0	0	60	101.4288515624932
n1883	1837	0	0	68	101.4008067187432
n1867	1840	0	0	76	101.4061485937432
n1870	1844	0	0	76	101.63718468749316
n1868	1842	0	0	79	101.54637281249317
n1869	1841	0	0	88	101.50630874999318
n1888	1854	0	0	56	102.03381890624311
n1887	1849	0	0	58	101.90828484374312
n1886	1847	0	0	65	101.79343453124314
n1873	1850	0	0	77	101.90160749999312
n1874	1852	0	0	80	102.02447062499311
n1871	1846	0	0	82	101.78408624999314
n1875	1851	0	0	89	102.01645781249312
n1872	1845	0	0	91	101.76538968749314
n1909	1860	0	0	51	102.44781421874308
n1890	1856	0	0	58	102.29022890624309
n1889	1853	0	0	65	102.1833914062431
n1876	1855	0	0	73	102.1833914062431
n1877	1857	0	0	77	102.31827374999308
n1891	1859	0	0	77	102.49322015624307
n1878	1858	0	0	85	102.31293187499308
n1912	1870	0	0	56	102.889854374993
n1911	1864	0	0	60	102.75897843749303
n1910	1862	0	0	63	102.65881828124304
n1894	1865	0	0	76	102.77099765624303
n1892	1863	0	0	80	102.68552765624304
n1895	1866	0	0	80	102.893860781243
n1896	1867	0	0	88	102.911221874993
n1893	1861	0	0	89	102.65481187499304
n1915	1874	0	0	51	103.27580484374295
n1914	1871	0	0	60	103.11955499999297
n1913	1868	0	0	68	103.05011062499298
n1897	1869	0	0	75	103.02073031249299
n1900	1875	0	0	75	103.28381765624295
n1898	1873	0	0	80	103.16763187499296
n1899	1872	0	0	87	103.14893531249297
n1918	1884	0	0	58	103.76592187499287
n1917	1878	0	0	61	103.5989882812429
n1916	1877	0	0	67	103.46009953124292
n1903	1879	0	0	74	103.5642660937429
n1904	1881	0	0	79	103.71650953124288
n1901	deletion
n1905	1880	0	0	86	103.69914843749288
n1902	1876	0	0	87	103.42003546874292
n1939	1890	0	0	53	104.4376626562428
n1920	1885	0	0	61	104.08910531249283
n1919	1882	0	0	67	103.92083624999286
n1906	1883	0	0	73	103.90080421874286
n1907	1886	0	0	79	104.08776984374283
n1908	1887	0	0	85	104.07040874999284
n1921	1888	0	0	85	104.54182921874278
n1942	1897	0	0	56	105.11340984374269
n1941	1893	0	0	60	104.95048265624271
n1940	1889	0	0	65	104.79690374999274
n1924	1895	0	0	84	104.96784374999271
n1922	1891	0	0	89	104.81693578124273
n1925	1896	0	0	89	105.14011921874268
n1926	1894	0	0	96	105.12275812499269
n1923	1892	0	0	97	104.81292937499273
n1945	1903	0	0	50	105.70101609374265
n1944	1900	0	0	60	105.41389031249267
n1943	1898	0	0	68	105.28835624999267
n1927	1899	0	0	79	105.29770453124267
n1928	1902	0	0	82	105.45528984374266
n1930	1905	0	0	82	105.71169984374265
n1929	1901	0	0	91	105.45395437499266
n1948	1914	0	0	56	106.31399624999257
n1947	1909	0	0	59	106.18712671874258
n1946	1908	0	0	65	105.9961546874926
n1933	1910	0	0	80	106.16976562499258
n1934	1911	0	0	83	106.33669921874257
n1931	1907	0	0	85	106.0068384374926
n1935	deletion
n1932	1906	0	0	94	105.98279999999261
n1969	1919	0	0	51	106.83616453124252
n1950	1917	0	0	59	106.63985062499255
n1949	1912	0	0	68	106.49561999999256
n1936	1915	0	0	77	106.48894265624256
n1951	1920	0	0	77	106.83883546874252
n1937	1916	0	0	80	106.66388906249254
n1938	1918	0	0	89	106.64652796874255
n1972	1928	0	0	60	107.30892046874246
n1971	1924	0	0	63	107.16869624999246
n1970	1923	0	0	68	107.04316218749248
n1954	1925	0	0	76	107.18739281249246
n1952	1922	0	0	80	107.02580109374249
n1955	1927	0	0	80	107.32227515624245
n1956	1926	0	0	88	107.29289484374246
n1953	1921	0	0	89	107.02580109374249
n1975	1934	0	0	51	107.6694970312424
n1974	1931	0	0	63	107.51591812499242
n1973	1929	0	0	68	107.44914468749243
n1957	1930	0	0	75	107.42911265624244
n1960	1935	0	0	77	107.6788453124924
n1958	1932	0	0	80	107.55464671874242
n1959	1933	0	0	87	107.57067234374242
n1978	1943	0	0	60	108.02873812499234
n1977	1939	0	0	63	107.91522328124236
n1976	1937	0	0	69	107.80571484374238
n1963	1940	0	0	76	107.90854593749236
n1961	1938	0	0	81	107.82307593749238
n1964	1942	0	0	81	108.01004156249235
n1965	1941	0	0	88	108.01271249999235
n1962	1936	0	0	89	107.78968921874238
n1999	1949	0	0	51	108.3452442187423
n1980	1946	0	0	63	108.24374859374231
n1979	1944	0	0	69	108.16896234374232
n1966	1945	0	0	75	108.15293671874232
n1981	1950	0	0	77	108.38797921874229
n1967	1947	0	0	81	108.2985028124923
n1968	1948	0	0	87	108.26511609374231
n2002	1960	0	0	61	108.75389765624223
n2001	1954	0	0	63	108.63637640624225
n2000	deletion
n1984	1955	0	0	76	108.62302171874225
n1982	1952	0	0	82	108.51885515624227
n1985	1957	0	0	82	108.73787203124223
n1986	1956	0	0	88	108.73119468749223
n1983	1951	0	0	89	108.51084234374227
n2005	1964	0	0	51	109.09978406249218
n2004	1961	0	0	63	108.9689081249922
n2003	1958	0	0	70	108.90347015624221
n1987	1959	0	0	75	108.86340609374221
n1990	1965	0	0	75	109.13183531249217
n1988	1963	0	0	82	108.9849337499922
n1989	1962	0	0	87	108.9862692187422
n2008	1973	0	0	61	109.5565143749921
n2007	1970	0	0	63	109.38557437499213
n2006	1967	0	0	67	109.27339499999215
n1993	1969	0	0	75	109.38824531249213
n1991	1968	0	0	84	109.25870484374215
n1994	1972	0	0	85	109.51244390624211
n1992	1966	0	0	87	109.24802109374215
n1995	1971	0	0	87	109.50710203124211
n2029	1979	0	0	51	109.90774265624205
n2010	1976	0	0	63	109.74615093749208
n2009	1974	0	0	67	109.69406765624208
n1996	1975	0	0	75	109.6206168749921
n2011	1980	0	0	77	109.91041359374205
n1997	1977	0	0	79	109.76885390624207
n1998	1978	0	0	87	109.75416374999207
n2032	1989	0	0	60	110.32307343749198
n2031	1984	0	0	63	110.184184687492
n2030	1983	0	0	68	110.08001812499202
n2014	1985	0	0	76	110.206887656242
n2012	1982	0	0	80	110.07467624999202
n2015	1987	0	0	80	110.31773156249199
n2016	1986	0	0	88	110.30304140624199
n2013	1981	0	0	89	110.05597968749203
n2035	1994	0	0	51	110.69299828124193
n2034	1991	0	0	63	110.54476124999195
n2033	1988	0	0	68	110.46863953124196
n2017	1990	0	0	75	110.45528484374196
n2020	1995	0	0	77	110.70635296874192
n2018	1992	0	0	80	110.59283812499194
n2019	1993	0	0	87	110.57280609374195
n2038	2003	0	0	59	111.13904484374186
n2037	1999	0	0	63	110.97745312499188
n2036	1998	0	0	69	110.8719510937419
n2023	2000	0	0	76	110.96142749999188
n2021	1997	0	0	81	110.8439062499919
n2024	2002	0	0	81	111.08829703124186
n2025	2001	0	0	88	111.07360687499187
n2022	1996	0	0	89	110.8318870312419
n2059	2009	0	0	51	111.5316726562418
n2040	2006	0	0	63	111.37675828124182
n2039	2004	0	0	69	111.26992078124184
n2041	2010	0	0	74	111.5169824999918
n2026	2005	0	0	75	111.24988874999184
n2027	2008	0	0	81	111.40213218749182
n2028	2007	0	0	87	111.36473906249182
n2062	2021	0	0	58	111.99107390624175
n2061	2016	0	0	62	111.83081765624176
n2060	2014	0	0	68	111.70394812499177
n2044	2015	0	0	79	111.83749499999176
n2042	2012	0	0	80	111.69059343749177
n2045	2018	0	0	82	111.99508031249175
n2043	2013	0	0	89	111.68525156249177
n2046	2017	0	0	91	111.98172562499175
n2065	2026	0	0	51	112.5105712499917
n2064	2022	0	0	62	112.30090265624172
n2063	2020	0	0	68	112.16735578124172
n2050	2025	0	0	75	112.4932101562417
n2047	2019	0	0	77	112.14999468749173
n2048	2024	0	0	84	112.31025093749172
n2049	2023	0	0	92	112.30090265624172
n2068	2038	0	0	61	113.08081640624162
n2067	2031	0	0	63	112.89785718749165
n2066	2028	0	0	67	112.72958812499166
n2053	2030	0	0	84	112.89785718749165
n2051	2027	0	0	85	112.73359453124166
n2054	2034	0	0	87	113.10351937499162
n2052	2029	0	0	94	112.69887234374167
n2055	2032	0	0	96	113.09150015624162
n2089	2041	0	0	44	113.94620015624153
n2070	2037	0	0	63	113.58829453124157
n2069	2035	0	0	67	113.35992937499158
n2071	2042	0	0	80	113.93150999999153
n2056	2036	0	0	82	113.33989734374158
n2057	2040	0	0	85	113.60164921874157
n2058	2039	0	0	91	113.58295265624157
n2092	2050	0	0	51	114.46970390624146
n2091	2046	0	0	56	114.34283437499147
n2090	2045	0	0	60	114.21462937499149
n2074	2047	0	0	82	114.32013140624147
n2072	2043	0	0	84	114.1799071874915
n2075	2049	0	0	85	114.46569749999146
n2073	2044	0	0	92	114.1759007812415
n2076	2048	0	0	94	114.46035562499146
n2095	2056	0	0	44	114.8289449999914
n2094	2053	0	0	56	114.68872078124143
n2093	2051	0	0	63	114.58722515624144
n2077	2052	0	0	83	114.58722515624144
n2080	2057	0	0	84	114.8356223437414
n2078	2054	0	0	86	114.71275921874143
n2079	2055	0	0	95	114.69272718749143
n2098	2064	0	0	51	115.19886984374135
n2097	2062	0	0	56	115.05597468749137
n2096	2060	0	0	60	114.97985296874138
n2083	2061	0	0	85	115.05597468749137
n2081	2059	0	0	87	114.94245984374139
n2084	deletion
n2082	2058	0	0	96	114.94646624999139
n2085	2063	0	0	97	115.19753437499135
n2119	2070	0	0	44	115.5207178124913
n2100	2067	0	0	56	115.38449999999132
n2099	2065	0	0	63	115.31906203124133
n2086	2066	0	0	86	115.30837828124133
n2101	2071	0	0	87	115.5300660937413
n2087	2068	0	0	89	115.41655124999131
n2088	2069	0	0	98	115.42055765624131
n2122	2081	0	0	51	115.88797171874124
n2121	2075	0	0	55	115.79181796874126
n2120	2074	0	0	61	115.68898687499127
n2104	2076	0	0	89	115.75976671874126
n2102	2072	0	0	91	115.68498046874127
n2105	2077	0	0	92	115.86660421874124
n2103	2073	0	0	99	115.65292921874128
n2106	deletion
n2125	2084	0	0	44	116.23519359374119
n2124	2079	0	0	55	116.04288609374122
n2123	2078	0	0	63	116.02686046874122
n2110	2089	0	0	84	116.23652906249119
n2107	2080	0	0	87	115.99213828124122
n2108	2082	0	0	91	116.1069885937412
n2109	2083	0	0	99	116.10298218749121
n2128	2094	0	0	51	116.60645390624114
n2127	2090	0	0	56	116.48893265624116
n2126	2087	0	0	60	116.37808874999116
n2113	deletion
n2114	2091	0	0	85	116.58107999999115
n2111	2086	0	0	87	116.34069562499117
n2115	2092	0	0	94	116.57974453124115
n2112	2085	0	0	96	116.34069562499117
n2149	deletion
n2130	2098	0	0	56	116.82279984374112
n2129	2095	0	0	63	116.72531062499114
n2131	2101	0	0	82	116.9817206249911
n2116	2097	0	0	84	116.72397515624114
n2117	deletion
n2118	deletion
n2152	2110	0	0	51	117.38770312499103
n2151	deletion
n2150	2103	0	0	61	117.14865421874107
n2134	2105	0	0	84	117.23412421874106
n2132	2102	0	0	85	117.13797046874107
n2135	2107	0	0	87	117.36366468749104
n2133	2104	0	0	94	117.10591921874108
n2136	2106	0	0	96	117.33428437499104
n2155	2115	0	0	44	117.68284171874099
n2154	deletion
n2153	2111	0	0	63	117.49053421874102
n2137	2112	0	0	79	117.46783124999102
n2140	2116	0	0	80	117.70287374999099
n2138	2114	0	0	82	117.578675156241
n2139	2113	0	0	91	117.588023437491
n2158	2124	0	0	51	118.04876015624093
n2157	2121	0	0	56	117.91788421874095
n2156	2119	0	0	60	117.82974328124097
n2143	2120	0	0	79	117.92456156249095
n2144	2123	0	0	82	118.02338624999093
n2141	2118	0	0	84	117.79368562499097
n2145	2122	0	0	91	118.03006359374093
n2142	2117	0	0	92	117.82039499999097
n2179	2130	0	0	44	118.36927265624088
n2160	2126	0	0	56	118.2330548437409
n2159	2125	0	0	63	118.16761687499091
n2161	2131	0	0	75	118.39464656249088
n2146	2127	0	0	80	118.15960406249091
n2147	2128	0	0	84	118.2477449999909
n2148	2129	0	0	92	118.2771253124909
n2182	2138	0	0	51	118.73519109374084
n2181	2135	0	0	55	118.64170828124085
n2180	2133	0	0	61	118.53887718749085
n2164	2136	0	0	77	118.63636640624085
n2162	deletion
n2165	2137	0	0	80	118.76724234374083
n2163	2132	0	0	87	118.52819343749086
n2166	deletion
n2185	2144	0	0	44	119.0557035937408
n2184	2140	0	0	55	118.89678281249083
n2183	2139	0	0	63	118.87808624999083
n2170	2145	0	0	72	119.1198060937408
n2167	2141	0	0	75	118.87675078124083
n2168	2143	0	0	79	118.98625921874081
n2169	2142	0	0	87	118.99694296874081
n2188	2152	0	0	51	119.44031859374076
n2187	2148	0	0	56	119.33615203124077
n2186	2147	0	0	60	119.23332093749079
n2173	2149	0	0	70	119.35885499999077
n2174	deletion
n2171	2146	0	0	75	119.22664359374079
n2175	2150	0	0	82	119.47637624999075
n2172	deletion
n2209	2156	0	0	44	119.7741857812407
n2190	2153	0	0	56	119.64063890624072
n2189	2151	0	0	63	119.57920734374073
n2191	2157	0	0	70	119.8276045312407
n2176	2154	0	0	72	119.57920734374073
n2177	2155	0	0	75	119.70073499999071
n2178	deletion
n2212	2167	0	0	51	120.19352296874064
n2211	2161	0	0	55	120.05730515624066
n2210	2159	0	0	61	119.93844843749068
n2194	2162	0	0	72	120.06798890624066
n2192	2160	0	0	73	119.98518984374067
n2195	2164	0	0	75	120.20020031249064
n2193	2158	0	0	82	119.96382234374067
n2196	2163	0	0	84	120.18283921874064
n2215	2170	0	0	44	120.5273901562406
n2214	2165	0	0	55	120.35244374999063
n2213	deletion
n2197	2166	0	0	67	120.31772156249063
n2200	2171	0	0	68	120.57680249999059
n2198	2169	0	0	70	120.42856546874062
n2199	2168	0	0	79	120.42455906249062
n2218	2177	0	0	51	120.99480421874053
n2217	2175	0	0	56	120.84523171874055
n2216	2174	0	0	60	120.69966562499057
n2201	2172	0	0	72	120.71302031249057
n2203	2176	0	0	73	120.88396031249054
n2204	2178	0	0	77	121.03353281249052
n2202	2173	0	0	80	120.71836218749057
n2205	2179	0	0	85	121.03753921874052
n2239	2185	0	0	44	121.38476109374047
n2220	2182	0	0	56	121.22851124999049
n2219	2180	0	0	63	121.1363639062405
n2221	2186	0	0	68	121.41280593749046
n2206	2181	0	0	72	121.1630732812405
n2207	2183	0	0	75	121.28192999999048
n2208	2184	0	0	84	121.27792359374048
n2242	2194	0	0	51	121.7987564062404
n2241	2190	0	0	56	121.67856421874042
n2240	2189	0	0	60	121.55436562499044
n2222	2188	0	0	72	121.54234640624044
n2224	2191	0	0	73	121.67188687499042
n2225	2192	0	0	77	121.7974209374904
n2223	2187	0	0	80	121.52899171874044
n2226	2193	0	0	85	121.8094401562404
n2245	2200	0	0	44	122.19672609374035
n2244	2197	0	0	56	122.02177968749037
n2243	2195	0	0	63	121.93898062499038
n2230	2201	0	0	68	122.21675812499035
n2227	2196	0	0	72	121.92696140624038
n2228	2199	0	0	75	122.04581812499036
n2229	2198	0	0	84	122.04448265624036
n2248	2208	0	0	51	122.66681109374028
n2247	2204	0	0	56	122.4972065624903
n2246	2203	0	0	60	122.36633062499033
n2231	deletion
n2233	2205	0	0	73	122.4918646874903
n2234	2207	0	0	77	122.65612734374028
n2232	2202	0	0	80	122.33561484374033
n2235	2206	0	0	85	122.65879828124028
n2271	2219	0	0	44	123.26109468749019
n2250	2211	0	0	56	122.96328515624023
n2249	2209	0	0	63	122.82706734374025
n2251	2214	0	0	68	123.37594499999017
n2236	2210	0	0	72	122.81371265624026
n2237	2213	0	0	75	122.98999453124023
n2238	2212	0	0	84	122.98598812499023
n2252	2215	0	0	72	123.57893624999014
n2253	2216	0	0	80	123.57760078124014
n2254	2217	0	0	80	123.76990828124012
n2255	2220	0	0	84	123.92348718749012
n2256	2218	0	0	92	123.92348718749012
n2260	2224	0	0	68	124.38689484374011
n2258	2223	0	0	72	124.2186257812401
n2257	2221	0	0	80	124.07573062499011
n2259	2222	0	0	80	124.2199612499901
n2274	2232	0	0	37	124.89437296874009
n2275	2231	0	0	49	124.88769562499009
n2263	2227	0	0	56	124.6967235937401
n2261	2226	0	0	60	124.5418092187401
n2264	2228	0	0	61	124.89170203124009
n2265	2229	0	0	64	124.89170203124009
n2262	2225	0	0	68	124.5471510937401
n2266	2230	0	0	68	124.89303749999009
n2299	2258	0	0	32	125.71969265624006
n2300	2259	0	0	44	125.71568624999006
n2267	2233	0	0	68	125.14277015624006
n2276	2238	0	0	68	125.70900890624006
n2268	2235	0	0	73	125.37380624999007
n2269	2234	0	0	76	125.36979984374007
n2270	2236	0	0	80	125.36445796874007
n2277	2237	0	0	72	126.00147656249001
n2278	2239	0	0	75	126.00548296874001
n2279	2240	0	0	80	125.99479921874001
n2280	2241	0	0	80	126.23384812498999
n2281	2243	0	0	84	126.40478812498999
n2282	2244	0	0	87	126.40879453123999
n2283	2242	0	0	92	126.41280093748999
n2288	2249	0	0	68	126.98705249998999
n2298	2261	0	0	68	127.28486203124
n2285	2247	0	0	72	126.77871937498999
n2286	2248	0	0	75	126.76269374998999
n2284	2245	0	0	80	126.57172171874
n2287	2246	0	0	80	126.76536468748999
n2291	2252	0	0	56	127.57332328124
n2292	2253	0	0	58	127.88448749999
n2289	2250	0	0	60	127.30622953123999
n2293	2254	0	0	61	127.88448749999
n2290	2251	0	0	63	127.30088765624
n2294	2260	0	0	56	128.27444437498997
n2296	2256	0	0	58	128.7164845312399
n2295	2255	0	0	60	128.25841874998997
n2301	2262	0	0	60	129.5177657812398
n2297	2257	0	0	61	128.7138135937399
n2302	2263	0	0	63	129.5110884374898
insertion	8	0	0	80	2.60015765625
insertion	14	0	0	82	2.8044843749999995
insertion	18	0	0	80	3.0315140624999994
insertion	27	0	0	78	3.4495157812499984
insertion	29	0	0	82	3.4815670312499982
insertion	34	0	0	55	3.7940667187499972
insertion	39	0	0	80	4.051812187499998
insertion	41	0	0	55	4.065166874999997
insertion	59	0	0	42	4.943905312499999
insertion	102	0	0	76	6.900367031250005
insertion	137	0	0	83	8.609767031250005
insertion	155	0	0	55	9.377661562500007
insertion	157	0	0	81	9.516550312500005
insertion	160	0	0	55	9.646090781250004
insertion	173	0	0	54	10.154904375000005
insertion	187	0	0	74	10.79993578125
insertion	189	0	0	74	10.998920624999998
insertion	186	0	0	57	10.827980624999999
insertion	188	0	0	85	10.898760468749998
insertion	201	0	0	79	11.570501249999998
insertion	196	0	0	85	11.451644531249999
insertion	199	0	0	88	11.479689374999998
insertion	203	0	0	90	11.789518124999999
insertion	207	0	0	82	11.909710312499998
insertion	232	0	0	80	13.274559374999999
insertion	346	0	0	60	19.121241562499975
insertion	374	0	0	74	20.432671874999958
insertion	377	0	0	82	20.490097031249956
insertion	371	0	0	80	20.323163437499957
insertion	412	0	0	54	21.993834843749926
insertion	433	0	0	87	23.02481671874992
insertion	438	0	0	87	23.201098593749922
insertion	485	0	0	71	26.057666249999894
insertion	490	0	0	78	26.22593531249989
insertion	514	0	0	38	27.385122187499885
insertion	632	0	0	73	33.802049531249594
insertion	662	0	0	68	35.62095796874934
insertion	668	0	0	67	36.05765624999927
insertion	697	0	0	59	37.361073749999186
insertion	706	0	0	42	37.925977031249175
insertion	738	0	0	79	39.90113531249907
insertion	780	0	0	66	42.371752499998806
insertion	861	0	0	57	47.89925765624825
insertion	866	0	0	57	48.20240906249822
insertion	879	0	0	72	48.95694890624813
insertion	884	0	0	75	49.01838046874812
insertion	894	0	0	73	49.472439843748084
insertion	915	0	0	78	50.526124687497955
insertion	925	0	0	75	51.034938281247896
insertion	926	0	0	80	51.0068934374979
insertion	935	0	0	46	51.42489515624785
insertion	937	0	0	86	51.523719843747834
insertion	952	0	0	46	52.18477687499775
insertion	1041	0	0	80	57.4812459374972
insertion	1046	0	0	82	57.66687609374718
insertion	1073	0	0	87	58.81938562499713
insertion	1085	0	0	65	59.467087968747094
insertion	1092	0	0	92	59.77691671874707
insertion	1094	0	0	90	59.842354687497064
insertion	1158	0	0	80	63.040802343746876
insertion	1168	0	0	60	63.517564687496844
insertion	1172	0	0	57	63.61238296874684
insertion	1197	0	0	47	64.97322562499679
insertion	1202	0	0	87	65.17354593749677
insertion	1200	0	0	81	65.14683656249677
insertion	1201	0	0	82	65.14015921874677
insertion	1231	0	0	84	66.80281781249663
insertion	1248	0	0	63	67.61878921874653
insertion	1254	0	0	56	67.75367156249654
insertion	1263	0	0	81	68.41339312499649
insertion	1273	0	0	80	68.73390562499647
insertion	1274	0	0	88	68.76862781249646
insertion	1291	0	0	98	69.60997312499639
insertion	1293	0	0	86	69.72882984374637
insertion	1296	0	0	87	69.82097718749635
insertion	1297	0	0	77	69.87973781249634
insertion	1300	0	0	69	70.06002609374634
insertion	1301	0	0	73	70.06536796874634
insertion	1305	0	0	73	70.26301734374633
insertion	1309	0	0	70	70.4459765624963
insertion	1316	0	0	58	70.66766437499626
insertion	1323	0	0	39	70.95879656249625
insertion	1327	0	0	97	71.22722578124625
insertion	1331	0	0	64	71.43689437499624
insertion	1333	0	0	60	71.45291999999624
insertion	1338	0	0	85	71.53171265624624
insertion	1345	0	0	51	71.79479999999624
insertion	1365	0	0	82	73.13961703124613
insertion	1369	0	0	70	73.38534328124611
insertion	1378	0	0	76	73.75526812499606
insertion	1381	0	0	88	73.86611203124605
insertion	1386	0	0	58	74.04773578124603
insertion	1398	0	0	84	74.609968124996
insertion	1399	0	0	82	74.68208343749599
insertion	1401	0	0	70	74.81696578124598
insertion	1403	0	0	78	74.86904906249599
insertion	1404	0	0	73	74.90110031249598
insertion	1406	0	0	78	74.95184812499598
insertion	1410	0	0	73	75.05601468749596
insertion	1412	0	0	61	75.08272406249596
insertion	1422	0	0	77	75.59687953124593
insertion	1430	0	0	39	75.98950734374591
insertion	1428	0	0	83	75.87198609374592
insertion	1441	0	0	71	76.45692140624587
insertion	1442	0	0	63	76.53170765624586
insertion	1448	0	0	91	76.80013687499586
insertion	1455	0	0	54	77.17940999999581
insertion	1458	0	0	58	77.2488543749958
insertion	1476	0	0	79	78.26113968749573
insertion	1530	0	0	95	81.81882843749544
insertion	1538	0	0	95	82.27555874999537
insertion	1541	0	0	87	82.25686218749537
insertion	1549	0	0	86	82.7443082812453
insertion	1566	0	0	92	83.87411484374515
insertion	1569	0	0	85	84.1345312499951
insertion	1580	0	0	81	84.89975484374501
insertion	1648	0	0	78	91.88959828124436
insertion	1722	0	0	76	95.52741515624382
insertion	1765	0	0	82	97.80438937499349
insertion	1775	0	0	51	98.39600203124344
insertion	1781	0	0	74	98.6417282812434
insertion	1791	0	0	54	98.92618312499337
insertion	1817	0	0	79	100.34177999999325
insertion	1838	0	0	78	101.43152249999319
insertion	1848	0	0	89	101.82281484374313
insertion	1904	0	0	50	105.80918906249264
insertion	1913	0	0	79	106.51698749999255
insertion	1953	0	0	70	108.51351328124227
insertion	2011	0	0	76	111.57173671874179
insertion	2033	0	0	95	113.14091249999161
insertion	2093	0	0	94	116.65853718749113
insertion	2088	0	0	86	116.38610156249116
insertion	2096	0	0	51	116.79074859374113
insertion	2099	0	0	92	116.84683828124112
insertion	2100	0	0	46	116.9510048437411
insertion	2108	0	0	95	117.37969031249104
insertion	2109	0	0	54	117.25549171874106
insertion	2134	0	0	56	118.59897328124086
