xml_id	midi_id	track	channel	pitch	onset
n25	26	1	0	53	1.028125
n21	4	1	0	56	0.9968749999999998
n22	7	1	0	58	2.7010416666666663
n1	0	1	0	65	1.0062499999999999
n14	deletion
n5	6	1	0	67	2.677083333333333
n15	deletion
n2	3	1	0	68	1.6395833333333325
n3	2	1	0	72	2.0083333333333324
n7	8	1	0	76	3.3187500000000005
n4	1	1	0	77	2.3302083333333328
n6	5	1	0	77	3.0135416666666672
n8	9	1	0	79	3.6458333333333344
n23	14	1	0	60	3.9864583333333345
n9	11	1	0	68	3.9895833333333344
n16	deletion
n10	12	1	0	72	4.321874999999999
n12	13	1	0	76	4.9656249999999975
n11	10	1	0	77	4.645833333333332
n24	18	1	0	56	5.358333333333328
n20	17	1	0	68	6.3999999999999915
n19	16	1	0	70	6.085416666666661
n18	15	1	0	72	5.762499999999994
n13	19	1	0	77	5.349999999999995
n17	deletion
n55	24	1	0	58	6.779166666666655
n38	21	1	0	67	7.459374999999987
n37	20	1	0	68	7.108333333333321
n39	22	1	0	70	7.76458333333332
n26	23	1	0	73	6.757291666666656
n36	deletion
n56	29	1	0	55	8.137499999999989
n61	51	1	0	55	10.935416666666672
n67	deletion
n40	28	1	0	64	8.128124999999988
n30	30	1	0	70	9.144791666666658
n29	27	1	0	72	8.813541666666655
n28	25	1	0	73	8.473958333333321
n57	32	1	0	53	9.547916666666659
n66	deletion
n58	37	1	0	56	10.033333333333328
n59	35	1	0	60	10.354166666666664
n41	31	1	0	65	9.59166666666666
n60	34	1	0	65	10.645833333333334
n31	33	1	0	68	9.570833333333326
n32	36	1	0	70	10.627083333333333
n63	47	1	0	64	11.615625000000005
n62	45	1	0	65	11.291666666666675
n64	50	1	0	67	11.945833333333342
n34	48	1	0	68	11.903125000000006
n78	52	1	0	68	12.76250000000001
n33	39	1	0	70	11.154166666666676
n44	41	1	0	70	11.332291666666674
n46	43	1	0	70	11.447916666666673
n48	46	1	0	70	11.613541666666672
n50	deletion
n54	49	1	0	70	12.07187500000001
n52	deletion
n35	deletion
n43	38	1	0	72	11.04375000000001
n45	40	1	0	72	11.232291666666676
n47	42	1	0	72	11.396875000000007
n49	44	1	0	72	11.53020833333334
n68	56	1	0	72	12.361458333333346
n53	deletion
n51	deletion
n95	54	1	0	56	12.436458333333343
n105	deletion
n79	53	1	0	64	13.077083333333343
n80	55	1	0	65	13.40416666666668
n77	deletion
n96	61	1	0	58	13.765625000000012
n81	60	1	0	61	13.767708333333346
n70	58	1	0	67	14.450000000000015
n71	59	1	0	70	14.788541666666685
n69	57	1	0	73	14.134375000000015
n97	64	1	0	48	15.17500000000002
n106	deletion
n98	68	1	0	52	15.667708333333358
n99	66	1	0	55	15.975000000000025
n82	62	1	0	60	15.294791666666688
n100	67	1	0	60	16.24479166666669
n72	63	1	0	64	15.25937500000002
n73	65	1	0	65	16.248958333333356
n101	81	1	0	49	16.504166666666684
n107	deletion
n103	78	1	0	58	17.11250000000001
n102	75	1	0	60	16.823958333333344
n104	82	1	0	61	17.45729166666668
n75	79	1	0	64	17.466666666666683
n84	70	1	0	65	16.728125000000013
n86	72	1	0	65	16.88125000000001
n88	74	1	0	65	17.027083333333344
n90	77	1	0	65	17.165625000000013
n76	80	1	0	65	17.633333333333347
n74	deletion
n92	deletion
n94	deletion
n83	69	1	0	67	16.598958333333346
n85	71	1	0	67	16.795833333333345
n87	73	1	0	67	16.94791666666668
n89	76	1	0	67	17.084375000000012
n91	deletion
n93	deletion
n137	91	1	0	52	17.910416666666674
n149	deletion
n138	86	1	0	55	18.64062500000001
n108	84	1	0	67	17.93020833333334
n121	deletion
n110	85	1	0	70	18.644791666666677
n109	83	1	0	72	18.326041666666676
n111	87	1	0	73	18.97500000000001
n140	90	1	0	48	19.955208333333328
n139	88	1	0	60	19.315625000000004
n122	93	1	0	64	19.311458333333338
n115	94	1	0	70	20.295833333333324
n114	92	1	0	72	19.96666666666666
n113	89	1	0	73	19.626041666666662
n141	95	1	0	41	20.755208333333325
n150	deletion
n142	100	1	0	45	21.196874999999995
n143	98	1	0	48	21.50520833333333
n144	99	1	0	53	21.791666666666657
n123	96	1	0	63	20.83541666666666
n116	97	1	0	69	20.81979166666666
n117	101	1	0	70	21.79791666666666
n145	115	1	0	42	22.053124999999987
n151	deletion
n147	111	1	0	51	22.684374999999978
n146	108	1	0	53	22.39062499999998
n148	116	1	0	54	23.03020833333331
n124	114	1	0	61	22.18541666666665
n119	113	1	0	69	23.039583333333308
n128	103	1	0	70	22.310416666666647
n130	105	1	0	70	22.478124999999977
n132	107	1	0	70	22.626041666666644
n134	110	1	0	70	22.782291666666644
n120	112	1	0	70	23.20104166666664
n118	deletion
n126	deletion
n136	deletion
n125	102	1	0	72	22.171874999999986
n127	deletion
n129	104	1	0	72	22.39583333333331
n131	106	1	0	72	22.56249999999998
n133	109	1	0	72	22.71145833333331
n135	deletion
n170	118	1	0	45	23.459374999999973
n178	deletion
n171	119	1	0	48	24.215624999999964
n161	120	1	0	63	24.20729166666663
n160	117	1	0	65	23.887499999999964
n162	121	1	0	66	24.540624999999963
n152	126	1	0	72	23.481249999999974
n180	127	1	0	41	25.51562499999995
n172	123	1	0	45	24.862499999999958
n179	deletion
n166	125	1	0	63	25.85312499999995
n165	124	1	0	65	25.516666666666616
n164	122	1	0	66	25.183333333333287
n173	131	1	0	46	26.278124999999946
n167	142	1	0	61	26.27708333333328
n155	129	1	0	70	27.014583333333274
n154	128	1	0	72	26.69374999999994
n156	130	1	0	73	27.343749999999943
n175	135	1	0	46	28.027083333333263
n176	137	1	0	48	28.376041666666588
n177	141	1	0	49	28.651041666666583
n157	132	1	0	67	27.68958333333327
n158	134	1	0	68	28.47395833333325
n169	138	1	0	68	28.615624999999916
n168	136	1	0	70	28.547916666666584
n198	143	1	0	43	29.09687499999992
n199	145	1	0	46	29.794791666666583
n189	144	1	0	60	29.47916666666659
n190	146	1	0	61	29.793749999999918
n191	147	1	0	65	30.113541666666585
n181	154	1	0	70	29.10312499999992
n211	151	1	0	39	31.178124999999913
n210	149	1	0	51	30.456249999999915
n200	148	1	0	55	30.46145833333325
n195	153	1	0	61	31.55729166666658
n194	152	1	0	63	31.167708333333245
n193	150	1	0	65	30.815624999999912
n202	155	1	0	44	32.07083333333325
n212	deletion
n203	158	1	0	48	32.4979166666666
n204	160	1	0	51	32.85520833333328
n205	159	1	0	56	33.17187499999998
n196	156	1	0	60	32.068749999999916
n183	157	1	0	68	32.5291666666666
n184	161	1	0	72	32.86874999999995
n206	164	1	0	46	33.48749999999998
n213	deletion
n208	166	1	0	55	34.14895833333335
n207	162	1	0	56	33.835416666666674
n209	167	1	0	58	34.498958333333356
n197	163	1	0	61	33.505208333333314
n186	165	1	0	70	33.81875000000001
n187	168	1	0	73	34.14375000000001
n232	170	1	0	48	34.81145833333336
n248	deletion
n233	172	1	0	51	35.112500000000054
n234	174	1	0	56	35.4770833333334
n235	173	1	0	60	35.7927083333334
n228	169	1	0	63	34.80520833333336
n215	171	1	0	72	35.10625000000005
n216	175	1	0	75	35.4708333333334
n236	178	1	0	49	36.12083333333342
n249	deletion
n238	180	1	0	58	36.816666666666784
n237	176	1	0	60	36.4343750000001
n239	181	1	0	61	37.16562500000013
n229	177	1	0	65	36.11562500000009
n218	179	1	0	73	36.43020833333343
n219	183	1	0	77	36.83645833333345
n240	184	1	0	51	37.57500000000015
n250	deletion
n241	187	1	0	55	38.01145833333351
n242	189	1	0	58	38.35520833333352
n243	188	1	0	63	38.67916666666687
n230	182	1	0	67	37.60416666666681
n223	190	1	0	72	38.665625000000205
n222	186	1	0	73	38.36250000000019
n221	185	1	0	75	38.025000000000176
n244	194	1	0	53	39.00208333333356
n251	deletion
n246	198	1	0	61	39.64687500000025
n245	193	1	0	63	39.3041666666669
n247	197	1	0	65	39.997916666666946
n225	192	1	0	67	39.3104166666669
n226	195	1	0	68	39.62500000000025
n224	191	1	0	70	38.989583333333556
n227	196	1	0	73	39.97916666666694
n268	207	1	0	55	40.3531250000003
n274	deletion
n271	210	1	0	61	41.32604166666699
n270	208	1	0	63	41.00729166666697
n269	206	1	0	65	40.673958333333644
n252	200	1	0	70	40.518750000000296
n264	202	1	0	70	40.69479166666698
n263	199	1	0	72	40.41041666666697
insertion	201	1	0	72	40.60729166666697
n276	215	1	0	55	42.50625000000036
n275	211	1	0	56	41.785416666667
n272	221	1	0	60	41.769791666667
n254	212	1	0	63	42.18958333333369
n255	213	1	0	65	42.517708333333694
n256	214	1	0	67	42.82187500000036
n278	219	1	0	49	43.82812500000037
n277	218	1	0	53	43.16250000000037
n258	217	1	0	67	43.49062500000037
n257	216	1	0	68	43.15312500000037
n259	220	1	0	68	43.81666666666704
n260	222	1	0	77	44.154166666667045
n279	232	1	0	51	44.53125000000039
n273	224	1	0	58	44.680208333333724
n281	226	1	0	58	44.865625000000406
n280	223	1	0	60	44.54687500000039
insertion	225	1	0	60	44.78541666666706
n267	234	1	0	67	45.164583333333745
n266	229	1	0	68	44.87083333333374
n262	235	1	0	73	45.491666666667086
n261	233	1	0	75	44.54895833333372
n301	238	1	0	44	45.94895833333378
n291	240	1	0	56	45.93541666666711
n283	237	1	0	68	46.362500000000466
n282	236	1	0	72	45.93125000000044
n284	239	1	0	72	46.685416666667145
n285	241	1	0	76	47.01875000000049
n305	247	1	0	53	48.323958333333906
n304	245	1	0	55	48.02291666666724
n303	243	1	0	56	47.71979166666722
n288	246	1	0	76	48.01041666666725
n286	242	1	0	77	47.35937500000051
n289	248	1	0	77	48.321875000000574
n287	244	1	0	79	47.69270833333388
n293	249	1	0	52	48.760416666667254
n306	deletion
n294	250	1	0	55	49.14479166666726
n295	251	1	0	58	49.44479166666728
n296	252	1	0	61	49.780208333333945
n290	255	1	0	79	48.73854166666725
n297	256	1	0	48	50.101041666667285
n307	deletion
n299	254	1	0	52	50.76770833333401
n298	253	1	0	53	50.431250000000645
n300	257	1	0	55	51.09479166666734
n344	259	1	0	53	51.55937500000068
n335	266	1	0	56	51.56979166666734
n309	261	1	0	72	52.009375000000674
n310	258	1	0	77	52.34583333333402
n311	260	1	0	80	52.67291666666738
n348	269	1	0	50	54.015625000000774
n347	265	1	0	51	53.67604166666742
n346	263	1	0	53	53.34375000000073
n314	267	1	0	71	53.68020833333409
n315	268	1	0	72	54.041666666667446
n312	262	1	0	74	53.02604166666739
n313	264	1	0	77	53.336458333334065
n336	278	1	0	55	54.444791666667456
n349	deletion
n337	279	1	0	59	54.83645833333412
n338	282	1	0	62	55.16458333333412
n339	281	1	0	67	55.461458333334114
n316	271	1	0	71	54.617708333334136
n322	273	1	0	71	54.79479166666746
n321	270	1	0	72	54.49791666666746
n317	272	1	0	72	54.7250000000008
n318	274	1	0	72	54.88125000000079
n324	276	1	0	72	55.005208333334124
n326	280	1	0	72	55.44895833333412
n328	284	1	0	72	55.94270833333413
n330	286	1	0	72	56.094791666667476
n332	288	1	0	72	56.23020833333415
n334	291	1	0	72	56.36562500000081
n320	294	1	0	72	56.81145833333417
n340	296	1	0	56	55.73437500000079
n350	deletion
n342	292	1	0	65	56.33541666666748
n341	289	1	0	67	56.0437500000008
n343	295	1	0	68	56.65312500000083
n319	293	1	0	71	56.64583333333416
n323	283	1	0	74	55.83229166666746
n325	285	1	0	74	56.029166666667464
n327	287	1	0	74	56.17812500000081
n329	290	1	0	74	56.30416666666748
n331	deletion
n333	deletion
n370	305	1	0	59	57.09270833333419
n374	deletion
n371	303	1	0	62	57.822916666667574
n351	298	1	0	74	57.10520833333418
n362	deletion
n353	299	1	0	77	57.81979166666758
n352	297	1	0	79	57.49375000000088
n354	300	1	0	80	58.156250000000924
n376	304	1	0	55	59.167708333334275
n372	301	1	0	67	58.504166666667594
n375	deletion
n363	306	1	0	71	58.479166666667595
n358	308	1	0	77	59.48854166666763
n357	307	1	0	79	59.152083333334275
n356	302	1	0	80	58.809375000000934
n378	310	1	0	56	60.62395833333432
n373	325	1	0	60	59.897916666667626
n377	deletion
n364	309	1	0	75	59.89062500000096
n365	313	1	0	77	60.61979166666765
n360	312	1	0	83	60.94479166666768
n359	311	1	0	84	60.29166666666764
n379	314	1	0	51	61.343750000001016
n380	319	1	0	53	62.04375000000107
n369	318	1	0	77	62.36562500000109
n367	315	1	0	79	61.70833333333438
n368	317	1	0	80	62.0270833333344
n361	316	1	0	84	61.33854166666768
n405	327	1	0	55	62.828125000001094
n389	322	1	0	66	63.92708333333444
n387	320	1	0	71	63.244791666667766
n388	321	1	0	72	63.5875000000011
n381	323	1	0	75	62.79791666666776
n386	deletion
n398	326	1	0	59	64.99583333333445
n391	330	1	0	65	65.39687500000106
n390	328	1	0	67	64.25208333333444
n383	324	1	0	72	64.57916666666777
n384	329	1	0	74	64.96875000000111
n406	338	1	0	48	65.80833333333439
n400	335	1	0	55	66.61458333333431
n399	332	1	0	60	65.82395833333437
n394	333	1	0	64	66.6020833333343
n393	331	1	0	65	66.265625000001
n395	334	1	0	67	66.95000000000095
n385	339	1	0	72	65.81875000000105
n403	340	1	0	52	68.05729166666745
n402	336	1	0	53	67.66562500000086
n404	341	1	0	55	68.50000000000075
n396	337	1	0	60	67.33333333333422
n433	342	1	0	45	69.04687500000072
n423	346	1	0	53	69.9531250000006
n407	343	1	0	65	69.16458333333404
n417	deletion
n408	345	1	0	69	69.60937500000067
n409	344	1	0	72	69.9343750000006
n410	347	1	0	75	70.25625000000059
n434	349	1	0	41	70.59375000000055
n424	348	1	0	53	71.26562500000048
n418	351	1	0	69	70.58958333333389
n413	352	1	0	72	71.24791666666715
n414	353	1	0	75	71.59166666666708
n412	350	1	0	78	70.9312500000005
n425	355	1	0	46	72.0187500000004
n435	deletion
n426	356	1	0	49	72.404166666667
n427	358	1	0	53	72.75729166666696
n428	357	1	0	58	73.06979166666694
n420	354	1	0	70	72.72395833333363
n415	359	1	0	73	72.00416666666706
n436	363	1	0	48	73.38229166666692
n431	361	1	0	56	74.0833333333335
n430	360	1	0	58	73.7156250000002
n432	364	1	0	60	74.42395833333346
n421	362	1	0	64	73.38854166666691
n416	366	1	0	72	74.06250000000016
n462	367	1	0	50	74.8395833333334
n463	372	1	0	52	75.52604166666664
n458	365	1	0	53	74.85833333333339
n459	373	1	0	55	75.53124999999997
n440	371	1	0	64	75.84583333333327
n450	369	1	0	65	74.8333333333334
n439	370	1	0	67	75.49999999999997
n438	368	1	0	70	75.16250000000002
n464	379	1	0	53	76.23958333333323
n460	378	1	0	56	76.27708333333322
n441	374	1	0	60	76.25833333333323
n442	375	1	0	64	76.61249999999986
n443	376	1	0	65	76.95208333333318
n451	deletion
n444	377	1	0	71	77.28020833333315
n465	385	1	0	48	77.71979166666644
n461	387	1	0	55	77.71145833333311
n454	386	1	0	64	78.57812499999969
n456	deletion
n453	380	1	0	65	78.20520833333302
n455	382	1	0	67	78.92187499999969
n445	381	1	0	72	77.71562499999978
n467	389	1	0	49	80.26458333333292
n446	383	1	0	70	79.2343749999997
n449	390	1	0	70	80.25312499999959
n448	388	1	0	72	79.9291666666663
n447	384	1	0	73	79.58854166666637
n487	394	1	0	51	80.7302083333329
n493	391	1	0	53	80.73437499999956
n488	397	1	0	63	81.42083333333278
n469	393	1	0	65	81.09374999999949
n468	392	1	0	69	80.72499999999957
n470	395	1	0	69	81.41458333333279
n471	396	1	0	72	81.73333333333274
n490	400	1	0	60	82.93958333333265
n489	399	1	0	61	82.16979166666606
n480	402	1	0	69	82.92083333333267
n479	398	1	0	70	82.56874999999934
n473	403	1	0	75	83.24791666666594
n472	401	1	0	77	82.14062499999939
n478	deletion
n497	411	1	0	46	84.74062499999916
n496	408	1	0	49	84.40937499999919
n495	405	1	0	53	84.1031249999992
n491	407	1	0	58	83.6979166666659
n494	deletion
n483	406	1	0	67	84.42395833333252
n482	404	1	0	68	84.0843749999992
n484	410	1	0	70	84.73541666666583
n474	409	1	0	73	83.68541666666592
n501	417	1	0	46	86.0895833333324
n499	413	1	0	48	85.41041666666578
n500	415	1	0	49	85.75416666666578
n492	418	1	0	55	85.09374999999913
n485	412	1	0	64	85.06770833333248
n486	416	1	0	65	85.74895833333245
n477	419	1	0	70	86.06979166666574
n476	414	1	0	72	85.40624999999912
n528	427	1	0	48	86.46458333333234
n523	421	1	0	55	86.82395833333229
n524	422	1	0	56	87.17395833333228
n525	424	1	0	59	87.49791666666555
n515	423	1	0	64	86.44999999999901
n516	425	1	0	65	87.47187499999889
n504	426	1	0	72	87.14270833333228
n503	420	1	0	73	86.80833333333229
n529	432	1	0	48	88.76354166666542
n526	431	1	0	60	87.95312499999883
n519	430	1	0	64	88.75937499999876
n518	428	1	0	65	88.37604166666547
n506	433	1	0	67	89.2354166666654
n505	429	1	0	68	87.93749999999883
n530	438	1	0	49	89.91874999999862
n507	434	1	0	65	89.87812499999863
n520	deletion
n508	437	1	0	68	90.53229166666526
n509	435	1	0	72	90.93854166666517
n510	436	1	0	77	91.26979166666516
n527	440	1	0	58	91.64270833333183
n521	441	1	0	67	91.61666666666515
n513	442	1	0	76	92.3229166666651
n512	439	1	0	77	91.98124999999845
n514	443	1	0	79	92.6624999999984
n555	531	1	0	48	93.05104166666507
n551	448	1	0	60	93.0562499999984
n531	445	1	0	68	93.0343749999984
n541	deletion
n532	447	1	0	72	93.39479166666504
n534	446	1	0	76	94.0624999999983
n533	444	1	0	77	93.74583333333169
n552	452	1	0	56	94.50208333333163
n545	451	1	0	68	95.53020833333152
n544	450	1	0	70	95.2010416666649
n543	449	1	0	72	94.86562499999825
n535	453	1	0	77	94.46666666666496
n542	deletion
n553	458	1	0	58	95.9479166666648
n548	455	1	0	67	96.63749999999807
n547	454	1	0	68	96.27812499999807
n549	456	1	0	70	96.96458333333135
n536	457	1	0	73	95.90520833333147
n546	deletion
n554	463	1	0	55	97.32604166666464
n550	460	1	0	64	97.32812499999797
n540	462	1	0	70	98.35520833333116
n539	461	1	0	72	98.02083333333121
n538	459	1	0	73	97.6687499999979
n574	469	1	0	56	98.74895833333113
n564	467	1	0	62	99.40104166666436
n563	465	1	0	63	99.07916666666439
n562	464	1	0	65	98.7343749999978
n565	468	1	0	65	99.736458333331
n556	466	1	0	68	98.72395833333113
n575	473	1	0	53	100.142708333331
n566	474	1	0	59	100.127083333331
n560	472	1	0	65	101.17187499999764
n559	471	1	0	67	100.85624999999767
n558	470	1	0	68	100.48437499999767
n576	476	1	0	55	101.59791666666432
n568	477	1	0	58	102.29895833333099
n567	475	1	0	60	101.94166666666432
n569	478	1	0	61	102.64479166666429
n561	483	1	0	64	101.57395833333098
n577	484	1	0	52	103.04791666666422
n570	481	1	0	55	103.04166666666423
n573	482	1	0	58	104.15624999999748
n572	480	1	0	60	103.77083333333086
n571	479	1	0	61	103.40312499999752
n595	485	1	0	53	104.68124999999743
n596	487	1	0	56	104.66458333333077
n581	488	1	0	70	105.53437499999734
n580	486	1	0	72	105.16979166666405
n582	489	1	0	73	105.87604166666398
n597	494	1	0	55	106.24687499999732
n598	491	1	0	58	106.24687499999732
n583	490	1	0	64	106.22604166666399
n586	495	1	0	70	107.26874999999724
n585	493	1	0	72	106.94062499999724
n584	492	1	0	73	106.58749999999729
n599	498	1	0	56	107.6656249999972
n600	497	1	0	60	107.67395833333053
n587	496	1	0	68	107.64479166666388
n589	499	1	0	77	108.34166666666381
n588	500	1	0	79	108.00729166666385
n590	501	1	0	80	108.6760416666638
n601	507	1	0	53	109.07083333333047
n602	504	1	0	56	109.08020833333048
n591	502	1	0	71	109.06562499999714
n594	506	1	0	77	110.12916666666375
n593	505	1	0	79	109.79166666666376
n592	503	1	0	80	109.46874999999712
n620	511	1	0	55	110.51145833333041
n621	513	1	0	58	110.51354166666374
n604	508	1	0	76	110.50416666666375
n607	512	1	0	76	111.57083333333036
n605	509	1	0	77	110.8708333333304
n606	510	1	0	79	111.2145833333304
n622	516	1	0	52	112.06249999999703
n623	519	1	0	55	112.06249999999703
n611	518	1	0	70	113.19479166666365
n610	517	1	0	72	112.86249999999698
n609	515	1	0	73	112.50624999999702
n608	514	1	0	82	112.03541666666369
n627	525	1	0	53	113.56562499999698
n624	522	1	0	60	113.58333333333032
n615	524	1	0	65	114.62812499999687
n612	520	1	0	68	113.54791666666365
n613	521	1	0	70	113.90833333333028
n614	523	1	0	72	114.24895833333026
n625	530	1	0	59	115.07604166666351
n619	529	1	0	65	116.17187499999672
n618	528	1	0	67	115.82499999999679
n617	526	1	0	68	115.47812499999681
n616	527	1	0	74	115.05312499999685
n641	532	1	0	55	116.64791666666332
n634	534	1	0	55	117.41979166666322
n635	536	1	0	58	117.75312499999656
n633	535	1	0	60	117.07604166666324
n628	533	1	0	64	116.62812499999666
n648	539	1	0	47	118.9041666666631
n649	540	1	0	50	119.32708333332977
n647	537	1	0	53	118.4968749999965
n642	538	1	0	56	118.13229166666324
n629	541	1	0	65	118.11979166666323
n650	548	1	0	36	119.9447916666631
n644	544	1	0	53	120.95624999999636
n643	542	1	0	55	119.92812499999643
n637	545	1	0	59	120.94999999999636
n638	546	1	0	60	121.34062499999631
n636	543	1	0	62	120.5531249999964
n645	550	1	0	55	121.75520833332959
n630	549	1	0	58	122.19479166666288
n639	deletion
n631	547	1	0	60	122.68333333332954
n640	deletion
n632	551	1	0	64	123.30104166666285
n654	553	1	0	41	124.52187499999609
n655	552	1	0	53	124.52499999999608
n651	554	1	0	57	124.51666666666276
n652	555	1	0	60	124.52083333332942
n653	556	1	0	65	124.49999999999609
insertion	140	1	0	68	28.780208333333253
insertion	133	1	0	70	28.374999999999922
insertion	139	1	0	70	28.697916666666583
insertion	204	1	0	70	40.83645833333364
insertion	209	1	0	70	40.97916666666697
insertion	203	1	0	72	40.76562500000031
insertion	205	1	0	72	40.90312500000031
insertion	228	1	0	58	45.02500000000041
insertion	231	1	0	58	45.205208333333744
insertion	227	1	0	60	44.95937500000041
insertion	230	1	0	60	45.11041666666708
insertion	275	1	0	71	54.964583333334126
insertion	277	1	0	71	55.09166666666746
