xml_id	midi_id	track	channel	pitch	onset
n6	4	0	0	59	7.573710375000007
n11	9	0	0	59	8.604692250000008
n2	3	0	0	62	6.3055492500000065
n12	13	0	0	62	8.798068125000006
n22	deletion
n7	7	0	0	64	7.823710125000007
n17	17	0	0	64	9.665588625000007
n23	deletion
n3	0	0	0	67	6.7564035000000064
n5	2	0	0	67	7.361103750000007
n8	5	0	0	67	8.036316750000008
n10	8	0	0	67	8.439094125000008
n13	10	0	0	67	8.978623500000007
n4	1	0	0	71	7.115377500000006
n9	6	0	0	71	8.262812250000007
n16	14	0	0	59	9.482896500000006
n24	deletion
n15	12	0	0	67	9.349349625000006
n14	11	0	0	71	9.173067750000007
n21	19	0	0	59	10.345075125000008
n25	deletion
n18	15	0	0	67	9.861101250000008
n20	18	0	0	67	10.202981250000008
n19	16	0	0	71	10.032041250000008
n35	23	0	0	59	11.23823662500001
n31	24	0	0	62	10.543792875000008
n41	34	0	0	62	12.458320875000005
n53	deletion
n51	deletion
n32	20	0	0	67	10.72648500000001
n34	22	0	0	67	11.10896325000001
n33	21	0	0	71	10.911313875000008
n40	30	0	0	59	12.189090375000008
n36	29	0	0	64	11.46152700000001
n46	38	0	0	64	13.835456250000005
n65	54	0	0	64	16.592932124999987
n75	64	0	0	64	18.471135374999978
n54	deletion
n81	deletion
n52	deletion
n37	25	0	0	67	11.652766125000008
n39	28	0	0	67	12.026697375000008
insertion	26	0	0	67	11.857894125000009
n38	27	0	0	71	11.847210375000008
n45	36	0	0	59	13.517080500000004
n42	31	0	0	67	12.705115500000005
n44	33	0	0	67	13.289516625000005
n43	32	0	0	71	12.939089625000005
n28	35	0	0	78	13.084388625000004
n50	45	0	0	59	14.783104874999996
n47	37	0	0	67	14.113233750000004
n49	41	0	0	67	14.5512675
n48	39	0	0	71	14.385669375
n30	42	0	0	74	14.602549499999999
n29	40	0	0	76	13.758533250000005
n64	50	0	0	59	16.221137624999987
n60	47	0	0	62	15.198702749999992
n70	60	0	0	62	17.612161874999984
n90	73	0	0	62	19.364296874999972
n80	deletion
n110	deletion
n61	44	0	0	67	15.542719499999988
n63	48	0	0	67	16.012804499999987
n62	46	0	0	71	15.825838874999988
n55	43	0	0	79	15.090796874999993
n56	49	0	0	79	16.052334374999987
n69	55	0	0	59	17.392076624999987
n66	51	0	0	67	16.842931874999987
n68	53	0	0	67	17.23929899999999
n67	52	0	0	71	17.064085499999987
n57	65	0	0	79	16.510667249999987
n74	59	0	0	59	18.29485349999998
n82	deletion
n71	56	0	0	67	17.783101874999982
n73	58	0	0	67	18.16451174999998
n72	57	0	0	71	17.97540937499998
n79	66	0	0	59	19.169852624999976
n83	deletion
n76	61	0	0	67	18.64741724999998
n78	63	0	0	67	19.007459624999974
n77	62	0	0	71	18.830109374999978
n59	67	0	0	81	19.061946749999972
n94	72	0	0	59	20.09506537499997
n121	95	0	0	59	24.073693874999947
n136	119	0	0	59	28.64527049999993
n141	deletion
n91	68	0	0	67	19.62818549999997
n93	70	0	0	67	19.94228774999997
n92	69	0	0	71	19.78309987499997
n84	71	0	0	83	19.42412587499997
n85	74	0	0	84	19.93908262499997
n99	80	0	0	59	21.064081499999965
insertion	100	0	0	59	25.607880374999947
n95	78	0	0	64	20.29271474999997
n105	88	0	0	64	22.26066149999996
insertion	105	0	0	64	25.980743249999946
n111	deletion
n96	96	0	0	67	24.898479374999948
insertion	75	0	0	67	20.566218749999965
n98	77	0	0	67	20.914508999999967
insertion	98	0	0	67	25.386726749999944
n97	97	0	0	71	25.179461999999944
insertion	76	0	0	71	20.752115999999965
n86	79	0	0	86	20.38032149999997
n89	101	0	0	86	24.36429187499995
insertion	94	0	0	86	23.450831249999947
n104	89	0	0	59	22.02027712499996
insertion	106	0	0	59	26.841853499999946
n100	84	0	0	62	21.25852574999996
insertion	99	0	0	62	24.49036012499995
insertion	111	0	0	62	27.044844749999946
n112	deletion
n101	102	0	0	67	26.261725874999946
insertion	81	0	0	67	21.48502124999996
n103	83	0	0	67	21.83544824999996
insertion	104	0	0	67	26.661298124999945
n102	103	0	0	71	26.470058999999946
insertion	82	0	0	71	21.643140749999958
n88	91	0	0	88	21.74143124999996
n109	90	0	0	59	23.244634874999946
insertion	110	0	0	59	27.759587624999945
n160	116	0	0	64	27.943348124999943
n176	129	0	0	64	30.14099549999993
n170	140	0	0	64	32.081164499999915
n113	deletion
n106	107	0	0	67	27.237152249999944
insertion	85	0	0	67	22.542712499999947
n108	87	0	0	67	22.958310374999947
insertion	109	0	0	67	27.615356999999943
n107	108	0	0	71	27.445485374999944
insertion	86	0	0	71	22.77027637499995
n119	92	0	0	43	23.646343874999946
n120	93	0	0	50	23.874976124999947
n126	deletion
n131	deletion
n159	126	0	0	59	29.809799249999934
n122	deletion
n142	deletion
n132	deletion
n144	deletion
n155	121	0	0	62	28.908090749999932
n165	134	0	0	62	31.179455999999927
n175	deletion
n127	deletion
n143	deletion
n137	deletion
n145	deletion
n130	114	0	0	67	28.461509999999933
n140	deletion
n123	deletion
n125	deletion
n128	deletion
n133	deletion
n135	deletion
n138	112	0	0	67	28.161296624999938
n156	118	0	0	67	29.253175874999933
n158	123	0	0	67	29.636722499999934
n124	113	0	0	71	28.306595624999936
n139	deletion
n129	deletion
n134	deletion
n157	120	0	0	71	29.465782499999932
n118	117	0	0	81	28.540569749999932
n116	deletion
n146	122	0	0	83	29.02133849999993
n147	124	0	0	84	29.700824999999934
n115	deletion
n164	130	0	0	59	30.977533124999926
n161	125	0	0	67	30.440140499999927
n163	128	0	0	67	30.84078112499993
n162	127	0	0	71	30.652747124999927
n148	137	0	0	83	30.14526899999993
n169	135	0	0	59	31.866421124999917
n177	deletion
n166	131	0	0	67	31.356806249999924
n168	133	0	0	67	31.698686249999923
n167	132	0	0	71	31.549113749999922
n174	143	0	0	59	32.80124924999992
n207	153	0	0	64	33.7061628749999
n210	161	0	0	64	34.111076999999895
n178	deletion
n171	136	0	0	67	32.283087374999916
n173	141	0	0	67	32.65060837499991
n172	138	0	0	71	32.51919824999991
n150	139	0	0	74	32.40381374999991
n153	145	0	0	78	32.98287299999992
n152	144	0	0	79	32.88671924999992
n154	146	0	0	79	33.09398399999992
n151	142	0	0	83	32.768129624999915
n208	157	0	0	55	33.9112908749999
n206	154	0	0	60	33.7179149999999
n203	147	0	0	62	33.15808649999992
n204	148	0	0	66	33.16983862499992
n205	151	0	0	71	33.4315904999999
n180	150	0	0	72	33.563000624999894
n183	156	0	0	76	33.9006071249999
n179	149	0	0	78	33.18906937499992
n182	155	0	0	78	33.7937696249999
n184	158	0	0	78	34.006376249999896
n181	152	0	0	83	33.6890688749999
n214	170	0	0	54	34.6794524999999
n212	166	0	0	59	34.496760374999894
n209	160	0	0	60	34.08329924999989
n213	167	0	0	62	34.517059499999895
n211	162	0	0	71	34.3162049999999
n186	163	0	0	71	34.426247624999895
n189	168	0	0	74	34.6879994999999
n191	172	0	0	74	34.8600078749999
n185	159	0	0	76	34.09611974999989
n188	165	0	0	76	34.5800936249999
n190	169	0	0	76	34.767059249999896
n187	164	0	0	83	34.4839398749999
n220	182	0	0	55	35.470049999999894
n215	173	0	0	59	34.8920591249999
n218	178	0	0	60	35.3023151249999
n216	171	0	0	62	34.8664181249999
n219	179	0	0	64	35.2991099999999
n217	175	0	0	71	35.0843666249999
n192	174	0	0	72	35.1484691249999
n195	180	0	0	76	35.43158849999989
n194	177	0	0	78	35.3322296249999
n196	181	0	0	78	35.5266738749999
n193	176	0	0	83	35.2446228749999
n226	194	0	0	57	36.179450999999894
n221	185	0	0	60	35.6356481249999
n224	189	0	0	62	36.03415199999991
n222	184	0	0	64	35.642058374999905
n225	191	0	0	66	36.013852874999905
n223	187	0	0	71	35.83009237499991
n198	186	0	0	74	35.89846837499991
n197	183	0	0	76	35.6089387499999
n201	192	0	0	78	36.1473997499999
n200	190	0	0	79	36.05979299999991
n202	193	0	0	79	36.24034837499989
n199	188	0	0	83	35.971117874999905
n255	206	0	0	55	36.896330624999884
n253	201	0	0	60	36.72539062499988
n250	197	0	0	62	36.334365374999884
n254	202	0	0	64	36.72004874999988
n251	196	0	0	66	36.329023499999884
n252	198	0	0	71	36.52239937499988
n228	199	0	0	72	36.61427962499988
n231	204	0	0	76	36.87496312499988
n227	195	0	0	78	36.32154487499989
n230	203	0	0	78	36.786287999999885
n232	205	0	0	78	36.955091249999874
n229	200	0	0	83	36.69120262499988
n261	217	0	0	54	37.59077437499988
n259	213	0	0	59	37.437996749999876
n272	235	0	0	59	39.09077287499987
n306	deletion
n256	208	0	0	60	37.06192874999987
n260	214	0	0	62	37.43906512499988
n257	209	0	0	64	37.054450124999875
n258	210	0	0	71	37.23500549999987
n234	deletion
n237	215	0	0	74	37.57795387499988
n233	207	0	0	76	37.040561249999875
n236	212	0	0	76	37.48393687499988
n238	216	0	0	76	37.65808199999988
n235	211	0	0	83	37.39312499999988
n267	229	0	0	52	38.419833374999875
n265	225	0	0	57	38.257440374999874
n262	219	0	0	59	37.77026137499987
n281	245	0	0	59	40.28735287499986
n285	249	0	0	59	41.65700962499984
n266	226	0	0	60	38.198679749999876
n263	218	0	0	62	37.76598787499987
n264	221	0	0	66	37.95509024999987
n240	223	0	0	69	38.17410712499987
n242	227	0	0	72	38.399534249999874
n239	220	0	0	74	37.76064599999987
n241	224	0	0	74	38.296970249999866
n243	228	0	0	74	38.51705549999988
n273	238	0	0	50	39.47645624999986
n271	236	0	0	55	39.13884974999987
n268	230	0	0	57	38.653807499999864
n269	231	0	0	60	38.651670749999866
n245	234	0	0	62	38.98820887499987
n270	233	0	0	66	38.878166249999865
n248	240	0	0	71	39.56513137499987
n244	232	0	0	72	38.62816649999987
n247	239	0	0	72	39.43906312499986
n249	241	0	0	72	39.705088499999874
n246	237	0	0	74	39.29376412499986
n304	242	0	0	43	39.78628499999987
n305	243	0	0	50	39.914489999999866
n282	246	0	0	67	40.94333512499984
n284	248	0	0	67	41.477522624999835
n274	244	0	0	71	40.110002624999865
n283	247	0	0	71	41.25423224999984
n276	254	0	0	57	42.37709437499983
n290	256	0	0	59	42.78521362499983
n286	252	0	0	64	41.940128999999835
n301	deletion
n287	250	0	0	67	42.200812499999834
n289	253	0	0	67	42.591837749999826
n292	255	0	0	67	43.24888837499984
n288	251	0	0	71	42.410213999999826
n277	260	0	0	55	42.961495499999835
n295	263	0	0	59	43.82687924999981
n291	258	0	0	62	43.040555249999834
n314	274	0	0	62	45.32260424999981
n324	283	0	0	62	47.743541999999806
n334	deletion
n302	deletion
n294	259	0	0	67	43.654870874999816
n293	257	0	0	71	43.465768499999825
n280	266	0	0	50	44.752091999999806
n279	264	0	0	52	44.449741874999816
n278	261	0	0	54	44.08435762499981
n300	268	0	0	59	44.89525424999981
n296	269	0	0	64	44.13243449999981
n319	280	0	0	64	46.61106449999982
n335	deletion
n303	deletion
n297	262	0	0	67	44.376023999999816
n299	267	0	0	67	44.803373999999806
n298	265	0	0	71	44.59717762499981
n312	275	0	0	43	45.24781799999981
n313	276	0	0	50	45.25636499999981
n318	273	0	0	59	46.36106474999981
n315	270	0	0	67	45.71790299999981
n317	272	0	0	67	46.17837262499981
n316	271	0	0	71	45.99140699999981
n323	282	0	0	59	47.486063624999815
n320	277	0	0	67	46.86106424999982
n322	279	0	0	67	47.26063649999981
n321	278	0	0	71	47.08649137499982
n328	286	0	0	59	48.67837012499981
n343	298	0	0	62	49.94118937499982
n336	deletion
n325	281	0	0	67	47.9668323749998
n327	285	0	0	67	48.51597712499981
n326	284	0	0	71	48.20187487499981
n309	287	0	0	78	48.31512262499981
n333	294	0	0	59	49.689052874999824
n329	292	0	0	64	48.93371174999981
n348	305	0	0	64	51.070461749999815
n358	315	0	0	64	52.89097274999982
n380	328	0	0	64	54.73071449999983
n390	341	0	0	64	56.65913137499983
n398	357	0	0	64	59.82365812499982
n448	370	0	0	64	61.86639112499982
n464	384	0	0	64	64.45079024999984
n458	397	0	0	64	66.53091637499985
n364	deletion
n396	deletion
n337	deletion
n330	288	0	0	67	49.15807049999981
n332	290	0	0	67	49.54482224999982
n331	289	0	0	71	49.34610449999981
n311	293	0	0	74	49.518112874999815
n310	291	0	0	76	48.855720374999805
n347	301	0	0	59	50.74888087499982
n353	311	0	0	62	52.04909324999982
n363	deletion
n344	296	0	0	67	50.20400962499983
n346	299	0	0	67	50.574735749999824
n345	297	0	0	71	50.404864124999825
n338	295	0	0	79	49.89738599999982
n339	300	0	0	79	50.603581874999826
n352	306	0	0	59	51.82366612499982
n349	302	0	0	67	51.337555499999816
n351	304	0	0	67	51.69866624999982
n350	303	0	0	71	51.54268349999982
n340	316	0	0	79	51.02452162499982
n357	310	0	0	59	52.72323787499982
n365	deletion
n354	307	0	0	67	52.25528962499982
n356	309	0	0	67	52.59075937499982
n355	308	0	0	71	52.42409287499982
n362	317	0	0	59	53.55122849999982
n366	deletion
n359	312	0	0	67	53.091827249999824
n361	314	0	0	67	53.39951924999982
n360	313	0	0	71	53.25742537499982
n342	318	0	0	81	53.39845087499982
n379	323	0	0	59	54.488193374999824
n394	343	0	0	59	57.56618174999983
insertion	365	0	0	59	61.55015212499981
n375	325	0	0	62	53.75849324999982
n395	deletion
n376	319	0	0	67	53.99353574999982
n378	321	0	0	67	54.33327899999983
n377	320	0	0	71	54.15486037499982
n367	322	0	0	83	53.75421974999983
n368	324	0	0	84	54.289475624999824
n384	330	0	0	59	55.493534249999826
insertion	353	0	0	59	59.49566699999981
n381	349	0	0	67	58.83647962499982
insertion	326	0	0	67	54.99353474999983
n383	329	0	0	67	55.36532924999983
insertion	352	0	0	67	59.30015437499981
n382	350	0	0	71	59.10571012499982
insertion	327	0	0	71	55.19118412499983
n369	334	0	0	86	54.70507349999983
n374	354	0	0	86	58.25742037499982
insertion	347	0	0	86	57.71148074999983
n389	336	0	0	59	56.38349062499983
insertion	359	0	0	59	60.62066587499981
n385	333	0	0	62	55.67836312499983
insertion	351	0	0	62	58.45293299999982
insertion	362	0	0	62	60.81617849999981
n397	deletion
n386	355	0	0	67	60.09075187499981
insertion	331	0	0	67	55.850371499999824
n388	335	0	0	67	56.19331987499982
insertion	358	0	0	67	60.463614749999806
n387	356	0	0	71	60.29694824999981
insertion	332	0	0	71	56.029858499999825
n371	337	0	0	88	56.189046374999826
n391	360	0	0	67	61.02237487499981
insertion	338	0	0	67	57.00207974999983
n393	340	0	0	67	57.33648112499983
insertion	363	0	0	67	61.35463949999981
n392	361	0	0	71	61.208272124999816
insertion	339	0	0	71	57.19759237499983
n373	344	0	0	88	57.34609649999983
n372	342	0	0	90	56.77344749999983
n404	345	0	0	40	57.87601049999982
n405	346	0	0	47	58.00314712499982
n406	348	0	0	55	58.11318974999982
n421	373	0	0	59	62.71040737499982
n426	deletion
n411	deletion
n416	deletion
n447	381	0	0	59	63.95933774999983
n407	deletion
n427	deletion
n417	deletion
n429	deletion
n443	375	0	0	62	63.06831299999982
n453	391	0	0	62	65.56510537499985
n463	deletion
n412	deletion
n428	deletion
n422	deletion
n430	deletion
n408	366	0	0	67	62.11745924999982
n423	deletion
n415	368	0	0	67	62.51275799999982
n425	deletion
n410	deletion
n413	deletion
n418	deletion
n420	deletion
n444	372	0	0	67	63.402714374999825
n446	376	0	0	67	63.78946612499983
n414	367	0	0	71	62.34822824999982
n424	deletion
n409	deletion
n419	deletion
n445	374	0	0	71	63.62600474999983
n402	deletion
n403	371	0	0	81	62.59715962499982
n433	378	0	0	81	64.09929487499983
n401	deletion
n431	377	0	0	83	63.03198824999982
n434	379	0	0	83	64.23070499999983
n435	380	0	0	84	64.31938012499984
n400	deletion
n452	386	0	0	59	65.30442187499985
n449	382	0	0	67	64.75207199999984
n451	385	0	0	67	65.16125962499984
n450	383	0	0	71	64.97429399999984
n436	393	0	0	83	64.43796974999984
n457	390	0	0	59	66.34181399999986
n465	deletion
n454	387	0	0	67	65.84181449999984
n456	389	0	0	67	66.21574574999985
n455	388	0	0	71	66.01168612499984
n462	399	0	0	59	67.23070199999985
n495	409	0	0	64	68.11211137499984
n498	417	0	0	64	68.48924774999983
n466	deletion
n459	392	0	0	67	66.74459137499986
n461	396	0	0	67	67.09394999999985
n460	394	0	0	71	66.93476212499985
n438	395	0	0	74	66.83967674999985
n441	401	0	0	78	67.42407787499984
n440	400	0	0	79	67.33006087499984
n442	402	0	0	79	67.53305212499984
n439	398	0	0	83	67.20185587499985
n496	414	0	0	55	68.28305137499984
n494	411	0	0	60	68.12706862499984
n491	403	0	0	62	67.59715462499985
n492	404	0	0	66	67.59929137499985
n493	406	0	0	71	67.83967574999984
n468	407	0	0	72	67.95719699999984
n471	412	0	0	76	68.28518812499985
n473	415	0	0	76	68.47108537499984
n467	405	0	0	78	67.61531699999985
n470	410	0	0	78	68.17941899999984
n472	413	0	0	78	68.38775212499985
n469	408	0	0	83	68.08006012499985
n502	425	0	0	54	69.03198224999986
n500	421	0	0	59	68.86745249999984
n497	416	0	0	60	68.47963237499984
n501	422	0	0	62	68.87706787499984
n499	418	0	0	71	68.68155524999985
n474	419	0	0	71	68.78839274999984
n477	424	0	0	74	69.07258049999984
n476	423	0	0	76	68.97108487499985
n478	426	0	0	76	69.15484537499984
n475	420	0	0	83	68.87279437499984
n508	438	0	0	55	69.83219512499984
n503	428	0	0	59	69.22963162499984
n506	435	0	0	60	69.64629787499985
n504	427	0	0	62	69.22428974999984
n507	433	0	0	64	69.66873374999984
n505	430	0	0	71	69.44758012499985
n480	431	0	0	72	69.53518687499985
n479	429	0	0	74	69.22856324999984
n483	436	0	0	76	69.81616949999984
n482	434	0	0	78	69.71360549999984
n484	437	0	0	78	69.88668224999982
n481	432	0	0	83	69.61958849999985
n514	450	0	0	57	70.56723712499982
n509	441	0	0	60	70.00847699999981
n512	447	0	0	62	70.41980137499984
n510	440	0	0	64	69.99672487499981
n513	446	0	0	66	70.40057062499983
n511	443	0	0	71	70.20719474999983
n486	442	0	0	74	70.28198099999983
n485	439	0	0	76	69.97642574999982
n489	448	0	0	78	70.52663887499983
n488	445	0	0	79	70.44010049999983
n490	449	0	0	79	70.61851912499982
n487	444	0	0	83	70.36104074999983
n542	462	0	0	55	71.2574073749998
n540	457	0	0	60	71.1056981249998
n537	453	0	0	62	70.73176687499982
n541	458	0	0	64	71.07898874999981
n538	452	0	0	66	70.70078399999981
n539	454	0	0	71	70.90057012499982
n516	455	0	0	72	70.99779224999982
n519	460	0	0	76	71.2435184999998
n515	451	0	0	78	70.69651049999982
n518	459	0	0	78	71.1569801249998
n520	461	0	0	78	71.3183047499998
n517	456	0	0	83	71.07044174999982
n548	473	0	0	54	71.96573999999978
n546	469	0	0	59	71.81509912499978
n543	465	0	0	60	71.42407387499979
n547	470	0	0	62	71.80655212499978
n544	464	0	0	64	71.4144584999998
n545	466	0	0	71	71.60462924999977
n522	deletion
n525	471	0	0	74	71.94009899999979
n521	463	0	0	76	71.40163799999979
n524	468	0	0	76	71.84394524999978
n526	472	0	0	76	72.02450062499977
n523	467	0	0	83	71.76488549999978
n554	483	0	0	54	72.6409529999998
n549	476	0	0	59	72.13667999999979
n552	479	0	0	59	72.53518387499979
n550	474	0	0	62	72.12065437499979
n553	480	0	0	62	72.50526937499978
n528	478	0	0	69	72.51808987499979
n551	477	0	0	71	72.33539774999979
n527	475	0	0	74	72.10569712499979
n530	482	0	0	74	72.7146708749998
n529	481	0	0	76	72.6121068749998
n531	484	0	0	76	72.8279186249998
n560	492	0	0	52	73.4764222499998
n555	486	0	0	57	72.9240723749998
n558	490	0	0	57	73.3503539999998
n556	485	0	0	60	72.92834587499979
n559	489	0	0	60	73.3225762499998
n533	491	0	0	64	73.3460804999998
n557	487	0	0	67	73.14308924999979
n535	494	0	0	72	73.5650973749998
n532	488	0	0	74	72.9133886249998
n534	493	0	0	74	73.4561231249998
n536	495	0	0	74	73.68261862499978
n584	496	0	0	38	73.76702024999977
n585	497	0	0	45	73.90270387499977
n587	501	0	0	45	74.70932699999986
n586	499	0	0	54	74.1601822499998
n588	504	0	0	54	74.89522424999987
n589	506	0	0	60	75.07471124999988
n562	500	0	0	62	74.56723312499985
n565	505	0	0	71	74.97748912499988
n561	498	0	0	72	74.03731912499978
n564	503	0	0	72	74.87599349999986
n566	507	0	0	72	75.09501037499987
n563	502	0	0	74	74.74885687499986
n568	510	0	0	60	75.87706087499986
n590	509	0	0	66	75.45505274999987
n571	513	0	0	69	76.22214599999985
n573	515	0	0	69	76.40804324999985
n567	508	0	0	71	75.35355712499987
n570	512	0	0	71	76.12706062499986
n572	514	0	0	71	76.33112024999986
n569	511	0	0	74	76.00740262499986
n574	516	0	0	62	76.68368399999984
n592	520	0	0	64	76.94650424999983
n577	519	0	0	71	76.99351274999982
n579	525	0	0	71	77.31936712499983
n576	518	0	0	72	76.88453849999983
n578	521	0	0	72	77.11210237499982
n575	517	0	0	74	76.77983774999984
n596	532	0	0	45	78.07898174999983
n593	524	0	0	52	77.40911062499983
n597	528	0	0	52	78.00526387499983
n594	523	0	0	55	77.42940974999983
n595	522	0	0	62	77.36744399999982
n580	526	0	0	64	77.83966574999982
n582	529	0	0	72	78.09180224999983
n581	527	0	0	74	77.95718699999982
n583	530	0	0	74	78.23923799999983
n622	531	0	0	38	78.21893887499982
n624	533	0	0	54	78.65056237499982
n625	541	0	0	54	79.40697187499984
n599	535	0	0	62	79.08539099999985
n602	538	0	0	71	79.46039062499985
n598	534	0	0	72	78.54372487499984
n601	537	0	0	72	79.33539074999985
n603	539	0	0	72	79.58966399999984
n600	536	0	0	74	79.21573274999984
n626	543	0	0	60	79.94436449999982
n605	deletion
n627	542	0	0	64	79.88774062499984
n608	546	0	0	69	80.70504749999981
n610	548	0	0	69	80.88239774999981
n604	540	0	0	71	79.82150137499984
n607	545	0	0	71	80.60462024999981
n609	547	0	0	71	80.83325249999982
n606	544	0	0	74	80.50419299999982
n611	549	0	0	59	81.18902137499981
n630	552	0	0	62	81.41872199999982
n614	553	0	0	67	81.48602962499982
n616	556	0	0	67	81.7531233749998
n613	551	0	0	69	81.39842287499982
n615	554	0	0	69	81.59714062499981
n612	550	0	0	74	81.28731187499982
n633	565	0	0	45	82.49778074999973
n631	557	0	0	52	81.79265324999979
n634	562	0	0	55	82.48282349999974
n635	561	0	0	57	82.47748162499974
n632	555	0	0	59	81.74991824999981
n617	558	0	0	61	82.19970412499974
n620	563	0	0	66	82.56401999999974
n619	560	0	0	67	82.42833637499974
n621	564	0	0	67	82.71572924999974
n618	559	0	0	69	82.31508862499975
n660	566	0	0	38	82.88880599999973
n661	589	0	0	45	83.55760874999972
n637	568	0	0	59	83.26060049999973
n640	571	0	0	64	83.61209587499971
n636	567	0	0	66	82.85889149999974
n639	570	0	0	66	83.48282249999973
n641	572	0	0	66	83.7061128749997
n638	569	0	0	69	83.37705337499973
n662	580	0	0	55	83.9497023749997
n643	574	0	0	57	84.32470199999968
n646	577	0	0	62	84.62705212499968
n642	573	0	0	64	83.8642323749997
n645	576	0	0	64	84.51807787499969
n647	578	0	0	64	84.73175287499969
n644	575	0	0	69	84.44115487499968
n664	585	0	0	54	85.33324799999968
n649	581	0	0	59	85.07790637499967
n648	579	0	0	62	84.80547074999969
n652	584	0	0	64	85.36636762499968
n651	583	0	0	66	85.25846174999968
n653	586	0	0	66	85.49457262499968
n650	582	0	0	69	85.18688062499967
n666	593	0	0	45	86.16978562499968
n665	587	0	0	55	85.63773487499967
n655	590	0	0	61	86.00632424999966
n654	588	0	0	64	85.63880324999967
n658	594	0	0	66	86.29585387499968
n657	592	0	0	67	86.19222149999968
n659	595	0	0	67	86.39521274999967
n656	591	0	0	69	86.11209337499967
n691	596	0	0	38	86.47854599999967
n692	617	0	0	45	86.99029762499966
n668	598	0	0	59	86.78837474999966
n671	601	0	0	64	87.05760524999965
n667	597	0	0	66	86.49670837499967
n670	600	0	0	66	86.96358824999966
n672	602	0	0	66	87.16551112499965
n669	599	0	0	69	86.89521224999966
n693	610	0	0	55	87.34286137499964
n674	604	0	0	57	87.65803199999964
n677	607	0	0	62	87.93901462499966
n673	603	0	0	64	87.28089562499964
n676	606	0	0	64	87.84392924999966
n678	608	0	0	64	88.03409999999965
n675	605	0	0	69	87.75418574999965
n695	614	0	0	54	88.63880024999963
n680	611	0	0	59	88.38559537499962
n679	609	0	0	62	88.13025374999964
n683	615	0	0	64	88.67833012499963
n682	613	0	0	66	88.56828749999963
n684	616	0	0	66	88.78409924999963
n681	612	0	0	69	88.49029612499963
n697	623	0	0	45	89.4870899999996
n696	618	0	0	55	88.94008199999962
n686	620	0	0	61	89.2873038749996
n685	619	0	0	64	88.91871449999962
n689	624	0	0	66	89.59072237499959
n688	622	0	0	67	89.4838848749996
n690	625	0	0	67	89.7061068749996
n687	621	0	0	69	89.3930729999996
n722	626	0	0	38	89.80653412499959
n723	633	0	0	45	90.29905499999956
n699	628	0	0	62	90.09926887499955
n698	627	0	0	66	89.81187599999959
n702	631	0	0	66	90.37918312499956
n701	630	0	0	67	90.27661912499956
n703	632	0	0	67	90.49136249999955
n700	629	0	0	71	90.18153374999956
n726	640	0	0	45	91.20076349999955
n724	635	0	0	55	90.66764437499954
n725	634	0	0	59	90.65696062499954
n705	637	0	0	61	90.97747312499955
n704	636	0	0	66	90.61636237499954
n708	641	0	0	66	91.27020787499956
n707	639	0	0	67	91.16443874999955
n709	642	0	0	67	91.37597699999955
n706	638	0	0	69	91.08644737499955
n727	643	0	0	38	91.45183162499954
n728	652	0	0	45	91.94755762499953
n711	645	0	0	62	91.73922449999954
n710	644	0	0	66	91.47213074999954
n714	648	0	0	66	92.01700199999952
n713	647	0	0	67	91.91977987499953
n715	649	0	0	67	92.14093349999952
n712	646	0	0	71	91.82789962499953
n731	657	0	0	45	92.97319762499951
n729	651	0	0	55	92.3225572499995
n730	650	0	0	59	92.3097367499995
n717	654	0	0	61	92.6590953749995
n716	653	0	0	66	92.2734119999995
n720	660	0	0	66	93.32362462499952
insertion	658	0	0	66	93.03409499999951
n719	659	0	0	67	93.17298374999952
insertion	656	0	0	67	92.90909512499951
n721	664	0	0	67	93.75952162499952
n718	655	0	0	69	92.8140097499995
n778	661	0	0	38	93.34712887499953
n779	681	0	0	45	94.04477774999953
n780	688	0	0	57	94.44114487499952
n740	668	0	0	61	94.24242712499952
n746	674	0	0	61	94.98708449999951
n734	678	0	0	62	95.37917812499948
n750	deletion
n754	683	0	0	64	95.72746837499949
n758	687	0	0	65	96.0661432499995
n733	665	0	0	66	93.87917962499952
n749	682	0	0	66	95.63986162499948
n737	667	0	0	66	94.09819649999953
n753	686	0	0	66	95.97212624999949
n739	671	0	0	66	94.66550362499952
n757	691	0	0	66	96.2766131249995
n743	673	0	0	66	94.88131537499952
n745	677	0	0	66	95.30866537499949
n761	deletion
n736	666	0	0	67	94.00524787499953
n748	680	0	0	67	95.57041724999948
n738	670	0	0	67	94.55973449999951
n752	685	0	0	67	95.9005451249995
n742	672	0	0	67	94.78836674999951
n756	692	0	0	67	96.3631514999995
n744	676	0	0	67	95.1900757499995
n762	deletion
n765	695	0	0	68	96.5939204999995
n741	669	0	0	69	94.41229874999952
n760	690	0	0	69	96.2167841249995
n766	696	0	0	69	96.6783221249995
n769	699	0	0	70	96.9411423749995
n735	675	0	0	71	95.10460574999951
n747	694	0	0	71	96.52981799999952
n764	700	0	0	71	97.0533217499995
n770	deletion
n768	698	0	0	72	96.8652877499995
n773	703	0	0	72	97.3994752499995
n751	679	0	0	73	95.46037462499947
n772	702	0	0	73	97.2840907499995
n774	704	0	0	73	97.5063127499995
n777	684	0	0	74	95.80973324999948
n755	689	0	0	74	96.1313141249995
n759	693	0	0	74	96.43473262499951
n763	697	0	0	74	96.75417674999949
n767	701	0	0	74	97.1633643749995
n771	707	0	0	74	97.91336362499949
n776	706	0	0	75	97.73708174999949
n775	705	0	0	76	97.61742374999949
n782	715	0	0	74	98.78408924999948
n785	764	0	0	65	101.53942837499952
n787	808	0	0	62	103.51164862499947
n786	781	0	0	63	102.28942762499946
n797	825	0	0	58	105.77980874999945
n796	823	0	0	62	105.55651837499946
n793	804	0	0	67	104.34284437499946
n795	821	0	0	67	105.26592037499948
n816	deletion
n794	813	0	0	70	104.91549337499947
n788	794	0	0	74	104.30224612499946
n802	842	0	0	58	106.94754262499943
n798	843	0	0	63	106.05865462499946
n808	856	0	0	63	108.5073701249994
n835	893	0	0	63	110.69006024999935
n845	903	0	0	63	113.05864762499937
n866	917	0	0	63	115.10351737499938
n815	deletion
n851	deletion
n853	deletion
n882	deletion
n813	deletion
n799	832	0	0	67	106.31720137499943
n801	841	0	0	67	106.77873937499942
n800	836	0	0	70	106.58215837499944
n807	850	0	0	58	108.2627122499994
n803	851	0	0	62	107.15160224999941
n830	875	0	0	62	109.45181362499936
n814	deletion
n804	846	0	0	67	107.55331124999938
n806	848	0	0	67	108.08536199999939
n805	847	0	0	70	107.81292637499939
n789	845	0	0	74	107.28514912499939
n790	849	0	0	77	107.9336527499994
n812	863	0	0	58	109.24668562499936
n809	852	0	0	67	108.70822462499939
n811	855	0	0	67	109.08856612499936
n810	853	0	0	70	108.89946374999937
n792	857	0	0	74	109.07574562499937
n791	854	0	0	75	108.4389941249994
n834	874	0	0	58	110.40907762499934
n850	deletion
n831	861	0	0	67	109.89518924999933
n833	869	0	0	67	110.27659912499934
n832	865	0	0	70	110.10565912499933
n817	878	0	0	79	109.57895024999935
n839	887	0	0	58	111.52659787499935
n836	877	0	0	67	110.92510274999935
n838	884	0	0	67	111.32574337499935
n837	879	0	0	70	111.14946149999935
n819	883	0	0	79	111.24241012499935
n844	898	0	0	58	112.65052837499934
n840	897	0	0	62	111.81078562499935
n861	909	0	0	62	114.03086887499938
n871	923	0	0	62	116.57680649999938
n896	937	0	0	62	119.26911149999931
n852	deletion
n883	deletion
n841	894	0	0	67	112.02018712499935
n843	896	0	0	67	112.41869099999936
n842	895	0	0	70	112.22638349999936
n822	885	0	0	74	111.61313624999936
n824	889	0	0	74	111.95715299999935
n826	892	0	0	74	112.09283662499935
n823	888	0	0	75	111.89198212499934
n825	890	0	0	75	112.03621274999935
n820	891	0	0	79	111.69646949999935
n829	904	0	0	46	113.62702312499937
n854	913	0	0	46	113.99774924999939
n828	901	0	0	48	113.34497212499937
n827	899	0	0	50	112.99347674999936
n849	905	0	0	58	113.67723674999937
n846	902	0	0	67	113.32039949999937
n848	deletion
n847	900	0	0	70	113.52018562499937
n865	910	0	0	58	114.90586799999939
n881	deletion
n862	906	0	0	67	114.30223612499938
n864	908	0	0	67	114.73065449999939
n863	907	0	0	70	114.54048374999938
n856	914	0	0	45	115.83321749999939
n870	916	0	0	58	116.05223437499939
n867	911	0	0	67	115.33108124999939
n869	915	0	0	67	115.7562944999994
n868	912	0	0	70	115.57039724999939
n860	924	0	0	36	116.53193474999938
n857	918	0	0	43	116.52659287499938
n858	921	0	0	43	117.54582262499937
n875	927	0	0	58	117.69646349999937
n872	919	0	0	67	117.02766074999937
n874	922	0	0	67	117.49881412499937
n873	920	0	0	70	117.30330149999938
n859	925	0	0	43	118.00736062499938
n880	931	0	0	58	119.02445362499931
n876	930	0	0	63	118.05116399999937
n884	deletion
n877	926	0	0	67	118.35244574999935
n879	929	0	0	67	118.81718887499932
n878	928	0	0	70	118.60458224999932
n900	935	0	0	58	120.21248662499933
n906	959	0	0	62	121.41227174999932
n916	deletion
n897	932	0	0	67	119.52124799999933
n899	934	0	0	67	120.01270049999933
n898	933	0	0	70	119.76483749999933
n892	936	0	0	77	119.87167499999933
n905	949	0	0	58	121.20821212499932
n901	942	0	0	63	120.46355474999933
n911	977	0	0	63	122.49774074999934
n935	996	0	0	63	124.54047374999931
n919	deletion
n951	deletion
n917	deletion
n902	938	0	0	67	120.64411012499933
n904	941	0	0	67	121.03086187499933
n903	939	0	0	70	120.83321249999933
n894	943	0	0	74	121.08641737499933
n893	940	0	0	75	120.40906762499932
n910	958	0	0	58	122.30543324999934
n930	988	0	0	62	123.51803887499935
n940	1004	0	0	62	126.89089874999932
n959	1018	0	0	62	130.78939912499925
n918	deletion
n952	deletion
n907	947	0	0	67	121.82893799999933
n909	954	0	0	67	122.13983512499935
n908	951	0	0	70	121.99880962499934
n887	970	0	0	79	121.56932287499933
n915	975	0	0	58	123.28085962499935
n912	965	0	0	67	122.73064649999934
n914	972	0	0	67	123.08962049999936
n931	980	0	0	67	123.74773949999934
n933	987	0	0	67	124.1013716249993
n913	968	0	0	70	122.93256937499936
n932	982	0	0	70	123.93043162499931
n889	974	0	0	79	123.22103062499934
n920	993	0	0	79	123.60350887499935
n934	989	0	0	58	124.2755167499993
n950	deletion
n925	971	0	0	74	123.11632987499935
n927	998	0	0	50	125.90478862499933
n939	999	0	0	58	126.18577124999933
n936	994	0	0	67	124.84175549999932
n938	997	0	0	67	125.71995974999932
n937	995	0	0	70	125.22637049999932
n928	1000	0	0	43	126.83213812499932
n929	1001	0	0	50	126.82359112499933
n944	1006	0	0	59	129.05008462499927
n941	1002	0	0	67	127.44859049999928
n943	1005	0	0	67	128.6441021249993
n942	1003	0	0	71	128.0981624999993
n922	1007	0	0	78	128.82252074999928
n949	1013	0	0	59	130.55863012499924
n963	1021	0	0	59	131.71781699999926
n945	1012	0	0	64	129.57145162499927
n964	1025	0	0	64	132.01589362499925
n953	deletion
n946	1008	0	0	67	129.87807524999926
n948	1011	0	0	67	130.32786112499926
n960	1016	0	0	67	131.10456974999926
n947	1009	0	0	71	130.14303224999927
n924	1014	0	0	74	130.37380124999925
n923	1010	0	0	76	129.47529787499928
n969	1031	0	0	62	132.99773024999925
n979	deletion
n962	1019	0	0	67	131.49986849999925
n961	1017	0	0	71	131.32465499999924
n954	1015	0	0	79	130.87486912499924
n955	1020	0	0	79	131.57892824999925
n968	1026	0	0	59	132.83747399999925
n974	1034	0	0	64	133.84708837499923
n980	deletion
n965	1022	0	0	67	132.26482499999926
n967	1024	0	0	67	132.64623487499927
n966	1023	0	0	71	132.49132049999926
n956	1036	0	0	79	131.96354324999925
n973	1030	0	0	59	133.69003724999922
n981	deletion
n970	1027	0	0	67	133.18469587499925
n972	1029	0	0	67	133.56290062499923
n971	1028	0	0	71	133.35349912499925
n978	1037	0	0	59	134.52016462499924
n996	1049	0	0	64	135.57251399999925
n982	deletion
n975	1032	0	0	67	134.03725912499922
n977	1035	0	0	67	134.38661774999923
n976	1033	0	0	71	134.19324187499922
n958	1039	0	0	81	134.42828437499924
n995	1044	0	0	59	135.36952274999922
n991	1042	0	0	62	134.68255762499922
n1001	1055	0	0	62	136.48276949999925
n1024	1070	0	0	62	138.49345124999917
n1034	1084	0	0	62	141.01481624999911
n1057	1098	0	0	62	143.11203637499904
n1067	1113	0	0	62	145.346008499999
n1088	1126	0	0	62	147.21245962499904
n1098	1140	0	0	62	149.35455149999905
n1118	1149	0	0	62	151.48809637499903
n1128	1159	0	0	62	154.03723912499905
n1011	deletion
n1044	deletion
n1077	deletion
n1108	deletion
n1139	deletion
n1141	deletion
n992	1038	0	0	67	134.89836937499922
n994	1041	0	0	67	135.24452287499923
n993	1040	0	0	71	135.06824099999923
n983	1043	0	0	83	134.7936686249992
n984	1045	0	0	84	135.31396724999922
n1000	1050	0	0	59	136.32037649999924
n1012	deletion
n997	1046	0	0	67	135.85349662499925
n999	1048	0	0	67	136.19644499999924
n998	1047	0	0	71	136.02229987499925
n985	1054	0	0	86	135.69858224999925
n1005	1056	0	0	59	137.10242699999924
n1013	deletion
n1002	1051	0	0	67	136.66866674999923
n1004	1053	0	0	67	136.96781174999924
n1003	1052	0	0	71	136.80862387499923
n987	1057	0	0	88	137.01588862499923
n1010	1065	0	0	59	138.12486187499923
n1006	1062	0	0	64	137.30221312499924
n1029	1078	0	0	64	139.97208224999912
n1039	1092	0	0	64	142.01908874999904
n1062	1106	0	0	64	144.367376999999
n1072	1119	0	0	64	146.212460624999
n1093	1134	0	0	64	148.38980887499903
n1103	1145	0	0	64	150.28190099999907
n1123	1158	0	0	64	152.68040287499903
n1045	deletion
n1078	deletion
n1109	deletion
n1140	deletion
n1014	deletion
n1007	1058	0	0	67	137.59174274999924
n1009	1063	0	0	67	137.96674237499923
n1008	1060	0	0	71	137.78191349999923
n988	1059	0	0	90	137.42828137499924
n990	1064	0	0	91	138.06396449999923
n989	1061	0	0	93	137.77016137499925
n1028	1073	0	0	59	139.56930487499912
n1025	1068	0	0	67	138.83533124999911
n1027	1072	0	0	67	139.3545614999991
n1026	1069	0	0	71	139.11951899999912
n1018	1074	0	0	88	139.3470828749991
n1017	1066	0	0	90	138.3299898749992
n1015	1071	0	0	90	138.46674187499917
n1016	1067	0	0	91	138.38981887499918
n1033	1079	0	0	59	140.82464549999912
n1030	1075	0	0	67	140.24344949999912
n1032	1077	0	0	67	140.6440901249991
n1031	1076	0	0	71	140.46460312499912
n1019	1081	0	0	79	139.8727233749991
n1038	1085	0	0	59	141.78511462499907
n1046	deletion
n1035	1080	0	0	67	141.2135339999991
n1037	1083	0	0	67	141.61310624999908
n1036	1082	0	0	71	141.4304141249991
n1021	1086	0	0	81	141.2819099999991
n1043	1093	0	0	59	142.76160937499904
n1047	deletion
n1040	1087	0	0	67	142.20605437499904
n1042	1090	0	0	67	142.59387449999903
n1041	1089	0	0	71	142.42507124999904
n1022	1088	0	0	83	141.91759312499906
n1023	1091	0	0	84	142.60242149999902
n1061	1101	0	0	59	144.01160812499901
n1058	1096	0	0	67	143.37378824999902
n1060	1099	0	0	67	143.80006987499902
n1059	1097	0	0	71	143.61310424999903
n1051	1102	0	0	83	143.841736499999
n1050	1094	0	0	84	142.90049812499902
n1048	1100	0	0	84	143.07357487499903
n1049	1095	0	0	86	142.99237837499902
n1066	1107	0	0	59	145.16758987499898
n1063	1103	0	0	67	144.588530624999
n1065	1105	0	0	67	144.988102874999
n1064	1104	0	0	71	144.816094499999
n1052	1110	0	0	74	144.273359999999
n1071	1112	0	0	59	146.028700124999
n1079	deletion
n1068	1108	0	0	67	145.524427124999
n1070	1111	0	0	67	145.878059249999
n1069	1109	0	0	71	145.692161999999
n1054	1114	0	0	76	145.682546624999
n1076	1121	0	0	59	146.87378474999903
n1080	deletion
n1073	1115	0	0	67	146.407973249999
n1075	1118	0	0	67	146.746648124999
n1074	1116	0	0	71	146.576776499999
n1055	1117	0	0	78	146.18575124999902
n1056	1120	0	0	79	146.80006687499903
n1092	1129	0	0	59	148.04151862499904
n1089	1124	0	0	67	147.45711749999904
n1091	1127	0	0	67	147.85027949999903
n1090	1125	0	0	71	147.66865574999903
n1084	1130	0	0	79	147.88233074999903
n1083	1122	0	0	81	147.05113499999905
n1081	1128	0	0	81	147.21245962499904
n1082	1123	0	0	83	147.13767337499905
n1097	1135	0	0	59	149.18574824999905
n1094	1131	0	0	67	148.62271462499905
n1096	1133	0	0	67	149.00091937499906
n1095	1132	0	0	69	148.82784262499908
n1085	1144	0	0	71	148.31929612499903
n1102	1139	0	0	59	150.09600374999906
n1110	deletion
n1099	1136	0	0	66	149.55433762499905
n1101	1138	0	0	66	149.90690137499905
n1100	1137	0	0	67	149.73061949999905
n1107	1148	0	0	59	151.08959249999904
n1111	deletion
n1104	1141	0	0	67	150.48489224999904
n1106	1143	0	0	67	150.86309699999904
n1105	1142	0	0	69	150.66544762499905
n1087	1146	0	0	72	150.89407987499905
n1122	1152	0	0	59	152.45924924999903
n1119	1147	0	0	66	151.864164374999
n1121	1151	0	0	66	152.279762249999
n1120	1150	0	0	67	152.090659874999
n1112	1153	0	0	74	151.38019049999906
n1127	1157	0	0	59	153.58317974999903
n1124	1154	0	0	67	152.89087274999906
n1126	1156	0	0	67	153.32783812499903
n1125	1155	0	0	69	153.13980412499905
n1114	1167	0	0	54	153.98809387499904
n1132	1163	0	0	62	155.21458837499898
n1129	1160	0	0	66	154.435742999999
n1131	1162	0	0	66	154.995571499999
n1130	1161	0	0	72	154.753050374999
n1117	1170	0	0	50	156.244501874999
n1116	1169	0	0	52	155.790442499999
n1138	1172	0	0	59	156.48809137499902
n1144	deletion
n1133	1166	0	0	60	155.41223774999898
n1142	deletion
n1137	1171	0	0	62	156.268006124999
n1134	1164	0	0	64	155.61202387499898
n1136	1168	0	0	64	156.029758499999
n1135	1165	0	0	72	155.84920312499898
n1153	1173	0	0	43	156.88766362499902
n1154	1174	0	0	50	156.87163799999902
n1170	1179	0	0	55	158.169713624999
n1166	1176	0	0	59	156.92505674999902
n1167	1175	0	0	62	157.27334699999898
n1169	1178	0	0	62	157.91544037499898
n1168	1177	0	0	71	157.62056887499898
n1175	1192	0	0	55	159.550054124999
n1171	1180	0	0	62	158.506251749999
n1174	1186	0	0	62	159.34492612499898
n1173	1183	0	0	66	159.130182749999
n1172	1181	0	0	72	158.81394374999897
n1157	1188	0	0	72	159.579968624999
n1156	1185	0	0	73	159.24984074999898
n1155	1182	0	0	74	158.959242749999
n1147	1189	0	0	74	159.504113999999
n1146	1187	0	0	76	159.246635624999
n1145	1184	0	0	78	158.903687249999
n1180	1199	0	0	55	160.915437374999
n1176	1190	0	0	62	159.863087999999
n1179	1197	0	0	62	160.715651249999
n1178	1194	0	0	64	160.47526687499902
n1177	1193	0	0	67	160.21137824999903
n1158	1191	0	0	71	160.025480999999
n1159	1195	0	0	72	160.33958324999904
n1160	1196	0	0	74	160.60988212499902
n1161	1198	0	0	76	160.857745124999
n1148	1200	0	0	79	159.920780249999
n1185	1212	0	0	55	161.82996637499892
n1184	1209	0	0	62	161.64300074999895
n1215	1213	0	0	62	162.0030431249989
n1181	1202	0	0	63	161.14086449999897
n1183	1205	0	0	66	161.54791537499895
n1182	1203	0	0	72	161.36842837499896
n1165	1210	0	0	74	161.78936812499893
n1164	1206	0	0	75	161.60240249999893
n1162	1201	0	0	77	161.11308674999898
n1163	1207	0	0	78	161.33744549999895
n1150	1204	0	0	80	161.33424037499896
n1151	1208	0	0	81	161.55432562499894
n1152	1211	0	0	82	161.77868437499893
n1219	1223	0	0	55	162.6568886249989
n1218	1221	0	0	62	162.49876912499892
n1217	1219	0	0	67	162.3759059999989
n1216	1216	0	0	71	162.2113762499989
n1186	1214	0	0	79	162.0083849999989
n1188	1217	0	0	81	162.2370172499989
n1190	1222	0	0	82	162.42184612499892
n1187	1215	0	0	83	161.9934277499989
n1192	1225	0	0	83	162.6419313749989
n1189	1218	0	0	84	162.19641899999888
n1191	1220	0	0	85	162.40368374999892
n1193	1224	0	0	86	162.6130852499989
n1224	1240	0	0	55	163.7701353749989
n1223	1234	0	0	62	163.5821013749989
n1220	1228	0	0	64	162.90475162499894
n1222	1231	0	0	66	163.41436649999892
n1221	1229	0	0	72	163.18359749999894
n1206	1236	0	0	72	163.7509046249989
n1205	1235	0	0	73	163.4838108749989
n1204	1230	0	0	74	163.24235812499893
n1198	1237	0	0	74	163.7209901249989
n1197	1233	0	0	76	163.47740062499892
n1196	1232	0	0	78	163.23060599999894
n1194	1227	0	0	84	162.90261487499893
n1195	1226	0	0	88	162.87804224999894
n1229	1247	0	0	55	165.0382964999988
n1225	1238	0	0	62	164.06073337499882
n1228	1245	0	0	62	164.8705616249988
n1227	1242	0	0	64	164.65047637499882
n1226	1241	0	0	67	164.41863899999885
n1207	1239	0	0	71	164.1483401249988
n1208	1243	0	0	72	164.48808337499884
n1209	1244	0	0	74	164.74021987499881
n1210	1246	0	0	76	164.9592367499988
n1199	1248	0	0	79	164.08530599999884
n1234	1260	0	0	55	166.02013312499886
n1233	1258	0	0	62	165.82034699999883
n1230	1250	0	0	63	165.2722706249988
n1232	1254	0	0	66	165.71137274999884
n1231	1251	0	0	72	165.50517637499883
n1214	1257	0	0	74	165.87483412499884
n1213	1255	0	0	75	165.74449237499883
n1211	1249	0	0	77	165.2167151249988
n1212	1253	0	0	78	165.45603112499882
n1201	1252	0	0	80	165.4432106249988
n1202	1256	0	0	81	165.66222749999883
n1203	1259	0	0	82	165.87269737499884
n1255	1272	0	0	55	166.78508962499888
n1251	1263	0	0	62	166.15261162499885
n1254	1270	0	0	62	166.62803849999887
n1253	1267	0	0	67	166.52013262499887
n1252	1264	0	0	71	166.35880799999885
n1235	1261	0	0	79	166.11308174999886
n1237	1265	0	0	81	166.34064562499884
n1239	1269	0	0	82	166.53829499999887
n1236	1262	0	0	83	166.10239799999886
n1241	1271	0	0	83	166.73594437499887
n1238	1266	0	0	84	166.30004737499885
n1240	1268	0	0	85	166.51265399999886
n1242	1273	0	0	86	166.73273924999887
n1260	1285	0	0	55	167.65047337499888
n1259	1281	0	0	62	167.5041059999989
n1256	1275	0	0	64	166.99662787499892
n1258	1279	0	0	66	167.3759009999989
n1257	1277	0	0	72	167.21030287499892
n1245	1278	0	0	80	167.2220549999989
n1247	1282	0	0	81	167.4410718749989
n1249	1284	0	0	82	167.6152169999989
n1243	1276	0	0	84	166.9902176249989
n1250	1289	0	0	86	167.58209737499888
n1244	1274	0	0	88	166.9699184999989
n1248	1283	0	0	88	167.3865847499989
n1246	1280	0	0	90	167.1846618749989
n1297	1298	0	0	55	168.44107087499881
n1293	1287	0	0	62	167.83209712499888
n1296	1294	0	0	62	168.29790862499885
n1295	1292	0	0	67	168.19641299999887
n1294	1290	0	0	71	168.02760974999893
n1263	1291	0	0	81	168.04470374999892
n1265	1295	0	0	82	168.23914799999886
n1261	1288	0	0	83	167.83530224999888
n1267	1297	0	0	83	168.43572899999882
n1268	1302	0	0	86	168.41329312499883
n1266	1296	0	0	88	168.22739587499888
n1264	1293	0	0	90	168.03295162499893
n1262	1286	0	0	91	167.82782362499887
n1302	1311	0	0	55	169.27547174999881
n1301	1307	0	0	62	169.1440616249988
n1298	1300	0	0	64	168.64299374999885
n1300	1305	0	0	66	169.00410449999882
n1299	1303	0	0	72	168.85025849999883
n1271	1304	0	0	80	168.9132926249988
n1273	1309	0	0	81	169.09064287499882
n1275	1310	0	0	82	169.2711982499988
n1269	1301	0	0	84	168.65047237499886
n1276	1314	0	0	86	169.2370102499988
n1274	1308	0	0	88	169.04897624999882
n1272	1306	0	0	90	168.84598499999882
n1270	1299	0	0	91	168.62696812499885
n1307	1323	0	0	55	170.10025724999883
n1303	1313	0	0	62	169.46991599999882
n1306	1320	0	0	62	169.94320612499885
n1305	1318	0	0	67	169.83209512499886
n1304	1316	0	0	71	169.68679612499886
n1279	1317	0	0	81	169.72418924999886
n1281	1321	0	0	82	169.94641124999885
n1277	1315	0	0	83	169.49235187499883
n1283	1324	0	0	83	170.15794949999884
n1284	1327	0	0	86	170.13230849999883
n1282	1322	0	0	88	169.93038562499885
n1280	1319	0	0	90	169.70709524999887
n1278	1312	0	0	91	169.49448862499884
n1312	1337	0	0	55	171.09491437499884
n1311	1333	0	0	62	170.9261111249988
n1308	1326	0	0	64	170.36628262499886
n1310	1331	0	0	66	170.76585487499884
n1309	1329	0	0	72	170.59064137499885
n1287	1330	0	0	80	170.66863274999884
n1289	1334	0	0	81	170.91008549999881
n1291	1336	0	0	82	171.09705112499884
n1285	1328	0	0	84	170.38551337499885
n1292	1338	0	0	86	171.07675199999883
n1290	1335	0	0	88	170.84064112499883
n1288	1332	0	0	90	170.59918837499885
n1286	1325	0	0	91	170.34918862499887
n1319	1356	0	0	55	172.47204974999886
n1315	1343	0	0	62	171.4453413749988
n1318	1354	0	0	62	172.27440037499886
n1317	1351	0	0	64	172.09811849999883
n1316	1346	0	0	71	171.84918712499885
n1314	1339	0	0	83	171.4432046249988
n1313	1340	0	0	91	171.39619612499882
n1320	1361	0	0	59	172.79042549999886
n1324	1380	0	0	59	173.7743988749989
n1323	1376	0	0	64	173.56713412499892
n1322	1372	0	0	66	173.32674974999892
n1321	1366	0	0	74	173.10345937499892
n1325	1382	0	0	62	174.0286721249989
n1329	1402	0	0	62	175.0607223749989
n1328	1398	0	0	71	174.8470473749989
n1327	1394	0	0	72	174.6066629999989
n1326	1389	0	0	79	174.34384274999888
n1330	1405	0	0	67	175.31926912499893
n1334	deletion
n1333	1433	0	0	76	176.38230224999884
n1332	1422	0	0	78	176.0040974999989
n1331	1416	0	0	83	175.6461918749989
n1342	1447	0	0	74	177.94319812499873
n1343	1449	0	0	79	178.1034543749987
n1340	1448	0	0	83	178.1280269999987
n1344	1451	0	0	86	178.35879599999868
n1335	1443	0	0	91	177.64298474999873
n1346	1455	0	0	43	182.14832212499869
n1345	1454	0	0	50	182.1451169999987
n1336	1452	0	0	59	182.1184076249987
n1337	1453	0	0	67	182.1055871249987
n1347	1457	0	0	38	184.7231058749987
n1338	1456	0	0	62	184.71669562499872
n1339	1458	0	0	71	184.68678112499873
n1350	1461	0	0	43	186.16220699999872
n1351	1459	0	0	50	186.1579334999987
n1348	1460	0	0	59	186.1451129999987
n1349	1462	0	0	67	186.1237454999987
insertion	115	0	0	83	25.897409999999947
insertion	222	0	0	56	38.15167124999987
insertion	364	0	0	83	59.73605137499981
insertion	369	0	0	79	61.75207499999982
insertion	662	0	0	62	93.53729962499953
insertion	663	0	0	71	93.65161574999952
insertion	709	0	0	74	98.2744743749995
insertion	711	0	0	74	98.4838758749995
insertion	713	0	0	74	98.63985862499949
insertion	708	0	0	76	98.12703862499951
insertion	710	0	0	76	98.3984058749995
insertion	712	0	0	76	98.5789612499995
insertion	714	0	0	76	98.70823462499949
insertion	717	0	0	74	98.91763612499948
insertion	719	0	0	74	99.05438812499948
insertion	721	0	0	74	99.18793499999948
insertion	723	0	0	74	99.30972974999948
insertion	725	0	0	74	99.44007149999948
insertion	727	0	0	74	99.56400299999949
insertion	729	0	0	74	99.6911396249995
insertion	731	0	0	74	99.8257548749995
insertion	716	0	0	76	98.84819174999949
insertion	718	0	0	76	98.98173862499948
insertion	720	0	0	76	99.11635387499948
insertion	722	0	0	76	99.23814862499948
insertion	724	0	0	76	99.37596899999949
insertion	726	0	0	76	99.50203724999947
insertion	728	0	0	76	99.64306274999949
insertion	730	0	0	76	99.7669942499995
insertion	732	0	0	76	99.88985737499951
insertion	733	0	0	74	99.93686587499951
insertion	734	0	0	74	100.03729312499952
insertion	735	0	0	75	100.24989974999951
insertion	736	0	0	74	100.35246374999952
insertion	737	0	0	75	100.45075424999952
insertion	738	0	0	74	100.53408749999952
insertion	739	0	0	75	100.59818999999952
insertion	740	0	0	74	100.67724974999952
insertion	741	0	0	75	100.74989924999952
insertion	742	0	0	74	100.81827524999952
insertion	743	0	0	75	100.89199312499952
insertion	744	0	0	74	100.96250587499951
insertion	745	0	0	75	101.02767674999951
insertion	746	0	0	74	101.1088732499995
insertion	747	0	0	75	101.16122362499951
insertion	748	0	0	74	101.2456252499995
insertion	749	0	0	75	101.3118644999995
insertion	750	0	0	74	101.3930609999995
insertion	751	0	0	75	101.46250537499951
insertion	752	0	0	74	101.54690699999952
insertion	753	0	0	75	101.61100949999953
insertion	754	0	0	74	101.68045387499951
insertion	755	0	0	75	101.7498982499995
insertion	756	0	0	74	101.83109474999951
insertion	757	0	0	75	101.9090861249995
insertion	758	0	0	74	101.9806672499995
insertion	759	0	0	75	102.0372911249995
insertion	760	0	0	74	102.10994062499948
insertion	761	0	0	75	102.18259012499948
insertion	762	0	0	74	102.25203449999947
insertion	763	0	0	75	102.32041049999947
insertion	765	0	0	74	102.39092324999946
insertion	766	0	0	75	102.45395737499946
insertion	767	0	0	74	102.52981199999947
insertion	768	0	0	75	102.59605124999946
insertion	769	0	0	74	102.66015374999947
insertion	770	0	0	75	102.72959812499947
insertion	771	0	0	74	102.79797412499947
insertion	772	0	0	75	102.86314499999946
insertion	773	0	0	74	102.92724749999947
insertion	774	0	0	75	103.00203374999947
insertion	775	0	0	74	103.06079437499946
insertion	776	0	0	75	103.12810199999947
insertion	777	0	0	74	103.19647799999947
insertion	778	0	0	75	103.26058049999948
insertion	779	0	0	74	103.33964024999948
insertion	780	0	0	75	103.39946924999947
insertion	782	0	0	74	103.48173412499946
insertion	783	0	0	75	103.54369987499946
insertion	784	0	0	74	103.62703312499947
insertion	785	0	0	75	103.68472537499947
insertion	786	0	0	74	103.76057999999948
insertion	787	0	0	75	103.82040899999947
insertion	788	0	0	74	103.88878499999947
insertion	789	0	0	75	103.96570799999947
insertion	790	0	0	74	104.01805837499947
insertion	791	0	0	75	104.10032324999948
insertion	792	0	0	74	104.16122062499947
insertion	796	0	0	74	104.44647674999946
insertion	798	0	0	74	104.57788687499946
insertion	800	0	0	74	104.71143374999947
insertion	802	0	0	74	104.86100624999948
insertion	805	0	0	74	105.01912574999947
insertion	807	0	0	74	105.15908287499948
insertion	810	0	0	74	105.29156137499949
insertion	812	0	0	74	105.42403987499947
insertion	815	0	0	74	105.56720212499945
insertion	817	0	0	74	105.72532162499945
insertion	819	0	0	74	105.87703087499945
insertion	822	0	0	74	106.02553499999946
insertion	826	0	0	74	106.16869724999944
insertion	793	0	0	75	104.23707524999946
insertion	795	0	0	75	104.37810074999946
insertion	797	0	0	75	104.50737412499946
insertion	799	0	0	75	104.64626287499946
insertion	801	0	0	75	104.78621999999947
insertion	803	0	0	75	104.93258737499947
insertion	806	0	0	75	105.07254449999948
insertion	809	0	0	75	105.21998024999948
insertion	811	0	0	75	105.36207412499948
insertion	814	0	0	75	105.52446712499946
insertion	816	0	0	75	105.67831312499946
insertion	818	0	0	75	105.82681724999945
insertion	820	0	0	75	105.96677437499946
insertion	824	0	0	75	106.10779987499946
insertion	827	0	0	75	106.24134674999944
insertion	828	0	0	74	106.30224412499943
insertion	830	0	0	74	106.44220124999943
insertion	833	0	0	74	106.56506437499944
insertion	835	0	0	74	106.69326937499943
insertion	838	0	0	74	106.82040599999942
insertion	839	0	0	74	106.94113237499943
insertion	829	0	0	75	106.37275687499942
insertion	831	0	0	75	106.50203024999944
insertion	834	0	0	75	106.63771387499943
insertion	837	0	0	75	106.76271374999942
insertion	840	0	0	75	106.87702987499942
insertion	844	0	0	75	107.02553399999942
insertion	859	0	0	74	109.96783874999934
insertion	862	0	0	74	110.13236849999934
insertion	866	0	0	74	110.28728287499933
insertion	868	0	0	74	110.41548787499934
insertion	858	0	0	75	109.85031749999933
insertion	860	0	0	75	110.06826599999934
insertion	864	0	0	75	110.20929149999934
insertion	867	0	0	75	110.34283837499935
insertion	870	0	0	75	110.48386387499934
insertion	871	0	0	74	110.55544499999934
insertion	876	0	0	74	110.68471837499935
insertion	880	0	0	74	110.93258137499936
insertion	882	0	0	74	111.45394837499936
insertion	872	0	0	75	110.60459024999935
insertion	873	0	0	75	110.73172687499935
insertion	881	0	0	75	111.37488862499936
insertion	886	0	0	75	111.52232437499936
insertion	945	0	0	74	121.90158749999934
insertion	948	0	0	74	122.06611724999935
insertion	952	0	0	74	122.22209999999934
insertion	956	0	0	74	122.39090324999934
insertion	957	0	0	74	122.46034762499934
insertion	944	0	0	75	121.79581837499933
insertion	946	0	0	75	121.99346774999934
insertion	950	0	0	75	122.13556162499935
insertion	953	0	0	75	122.26590337499934
insertion	955	0	0	75	122.42081774999934
insertion	960	0	0	74	122.59603124999934
insertion	961	0	0	74	122.71889437499934
insertion	964	0	0	74	122.82573187499935
insertion	967	0	0	74	122.95393687499936
insertion	962	0	0	75	122.56825349999934
insertion	963	0	0	75	122.77658662499934
insertion	966	0	0	75	122.88556087499936
insertion	969	0	0	75	123.02658637499935
insertion	973	0	0	75	123.35671424999936
insertion	976	0	0	75	123.50735512499935
insertion	978	0	0	75	123.73064549999934
insertion	979	0	0	75	123.87701287499932
insertion	984	0	0	74	124.1985937499993
insertion	986	0	0	74	124.3182517499993
insertion	981	0	0	75	124.0041494999993
insertion	983	0	0	75	124.1291493749993
insertion	985	0	0	75	124.2648329999993
insertion	990	0	0	74	124.43897812499931
insertion	992	0	0	74	124.97530237499933
insertion	991	0	0	75	125.02765274999933
insertion	1342	0	0	91	171.82247774999885
insertion	1345	0	0	91	172.00837499999886
insertion	1348	0	0	91	172.13230649999883
insertion	1350	0	0	91	172.24875937499885
insertion	1352	0	0	91	172.37589599999885
insertion	1341	0	0	93	171.68572574999882
insertion	1344	0	0	93	171.92611012499884
insertion	1347	0	0	93	172.05431512499885
insertion	1349	0	0	93	172.19640899999885
insertion	1353	0	0	93	172.31499862499885
insertion	1355	0	0	91	172.49234887499887
insertion	1357	0	0	91	172.63764787499883
insertion	1359	0	0	91	172.77974174999886
insertion	1362	0	0	91	172.91756212499888
insertion	1364	0	0	91	173.05004062499893
insertion	1367	0	0	91	173.19213449999893
insertion	1369	0	0	91	173.33102324999894
insertion	1371	0	0	91	173.46884362499893
insertion	1374	0	0	91	173.6120058749989
insertion	1377	0	0	91	173.7626467499989
insertion	1379	0	0	91	173.91008249999888
insertion	1383	0	0	91	174.0489712499989
insertion	1358	0	0	93	172.70922899999886
insertion	1360	0	0	93	172.85025449999887
insertion	1363	0	0	93	172.98273299999892
insertion	1365	0	0	93	173.12696362499892
insertion	1368	0	0	93	173.27867287499893
insertion	1370	0	0	93	173.41328812499893
insertion	1373	0	0	93	173.54576662499892
insertion	1375	0	0	93	173.6846553749989
insertion	1378	0	0	93	173.8427748749989
insertion	1381	0	0	93	173.9987576249989
insertion	1384	0	0	93	174.1397831249989
insertion	1385	0	0	91	174.2028172499989
insertion	1386	0	0	93	174.2904239999989
insertion	1387	0	0	91	174.35025299999887
insertion	1388	0	0	93	174.4325178749989
insertion	1390	0	0	91	174.4934152499989
insertion	1391	0	0	93	174.58102199999888
insertion	1392	0	0	91	174.6248253749989
insertion	1393	0	0	93	174.7135004999989
insertion	1395	0	0	91	174.7690559999989
insertion	1396	0	0	93	174.8630729999989
insertion	1397	0	0	91	174.91756012499891
insertion	1399	0	0	93	175.0019617499989
insertion	1400	0	0	91	175.0607223749989
insertion	1401	0	0	93	175.15687612499892
insertion	1403	0	0	91	175.20067949999893
insertion	1404	0	0	93	175.29469649999893
insertion	1406	0	0	91	175.34597849999892
insertion	1407	0	0	93	175.4410638749989
insertion	1408	0	0	91	175.4902091249989
insertion	1409	0	0	93	175.5714056249989
insertion	1410	0	0	91	175.6226876249989
insertion	1411	0	0	93	175.6985422499989
insertion	1412	0	0	91	175.7466191249989
insertion	1413	0	0	93	175.8192686249989
insertion	1414	0	0	91	175.8897813749989
insertion	1415	0	0	93	175.9773881249989
insertion	1417	0	0	93	176.07674699999887
insertion	1418	0	0	91	176.0169179999989
insertion	1419	0	0	91	176.15580674999887
insertion	1420	0	0	93	176.21670412499887
insertion	1421	0	0	91	176.27332799999886
insertion	1423	0	0	93	176.34277237499884
insertion	1424	0	0	91	176.40046462499882
insertion	1425	0	0	93	176.4773876249988
insertion	1426	0	0	91	176.52439612499882
insertion	1428	0	0	91	176.6654216249988
insertion	1430	0	0	91	176.8064471249988
insertion	1432	0	0	91	176.9474726249988
insertion	1435	0	0	91	177.09383999999878
insertion	1437	0	0	91	177.23272874999878
insertion	1439	0	0	91	177.3684123749988
insertion	1441	0	0	91	177.50836949999876
insertion	1444	0	0	91	177.7711897499987
insertion	1450	0	0	91	178.26584737499866
insertion	1427	0	0	93	176.6258917499988
insertion	1429	0	0	93	176.7626437499988
insertion	1431	0	0	93	176.9058059999988
insertion	1434	0	0	93	177.02012212499878
insertion	1436	0	0	93	177.17610487499877
insertion	1438	0	0	93	177.3107201249988
insertion	1440	0	0	93	177.46029262499877
insertion	1442	0	0	93	177.59704462499874
insertion	1445	0	0	93	177.7370017499987
insertion	1446	0	0	93	177.84597599999873
