xml_id	midi_id	track	channel	pitch	onset
n1	0	0	0	55	0.51282
n2	1	0	0	56	0.6223284375
n4	2	0	0	57	0.721153125
n5	3	0	0	60	0.7865910937499999
n6	4	0	0	58	0.870725625
n7	5	0	0	67	0.9388345312499999
n13	13	0	0	46	1.041665625
n12	7	0	0	56	1.041665625
n8	6	0	0	62	1.03231734375
n9	8	0	0	65	1.11244546875
n20	9	0	0	55	1.1858962499999999
n15	11	0	0	55	1.26201796875
n14	10	0	0	63	1.2019218749999998
n21	15	0	0	39	1.3474879687499999
n16	12	0	0	58	1.3408106249999998
n17	14	0	0	63	1.40357765625
n18	17	0	0	67	1.5010668750000002
n19	18	0	0	68	1.57451765625
n24	19	0	0	69	1.6506393750000001
n25	20	0	0	72	1.7120709375
n26	21	0	0	70	1.78017984375
n27	22	0	0	79	1.8643143750000002
n33	29	0	0	58	1.9377651562500002
n32	23	0	0	68	1.9324232812500002
n28	24	0	0	74	1.9404360937500003
n29	25	0	0	77	2.02323515625
n40	26	0	0	67	2.08199578125
n35	28	0	0	67	2.1407564062499995
n34	27	0	0	75	2.1113760937499997
n41	31	0	0	51	2.2475939062499997
n36	30	0	0	70	2.22622640625
n37	32	0	0	75	2.2863225
n38	33	0	0	79	2.36511515625
n39	35	0	0	80	2.4399014062499997
n44	36	0	0	81	2.5293778125
n45	37	0	0	84	2.590809375
n46	38	0	0	82	2.654911875
n47	39	0	0	91	2.7350399999999997
n52	45	0	0	70	2.8458839062499997
n53	41	0	0	79	2.8124971874999996
n48	40	0	0	86	2.8124971874999996
n49	42	0	0	89	2.8859479687499996
n60	46	0	0	67	2.992785468749999
n61	44	0	0	75	2.988779062499999
n55	47	0	0	82	3.035520468749999
n54	43	0	0	87	2.971417968749999
n57	49	0	0	75	3.201118593749999
n56	48	0	0	79	3.126332343749999
n59	51	0	0	67	3.384077812499999
n58	50	0	0	70	3.294601406249999
n70	59	0	0	48	3.4869089062499987
n65	53	0	0	55	3.5803917187499987
n64	52	0	0	63	3.5015990624999986
n66	54	0	0	60	3.660519843749999
n67	55	0	0	63	3.732635156249999
n69	57	0	0	65	3.8688529687499993
n68	56	0	0	67	3.799408593749999
n77	64	0	0	41	3.973019531249999
n72	60	0	0	56	4.0638314062499985
n71	58	0	0	63	3.959664843749999
n74	62	0	0	60	4.193371874999998
n73	61	0	0	62	4.127933906249998
n78	65	0	0	43	4.304215781249998
n76	66	0	0	55	4.353628124999998
n75	63	0	0	59	4.274835468749998
n80	67	0	0	56	4.439098124999998
n81	68	0	0	57	4.512548906249998
n82	69	0	0	58	4.585999687499998
n83	70	0	0	67	4.6821534374999985
n89	80	0	0	46	4.764952499999998
n88	71	0	0	56	4.752933281249998
n84	72	0	0	62	4.7502623437499985
n85	73	0	0	65	4.827719531249997
n96	74	0	0	55	4.891822031249997
n91	76	0	0	55	4.983969374999996
n90	75	0	0	63	4.925208749999996
n97	78	0	0	39	5.066768437499996
n92	77	0	0	58	5.065432968749996
n93	79	0	0	63	5.132206406249996
n94	81	0	0	67	5.215005468749997
n95	82	0	0	68	5.285785312499997
n100	83	0	0	69	5.372590781249998
n101	84	0	0	72	5.434022343749999
n102	85	0	0	70	5.500795781249999
n103	86	0	0	79	5.583594843749999
n109	92	0	0	58	5.629000781249999
n108	87	0	0	68	5.637013593749999
n104	88	0	0	74	5.667729374999999
n105	89	0	0	77	5.7198126562499985
n116	90	0	0	67	5.771895937499998
n111	93	0	0	67	5.868049687499998
n110	91	0	0	75	5.807953593749998
n117	95	0	0	51	5.938829531249997
n112	94	0	0	70	5.926810312499997
n113	96	0	0	75	6.018957656249998
n114	97	0	0	79	6.079053749999998
n115	98	0	0	80	6.143156249999998
n120	99	0	0	81	6.2419809374999975
n121	100	0	0	84	6.298070624999998
n122	101	0	0	82	6.375527812499998
n123	102	0	0	82	6.465004218749998
n128	110	0	0	70	6.539790468749999
n129	104	0	0	79	6.5304421874999985
n125	105	0	0	94	6.641286093749999
n124	103	0	0	96	6.5584870312499985
n136	111	0	0	67	6.734768906249999
n137	108	0	0	75	6.720078749999999
n131	107	0	0	87	6.77750390625
n130	106	0	0	91	6.718743281249999
n133	112	0	0	82	6.932418281249999
n132	109	0	0	84	6.852290156249999
n135	114	0	0	75	7.094009999999998
n134	113	0	0	79	7.001862656249998
n141	116	0	0	70	7.247588906249999
n140	115	0	0	72	7.167460781249998
n143	118	0	0	60	7.401167812499999
n142	117	0	0	67	7.317033281249999
n149	123	0	0	46	7.4946506249999985
n148	121	0	0	56	7.489308749999998
n144	119	0	0	62	7.481295937499999
n145	120	0	0	67	7.561424062499999
n159	128	0	0	51	7.66158421875
n151	124	0	0	63	7.725686718750001
n150	122	0	0	65	7.64288765625
n157	127	0	0	55	7.8218404687500005
n152	125	0	0	57	7.791124687500001
n153	126	0	0	58	7.86991734375
n154	129	0	0	59	7.9527164062499995
n155	130	0	0	60	8.02483171875
n161	131	0	0	61	8.0982825
n162	132	0	0	63	8.1837525
n163	133	0	0	62	8.271893437500001
n164	134	0	0	70	8.33198953125
n170	138	0	0	50	8.41745953125
n169	136	0	0	60	8.40143390625
n165	135	0	0	66	8.4161240625
n166	137	0	0	69	8.490910312499999
n177	139	0	0	58	8.563025624999998
n172	141	0	0	62	8.64716015625
n171	140	0	0	67	8.563025624999998
n178	143	0	0	43	8.737972031249997
n173	142	0	0	58	8.697907968749998
n174	144	0	0	62	8.804745468749996
n175	145	0	0	67	8.895557343749998
n176	146	0	0	70	8.963666249999998
n181	147	0	0	73	9.039787968749998
n182	148	0	0	75	9.119916093749998
n183	149	0	0	74	9.189360468749998
n184	150	0	0	82	9.250792031249997
n190	154	0	0	62	9.356294062499998
n189	153	0	0	72	9.333591093749998
n185	151	0	0	78	9.336262031249998
n186	152	0	0	81	9.408377343749999
n197	155	0	0	70	9.485834531250001
n192	157	0	0	74	9.53925328125
n191	156	0	0	79	9.4791571875
n198	159	0	0	55	9.64876171875
n193	158	0	0	70	9.60602671875
n194	160	0	0	74	9.70485140625
n195	161	0	0	79	9.784979531250002
n196	162	0	0	82	9.853088437500002
n201	163	0	0	85	9.914520000000001
n202	164	0	0	86	9.990641718750002
n204	167	0	0	93	10.165588125000003
n203	165	0	0	98	10.080118125000002
n209	174	0	0	74	10.198974843750003
n210	166	0	0	82	10.178942812500003
n206	169	0	0	94	10.321837968750003
n205	168	0	0	96	10.237703437500002
n217	173	0	0	70	10.369914843750005
n218	171	0	0	79	10.345876406250005
n212	172	0	0	86	10.448707500000006
n211	170	0	0	91	10.381934062500005
n214	176	0	0	79	10.620982968750008
n213	175	0	0	82	10.535512968750007
n216	178	0	0	69	10.769220000000006
n215	177	0	0	74	10.677072656250008
n222	180	0	0	70	10.910779687500005
n221	179	0	0	72	10.838664375000006
n224	182	0	0	62	11.072371406250005
n223	181	0	0	67	10.982895000000005
n230	185	0	0	48	11.133802968750004
n229	184	0	0	58	11.129796562500005
n225	183	0	0	64	11.156505937500004
n226	186	0	0	68	11.229956718750003
n237	187	0	0	56	11.316762187500002
n232	189	0	0	65	11.428941562500002
n231	188	0	0	67	11.338129687500002
n238	191	0	0	41	11.519753437500004
n234	192	0	0	55	11.589197812500004
n233	190	0	0	60	11.497050468750004
n235	193	0	0	56	11.670661406250003
n236	194	0	0	58	11.734763906250004
n241	195	0	0	59	11.814892031250004
n242	196	0	0	61	11.892349218750002
n243	197	0	0	60	11.972477343750002
n244	198	0	0	68	12.061953750000002
n250	200	0	0	48	12.138075468750001
n249	201	0	0	58	12.126056250000001
n245	199	0	0	64	12.134069062500002
n246	202	0	0	67	12.224880937500002
n257	203	0	0	56	12.286312500000001
n252	205	0	0	60	12.375788906249996
n251	204	0	0	65	12.29298984375
n258	207	0	0	41	12.487968281249996
n253	206	0	0	56	12.447904218749997
n254	208	0	0	60	12.544057968749998
n255	209	0	0	65	12.64288265625
n256	210	0	0	68	12.69095953125
n261	211	0	0	71	12.771087656250002
n262	212	0	0	73	12.828512812500001
n263	214	0	0	72	12.9460340625
n264	215	0	0	80	13.01948484375
n270	217	0	0	60	13.0849228125
n269	218	0	0	70	13.07691
n265	216	0	0	76	13.0742390625
n266	219	0	0	79	13.16638640625
n277	221	0	0	68	13.230488906249999
n272	222	0	0	72	13.29993328125
n271	220	0	0	77	13.230488906249999
n278	224	0	0	53	13.392080625
n273	223	0	0	68	13.3840678125
n274	225	0	0	72	13.468202343749999
n275	226	0	0	77	13.549665937499999
n276	227	0	0	80	13.623116718750001
n281	228	0	0	83	13.692561093750001
n282	229	0	0	84	13.7633409375
n284	231	0	0	91	13.91959078125
n283	230	0	0	96	13.8327853125
n286	233	0	0	92	14.061150468749997
n285	232	0	0	94	13.985028749999998
n294	240	0	0	72	14.131930312499996
n295	239	0	0	74	14.119911093749996
n296	235	0	0	80	14.111898281249996
n289	236	0	0	86	14.194697343749993
n288	234	0	0	89	14.151962343749997
n291	241	0	0	80	14.350947187499992
n290	237	0	0	84	14.314889531249992
n293	243	0	0	74	14.527229062499991
n292	242	0	0	77	14.45244281249999
n299	245	0	0	68	14.672795156249991
n298	244	0	0	72	14.604686249999991
n301	247	0	0	62	14.826374062499992
n300	246	0	0	65	14.752923281249991
n303	249	0	0	60	14.998649531249997
n302	248	0	0	68	14.922527812499995
n314	258	0	0	43	15.024023437499997
n315	260	0	0	50	15.182944218749999
n306	252	0	0	55	15.256394999999998
n305	250	0	0	59	15.157570312499999
n308	256	0	0	55	15.528830625
n307	253	0	0	56	15.317826562499999
n311	255	0	0	56	15.431341406249999
n313	deletion
n312	254	0	0	58	15.361897031249999
n319	263	0	0	58	16.14314625
n310	259	0	0	55	15.7718859375
n309	257	0	0	67	15.651693750000002
n317	261	0	0	56	15.924129375
n318	262	0	0	57	16.05901171875
n320	264	0	0	67	16.23796453125
n326	273	0	0	46	16.344802031249994
n325	266	0	0	56	16.342131093749995
n321	265	0	0	62	16.338124687499995
n322	267	0	0	65	16.416917343749994
n333	269	0	0	55	16.571831718749994
n328	270	0	0	55	16.666649999999997
n327	268	0	0	63	16.551799687499994
n334	272	0	0	39	16.81488703125
n329	271	0	0	58	16.76681015625
n330	274	0	0	63	16.848273749999997
n331	275	0	0	67	16.939085625
n332	276	0	0	68	17.017878281250002
n337	277	0	0	69	17.110025625000006
n338	278	0	0	72	17.180805468750005
n339	279	0	0	70	17.247578906250006
n340	280	0	0	79	17.326371562500004
n346	290	0	0	58	17.395815937500004
n345	281	0	0	68	17.403828750000002
n341	282	0	0	74	17.409170625
n342	283	0	0	77	17.478615000000005
n353	284	0	0	67	17.548059375000005
n348	286	0	0	67	17.618839218750008
n347	285	0	0	75	17.561414062500006
n354	288	0	0	51	17.714992968750007
n349	287	0	0	70	17.685612656250008
n350	289	0	0	75	17.763069843750007
n351	291	0	0	79	17.83785609375001
n352	292	0	0	80	17.90997140625001
n357	293	0	0	81	17.99277046875001
n358	294	0	0	84	18.070227656250008
n359	295	0	0	82	18.145013906250007
n360	296	0	0	91	18.227812968750005
n365	300	0	0	70	18.331979531250003
n366	298	0	0	79	18.291915468750005
n361	297	0	0	86	18.299928281250004
n362	299	0	0	89	18.358688906250002
n373	304	0	0	67	18.48689390625
n374	302	0	0	75	18.477545625
n368	303	0	0	82	18.522951562499998
n367	301	0	0	87	18.446829843750002
n370	306	0	0	75	18.672524062499996
n369	305	0	0	79	18.60975703125
n372	308	0	0	67	18.828773906249996
n371	307	0	0	70	18.76734234375
n383	316	0	0	48	18.944959687499995
n378	310	0	0	55	19.055803593749996
n377	309	0	0	63	18.962320781249996
n379	311	0	0	60	19.129254375
n380	312	0	0	63	19.204040624999998
n382	314	0	0	65	19.340258437499998
n381	313	0	0	67	19.270814062499998
n390	321	0	0	41	19.456444218749997
n385	317	0	0	56	19.543249687499998
n384	315	0	0	63	19.44843140625
n387	319	0	0	60	19.680802968749997
n386	318	0	0	62	19.618035937499997
n391	322	0	0	43	19.748911874999997
n389	323	0	0	55	19.83171093749999
n388	320	0	0	59	19.764937499999995
n393	324	0	0	56	19.92252281249999
n394	325	0	0	57	19.99597359374999
n395	326	0	0	58	20.093462812499993
n396	327	0	0	67	20.164242656249996
n402	337	0	0	46	20.223003281249998
n401	328	0	0	56	20.235022499999996
n397	329	0	0	62	20.239028906249995
n398	330	0	0	65	20.31782156249999
n409	331	0	0	55	20.36589843749999
n404	333	0	0	55	20.48208421874999
n403	332	0	0	63	20.39127234374999
n410	336	0	0	39	20.52882562499999
n405	334	0	0	58	20.538173906249988
n406	335	0	0	63	20.604947343749984
n407	338	0	0	67	20.69041734374999
n408	339	0	0	68	20.766539062499987
n413	340	0	0	69	20.84800265624999
n414	341	0	0	72	20.91344062499999
n415	342	0	0	70	20.98288499999999
n416	344	0	0	79	21.06969046874999
n422	352	0	0	58	21.11509640624999
n421	343	0	0	68	21.125780156249988
n417	345	0	0	74	21.14180578124999
n418	346	0	0	77	21.215256562499988
n429	347	0	0	67	21.261997968749988
n424	349	0	0	67	21.36082265624999
n423	348	0	0	75	21.291378281249987
n430	351	0	0	51	21.460982812499992
n425	350	0	0	70	21.41290593749999
n426	353	0	0	75	21.505053281249992
n427	354	0	0	79	21.550459218749992
n428	355	0	0	80	21.641271093749992
n433	356	0	0	81	21.712050937499992
n434	357	0	0	84	21.769476093749994
n435	358	0	0	82	21.846933281249992
n436	deletion
n441	364	0	0	70	22.08998859374999
n442	360	0	0	79	22.06194374999999
n438	361	0	0	94	22.15409109374999
n437	359	0	0	96	22.05393093749999
n449	367	0	0	67	22.276954218749992
n450	366	0	0	75	22.252915781249992
n444	363	0	0	87	22.291644374999994
n443	362	0	0	91	22.226206406249993
n446	368	0	0	82	22.447894218749997
n445	365	0	0	84	22.369101562499996
n448	370	0	0	75	22.59746671875
n447	369	0	0	79	22.5240159375
n454	372	0	0	69	22.743032812499997
n453	371	0	0	72	22.672252968749994
n456	374	0	0	70	22.904624531249993
n455	373	0	0	72	22.821825468749996
n461	377	0	0	58	23.03015859374999
n462	376	0	0	67	22.998107343749993
n458	378	0	0	82	23.088919218749993
n457	375	0	0	84	22.990094531249994
n469	385	0	0	55	23.16504093749999
n470	382	0	0	63	23.16504093749999
n464	380	0	0	75	23.23582078124999
n463	379	0	0	79	23.159699062499993
n466	384	0	0	70	23.39207062499999
n465	381	0	0	72	23.318619843749993
n468	386	0	0	63	23.53630124999999
n467	383	0	0	67	23.46685687499999
n474	388	0	0	57	23.68988015624999
n473	387	0	0	60	23.62177124999999
n476	390	0	0	58	23.848800937499995
n475	389	0	0	60	23.748640781249993
n482	393	0	0	58	23.9823478125
n481	391	0	0	60	23.920916249999998
n478	394	0	0	70	24.02107640625
n477	392	0	0	72	23.928929062499996
n490	398	0	0	51	24.16797796875
n489	396	0	0	55	24.10921734375
n484	397	0	0	63	24.1479459375
n483	395	0	0	67	24.09185625
n492	402	0	0	46	24.301524843750002
n491	400	0	0	48	24.236086875
n486	401	0	0	58	24.296182968750003
n485	399	0	0	60	24.22139671875
n494	405	0	0	51	24.453768281250007
n493	403	0	0	55	24.391001250000006
n488	406	0	0	63	24.461781093750005
n487	404	0	0	67	24.374975625000005
n502	410	0	0	46	24.618030937500006
n501	408	0	0	48	24.536567343750004
n496	409	0	0	58	24.608682656250007
n495	407	0	0	60	24.528554531250006
n503	411	0	0	43	24.672785156250004
n497	412	0	0	55	24.655424062500003
n504	deletion
n498	413	0	0	67	24.740894062500004
n506	417	0	0	48	24.889131093750002
n505	414	0	0	51	24.822357656250002
n500	416	0	0	60	24.91584046875
n499	415	0	0	63	24.821022187500002
n514	420	0	0	43	25.02000703125
n513	418	0	0	46	24.9705946875
n508	421	0	0	55	25.04271
n507	419	0	0	58	24.9652528125
n516	424	0	0	48	25.1629021875
n515	422	0	0	51	25.1041415625
n510	425	0	0	60	25.1789278125
n509	423	0	0	63	25.09746421875
n518	429	0	0	43	25.35387421875
n517	426	0	0	46	25.261726874999997
n512	428	0	0	55	25.3285003125
n511	427	0	0	58	25.257720468749998
n526	432	0	0	38	25.51680140625
n525	431	0	0	39	25.4460215625
n520	433	0	0	50	25.51680140625
n519	430	0	0	51	25.42331859375
n528	436	0	0	39	25.673051249999997
n527	434	0	0	41	25.5955940625
n522	437	0	0	51	25.667709374999998
n521	435	0	0	53	25.603606874999997
n529	438	0	0	37	25.745166562499996
n530	440	0	0	41	25.831972031249993
n523	439	0	0	49	25.755850312499994
n524	441	0	0	53	25.84132031249999
n538	444	0	0	36	26.021608593749992
n537	442	0	0	39	25.926790312499993
n532	445	0	0	48	26.018937656249992
n531	443	0	0	51	25.926790312499993
n540	448	0	0	39	26.176522968749993
n539	446	0	0	41	26.087046562499992
n534	449	0	0	51	26.180529374999992
n533	447	0	0	53	26.109749531249992
n541	450	0	0	35	26.272676718749988
n542	452	0	0	41	26.35414031249999
n535	451	0	0	47	26.26199296874999
n536	453	0	0	53	26.35414031249999
n550	456	0	0	34	26.501041874999984
n549	454	0	0	39	26.431597499999985
n544	457	0	0	46	26.499706406249985
n543	455	0	0	51	26.420913749999986
n552	460	0	0	39	26.673317343749982
n551	458	0	0	41	26.575828124999983
n546	461	0	0	51	26.669310937499983
n545	459	0	0	53	26.601202031249983
n553	462	0	0	33	26.72540062499998
n554	464	0	0	41	26.80953515624998
n547	463	0	0	45	26.75478093749998
n548	465	0	0	53	26.840250937499977
n562	468	0	0	36	26.956436718749977
n561	466	0	0	39	26.907024374999978
n556	469	0	0	48	26.99115890624998
n555	467	0	0	51	26.92037906249998
n564	472	0	0	39	27.118028437499976
n563	470	0	0	41	27.043242187499978
n558	473	0	0	51	27.134054062499978
n557	471	0	0	53	27.071287031249977
n560	deletion
n565	474	0	0	34	27.19682109374998
n566	deletion
n559	475	0	0	46	27.19281468749998
n570	479	0	0	27	27.349064531249972
n567	478	0	0	39	27.33437437499997
n580	485	0	0	55	28.03683093749997
n581	484	0	0	58	28.04083734374997
n582	483	0	0	63	28.03549546874997
n583	481	0	0	67	28.028818124999972
n573	480	0	0	75	28.028818124999972
n574	482	0	0	87	28.022140781249973
n585	487	0	0	39	28.652482031249967
n586	491	0	0	39	28.743293906249963
n589	493	0	0	39	28.83410578124996
n578	488	0	0	51	28.659159374999966
n579	489	0	0	51	28.749971249999962
n588	492	0	0	51	28.84211859374996
n576	486	0	0	63	28.653817499999967
n577	490	0	0	63	28.751306718749962
n587	494	0	0	63	28.847460468749958
n595	502	0	0	35	32.22352546874996
n596	503	0	0	47	32.16877124999996
n594	496	0	0	54	32.17277765624996
n593	deletion
n597	495	0	0	59	32.99409093749991
n598	499	0	0	61	33.51091734374991
n599	500	0	0	64	33.45616312499991
n603	497	0	0	58	33.800714062499864
n604	498	0	0	56	34.073149687499864
n611	501	0	0	58	34.34291437499986
n612	504	0	0	58	34.89446296874982
n607	505	0	0	64	34.85573437499983
n608	506	0	0	68	34.818341249999825
n614	510	0	0	66	35.07875765624982
n618	509	0	0	59	35.32581937499982
n619	507	0	0	61	35.54082984374981
n625	518	0	0	47	35.72378906249981
n624	512	0	0	54	36.0175921874998
n620	508	0	0	63	35.88137437499981
n627	511	0	0	61	36.64793343749978
n623	513	0	0	63	36.63591421874978
n621	515	0	0	66	36.56780531249978
n628	516	0	0	68	36.84558281249978
n631	526	0	0	59	37.10065734374978
n635	deletion
n632	514	0	0	58	37.35306093749975
n638	517	0	0	58	37.67891531249974
n636	519	0	0	63	37.90193859374972
n637	520	0	0	71	37.796436562499736
n639	524	0	0	56	38.15300671874971
n641	521	0	0	47	38.41208765624969
n645	deletion
n643	525	0	0	63	38.63911734374967
n646	522	0	0	46	38.867482499999646
n647	523	0	0	44	39.12122156249961
n651	527	0	0	44	39.33890296874959
n654	528	0	0	56	39.85038749999956
n653	deletion
n650	deletion
n649	531	0	0	64	39.36027046874959
n652	529	0	0	37	39.63804796874956
n657	deletion
n658	deletion
n656	532	0	0	59	40.213634999999535
n655	530	0	0	68	40.15487437499954
n659	533	0	0	54	40.475386874999515
n660	534	0	0	52	40.698410156249516
n665	535	0	0	44	40.90006593749951
n663	537	0	0	52	41.0603221874995
n661	536	0	0	59	41.01491624999951
n662	538	0	0	61	40.95482015624951
n666	539	0	0	37	41.24061046874947
n664	541	0	0	52	41.44226624999947
n669	deletion
n667	540	0	0	59	41.768120624999455
n668	544	0	0	64	41.73606937499946
n670	542	0	0	51	42.036549843749434
n671	543	0	0	49	42.272927812499425
n676	554	0	0	42	42.455887031249425
n677	552	0	0	52	42.86587593749941
n674	545	0	0	58	42.78307687499942
n673	546	0	0	63	42.729658124999425
n675	547	0	0	58	43.43879203124938
n678	551	0	0	61	43.784678437499345
n680	548	0	0	59	44.05444312499932
n681	549	0	0	56	44.29215656249929
n685	550	0	0	56	44.556579374999245
n686	553	0	0	56	45.10145062499919
n689	555	0	0	62	45.413950312499146
n691	557	0	0	58	45.75716578124912
n692	556	0	0	54	46.12976156249911
n700	571	0	0	35	46.78013484374911
n696	558	0	0	51	46.97110687499911
n695	559	0	0	63	46.87895953124911
n698	561	0	0	57	47.78173640624909
n699	560	0	0	61	47.71896937499909
n707	565	0	0	57	48.72858374999908
n702	deletion
n703	deletion
n701	566	0	0	64	48.17569968749908
n704	562	0	0	56	48.534940781249084
n705	563	0	0	59	48.49754765624908
n706	564	0	0	54	48.753957656249085
n710	567	0	0	54	49.141243593749074
n711	deletion
n709	573	0	0	59	49.034406093749084
n712	568	0	0	52	49.61132859374906
n713	569	0	0	56	49.573935468749056
n716	570	0	0	52	49.929170156249036
n717	572	0	0	56	49.89311249999904
n725	585	0	0	35	51.22991671874901
n726	586	0	0	47	51.23392312499901
n720	574	0	0	63	51.17649796874901
n723	576	0	0	57	51.900322031248976
n724	575	0	0	61	51.866935312498974
n733	579	0	0	57	52.741667343748944
n728	deletion
n729	deletion
n727	581	0	0	64	52.21148624999898
n730	577	0	0	56	52.49594109374895
n731	578	0	0	59	52.47724453124895
n732	580	0	0	54	52.75635749999894
n737	582	0	0	54	53.1249468749989
n738	deletion
n736	589	0	0	59	53.074199062498906
n739	583	0	0	52	53.719230468748876
n740	584	0	0	56	53.679166406248875
n744	588	0	0	52	54.04508484374883
n745	587	0	0	56	54.01169812499884
n753	606	0	0	35	55.3858954687488
n754	608	0	0	47	55.3738762499988
n748	590	0	0	61	55.3044318749988
n751	592	0	0	56	56.15913187499876
n752	591	0	0	59	56.120403281248755
n755	593	0	0	63	56.47163156249876
n758	594	0	0	54	56.76810562499875
n759	595	0	0	58	56.73471890624876
n760	597	0	0	52	57.03653484374876
n761	596	0	0	56	57.00982546874876
n769	deletion
n770	deletion
n765	599	0	0	52	57.45453656249875
n766	598	0	0	56	57.41981437499876
n764	602	0	0	59	57.36506015624876
n767	601	0	0	51	58.1262773437487
n768	600	0	0	54	58.1089162499987
n772	603	0	0	51	58.49086031249864
n773	604	0	0	54	58.47617015624864
n777	607	0	0	37	59.3455603124986
n774	605	0	0	49	59.3081671874986
n780	609	0	0	37	59.676756562498575
n778	610	0	0	49	59.66607281249858
n781	612	0	0	39	60.299084999998534
n779	611	0	0	51	60.26970468749854
n784	614	0	0	39	60.59422359374849
n782	613	0	0	51	60.555494999998494
n785	615	0	0	35	61.11372093749845
n783	616	0	0	47	61.09368890624845
n788	617	0	0	35	61.420878749998415
n786	618	0	0	47	61.39550484374842
n789	620	0	0	30	61.95105984374836
n787	619	0	0	42	61.931027812498364
n792	621	0	0	30	62.298281718748335
n790	622	0	0	42	62.26890140624834
n793	623	0	0	32	62.93930671874828
n791	624	0	0	44	62.92862296874828
n803	626	0	0	34	63.44678484374824
n800	625	0	0	46	63.412062656248246
n801	632	0	0	32	64.18396359374817
n802	631	0	0	44	64.17060890624818
n796	628	0	0	58	64.16126062499818
n798	630	0	0	58	64.24539515624816
n804	639	0	0	58	64.37092921874816
n797	627	0	0	70	64.14389953124818
n799	629	0	0	70	64.24005328124817
n805	633	0	0	70	64.36825828124816
n808	635	0	0	30	64.63935843749815
n809	634	0	0	42	64.64603578124814
n810	636	0	0	27	64.87039453124815
n811	deletion
n813	640	0	0	26	65.34582140624815
n814	637	0	0	38	65.37787265624814
n815	deletion
n812	638	0	0	65	65.27904796874816
n816	642	0	0	56	65.8038871874981
n818	641	0	0	25	65.9120601562481
n819	656	0	0	37	66.17247656249809
n821	deletion
n820	645	0	0	58	66.1243996874981
n817	643	0	0	66	66.0830001562481
n822	644	0	0	54	66.33941015624808
n823	646	0	0	51	66.55842703124806
n826	655	0	0	49	66.95906765624804
n827	648	0	0	54	66.92701640624804
n828	647	0	0	58	66.87760406249805
n824	660	0	0	61	66.85089468749806
n829	649	0	0	56	67.491919687498
n834	deletion
n830	652	0	0	59	67.451855624998
n835	deletion
n836	650	0	0	54	68.05682296874795
n837	651	0	0	58	68.02477171874796
n838	653	0	0	53	68.30655562499794
n839	654	0	0	57	68.28785906249794
n842	657	0	0	42	68.74325390624793
n843	deletion
n844	658	0	0	53	68.72989921874793
n841	659	0	0	57	68.68582874999794
n845	661	0	0	54	69.37626609374789
n847	662	0	0	33	69.76889390624788
n848	663	0	0	45	69.76355203124788
n849	664	0	0	35	70.10009015624784
n850	665	0	0	47	70.09341281249785
n851	666	0	0	38	70.33780359374785
n852	667	0	0	50	70.32979078124785
n859	669	0	0	37	70.58219437499785
n860	668	0	0	49	70.57151062499786
n861	675	0	0	35	71.10836906249783
n862	674	0	0	47	71.10035624999783
n855	671	0	0	61	71.09902078124783
n857	673	0	0	61	71.20585828124781
n856	670	0	0	73	71.09501437499783
n858	672	0	0	73	71.20452281249781
n863	682	0	0	61	71.30468296874781
n864	676	0	0	73	71.30601843749781
n867	678	0	0	33	71.5958151562478
n868	677	0	0	45	71.5837959374978
n869	680	0	0	30	71.82418031249779
n870	679	0	0	42	71.84688328124778
n875	681	0	0	29	72.34634859374778
n876	688	0	0	41	72.33432937499778
n874	684	0	0	56	72.33967124999778
n872	deletion
n871	705	0	0	68	72.29025890624779
n877	685	0	0	48	73.12492687499775
n884	deletion
n873	683	0	0	60	73.06349531249776
n879	deletion
n885	687	0	0	49	73.65911437499771
n880	686	0	0	59	73.63240499999772
n886	689	0	0	53	73.9048406249977
n881	707	0	0	56	73.87011843749771
n891	696	0	0	41	74.2320304687477
n892	691	0	0	48	74.2213467187477
n888	690	0	0	60	74.15724421874769
n893	693	0	0	47	74.68074796874767
n889	692	0	0	61	74.65003218749767
n899	694	0	0	47	74.98256390624768
n895	695	0	0	61	74.93582249999767
n900	697	0	0	48	75.48470015624764
n896	698	0	0	60	75.45665531249765
n905	699	0	0	41	75.74378109374763
n907	709	0	0	47	75.81723187499763
n902	700	0	0	61	75.85996687499762
n906	701	0	0	41	76.4903081249976
n903	702	0	0	62	76.4542504687476
n909	deletion
n913	703	0	0	41	76.8428718749976
n915	deletion
n912	deletion
n908	deletion
n910	deletion
n914	706	0	0	40	77.75499703124756
n911	708	0	0	62	77.84981531249755
n921	724	0	0	40	79.12251703124751
n922	723	0	0	52	79.10382046874751
n916	710	0	0	68	78.99831843749752
n918	712	0	0	62	80.01728109374747
n919	714	0	0	66	79.98790078124748
n929	717	0	0	62	81.08699156249749
n924	deletion
n925	deletion
n923	718	0	0	69	80.51407546874746
n926	713	0	0	61	80.89334859374748
n927	715	0	0	64	80.84260078124747
n928	716	0	0	59	81.11236546874748
n934	720	0	0	59	81.48763218749748
n935	719	0	0	62	81.46492921874749
n933	727	0	0	64	81.39281390624748
n936	721	0	0	57	81.98042015624745
n937	722	0	0	61	81.95504624999745
n942	725	0	0	57	82.30226812499743
n943	726	0	0	61	82.25819765624743
n950	741	0	0	40	83.39468156249741
n951	740	0	0	52	83.38399781249741
n947	728	0	0	68	83.30520515624741
n948	729	0	0	62	84.02502281249738
n949	730	0	0	66	83.97961687499739
n958	733	0	0	62	84.83031046874738
n953	deletion
n954	deletion
n952	735	0	0	69	84.32550328124738
n955	731	0	0	61	84.65402859374738
n956	732	0	0	64	84.59393249999738
n957	734	0	0	59	84.85701984374738
n962	736	0	0	59	85.26700874999736
n963	737	0	0	62	85.27902796874736
n961	744	0	0	64	85.16551312499737
n964	738	0	0	57	85.75979671874732
n965	739	0	0	61	85.72106812499733
n969	742	0	0	57	86.0763028124973
n970	743	0	0	61	86.04425156249731
n978	770	0	0	40	87.28356656249727
n979	769	0	0	52	87.30760499999727
n974	deletion
n975	deletion
n973	745	0	0	66	87.19008374999727
n976	747	0	0	59	87.9780103124972
n977	746	0	0	62	87.93794624999721
n983	deletion
n984	deletion
n980	748	0	0	68	88.27581984374719
n985	749	0	0	57	88.56828749999718
n986	750	0	0	61	88.53490078124719
n987	752	0	0	56	88.83805218749718
n988	751	0	0	59	88.81401374999719
n991	deletion
n992	754	0	0	56	89.29478249999714
n993	753	0	0	59	89.26540218749714
n989	771	0	0	64	89.20397062499715
n994	756	0	0	57	90.01994203124711
n999	deletion
n995	755	0	0	61	89.9678587499971
n1000	deletion
n1001	757	0	0	56	90.59953546874706
n1002	758	0	0	59	90.56881968749707
n1003	760	0	0	54	90.83991984374707
n1004	759	0	0	57	90.82790062499707
n1008	761	0	0	54	91.17245156249706
n1009	762	0	0	57	91.16310328124706
n1010	763	0	0	56	91.83083765624701
n1011	764	0	0	59	91.81080562499702
n1019	767	0	0	56	92.79103968749696
n1015	deletion
n1020	768	0	0	59	92.79504609374696
n1016	deletion
n1017	765	0	0	54	92.49456562499697
n1018	766	0	0	57	92.47987546874697
n1023	772	0	0	52	93.32923359374695
n1024	773	0	0	56	93.28516312499696
n1025	774	0	0	61	94.4309953124969
n1032	784	0	0	42	96.14306624999688
n1033	782	0	0	54	96.10700859374688
n1031	775	0	0	63	96.05091890624688
n1030	776	0	0	59	96.98441156249683
n1034	deletion
n1037	781	0	0	61	97.51993453124683
n1038	779	0	0	64	97.47853499999684
n1035	777	0	0	58	97.89520124999683
n1036	778	0	0	56	98.18900437499683
n1041	780	0	0	58	98.48948484374684
n1042	783	0	0	58	99.09578765624681
n1046	785	0	0	64	99.08510390624681
n1045	788	0	0	68	99.02634328124681
n1052	790	0	0	66	99.28008234374681
n1050	786	0	0	59	99.51512484374682
n1051	787	0	0	61	99.74482546874681
n1063	798	0	0	47	99.92778468749681
n1062	791	0	0	54	100.2296006249968
n1060	789	0	0	63	100.1387887499968
n1057	792	0	0	61	100.9267153124968
n1061	793	0	0	63	100.9160315624968
n1059	795	0	0	66	100.8412453124968
n1067	796	0	0	68	101.1216937499968
n1065	805	0	0	59	101.3647490624968
n1078	deletion
n1070	deletion
n1066	794	0	0	58	101.61181078124679
n1074	799	0	0	58	101.96704546874679
n1072	797	0	0	63	102.21410718749678
n1073	800	0	0	71	102.08189578124679
n1075	804	0	0	56	102.52126499999675
n1077	801	0	0	47	102.80705531249674
n1081	deletion
n1079	806	0	0	63	103.05812343749675
n1082	802	0	0	46	103.30384968749672
n1083	803	0	0	44	103.53622124999671
n1089	807	0	0	44	103.8033149999967
n1088	808	0	0	56	104.29076109374667
n1087	deletion
n1086	deletion
n1085	811	0	0	64	103.7859539062467
n1090	810	0	0	37	104.06506687499667
n1093	deletion
n1092	812	0	0	59	104.66736328124666
n1091	809	0	0	68	104.62195734374667
n1094	813	0	0	54	104.98253390624663
n1095	814	0	0	52	105.22158281249662
n1101	817	0	0	44	105.44193515624663
n1099	816	0	0	52	105.56746921874661
n1097	815	0	0	59	105.54610171874661
n1098	818	0	0	61	105.48199921874662
n1102	819	0	0	37	105.77713781249659
n1100	821	0	0	52	105.98279999999659
n1105	deletion
n1103	820	0	0	59	106.31399624999658
n1104	823	0	0	64	106.26591937499659
n1106	822	0	0	51	106.59043828124653
n1107	824	0	0	49	106.85219015624651
n1112	834	0	0	42	107.0578523437465
n1113	832	0	0	52	107.52125999999652
n1110	825	0	0	58	107.47451859374651
n1109	826	0	0	63	107.4010678124965
n1111	827	0	0	58	108.15827859374647
n1114	831	0	0	61	108.58162218749648
n1116	828	0	0	59	108.88076718749645
n1117	829	0	0	56	109.14385453124645
n1121	830	0	0	56	109.46169609374641
n1122	833	0	0	56	110.08268906249633
n1125	835	0	0	62	110.43258187499627
n1127	837	0	0	58	110.82253874999624
n1128	836	0	0	54	111.25790156249622
n1136	851	0	0	35	111.95501624999622
n1132	839	0	0	51	112.16735578124621
n1131	838	0	0	63	112.07387296874622
n1134	841	0	0	57	112.88049609374617
n1135	840	0	0	61	112.84310296874618
n1143	844	0	0	57	113.71783499999617
n1138	deletion
n1139	deletion
n1137	846	0	0	64	113.18231203124617
n1140	842	0	0	56	113.50282453124616
n1141	843	0	0	59	113.47077328124617
n1142	845	0	0	54	113.74587984374617
n1146	848	0	0	54	114.12782390624614
n1147	847	0	0	57	114.18791999999613
n1145	854	0	0	59	114.05704406249615
n1148	849	0	0	52	114.67937249999609
n1149	850	0	0	56	114.6580049999961
n1152	852	0	0	52	115.02926531249607
n1153	853	0	0	56	114.98786578124607
n1160	868	0	0	35	116.28994781249598
n1161	867	0	0	47	116.27659312499598
n1155	855	0	0	63	116.18444578124598
n1158	857	0	0	57	116.86820578124595
n1159	856	0	0	61	116.83748999999595
n1168	860	0	0	57	117.67749984374593
n1163	deletion
n1164	deletion
n1162	862	0	0	64	117.15800249999594
n1165	858	0	0	56	117.43978640624594
n1166	859	0	0	59	117.42376078124595
n1167	861	0	0	54	117.69753187499593
n1172	864	0	0	54	118.07947593749591
n1173	863	0	0	57	118.09950796874591
n1171	871	0	0	59	117.99801234374593
n1174	865	0	0	52	118.6230117187459
n1175	866	0	0	56	118.5949668749959
n1179	870	0	0	52	118.96355624999585
n1180	869	0	0	56	118.93016953124585
n1184	872	0	0	61	120.35778562499583
n1187	874	0	0	56	121.28460093749577
n1188	873	0	0	59	121.24186593749577
n1191	875	0	0	63	121.63048734374573
n1194	876	0	0	54	121.9416515624957
n1195	877	0	0	58	121.9229549999957
n1196	879	0	0	52	122.24079656249567
n1197	878	0	0	56	122.21141624999568
n1205	deletion
n1206	deletion
n1201	881	0	0	52	122.65879828124565
n1202	880	0	0	56	122.65078546874565
n1200	884	0	0	59	122.57733468749566
n1203	883	0	0	51	123.39464156249561
n1204	882	0	0	54	123.35057109374561
n1208	885	0	0	51	123.85537828124556
n1209	886	0	0	54	123.82733343749557
n1213	890	0	0	37	124.76883890624553
n1210	889	0	0	49	124.71542015624553
n1216	891	0	0	37	125.15078296874552
n1214	892	0	0	49	125.10404156249552
n1217	893	0	0	39	125.73171187499547
n1215	894	0	0	51	125.71167984374547
n1220	895	0	0	39	126.04821796874542
n1218	896	0	0	51	126.02685046874542
n1221	897	0	0	35	126.5770635937454
n1219	898	0	0	47	126.5610379687454
n1224	899	0	0	35	126.89624062499534
n1222	900	0	0	47	126.89089874999534
n1225	901	0	0	32	127.5212399999953
n1223	902	0	0	44	127.5145626562453
n1228	903	0	0	32	127.92054515624525
n1226	904	0	0	44	127.89116484374526
n1229	906	0	0	33	128.94217874999524
n1227	905	0	0	45	128.93416593749524
n1235	907	0	0	34	129.58587468749514
n1236	908	0	0	46	129.53646234374514
n1231	909	0	0	58	129.90238078124509
n1232	910	0	0	67	130.01990203124507
n1239	919	0	0	46	130.17080999999504
n1238	912	0	0	56	130.16947453124504
n1233	911	0	0	62	130.14677156249505
n1234	913	0	0	65	130.24025437499503
n1241	915	0	0	55	130.42989093749503
n1246	deletion
n1240	914	0	0	63	130.35109828124504
n1247	917	0	0	39	130.580798906245
n1242	916	0	0	58	130.556760468745
n1243	918	0	0	63	130.638224062495
n1244	920	0	0	67	130.74372609374498
n1245	921	0	0	68	130.80916406249497
n1250	922	0	0	69	130.89730499999496
n1251	923	0	0	72	130.96942031249495
n1252	924	0	0	70	131.05622578124493
n1253	925	0	0	79	131.14169578124492
n1259	932	0	0	58	131.2098046874949
n1258	926	0	0	68	131.1911081249949
n1254	927	0	0	74	131.2164820312449
n1255	928	0	0	77	131.2832554687449
n1266	929	0	0	67	131.3526998437449
n1261	931	0	0	67	131.41813781249488
n1260	930	0	0	75	131.37540281249488
n1267	934	0	0	51	131.52497531249486
n1262	933	0	0	70	131.50627874999486
n1263	935	0	0	75	131.56503937499485
n1264	936	0	0	79	131.66252859374484
n1265	937	0	0	80	131.71194093749483
n1270	938	0	0	81	131.80675921874482
n1271	939	0	0	84	131.8628489062448
n1272	940	0	0	82	131.9403060937448
n1273	941	0	0	91	132.03378890624478
n1278	943	0	0	70	132.10857515624477
n1279	944	0	0	79	132.07919484374477
n1274	942	0	0	86	132.10189781249477
n1275	945	0	0	89	132.17401312499476
n1286	948	0	0	67	132.25280578124475
n1287	947	0	0	75	132.26215406249474
n1281	949	0	0	82	132.30622453124474
n1280	946	0	0	87	132.25414124999475
n1283	951	0	0	75	132.4691517187447
n1282	950	0	0	79	132.39703640624472
n1285	953	0	0	67	132.6093759374947
n1284	952	0	0	70	132.5439379687447
n1296	961	0	0	48	132.71888437499467
n1291	955	0	0	55	132.82705734374466
n1290	954	0	0	63	132.74960015624467
n1292	956	0	0	60	132.90050812499464
n1293	957	0	0	63	132.95526234374464
n1295	959	0	0	65	133.1101767187446
n1294	958	0	0	67	133.04073234374462
n1303	966	0	0	41	133.1996531249946
n1298	962	0	0	56	133.27711031249459
n1297	960	0	0	63	133.1903048437446
n1300	964	0	0	60	133.41466359374456
n1299	963	0	0	62	133.35189656249457
n1304	968	0	0	43	133.52016562499455
n1302	967	0	0	55	133.56690703124454
n1301	965	0	0	59	133.48944984374455
n1306	969	0	0	56	133.65905437499453
n1307	970	0	0	57	133.72315687499452
n1308	971	0	0	58	133.8046204687445
n1309	972	0	0	67	133.8967678124945
n1315	981	0	0	46	133.98357328124447
n1314	974	0	0	56	133.96487671874448
n1310	973	0	0	62	133.95953484374448
n1311	975	0	0	65	134.05034671874446
n1322	976	0	0	55	134.13982312499445
n1317	978	0	0	55	134.17988718749444
n1316	977	0	0	63	134.13181031249445
n1323	980	0	0	39	134.30408578124442
n1318	979	0	0	58	134.26936359374443
n1319	982	0	0	63	134.34414984374442
n1320	983	0	0	67	134.4269489062444
n1321	984	0	0	68	134.4950578124944
n1326	985	0	0	69	134.57652140624438
n1327	986	0	0	72	134.63661749999437
n1328	987	0	0	70	134.70873281249436
n1329	988	0	0	79	134.78752546874435
n1335	998	0	0	58	134.85029249999434
n1334	989	0	0	68	134.83693781249434
n1330	990	0	0	74	134.85964078124434
n1331	991	0	0	77	134.92507874999433
n1342	992	0	0	67	134.99452312499432
n1337	994	0	0	67	135.0572901562443
n1336	993	0	0	75	135.0239034374943
n1343	997	0	0	51	135.19617890624428
n1338	995	0	0	70	135.1387537499943
n1339	996	0	0	75	135.20285624999428
n1340	999	0	0	79	135.28164890624427
n1341	1000	0	0	80	135.35509968749426
n1346	1001	0	0	81	135.44190515624425
n1347	1002	0	0	84	135.50867859374424
n1348	1003	0	0	82	135.58747124999422
n1349	deletion
n1354	1012	0	0	70	135.8118299999942
n1355	1005	0	0	79	135.7891270312442
n1351	1006	0	0	94	135.86658421874418
n1350	1004	0	0	96	135.7757723437442
n1362	1011	0	0	67	135.99078281249416
n1363	1009	0	0	75	135.96807984374416
n1357	1008	0	0	87	136.02283406249416
n1356	1007	0	0	91	135.94404140624417
n1359	1013	0	0	82	136.17107109374413
n1358	1010	0	0	84	136.08827203124414
n1361	1015	0	0	75	136.3153017187441
n1360	1014	0	0	79	136.23784453124412
n1367	1017	0	0	70	136.4581968749941
n1366	1016	0	0	72	136.3820751562441
n1369	1019	0	0	60	136.61177578124406
n1368	1018	0	0	67	136.53832499999407
n1375	1023	0	0	46	136.72529062499405
n1374	1022	0	0	56	136.71060046874405
n1370	1020	0	0	62	136.69724578124405
n1371	1021	0	0	67	136.76802562499404
n1385	1029	0	0	51	136.91092078124402
n1377	1025	0	0	63	136.945642968744
n1376	1024	0	0	65	136.84548281249403
n1383	1028	0	0	55	137.032448437494
n1378	1026	0	0	57	137.021764687494
n1379	1027	0	0	58	137.103228281244
n1380	1030	0	0	59	137.18202093749397
n1381	1031	0	0	60	137.24879437499396
n1387	1032	0	0	61	137.32358062499395
n1388	1033	0	0	63	137.39302499999394
n1389	1034	0	0	62	137.49585609374392
n1390	1035	0	0	70	137.55328124999392
n1396	1039	0	0	50	137.6667960937439
n1395	1038	0	0	60	137.6534414062439
n1391	1036	0	0	66	137.6414221874939
n1392	1037	0	0	69	137.7228857812439
n1403	1040	0	0	58	137.81102671874388
n1398	1042	0	0	62	137.88180656249386
n1397	1041	0	0	67	137.81903953124387
n1404	1044	0	0	43	137.98597312499385
n1399	1043	0	0	58	137.94457359374385
n1400	1045	0	0	62	138.06610124999384
n1401	1046	0	0	67	138.13821656249382
n1402	1047	0	0	70	138.2130028124938
n1407	1048	0	0	73	138.2757698437438
n1408	1049	0	0	75	138.3545624999938
n1409	1050	0	0	74	138.42801328124378
n1410	1051	0	0	82	138.48009656249377
n1416	1055	0	0	62	138.58826953124375
n1415	1053	0	0	72	138.57090843749376
n1411	1052	0	0	78	138.57357937499376
n1412	1054	0	0	81	138.64970109374374
n1423	1057	0	0	70	138.71914546874373
n1418	1058	0	0	74	138.80194453124372
n1417	1056	0	0	79	138.70178437499374
n1424	1060	0	0	55	138.8700534374937
n1419	1059	0	0	70	138.8460149999937
n1420	1061	0	0	74	138.9501815624937
n1421	1062	0	0	79	139.03298062499368
n1422	1063	0	0	82	139.10242499999367
n1427	1064	0	0	85	139.17186937499366
n1428	1065	0	0	86	139.23597187499365
n1430	1067	0	0	93	139.39889906249363
n1429	1066	0	0	98	139.31342906249364
n1435	1074	0	0	74	139.47101437499362
n1436	1068	0	0	82	139.46433703124362
n1432	1070	0	0	94	139.5377878124936
n1431	1069	0	0	96	139.46433703124362
n1443	1075	0	0	70	139.6392834374936
n1444	1073	0	0	79	139.6219223437436
n1438	1072	0	0	86	139.67534109374358
n1437	1071	0	0	91	139.6099031249936
n1440	1077	0	0	79	139.82491359374356
n1439	1076	0	0	82	139.75546921874357
n1442	1079	0	0	69	139.97181515624354
n1441	1078	0	0	74	139.89168703124355
n1448	1081	0	0	70	140.1280649999935
n1447	1080	0	0	72	140.06129156249352
n1450	1083	0	0	62	140.2789729687435
n1449	1082	0	0	67	140.2015157812435
n1456	1087	0	0	48	140.36978484374347
n1455	1085	0	0	58	140.38180406249347
n1451	1084	0	0	64	140.35776562499348
n1452	1086	0	0	68	140.44724203124346
n1463	1088	0	0	56	140.59013718749344
n1458	1090	0	0	65	140.68495546874342
n1457	1089	0	0	67	140.57144062499344
n1464	1092	0	0	41	140.8078185937434
n1460	1093	0	0	55	140.8665792187434
n1459	1091	0	0	60	140.7797737499934
n1461	1094	0	0	56	140.94002999999338
n1462	1095	0	0	58	141.01481624999337
n1467	1096	0	0	59	141.08960249999336
n1468	1097	0	0	61	141.16572421874335
n1469	1098	0	0	60	141.24985874999334
n1470	1099	0	0	68	141.31930312499333
n1476	1101	0	0	48	141.4047731249933
n1475	1102	0	0	58	141.3994312499933
n1471	1100	0	0	64	141.4034376562433
n1472	1103	0	0	67	141.4862367187433
n1483	1105	0	0	56	141.5583520312433
n1478	1106	0	0	60	141.63447374999328
n1477	1104	0	0	65	141.5610229687433
n1484	1108	0	0	41	141.74531765624326
n1479	1107	0	0	56	141.70124718749327
n1480	1109	0	0	60	141.83078765624325
n1481	1110	0	0	65	141.90023203124323
n1482	1111	0	0	68	141.97501828124322
n1487	1112	0	0	71	142.0698365624932
n1488	1113	0	0	73	142.1299326562432
n1489	1114	0	0	72	142.21273171874319
n1490	1115	0	0	80	142.28084062499317
n1496	1117	0	0	60	142.33292390624317
n1495	1118	0	0	70	142.33025296874317
n1491	1116	0	0	76	142.35562687499316
n1492	1119	0	0	79	142.42907765624315
n1503	1120	0	0	68	142.48116093749314
n1498	1122	0	0	72	142.56128906249313
n1497	1121	0	0	77	142.50386390624314
n1504	1124	0	0	53	142.65877828124312
n1499	1123	0	0	68	142.63607531249312
n1500	1125	0	0	72	142.7389064062431
n1501	1126	0	0	77	142.8030089062431
n1502	1127	0	0	80	142.87779515624308
n1507	1128	0	0	83	142.96192968749307
n1508	1130	0	0	84	143.02603218749306
n1510	1132	0	0	91	143.17293374999304
n1509	1131	0	0	96	143.10081843749305
n1512	1134	0	0	92	143.29713234374302
n1511	1133	0	0	94	143.23570078124303
n1520	1140	0	0	72	143.399963437493
n1521	1138	0	0	74	143.379931406243
n1522	1135	0	0	80	143.359899374993
n1515	1137	0	0	86	143.450711249993
n1514	1136	0	0	89	143.382602343743
n1517	1141	0	0	80	143.59227093749297
n1516	1139	0	0	84	143.52549749999298
n1519	1143	0	0	74	143.74184343749295
n1518	1142	0	0	77	143.67907640624296
n1525	1145	0	0	68	143.89809328124292
n1524	1144	0	0	72	143.82998437499293
n1527	1147	0	0	62	144.0623559374929
n1526	1146	0	0	65	143.9848987499929
n1529	1149	0	0	60	144.23463140624287
n1528	1148	0	0	68	144.15049687499288
n1540	1157	0	0	43	144.29873390624286
n1541	1159	0	0	50	144.35749453124285
n1532	1151	0	0	55	144.44697093749284
n1531	1150	0	0	59	144.35348812499285
n1534	1155	0	0	55	144.7060518749928
n1533	1152	0	0	56	144.50973796874283
n1537	1154	0	0	56	144.6259237499928
n1539	deletion
n1538	1153	0	0	58	144.56182124999282
n1545	1162	0	0	58	145.22688468749274
n1536	1158	0	0	55	144.9143849999928
n1535	1156	0	0	67	144.8088829687428
n1543	1160	0	0	56	145.04793187499277
n1544	1161	0	0	57	145.14275015624276
n1546	1163	0	0	67	145.31369015624273
n1552	1173	0	0	46	145.41785671874274
n1551	1165	0	0	56	145.41518578124274
n1547	1164	0	0	62	145.40583749999274
n1548	1167	0	0	65	145.47394640624273
n1559	1169	0	0	55	145.5914676562427
n1554	deletion
n1553	1168	0	0	63	145.56876468749272
n1560	1172	0	0	39	145.7397046874927
n1555	1170	0	0	58	145.7009760937427
n1556	1171	0	0	63	145.77042046874269
n1557	1174	0	0	67	145.86790968749267
n1558	1175	0	0	68	145.92800578124266
n1563	1176	0	0	69	146.03083687499264
n1564	1177	0	0	72	146.09360390624263
n1565	1178	0	0	70	146.17106109374262
n1566	1179	0	0	79	146.2405054687426
n1572	1189	0	0	58	146.3326528124926
n1571	1181	0	0	68	146.3246399999926
n1567	1180	0	0	74	146.3259754687426
n1568	1182	0	0	77	146.42079374999258
n1579	1184	0	0	67	146.48890265624257
n1574	1185	0	0	67	146.54232140624256
n1573	1183	0	0	75	146.49691546874257
n1580	1188	0	0	51	146.67853921874254
n1575	1186	0	0	70	146.62912687499255
n1576	1187	0	0	75	146.69055843749254
n1577	1190	0	0	79	146.78938312499253
n1578	1191	0	0	80	146.84413734374252
n1583	1192	0	0	81	146.9296073437425
n1584	1193	0	0	84	146.9963807812425
n1585	1194	0	0	82	147.07784437499248
n1586	1195	0	0	91	147.19937203124246
n1591	1203	0	0	70	147.26881640624245
n1592	1198	0	0	79	147.23676515624246
n1587	1197	0	0	86	147.23542968749246
n1588	deletion
n1599	1202	0	0	67	147.42373078124243
n1600	1200	0	0	75	147.40503421874243
n1594	1201	0	0	82	147.45845296874242
n1593	1199	0	0	87	147.37698937499243
n1596	1205	0	0	75	147.6026835937424
n1595	1204	0	0	79	147.5172135937424
n1598	1207	0	0	67	147.76293984374237
n1597	1206	0	0	70	147.6814762499924
n1609	1215	0	0	48	147.89381578124235
n1604	1209	0	0	55	147.97661484374234
n1603	1208	0	0	63	147.86977734374236
n1605	1210	0	0	60	148.04739468749233
n1606	1211	0	0	63	148.11016171874232
n1608	1213	0	0	65	148.2543923437423
n1607	1212	0	0	67	148.1916253124923
n1616	1219	0	0	41	148.37859093749228
n1611	1216	0	0	56	148.41999046874227
n1610	1214	0	0	63	148.33986234374228
n1613	1218	0	0	60	148.56956296874225
n1612	1217	0	0	62	148.51347328124226
n1617	1221	0	0	43	148.66705218749223
n1615	1222	0	0	55	148.72447734374222
n1614	1220	0	0	59	148.65236203124223
n1619	1223	0	0	56	148.8059409374922
n1620	1224	0	0	57	148.8833981249922
n1621	1225	0	0	58	148.96085531249219
n1622	1226	0	0	67	149.06502187499217
n1628	1236	0	0	46	149.14782093749216
n1627	1228	0	0	56	149.13446624999216
n1623	1227	0	0	62	149.13980812499216
n1624	1229	0	0	65	149.22394265624214
n1635	1230	0	0	55	149.29205156249213
n1630	1232	0	0	55	149.39888906249212
n1629	1231	0	0	63	149.30407078124213
n1636	1235	0	0	39	149.4763462499921
n1631	1233	0	0	58	149.4669979687421
n1632	1234	0	0	63	149.5417842187421
n1633	1237	0	0	67	149.62591874999208
n1634	1238	0	0	68	149.68868578124207
n1639	1239	0	0	69	149.77949765624206
n1640	1240	0	0	72	149.84894203124205
n1641	1241	0	0	70	149.91571546874204
n1642	1242	0	0	79	149.99851453124202
n1648	1252	0	0	58	150.071965312492
n1647	1243	0	0	68	150.061281562492
n1643	1244	0	0	74	150.078642656242
n1644	1245	0	0	77	150.156099843742
n1655	1247	0	0	67	150.222873281242
n1650	1248	0	0	67	150.30300140624198
n1649	1246	0	0	75	150.24023437499199
n1656	1251	0	0	51	150.42586453124196
n1651	1249	0	0	70	150.36843937499196
n1652	1250	0	0	75	150.42586453124196
n1653	1253	0	0	79	150.52602468749194
n1654	1254	0	0	80	150.57944343749193
n1659	1255	0	0	81	150.67159078124192
n1660	1256	0	0	84	150.7463770312419
n1661	1257	0	0	82	150.8238342187419
n1662	1258	0	0	82	150.93067171874188
n1667	1264	0	0	70	151.06021218749186
n1668	1260	0	0	79	151.04685749999186
n1664	1261	0	0	94	151.13499843749184
n1663	1259	0	0	96	151.03750921874186
n1675	1267	0	0	67	151.25385515624183
n1676	1265	0	0	75	151.23382312499183
n1670	1263	0	0	87	151.28056453124182
n1669	1262	0	0	91	151.21779749999183
n1672	1268	0	0	82	151.4488335937418
n1671	1266	0	0	84	151.3727118749918
n1674	1270	0	0	75	151.58905781249177
n1673	1269	0	0	79	151.51961343749178
n1680	1272	0	0	69	151.73863031249175
n1679	1271	0	0	72	151.65449578124176
n1682	1274	0	0	70	151.90422843749172
n1681	1273	0	0	72	151.80673921874174
n1687	1277	0	0	58	152.0538009374917
n1688	1276	0	0	67	152.0244206249917
n1684	1278	0	0	82	152.0858521874917
n1683	1275	0	0	84	151.9830210937417
n1695	1285	0	0	55	152.21272171874168
n1696	1282	0	0	63	152.17799953124168
n1690	1280	0	0	75	152.24076656249167
n1689	1279	0	0	79	152.16330937499168
n1692	1283	0	0	70	152.39033906249165
n1691	1281	0	0	72	152.31288187499166
n1694	1286	0	0	63	152.54124703124162
n1693	1284	0	0	67	152.47981546874163
n1700	1288	0	0	57	152.6988323437416
n1699	1287	0	0	60	152.6240460937416
n1702	1290	0	0	58	152.86576593749157
n1701	1289	0	0	60	152.7589284374916
n1708	1292	0	0	58	152.97794531249156
n1707	1291	0	0	60	152.91117187499157
n1704	1294	0	0	70	153.02201578124155
n1703	1293	0	0	72	152.92986843749156
n1716	1298	0	0	51	153.16357546874153
n1715	1296	0	0	55	153.11549859374153
n1710	1297	0	0	63	153.15689812499153
n1709	1295	0	0	67	153.09413109374154
n1718	1302	0	0	46	153.3037996874915
n1717	1300	0	0	48	153.24236812499151
n1712	1301	0	0	58	153.2957868749915
n1711	1299	0	0	60	153.22367156249152
n1720	1305	0	0	51	153.46939781249148
n1719	1303	0	0	55	153.3879342187415
n1714	1306	0	0	63	153.46004953124148
n1713	1304	0	0	67	153.3759149999915
n1728	1310	0	0	46	153.61496390624146
n1727	1308	0	0	48	153.54284859374147
n1722	1309	0	0	58	153.61496390624146
n1721	1307	0	0	60	153.53617124999147
n1729	1311	0	0	43	153.67105359374145
n1723	1312	0	0	55	153.65636343749145
n1730	deletion
n1724	1313	0	0	67	153.72847874999144
n1732	1317	0	0	48	153.87538031249142
n1731	1314	0	0	51	153.80994234374143
n1726	1315	0	0	60	153.87538031249142
n1725	1316	0	0	63	153.80994234374143
n1740	1320	0	0	43	154.0049207812414
n1739	1318	0	0	46	153.9568439062414
n1734	1322	0	0	55	154.0022498437414
n1733	1319	0	0	58	153.9461601562414
n1742	1324	0	0	48	154.13980312499137
n1741	1321	0	0	51	154.06902328124139
n1736	1325	0	0	60	154.15048687499137
n1735	1323	0	0	63	154.07570062499138
n1744	1329	0	0	43	154.34012343749134
n1743	1326	0	0	46	154.24396968749136
n1738	1328	0	0	55	154.28937562499135
n1737	1327	0	0	58	154.23595687499136
n1752	1332	0	0	38	154.48568953124132
n1751	1331	0	0	39	154.41223874999133
n1746	1333	0	0	50	154.47500578124132
n1745	1330	0	0	51	154.39487765624133
n1754	1338	0	0	39	154.6406039062413
n1753	1334	0	0	41	154.5778368749913
n1748	1337	0	0	51	154.6272492187413
n1747	1335	0	0	53	154.5564693749913
n1755	1340	0	0	37	154.71405468749128
n1756	1342	0	0	41	154.78483453124127
n1749	1339	0	0	49	154.6940226562413
n1750	1341	0	0	53	154.78349906249127
n1764	1345	0	0	36	154.95978093749125
n1763	1344	0	0	39	154.86896906249126
n1758	1346	0	0	48	154.92105234374125
n1757	1343	0	0	51	154.85962078124126
n1766	1349	0	0	39	155.10801796874122
n1765	1347	0	0	41	155.02655437499124
n1760	1350	0	0	51	155.07863765624123
n1759	1348	0	0	53	155.02521890624124
n1767	1352	0	0	35	155.2068426562412
n1768	1353	0	0	41	155.2709451562412
n1761	1351	0	0	47	155.1667785937412
n1762	1354	0	0	53	155.2615968749912
n1776	1358	0	0	34	155.42185312499117
n1775	1355	0	0	39	155.35641515624118
n1770	1357	0	0	46	155.38846640624118
n1769	1356	0	0	51	155.3256993749912
n1778	1361	0	0	39	155.59145765624115
n1777	1359	0	0	41	155.50465218749116
n1772	1362	0	0	51	155.55807093749115
n1771	1360	0	0	53	155.48462015624116
n1779	1364	0	0	33	155.65155374999114
n1780	1366	0	0	41	155.73568828124112
n1773	1363	0	0	45	155.65155374999114
n1774	1365	0	0	53	155.72767546874113
n1788	1369	0	0	36	155.8585514062411
n1787	1368	0	0	39	155.8705706249911
n1782	1370	0	0	48	155.8705706249911
n1781	1367	0	0	51	155.8238292187411
n1790	1374	0	0	39	156.02414953124108
n1789	1372	0	0	41	155.9560406249911
n1792	deletion
n1784	1373	0	0	51	156.01747218749108
n1783	1371	0	0	53	155.9386795312411
n1786	deletion
n1791	1376	0	0	34	156.10427765624107
n1785	1375	0	0	46	156.07356187499107
n1796	1380	0	0	27	156.24583734374104
n1793	1381	0	0	39	156.36736499999103
n1806	1387	0	0	55	156.92692640624102
n1807	1386	0	0	58	156.92692640624102
n1808	1385	0	0	63	156.92559093749102
n1805	1394	0	0	63	157.645408593741
n1816	1399	0	0	63	157.73354953124098
n1809	1383	0	0	67	156.92024906249102
n1799	1384	0	0	75	156.92291999999102
n1800	1382	0	0	87	156.91490718749102
n1811	1389	0	0	27	157.547919374991
n1813	1395	0	0	27	157.648079531241
n1817	1397	0	0	27	157.75091062499098
n1812	1390	0	0	39	157.549254843741
n1814	1393	0	0	39	157.640066718741
n1818	1396	0	0	39	157.73889140624098
n1802	1391	0	0	51	157.555932187491
n1804	1392	0	0	51	157.641402187491
n1815	1398	0	0	51	157.73622046874098
n1803	1388	0	0	63	157.550590312491
insertion	16	0	0	46	1.4463126562500002
insertion	34	0	0	81	2.4118565624999997
insertion	213	0	0	74	12.940692187500002
insertion	238	0	0	83	14.310883124999993
insertion	251	0	0	60	15.198969843749998
insertion	476	0	0	43	27.23688515624998
insertion	477	0	0	55	27.270271874999974
insertion	704	0	0	61	77.25820265624756
insertion	711	0	0	56	79.10782687499751
insertion	887	0	0	47	120.43791374999583
insertion	888	0	0	35	120.46061671874583
insertion	1129	0	0	84	142.97528437499307
insertion	1166	0	0	60	145.43788874999274
insertion	1196	0	0	93	147.18334640624246
insertion	1336	0	0	40	154.6352620312413
insertion	1377	0	0	43	156.13632890624106
insertion	1378	0	0	55	156.14167078124106
insertion	1379	0	0	39	156.23515359374105
