xml_id	midi_id	track	channel	pitch	onset
n3	2	1	0	58	3.252604166666666
n1	0	1	0	63	1.0507812499999998
n4	3	1	0	65	3.240885416666666
n2	1	1	0	67	1.0260416666666665
n10	4	1	0	36	6.010416666666666
n11	6	1	0	48	5.977864583333333
n6	5	1	0	55	5.985677083333333
n7	7	1	0	63	5.983072916666666
n12	8	1	0	48	9.542968749999998
n13	9	1	0	51	9.545572916666664
n8	10	1	0	63	9.509114583333332
n9	11	1	0	68	10.384114583333334
n24	13	1	0	46	10.657552083333336
n26	15	1	0	46	11.83723958333334
n25	12	1	0	52	10.65885416666667
n27	17	1	0	52	11.808593750000005
n14	14	1	0	67	10.657552083333336
n15	18	1	0	67	11.80598958333334
n16	16	1	0	73	12.609375000000005
n30	28	1	0	44	14.209635416666675
n28	21	1	0	45	12.955729166666671
n29	19	1	0	53	12.963541666666671
n31	27	1	0	54	14.149739583333341
n22	25	1	0	71	14.585937500000009
n17	20	1	0	72	12.957031250000005
n18	22	1	0	72	14.201822916666675
n21	24	1	0	72	14.520833333333343
n23	26	1	0	72	14.666666666666675
n20	23	1	0	74	14.437500000000009
n19	29	1	0	74	14.971354166666677
n47	38	1	0	43	15.485677083333341
n43	30	1	0	55	15.467447916666675
n44	32	1	0	57	16.695312500000007
n37	31	1	0	63	15.481770833333341
n38	35	1	0	63	16.687500000000007
n39	33	1	0	66	16.64322916666667
n33	36	1	0	72	17.233072916666668
n32	34	1	0	75	15.453125000000009
n45	40	1	0	59	17.930989583333332
n40	37	1	0	62	17.936197916666664
n41	39	1	0	67	17.924479166666668
n34	41	1	0	71	17.888020833333336
n35	42	1	0	79	19.440104166666647
n36	43	1	0	87	20.014322916666643
n63	51	1	0	55	20.723958333333307
n59	44	1	0	67	20.687499999999975
n60	46	1	0	69	21.87760416666664
n52	45	1	0	75	20.703124999999975
n53	49	1	0	75	21.88932291666664
n54	48	1	0	78	21.85937499999997
n49	50	1	0	84	22.41015624999997
n48	47	1	0	87	20.677083333333307
n64	58	1	0	67	24.2669270833333
n62	59	1	0	70	24.246093749999968
n61	52	1	0	71	23.029947916666643
n55	53	1	0	74	23.035156249999975
n57	56	1	0	74	24.2630208333333
n56	54	1	0	79	23.040364583333307
n58	57	1	0	79	24.2630208333333
n51	60	1	0	82	24.230468749999968
n50	55	1	0	83	23.006510416666643
n79	65	1	0	63	26.889322916666618
n77	62	1	0	65	25.658854166666625
n80	66	1	0	67	26.881510416666618
n78	61	1	0	68	25.660156249999957
n75	67	1	0	70	25.649739583333293
n72	63	1	0	74	25.654947916666625
n73	64	1	0	75	26.873697916666618
n65	70	1	0	82	25.631510416666625
n83	78	1	0	58	29.59114583333326
n81	69	1	0	62	28.354166666666607
n84	77	1	0	62	29.576822916666593
n82	68	1	0	65	28.350260416666607
n71	76	1	0	68	30.38541666666659
n69	74	1	0	69	29.56770833333326
n67	72	1	0	70	28.934895833333268
n70	75	1	0	70	29.93880208333326
n68	73	1	0	72	29.263020833333265
n74	71	1	0	77	28.322916666666607
n85	81	1	0	58	31.11328124999992
n86	80	1	0	61	31.10677083333325
n87	79	1	0	64	31.09505208333325
n88	82	1	0	67	31.076822916666586
n93	83	1	0	34	33.39192708333324
n94	85	1	0	46	33.38281249999991
n89	86	1	0	56	33.38281249999991
n90	84	1	0	62	33.37890624999991
n91	87	1	0	65	33.35026041666657
n100	89	1	0	35	35.992187499999936
n101	90	1	0	47	35.9830729166666
n95	88	1	0	54	36.003906249999936
n96	91	1	0	63	35.9596354166666
n102	96	1	0	47	39.4544270833333
n103	93	1	0	54	39.468749999999964
n99	92	1	0	63	39.4700520833333
n97	94	1	0	66	39.432291666666636
n98	95	1	0	71	40.230468749999964
n117	98	1	0	49	40.541666666666636
n119	105	1	0	49	41.636718749999986
n118	97	1	0	54	40.549479166666636
n120	102	1	0	54	41.63802083333332
n110	99	1	0	64	40.55078124999997
n111	101	1	0	64	41.63541666666665
n105	103	1	0	70	41.60026041666665
n104	100	1	0	71	40.518229166666636
n106	104	1	0	76	42.462239583333336
n123	116	1	0	46	44.02473958333336
n121	109	1	0	47	42.774739583333336
n122	108	1	0	54	42.79947916666667
n124	117	1	0	54	44.02604166666669
n112	106	1	0	63	42.81901041666667
n115	113	1	0	74	44.47395833333336
n107	107	1	0	75	42.78776041666667
n108	110	1	0	75	44.06901041666669
n114	112	1	0	75	44.40234375000003
n116	114	1	0	75	44.55989583333336
n113	111	1	0	77	44.32291666666669
n109	115	1	0	77	44.84895833333337
n142	123	1	0	45	45.26692708333337
n139	120	1	0	53	46.48958333333338
n130	118	1	0	72	45.36067708333337
n131	121	1	0	72	46.52083333333338
n126	122	1	0	75	47.023437500000064
n125	119	1	0	78	45.328125000000036
n144	134	1	0	44	49.097656250000085
n143	127	1	0	46	47.60026041666674
n141	136	1	0	52	49.050781250000085
n140	124	1	0	53	47.59505208333341
n132	126	1	0	70	47.62890625000008
n133	135	1	0	70	49.17447916666676
n136	131	1	0	72	49.625000000000085
n128	128	1	0	73	49.17057291666676
n135	130	1	0	73	49.550781250000085
n137	132	1	0	73	49.70963541666675
n127	125	1	0	74	47.60416666666674
n134	129	1	0	75	49.48307291666676
n129	133	1	0	75	49.99609375000009
n159	141	1	0	43	50.40104166666676
n156	137	1	0	51	51.5742187500001
n151	138	1	0	70	51.5781250000001
n147	139	1	0	73	52.423177083333435
n146	142	1	0	75	52.17057291666677
n145	140	1	0	76	50.43489583333342
n161	149	1	0	42	53.960937500000114
n160	146	1	0	44	52.7265625000001
n162	147	1	0	46	53.98177083333345
n157	143	1	0	51	52.7382812500001
n158	150	1	0	54	53.95833333333345
n153	152	1	0	63	53.95442708333345
n152	145	1	0	68	52.7734375000001
n154	148	1	0	70	53.95833333333345
n148	144	1	0	71	52.717447916666764
n149	151	1	0	75	53.93489583333345
n181	155	1	0	41	55.53385416666679
n182	154	1	0	46	55.50000000000013
n183	153	1	0	53	55.49479166666679
n163	159	1	0	62	55.52343750000013
n164	158	1	0	68	55.52213541666679
n165	157	1	0	70	55.52734375000013
n166	156	1	0	74	55.48046875000013
n189	170	1	0	39	59.406250000000185
n192	177	1	0	39	59.8554687500002
n186	161	1	0	41	58.92578125000018
n187	166	1	0	46	58.92187500000018
n190	171	1	0	46	59.37239583333351
n193	179	1	0	46	59.860677083333535
n191	167	1	0	51	59.36718750000018
n194	178	1	0	51	59.85416666666686
n188	160	1	0	53	58.92447916666684
n169	163	1	0	62	58.91927083333351
n173	172	1	0	63	59.37760416666685
n177	175	1	0	63	59.856770833333535
n174	168	1	0	66	59.37760416666685
n178	176	1	0	66	59.872395833333535
n170	164	1	0	68	58.92187500000018
n171	162	1	0	70	58.91276041666685
n175	169	1	0	70	59.36848958333351
n179	174	1	0	70	59.868489583333535
n172	165	1	0	74	58.878906250000185
n176	173	1	0	75	59.34635416666684
n180	180	1	0	75	59.83854166666686
n206	182	1	0	38	60.51692708333354
n207	183	1	0	46	60.50520833333354
n208	184	1	0	50	60.496093750000206
n195	185	1	0	65	60.51692708333354
n196	181	1	0	70	60.50130208333354
n197	186	1	0	77	60.480468750000206
n213	191	1	0	63	64.45703125000026
n215	195	1	0	63	64.99348958333356
n211	190	1	0	65	64.01953125000024
n214	192	1	0	66	64.49218750000026
n216	198	1	0	66	65.01041666666688
n212	187	1	0	68	64.01171875000024
n200	188	1	0	70	64.02343750000024
n202	193	1	0	70	64.48307291666691
n204	196	1	0	70	65.01041666666688
n201	189	1	0	74	63.990885416666906
n203	194	1	0	75	64.45182291666693
n205	197	1	0	75	64.9713541666669
n227	201	1	0	62	65.64973958333351
n228	199	1	0	65	65.65364583333351
n217	200	1	0	70	65.67187500000018
n218	202	1	0	77	65.63541666666686
n235	211	1	0	59	69.69531250000009
n233	209	1	0	61	69.18359375000009
n231	205	1	0	62	68.68229166666676
n234	207	1	0	63	69.17447916666676
n236	212	1	0	63	69.70963541666674
n232	204	1	0	65	68.69270833333343
n225	213	1	0	68	69.72395833333341
n221	203	1	0	70	68.70833333333343
n223	208	1	0	70	69.23177083333343
n222	206	1	0	77	68.66015625000009
n224	210	1	0	79	69.16666666666676
n226	214	1	0	80	69.68880208333341
n247	217	1	0	59	70.44010416666671
n248	215	1	0	63	70.44791666666671
n237	216	1	0	68	70.44661458333339
n238	218	1	0	80	70.41015625000004
n255	229	1	0	60	74.95833333333327
n253	226	1	0	61	74.20703124999996
n251	221	1	0	62	73.6966145833333
n254	223	1	0	63	74.23697916666663
n256	227	1	0	63	74.98958333333327
n252	222	1	0	65	73.7005208333333
n245	230	1	0	68	74.99218749999993
n241	219	1	0	70	73.7356770833333
n243	225	1	0	70	74.21874999999996
n242	220	1	0	77	73.6692708333333
n244	224	1	0	79	74.19270833333329
n246	228	1	0	80	74.95442708333327
n264	231	1	0	60	76.84635416666652
n265	233	1	0	63	76.86848958333319
n258	232	1	0	68	76.84505208333319
n259	234	1	0	80	76.81770833333319
n267	235	1	0	60	79.21093749999982
n268	238	1	0	63	79.20833333333314
n261	237	1	0	68	79.18489583333314
n262	236	1	0	80	79.15885416666647
n276	239	1	0	60	80.45572916666647
n277	241	1	0	63	80.4492187499998
n269	240	1	0	68	80.45963541666647
n270	242	1	0	80	80.45572916666647
n280	247	1	0	58	81.46354166666646
n278	245	1	0	59	81.39192708333313
n281	248	1	0	61	81.47005208333313
n279	243	1	0	62	81.36848958333313
n275	246	1	0	67	81.35677083333313
n271	244	1	0	74	81.3593749999998
n272	249	1	0	79	81.46614583333313
n292	251	1	0	58	81.61197916666646
n293	253	1	0	61	81.61979166666646
n288	250	1	0	67	81.63151041666646
n282	252	1	0	79	81.62369791666646
n296	258	1	0	56	82.00781249999979
n294	255	1	0	57	81.92447916666644
n297	257	1	0	59	81.99739583333312
n299	261	1	0	59	82.13671874999979
n295	254	1	0	60	81.90755208333312
n289	259	1	0	65	81.92838541666644
n283	256	1	0	72	81.91666666666644
n284	260	1	0	77	82.00781249999979
n298	264	1	0	56	82.14453124999979
n290	262	1	0	65	82.13932291666646
n285	263	1	0	77	82.13281249999979
n302	269	1	0	54	82.5351562499998
n300	266	1	0	55	82.41276041666646
n303	268	1	0	57	82.52473958333313
n301	265	1	0	58	82.41015624999979
n291	270	1	0	63	82.42057291666646
n286	267	1	0	70	82.41666666666646
n287	271	1	0	75	82.5273437499998
n314	275	1	0	53	82.80598958333317
n315	279	1	0	56	82.80989583333317
n311	273	1	0	63	82.82161458333317
n307	274	1	0	68	82.84374999999984
n308	278	1	0	70	82.83854166666652
n304	272	1	0	75	82.80598958333317
n312	276	1	0	62	83.49479166666647
n305	277	1	0	74	83.47395833333314
n316	283	1	0	51	83.79036458333313
n317	284	1	0	55	83.7695312499998
n309	280	1	0	63	83.76822916666647
n310	281	1	0	70	83.82942708333313
n306	282	1	0	75	83.74348958333314
n329	288	1	0	50	83.98567708333313
n330	294	1	0	53	83.98958333333313
n322	286	1	0	65	84.01171874999979
n323	285	1	0	70	83.99999999999979
n318	287	1	0	77	83.99479166666646
n331	289	1	0	48	84.23437499999979
n332	293	1	0	51	84.24479166666646
n324	292	1	0	67	84.2539062499998
n325	291	1	0	70	84.2578124999998
n319	290	1	0	79	84.23697916666646
n333	297	1	0	46	84.49088541666646
n334	298	1	0	50	84.50260416666646
n326	295	1	0	68	84.54296874999979
n327	296	1	0	70	84.51562499999979
n320	299	1	0	80	84.49348958333313
n335	303	1	0	46	84.79166666666644
n336	304	1	0	50	84.78645833333312
n337	300	1	0	53	84.77083333333312
n328	301	1	0	70	84.76432291666644
n321	302	1	0	82	84.73958333333312
n345	307	1	0	39	85.05078124999977
n346	309	1	0	46	85.14973958333312
n338	305	1	0	67	85.05729166666644
n339	308	1	0	70	85.06119791666644
n340	306	1	0	79	85.03124999999977
n348	311	1	0	46	85.35416666666644
n347	310	1	0	55	85.26302083333312
n349	313	1	0	39	85.48046874999979
n350	315	1	0	46	85.58854166666644
n342	312	1	0	70	85.48567708333312
n343	314	1	0	82	85.47786458333312
n352	317	1	0	46	85.82161458333312
n351	316	1	0	55	85.71484374999979
n357	319	1	0	41	85.9661458333331
n358	320	1	0	46	86.09895833333309
n353	322	1	0	82	85.97395833333309
n354	321	1	0	94	85.96744791666643
n360	324	1	0	46	86.31640624999976
n359	323	1	0	56	86.20572916666643
n361	325	1	0	41	86.44791666666643
n362	326	1	0	46	86.56119791666642
n364	328	1	0	46	86.8111979166664
n363	327	1	0	56	86.69010416666642
n355	333	1	0	70	86.67968749999974
n356	332	1	0	82	86.67187499999974
n369	329	1	0	43	86.94661458333306
n370	330	1	0	46	87.06249999999973
n372	334	1	0	46	87.2812499999997
n371	331	1	0	58	87.18359374999972
n373	335	1	0	43	87.41927083333303
n374	337	1	0	46	87.51953124999969
n376	340	1	0	46	87.77083333333303
n375	338	1	0	58	87.68749999999969
n367	339	1	0	67	87.66796874999969
n368	336	1	0	79	87.64453124999969
n385	341	1	0	44	87.91796874999972
n386	344	1	0	46	88.01302083333304
n377	343	1	0	65	87.91536458333304
n378	342	1	0	77	87.88802083333303
n388	348	1	0	46	88.19661458333306
n387	deletion
n379	347	1	0	62	88.15104166666639
n380	346	1	0	74	88.13671874999972
n389	349	1	0	34	88.39192708333304
n390	351	1	0	46	88.5781249999997
n381	350	1	0	59	88.39322916666637
n382	352	1	0	71	88.37109374999972
n392	356	1	0	46	88.7382812499997
n391	354	1	0	53	88.61848958333303
n383	353	1	0	58	88.62239583333303
n384	355	1	0	70	88.60677083333303
n399	358	1	0	39	88.87109374999969
n400	360	1	0	46	88.98567708333303
n393	357	1	0	58	88.84505208333303
n394	359	1	0	70	88.86067708333303
n402	362	1	0	46	89.20182291666634
n401	361	1	0	55	89.09505208333302
n403	364	1	0	39	89.32291666666636
n404	366	1	0	46	89.42317708333302
n396	363	1	0	70	89.31249999999969
n397	365	1	0	82	89.30598958333302
n406	368	1	0	46	89.65494791666636
n405	367	1	0	55	89.54427083333302
n411	370	1	0	41	89.80338541666634
n412	371	1	0	46	89.93229166666636
n407	373	1	0	82	89.81380208333302
n408	372	1	0	94	89.80729166666634
n414	375	1	0	46	90.16536458333302
n413	374	1	0	56	90.05468749999969
n415	376	1	0	41	90.28906249999969
n416	377	1	0	46	90.39973958333302
n418	379	1	0	46	90.65364583333302
n417	378	1	0	56	90.52994791666634
n409	384	1	0	70	90.52994791666634
n410	382	1	0	82	90.52604166666634
n423	380	1	0	43	90.77734374999967
n424	381	1	0	51	90.90104166666634
n426	385	1	0	51	91.12499999999967
n425	383	1	0	58	91.03124999999967
n427	386	1	0	43	91.259114583333
n428	387	1	0	51	91.38151041666633
n430	391	1	0	51	91.60937499999967
n429	389	1	0	58	91.51953124999967
n421	390	1	0	67	91.52343749999967
n422	388	1	0	79	91.50390624999967
n439	392	1	0	44	91.73437499999967
n440	395	1	0	51	91.864583333333
n431	393	1	0	64	91.78515624999967
n432	394	1	0	76	91.751302083333
n442	399	1	0	51	92.07682291666632
n441	396	1	0	60	91.99869791666633
n433	397	1	0	65	92.02734374999966
n434	398	1	0	77	92.01171874999966
n443	401	1	0	45	92.21614583333299
n444	403	1	0	53	92.36328124999967
n435	400	1	0	60	92.28255208333299
n436	402	1	0	72	92.25781249999966
n446	407	1	0	53	92.59244791666636
n445	404	1	0	60	92.48307291666634
n437	406	1	0	63	92.50520833333302
n438	405	1	0	75	92.49348958333302
n460	409	1	0	46	92.7304687499997
n461	411	1	0	58	92.74869791666636
n447	408	1	0	62	92.77083333333303
n449	412	1	0	70	92.87890624999969
n448	410	1	0	74	92.74609374999969
n463	416	1	0	62	93.09505208333303
n462	413	1	0	63	93.00781249999969
n450	414	1	0	69	92.99999999999969
n451	415	1	0	70	93.10026041666636
n465	422	1	0	58	93.31119791666634
n464	419	1	0	60	93.20833333333303
n452	417	1	0	69	93.21484374999969
n454	421	1	0	70	93.31380208333302
n453	418	1	0	72	93.19661458333303
n455	420	1	0	74	93.29557291666636
n467	427	1	0	56	93.51171874999969
n466	424	1	0	57	93.40624999999969
n456	423	1	0	72	93.41276041666636
n458	426	1	0	74	93.52083333333302
n457	425	1	0	75	93.41276041666636
n459	428	1	0	77	93.50781249999969
n479	431	1	0	53	93.74088541666634
n478	429	1	0	55	93.62760416666633
n468	430	1	0	75	93.641927083333
n469	432	1	0	79	93.62760416666633
n481	434	1	0	50	93.97265624999966
n480	433	1	0	51	93.86588541666633
n482	436	1	0	51	94.106770833333
n483	438	1	0	53	94.200520833333
n472	439	1	0	79	94.20963541666633
n470	435	1	0	80	94.10026041666633
n473	440	1	0	82	94.196614583333
n471	437	1	0	84	94.09765624999966
n484	442	1	0	55	94.30859374999967
n485	445	1	0	56	94.399739583333
n476	444	1	0	75	94.41015624999966
n474	443	1	0	77	94.30729166666634
n477	446	1	0	79	94.403645833333
n475	441	1	0	80	94.29296874999967
n497	449	1	0	58	94.53515624999966
n486	447	1	0	74	94.54947916666633
n487	448	1	0	77	94.53124999999966
n498	450	1	0	60	94.79947916666632
n499	451	1	0	62	94.90624999999964
n500	453	1	0	63	95.00520833333297
n501	455	1	0	65	95.11718749999963
n491	456	1	0	91	95.13020833333296
n489	452	1	0	92	95.02864583333297
n492	457	1	0	94	95.12499999999963
n490	454	1	0	96	95.02083333333297
n502	460	1	0	67	95.22135416666629
n503	462	1	0	68	95.33072916666629
n495	461	1	0	87	95.33203124999962
n493	459	1	0	89	95.21354166666629
n496	463	1	0	91	95.32421874999962
n494	458	1	0	92	95.21354166666629
n518	466	1	0	70	95.46093749999962
n504	464	1	0	86	95.46614583333294
n505	465	1	0	89	95.45963541666629
n520	472	1	0	67	95.83333333333294
n519	467	1	0	68	95.70312499999962
n506	468	1	0	74	95.73046874999962
n508	471	1	0	75	95.83854166666627
n509	470	1	0	82	95.82682291666627
n507	469	1	0	84	95.73177083333294
n522	478	1	0	63	96.02994791666627
n521	475	1	0	65	95.92447916666627
n510	473	1	0	71	95.9374999999996
n512	476	1	0	72	96.02994791666627
n513	477	1	0	79	96.04166666666627
n511	474	1	0	80	95.93619791666627
n524	484	1	0	60	96.22786458333294
n523	480	1	0	62	96.13020833333294
n514	479	1	0	67	96.13151041666627
n516	483	1	0	75	96.22916666666627
n515	481	1	0	77	96.1406249999996
n517	482	1	0	78	96.2304687499996
n549	491	1	0	57	96.45963541666626
n548	487	1	0	59	96.34244791666627
n525	486	1	0	74	96.3437499999996
n527	490	1	0	74	96.47135416666626
n528	489	1	0	78	96.46354166666626
n526	485	1	0	79	96.34635416666627
n529	488	1	0	81	96.45182291666626
n551	498	1	0	53	96.65234374999959
n550	495	1	0	55	96.55859374999959
n530	493	1	0	74	96.55859374999959
n533	497	1	0	74	96.67447916666626
n531	494	1	0	79	96.56249999999959
n534	deletion
n532	492	1	0	83	96.55729166666626
n535	496	1	0	83	96.65494791666626
n553	503	1	0	50	96.86979166666623
n552	501	1	0	51	96.77604166666625
n536	499	1	0	75	96.77734374999957
n539	504	1	0	77	96.91276041666623
n537	deletion
n540	deletion
n538	500	1	0	84	96.77083333333292
n541	502	1	0	86	96.87760416666623
n555	510	1	0	46	97.08593749999955
n554	508	1	0	48	96.98437499999955
n556	509	1	0	48	97.08854166666622
n542	505	1	0	79	96.99479166666622
n545	511	1	0	79	97.10156249999955
n543	506	1	0	84	97.01171874999955
n546	513	1	0	84	97.12760416666622
n544	507	1	0	87	96.98437499999955
n547	512	1	0	88	97.08854166666622
n565	515	1	0	46	97.21484374999955
n566	514	1	0	48	97.20703124999955
n557	517	1	0	79	97.21614583333287
n558	516	1	0	84	97.22395833333287
n559	518	1	0	88	97.21093749999955
n568	523	1	0	45	97.72265624999953
n569	522	1	0	48	97.7213541666662
n561	520	1	0	77	97.71874999999953
n562	521	1	0	84	97.7252604166662
n563	519	1	0	89	97.71874999999953
n575	525	1	0	42	98.43749999999952
n574	531	1	0	48	98.43229166666619
n573	528	1	0	70	98.44661458333285
n571	524	1	0	75	98.42968749999952
n576	526	1	0	41	99.18098958333283
n572	527	1	0	77	99.17057291666616
n585	533	1	0	39	99.51432291666615
n577	537	1	0	78	99.50911458333282
n580	530	1	0	69	99.92447916666615
n579	529	1	0	70	99.82421874999947
n582	534	1	0	69	100.15104166666615
n581	532	1	0	70	100.04947916666615
n584	536	1	0	69	100.36197916666615
n583	535	1	0	70	100.26953124999947
n591	538	1	0	42	100.50911458333282
n590	547	1	0	48	100.50911458333282
n589	542	1	0	70	100.52734374999949
n587	539	1	0	75	100.50911458333282
n592	540	1	0	41	101.31770833333282
n588	541	1	0	77	101.31901041666615
n601	546	1	0	40	101.71744791666615
n593	549	1	0	79	101.71744791666615
n596	544	1	0	69	102.15755208333282
n595	543	1	0	70	102.05598958333282
n598	548	1	0	69	102.36979166666615
n597	545	1	0	70	102.27734374999947
n600	551	1	0	69	102.59114583333282
n599	550	1	0	70	102.49348958333282
n610	554	1	0	41	102.79166666666615
n611	553	1	0	48	102.79036458333282
n603	552	1	0	78	102.80338541666615
n605	556	1	0	69	103.22526041666613
n604	555	1	0	70	103.11979166666613
n607	558	1	0	69	103.44921874999946
n606	557	1	0	70	103.35156249999946
n609	560	1	0	69	103.6692708333328
n608	559	1	0	70	103.5794270833328
n615	deletion
n621	562	1	0	41	103.82682291666615
n622	563	1	0	50	103.83072916666615
n614	565	1	0	77	103.82291666666615
n616	deletion
n618	deletion
n617	deletion
n620	deletion
n619	deletion
n631	572	1	0	41	104.79296874999946
n632	571	1	0	51	104.77734374999946
n625	570	1	0	77	104.74869791666613
n627	574	1	0	72	105.13020833333277
n626	573	1	0	74	105.02473958333277
n634	577	1	0	41	105.2565104166661
n635	576	1	0	50	105.2408854166661
n628	575	1	0	77	105.2447916666661
n630	579	1	0	70	105.58984374999945
n629	578	1	0	72	105.48958333333277
n643	582	1	0	41	105.72786458333279
n644	581	1	0	48	105.71874999999945
n637	580	1	0	77	105.72135416666612
n639	584	1	0	69	106.08203124999945
n638	583	1	0	70	105.98177083333279
n646	586	1	0	41	106.21093749999946
n647	587	1	0	50	106.20052083333279
n640	585	1	0	77	106.18619791666612
n642	589	1	0	70	106.54296874999945
n641	588	1	0	72	106.44661458333279
n656	593	1	0	41	106.7096354166661
n657	592	1	0	48	106.70833333333277
n649	590	1	0	78	106.67317708333277
n651	594	1	0	69	107.04817708333276
n650	591	1	0	70	106.9401041666661
n653	596	1	0	69	107.26302083333277
n652	595	1	0	70	107.16927083333276
n655	598	1	0	69	107.48828124999943
n654	597	1	0	70	107.39062499999943
n667	601	1	0	41	107.65364583333277
n668	602	1	0	50	107.6354166666661
n660	599	1	0	77	107.62109374999943
n662	deletion
n661	deletion
n664	deletion
n663	deletion
n666	deletion
n665	deletion
n677	609	1	0	41	108.58593749999943
n678	610	1	0	51	108.5651041666661
n671	608	1	0	77	108.5533854166661
n673	612	1	0	72	108.9283854166661
n672	611	1	0	74	108.8229166666661
n680	615	1	0	41	109.04687499999942
n681	614	1	0	50	109.04036458333276
n674	613	1	0	77	109.04166666666609
n676	617	1	0	71	109.38411458333276
n675	616	1	0	72	109.28515624999942
n689	619	1	0	41	109.51692708333276
n690	620	1	0	51	109.51171874999943
n683	618	1	0	77	109.51692708333276
n685	622	1	0	72	109.87630208333276
n684	621	1	0	74	109.77083333333276
n692	623	1	0	53	110.03124999999943
n686	625	1	0	77	110.02473958333276
n693	624	1	0	55	110.30468749999943
n694	627	1	0	57	110.40234374999943
n687	626	1	0	72	110.33333333333276
n688	629	1	0	75	110.29817708333276
n705	628	1	0	58	110.52473958333276
n706	630	1	0	60	110.63932291666609
n703	631	1	0	65	110.52604166666609
n707	633	1	0	62	110.77083333333275
n708	634	1	0	63	110.87760416666607
n697	632	1	0	70	110.79557291666607
n698	635	1	0	74	110.77604166666607
n709	638	1	0	65	110.99348958333275
n699	636	1	0	69	111.01692708333275
n700	637	1	0	72	110.99739583333275
n710	639	1	0	67	111.25651041666607
n711	641	1	0	69	111.37630208333275
n701	deletion
n702	deletion
n723	642	1	0	70	111.48958333333275
n724	645	1	0	72	111.63020833333276
n719	648	1	0	77	111.54427083333275
n725	647	1	0	74	111.74348958333276
n726	649	1	0	75	111.86588541666609
n714	646	1	0	82	111.74348958333276
n715	650	1	0	86	111.72786458333276
n727	653	1	0	77	111.98567708333277
n716	651	1	0	81	112.00130208333277
n717	652	1	0	84	111.9791666666661
n728	656	1	0	75	112.33593749999943
n721	655	1	0	81	112.36067708333276
n722	654	1	0	84	112.37630208333276
n718	657	1	0	91	112.32552083333276
n740	660	1	0	74	112.60286458333275
n732	658	1	0	77	112.61458333333275
n733	659	1	0	82	112.59765624999942
n741	663	1	0	73	112.86848958333275
n734	662	1	0	77	112.90755208333275
n735	661	1	0	82	112.91145833333275
n730	667	1	0	89	112.87109374999942
n742	666	1	0	72	113.15755208333275
n736	665	1	0	79	113.2109374999994
n737	664	1	0	82	113.18489583333275
n743	668	1	0	65	113.50651041666606
n738	669	1	0	81	113.55468749999939
n739	670	1	0	84	113.56249999999939
n731	671	1	0	87	113.51171874999939
n753	677	1	0	58	114.0169270833327
n758	deletion
n745	672	1	0	77	114.28124999999935
n744	681	1	0	86	114.06249999999936
n752	deletion
n754	678	1	0	61	114.45052083333266
n755	679	1	0	64	114.42708333333266
n747	674	1	0	77	114.55208333333266
n746	673	1	0	79	114.44661458333266
n749	676	1	0	77	114.77604166666599
n748	675	1	0	79	114.67447916666599
n756	684	1	0	62	114.90494791666598
n757	683	1	0	65	114.89192708333265
n751	682	1	0	77	114.99869791666598
n750	680	1	0	79	114.89713541666598
n768	689	1	0	58	115.14583333333265
n770	deletion
n760	685	1	0	75	115.27213541666599
n759	693	1	0	84	115.12239583333265
n767	deletion
n772	691	1	0	66	115.39062499999932
n769	692	1	0	69	115.36979166666598
n762	687	1	0	75	115.49999999999932
n761	686	1	0	77	115.38411458333265
n764	690	1	0	75	115.71614583333265
n763	688	1	0	77	115.60416666666599
n773	696	1	0	65	115.84244791666599
n766	695	1	0	75	115.96874999999932
n765	694	1	0	77	115.83723958333266
n785	710	1	0	58	116.11197916666599
n792	deletion
n778	699	1	0	70	116.20182291666599
n777	697	1	0	74	116.09895833333266
n774	698	1	0	82	116.08854166666599
n786	702	1	0	62	116.35546874999932
n787	703	1	0	65	116.31770833333265
n780	701	1	0	70	116.44531249999932
n779	700	1	0	72	116.32682291666599
n788	707	1	0	63	116.57682291666599
n789	705	1	0	67	116.57031249999932
n782	704	1	0	70	116.67187499999932
n775	706	1	0	79	116.57031249999932
n781	deletion
n790	709	1	0	62	116.80078124999932
n791	708	1	0	65	116.81510416666599
n784	712	1	0	70	116.924479166666
n776	711	1	0	77	116.80338541666599
n783	deletion
n812	723	1	0	53	117.11718749999935
n805	713	1	0	62	117.05598958333267
n798	716	1	0	65	117.17187499999935
n797	714	1	0	70	117.072916666666
n793	715	1	0	77	117.04817708333267
n806	720	1	0	60	117.29427083333269
n807	717	1	0	63	117.28255208333269
n800	721	1	0	65	117.39843749999936
n799	718	1	0	69	117.33333333333269
n794	719	1	0	75	117.28385416666602
n808	727	1	0	58	117.526041666666
n809	725	1	0	62	117.50781249999933
n802	724	1	0	65	117.62499999999933
n801	722	1	0	70	117.53906249999933
n795	726	1	0	74	117.50781249999933
n813	740	1	0	74	118.09765624999932
n821	deletion
n810	729	1	0	57	117.75651041666599
n811	728	1	0	60	117.74869791666599
n804	730	1	0	65	117.87499999999932
n796	731	1	0	72	117.77604166666599
n803	deletion
n826	736	1	0	46	118.10156249999932
n814	732	1	0	65	118.26432291666598
n822	738	1	0	49	118.39583333333263
n823	739	1	0	52	118.35807291666596
n816	734	1	0	65	118.50911458333263
n815	733	1	0	67	118.41927083333263
n818	737	1	0	65	118.73307291666596
n817	735	1	0	67	118.61458333333263
n824	743	1	0	50	118.8398437499993
n825	744	1	0	53	118.8242187499993
n820	742	1	0	65	118.95182291666598
n819	741	1	0	67	118.8476562499993
n837	749	1	0	46	119.07682291666596
n828	745	1	0	63	119.20182291666595
n827	751	1	0	72	119.06770833333263
n835	deletion
n839	753	1	0	54	119.32421874999929
n836	752	1	0	57	119.29817708333262
n830	747	1	0	63	119.45833333333262
n829	746	1	0	65	119.32942708333262
n832	750	1	0	63	119.68359374999929
n831	748	1	0	65	119.56119791666596
n840	756	1	0	53	119.79166666666595
n834	755	1	0	63	119.9270833333326
n833	754	1	0	65	119.79687499999928
n852	767	1	0	46	120.03515624999926
n859	deletion
n845	759	1	0	58	120.16666666666593
n844	757	1	0	62	120.04557291666593
n841	758	1	0	70	120.03124999999926
n853	763	1	0	50	120.29687499999928
n854	762	1	0	53	120.26432291666593
n847	761	1	0	58	120.38151041666595
n846	760	1	0	60	120.2942708333326
n855	768	1	0	51	120.51041666666595
n856	765	1	0	55	120.5247395833326
n849	764	1	0	58	120.64713541666595
n842	766	1	0	67	120.51562499999928
n848	deletion
n857	770	1	0	50	120.74088541666595
n858	769	1	0	53	120.75520833333262
n851	772	1	0	58	120.88932291666595
n843	771	1	0	65	120.75260416666595
n850	deletion
n879	781	1	0	41	121.01432291666595
n872	773	1	0	50	120.99999999999928
n865	776	1	0	53	121.13151041666595
n864	775	1	0	58	121.06119791666595
n860	774	1	0	65	121.00781249999928
n873	780	1	0	48	121.25260416666595
n874	778	1	0	51	121.22526041666595
n867	779	1	0	53	121.35937499999928
n866	deletion
n861	777	1	0	63	121.24088541666595
n875	786	1	0	46	121.49479166666596
n876	785	1	0	50	121.48046874999929
n869	784	1	0	53	121.57031249999929
n868	782	1	0	58	121.51041666666596
n880	796	1	0	58	122.06770833333262
n885	deletion
n862	783	1	0	62	121.47005208333262
n877	789	1	0	45	121.70963541666596
n878	787	1	0	48	121.71744791666596
n871	deletion
n863	788	1	0	60	121.71874999999929
n870	deletion
n893	794	1	0	34	122.13020833333263
n894	792	1	0	46	122.07812499999929
n886	791	1	0	54	122.20312499999929
n895	793	1	0	42	122.41015624999929
n887	795	1	0	50	122.31640624999929
n896	797	1	0	41	122.53776041666595
n882	798	1	0	53	122.64192708333262
n897	801	1	0	34	122.7747395833326
n883	799	1	0	50	122.77343749999928
n884	800	1	0	58	122.88281249999928
n908	802	1	0	29	123.00260416666593
n906	803	1	0	53	122.99869791666593
n899	804	1	0	58	123.12499999999926
n910	808	1	0	50	123.35286458333259
n909	805	1	0	51	123.24869791666592
n900	806	1	0	57	123.23697916666592
n901	807	1	0	58	123.34505208333259
n912	811	1	0	46	123.57161458333259
n911	810	1	0	48	123.45833333333259
n902	809	1	0	60	123.45312499999926
n903	812	1	0	62	123.56901041666592
n913	814	1	0	41	123.67968749999925
n914	815	1	0	45	123.67838541666592
n915	deletion
n905	817	1	0	60	123.79817708333256
n904	813	1	0	63	123.67578124999925
n929	820	1	0	46	123.9361979166659
n922	818	1	0	66	124.03255208333258
n916	822	1	0	70	123.92187499999925
n921	deletion
n930	819	1	0	54	124.26302083333256
n923	821	1	0	62	124.15364583333256
n931	823	1	0	53	124.38020833333256
n918	824	1	0	65	124.49609374999923
n932	827	1	0	46	124.59374999999922
n919	825	1	0	62	124.62369791666588
n920	826	1	0	70	124.72005208333255
n943	828	1	0	41	124.81770833333256
n941	829	1	0	65	124.84895833333256
n934	830	1	0	70	124.94921874999923
n945	834	1	0	62	125.17187499999923
n944	831	1	0	63	125.06380208333256
n935	832	1	0	69	125.05729166666589
n936	833	1	0	70	125.16796874999923
n947	837	1	0	58	125.37499999999922
n946	835	1	0	60	125.26953124999923
n937	836	1	0	72	125.27734374999923
n938	838	1	0	74	125.38671874999922
n948	839	1	0	53	125.49999999999922
n949	844	1	0	57	125.50520833333255
n950	deletion
n940	841	1	0	72	125.6289062499992
n939	840	1	0	75	125.50911458333255
n956	846	1	0	58	125.84244791666586
n957	847	1	0	62	125.83333333333253
n952	845	1	0	72	125.96093749999919
n951	843	1	0	74	125.83723958333253
n958	848	1	0	60	126.18359374999919
n953	849	1	0	70	126.07812499999919
n959	851	1	0	58	126.30598958333252
n954	850	1	0	67	126.40234374999919
n960	852	1	0	55	126.64973958333252
n955	853	1	0	65	126.51953124999919
n966	855	1	0	53	126.78645833333252
n962	854	1	0	63	126.88541666666586
n967	856	1	0	51	127.13020833333253
n963	857	1	0	62	126.99869791666588
n968	859	1	0	50	127.25130208333253
n964	858	1	0	60	127.35026041666586
n969	860	1	0	48	127.57682291666586
n965	861	1	0	58	127.45833333333253
n975	863	1	0	46	127.70442708333252
n971	862	1	0	55	127.81249999999919
n976	864	1	0	43	128.03385416666586
n972	865	1	0	53	127.93359374999919
n977	867	1	0	41	128.1601562499992
n973	866	1	0	51	128.24739583333255
n978	868	1	0	39	128.50911458333252
n974	869	1	0	50	128.37369791666586
n984	871	1	0	38	128.63932291666586
n980	870	1	0	48	128.74609374999918
n985	872	1	0	36	128.9817708333325
n981	873	1	0	46	128.8802083333325
n986	874	1	0	34	129.0911458333325
n982	875	1	0	48	129.21354166666583
n983	878	1	0	46	129.35807291666583
n987	876	1	0	65	129.51041666666583
n988	877	1	0	68	129.5013020833325
n992	880	1	0	65	129.81119791666586
n993	879	1	0	68	129.77473958333252
n995	881	1	0	63	130.92968749999926
n996	882	1	0	67	130.9114583333326
n999	886	1	0	62	132.09765624999935
n1000	884	1	0	65	132.08593749999935
n997	883	1	0	70	132.10937499999935
n998	885	1	0	77	132.069010416666
n1003	888	1	0	60	133.30859374999935
n1004	887	1	0	63	133.29557291666603
n1001	889	1	0	68	133.3059895833327
n1002	890	1	0	80	133.2708333333327
n1009	892	1	0	59	134.77343749999935
n1010	891	1	0	62	134.768229166666
n1005	894	1	0	67	134.776041666666
n1006	893	1	0	79	134.76562499999935
n1011	896	1	0	58	135.561197916666
n1012	895	1	0	62	135.557291666666
n1007	897	1	0	74	135.55989583333266
n1008	898	1	0	79	135.66015624999935
n1021	900	1	0	57	135.791666666666
n1022	899	1	0	60	135.79427083333266
n1013	901	1	0	67	135.795572916666
n1014	902	1	0	79	135.787760416666
n1015	903	1	0	72	136.05078124999937
n1016	904	1	0	77	136.14843749999937
n1024	906	1	0	56	136.26562499999937
n1025	905	1	0	60	136.26562499999937
n1017	908	1	0	65	136.26562499999937
n1018	907	1	0	77	136.26171874999937
n1019	909	1	0	72	136.50781249999937
n1020	910	1	0	75	136.59895833333272
n1039	914	1	0	55	136.74218749999935
n1040	911	1	0	60	136.7395833333327
n1027	912	1	0	63	136.73046874999937
n1028	913	1	0	75	136.72656249999937
n1041	915	1	0	54	136.99999999999935
n1042	916	1	0	60	136.9973958333327
n1029	917	1	0	69	136.9973958333327
n1030	918	1	0	74	137.08984374999932
n1043	924	1	0	53	137.22005208333263
n1044	919	1	0	55	137.22135416666598
n1045	921	1	0	59	137.22005208333263
n1031	920	1	0	62	137.23567708333263
n1032	922	1	0	67	137.23697916666598
n1033	923	1	0	74	137.22135416666598
n1046	931	1	0	51	137.510416666666
n1047	930	1	0	55	137.50130208333266
n1048	929	1	0	60	137.49739583333266
n1038	932	1	0	72	137.51302083333266
n1034	927	1	0	79	137.50911458333266
n1035	928	1	0	84	137.63671874999932
n1049	933	1	0	65	138.20963541666603
n1051	934	1	0	63	139.31380208333275
n1053	945	1	0	66	140.82031249999952
n1054	943	1	0	69	140.7994791666662
n1055	946	1	0	75	140.78255208333286
n1057	935	1	0	48	141.0299479166662
n1058	936	1	0	54	141.1471354166662
n1059	937	1	0	54	141.2330729166662
n1060	deletion
n1061	939	1	0	51	141.6041666666662
n1068	940	1	0	51	141.70703124999952
n1069	941	1	0	41	141.96874999999952
n1070	942	1	0	48	142.07031249999952
n1071	944	1	0	48	142.19531249999952
n1072	949	1	0	49	142.55859374999952
n1065	947	1	0	65	142.55208333333286
n1066	948	1	0	70	142.55208333333286
n1067	950	1	0	73	142.53124999999952
n1073	951	1	0	73	142.9218749999995
n1075	952	1	0	72	144.05859374999952
n1077	962	1	0	72	145.4427083333329
n1078	967	1	0	74	145.4309895833329
n1079	966	1	0	78	145.41666666666623
n1080	965	1	0	81	145.39453124999957
n1082	953	1	0	62	145.66145833333292
n1083	954	1	0	69	145.76302083333292
n1084	955	1	0	69	145.87760416666626
n1085	956	1	0	54	146.1367187499996
n1086	957	1	0	60	146.22786458333294
n1091	958	1	0	60	146.34244791666626
n1092	959	1	0	50	146.59895833333292
n1093	960	1	0	57	146.69270833333292
n1094	961	1	0	57	146.82942708333292
n1095	963	1	0	38	147.10156249999957
n1096	964	1	0	50	147.21614583333292
n1097	968	1	0	72	147.43098958333292
n1099	969	1	0	71	148.57812499999963
n1101	979	1	0	71	149.98697916666632
n1102	983	1	0	75	149.97786458333297
n1103	984	1	0	78	149.97526041666632
n1104	982	1	0	81	149.94791666666632
n1106	970	1	0	54	150.22916666666634
n1107	971	1	0	63	150.3281249999997
n1108	972	1	0	63	150.4492187499997
n1109	973	1	0	51	150.68098958333303
n1110	974	1	0	59	150.77734374999972
n1115	975	1	0	59	150.91666666666637
n1116	976	1	0	47	151.16536458333306
n1117	977	1	0	54	151.2682291666664
n1118	978	1	0	54	151.3958333333331
n1119	980	1	0	42	151.6575520833331
n1120	981	1	0	51	151.74999999999974
n1121	985	1	0	71	151.94921874999974
n1123	986	1	0	70	153.06380208333312
n1126	997	1	0	70	154.64843749999983
n1127	995	1	0	74	154.6315104166665
n1128	992	1	0	77	154.60546874999983
n1125	994	1	0	80	154.59114583333317
n1130	987	1	0	56	154.8723958333332
n1131	988	1	0	65	154.98177083333317
n1132	989	1	0	65	155.08593749999983
n1133	990	1	0	53	155.31640624999983
n1146	999	1	0	53	155.81119791666652
n1147	deletion
n1134	991	1	0	62	155.41536458333314
n1144	993	1	0	62	155.54427083333317
n1145	996	1	0	50	155.80208333333317
n1148	998	1	0	56	155.90755208333317
n1136	1000	1	0	82	155.79947916666652
n1149	deletion
n1150	deletion
n1137	1001	1	0	83	156.03124999999983
n1151	1003	1	0	50	156.28906249999983
n1152	1005	1	0	53	156.27083333333317
n1153	deletion
n1154	1004	1	0	56	156.3658854166665
n1138	1002	1	0	82	156.25911458333317
n1156	1011	1	0	70	156.55338541666652
n1157	1012	1	0	74	156.5716145833332
n1158	1013	1	0	77	156.51692708333317
n1155	1015	1	0	80	156.51171874999983
n1160	1006	1	0	56	156.77994791666654
n1161	1007	1	0	65	156.8710937499999
n1162	1008	1	0	65	156.9895833333332
n1163	1009	1	0	53	157.2421874999999
n1164	1010	1	0	62	157.3320312499999
n1177	1014	1	0	62	157.47135416666654
n1178	1017	1	0	74	157.74088541666657
n1166	1018	1	0	77	157.73697916666657
n1167	1016	1	0	82	157.72395833333323
n1179	1021	1	0	75	157.99999999999994
n1168	1020	1	0	78	158.00781249999994
n1169	1019	1	0	83	157.9986979166666
n1180	1022	1	0	74	158.28776041666657
n1170	1023	1	0	77	158.28906249999991
n1171	1024	1	0	82	158.28124999999991
n1190	1028	1	0	61	158.73828124999994
n1191	1025	1	0	67	158.73046874999994
n1192	1030	1	0	70	158.72656249999994
n1181	1029	1	0	75	158.7252604166666
n1182	1031	1	0	79	158.7278645833333
n1183	1026	1	0	82	158.73046874999994
n1184	1027	1	0	87	158.72005208333326
n1193	1033	1	0	59	159.57812499999994
n1194	1032	1	0	65	159.58984374999994
n1195	1034	1	0	68	159.5924479166666
n1189	1035	1	0	77	159.5989583333333
n1185	1036	1	0	80	159.5924479166666
n1186	1037	1	0	85	159.6927083333333
n1208	1042	1	0	58	159.85416666666663
n1209	1041	1	0	61	159.85416666666663
n1210	1039	1	0	66	159.8528645833333
n1205	1038	1	0	78	159.8450520833333
n1196	1040	1	0	85	159.83984374999994
n1211	1047	1	0	56	160.1302083333333
n1212	1043	1	0	61	160.12109374999997
n1206	1045	1	0	71	160.13671874999994
n1197	1044	1	0	77	160.12369791666663
n1198	1046	1	0	83	160.2135416666666
n1213	1052	1	0	53	160.32552083333326
n1214	1049	1	0	61	160.33984374999994
n1199	1048	1	0	71	160.35156249999994
n1200	1051	1	0	80	160.3567708333333
n1201	1050	1	0	83	160.3385416666666
n1215	1053	1	0	54	160.62760416666663
n1216	1054	1	0	61	160.64713541666663
n1202	1056	1	0	70	160.62760416666663
n1203	1055	1	0	78	160.63932291666663
n1204	1057	1	0	82	160.62369791666663
n1225	1061	1	0	59	160.91536458333331
n1226	1060	1	0	63	160.89713541666666
n1217	1058	1	0	68	160.94140624999997
n1218	1059	1	0	80	160.91536458333331
n1227	1062	1	0	58	161.20703124999997
n1228	1065	1	0	61	161.20703124999997
n1219	1063	1	0	66	161.20442708333331
n1220	1064	1	0	78	161.171875
n1229	1069	1	0	56	161.48828125
n1230	1068	1	0	59	161.47395833333331
n1221	1066	1	0	65	161.46354166666666
n1222	1067	1	0	77	161.44270833333331
n1231	1072	1	0	54	161.78125000000003
n1232	1073	1	0	58	161.77604166666669
n1223	1070	1	0	66	161.79296875000006
n1224	1071	1	0	78	161.73307291666669
n1233	1079	1	0	68	162.1419270833334
n1234	1078	1	0	71	162.11197916666674
n1235	1077	1	0	80	162.10546875000009
n1237	1074	1	0	41	162.35026041666677
n1238	1075	1	0	49	162.47005208333346
n1239	1076	1	0	49	162.5768229166668
n1240	1080	1	0	53	162.85286458333346
n1241	1081	1	0	61	162.9401041666668
n1242	1086	1	0	68	163.10546875000014
n1243	1087	1	0	71	163.09244791666683
n1244	1085	1	0	80	163.07421875000014
n1246	1082	1	0	41	163.35156250000014
n1247	1083	1	0	50	163.44791666666683
n1248	1084	1	0	50	163.55598958333348
n1249	1088	1	0	53	163.84114583333354
n1250	1089	1	0	62	163.92317708333354
n1251	1094	1	0	67	164.07291666666688
n1252	1095	1	0	72	164.07161458333354
n1253	1093	1	0	79	164.0468750000002
n1255	1090	1	0	39	164.31770833333357
n1256	1091	1	0	48	164.41536458333357
n1257	1092	1	0	48	164.52473958333357
n1258	1096	1	0	51	164.81250000000026
n1259	1097	1	0	60	164.90234375000028
n1260	1103	1	0	65	165.065104166667
n1261	1104	1	0	67	165.065104166667
n1262	1101	1	0	71	165.0585937500003
n1263	1102	1	0	77	165.03645833333363
n1265	1098	1	0	38	165.30078125000034
n1266	1099	1	0	47	165.40364583333368
n1267	1100	1	0	47	165.52083333333368
n1268	1105	1	0	50	165.79427083333366
n1269	1106	1	0	59	165.912760416667
n1270	1111	1	0	63	166.049479166667
n1271	1110	1	0	67	166.02864583333366
n1272	1113	1	0	72	166.029947916667
n1273	1112	1	0	75	166.00520833333366
n1275	1107	1	0	36	166.268229166667
n1276	1108	1	0	48	166.37890625000037
n1277	1109	1	0	48	166.49479166666703
n1278	1115	1	0	48	166.74869791666706
n1279	1114	1	0	60	166.85677083333374
n1280	1119	1	0	65	167.0312500000004
n1281	1121	1	0	68	167.0546875000004
n1282	1120	1	0	71	167.01692708333374
n1283	1122	1	0	74	166.99869791666708
n1285	1116	1	0	36	167.26692708333374
n1286	1117	1	0	48	167.3710937500004
n1287	1118	1	0	48	167.48958333333374
n1288	1124	1	0	48	167.75130208333374
n1289	1123	1	0	60	167.85677083333377
n1290	1130	1	0	63	168.04687500000043
n1291	1128	1	0	67	168.02213541666708
n1292	1129	1	0	72	168.00260416666708
n1294	1125	1	0	36	168.2695312500004
n1295	1126	1	0	48	168.37369791666708
n1296	1127	1	0	48	168.50781250000043
n1297	1132	1	0	48	168.73437500000043
n1298	1131	1	0	60	168.84244791666708
n1299	1136	1	0	59	169.0260416666671
n1300	1137	1	0	62	169.00911458333377
n1301	1138	1	0	65	169.0026041666671
n1302	1139	1	0	68	168.98437500000043
n1304	1133	1	0	36	169.2591145833338
n1305	1134	1	0	48	169.3658854166671
n1306	1135	1	0	48	169.48567708333377
n1307	1141	1	0	48	169.74348958333377
n1308	1140	1	0	60	169.8463541666671
n1309	1145	1	0	60	170.02083333333377
n1310	1146	1	0	63	170.02343750000043
n1311	1147	1	0	67	169.99218750000045
n1313	1142	1	0	36	170.24088541666708
n1314	1143	1	0	48	170.34765625000043
n1315	1144	1	0	48	170.47526041666708
n1316	1148	1	0	48	170.7291666666671
n1317	1149	1	0	60	170.82812500000045
n1318	1153	1	0	60	171.02864583333377
n1319	1155	1	0	63	171.0260416666671
n1320	1154	1	0	68	170.98437500000045
n1322	1150	1	0	36	171.23437500000043
n1323	1151	1	0	48	171.34244791666708
n1324	1152	1	0	48	171.47005208333377
n1325	1156	1	0	48	171.7356770833338
n1326	1157	1	0	60	171.85026041666714
n1327	1163	1	0	63	172.10677083333383
n1328	1162	1	0	68	172.10156250000048
n1330	1158	1	0	48	172.35026041666717
n1331	1159	1	0	60	172.45833333333385
n1332	1160	1	0	48	172.6002604166672
n1333	1161	1	0	60	172.70442708333385
n1335	1169	1	0	62	173.19010416666723
n1336	1168	1	0	68	173.18359375000054
n1338	1164	1	0	47	173.41796875000057
n1339	1165	1	0	59	173.52994791666725
n1340	1166	1	0	47	173.6653645833339
n1341	1167	1	0	59	173.78906250000057
n1343	1174	1	0	63	174.2877604166672
n1344	1175	1	0	68	174.26041666666723
n1346	1170	1	0	48	174.51953125000054
n1347	1171	1	0	60	174.62760416666723
n1348	1172	1	0	48	174.77734375000057
n1349	1173	1	0	60	174.88541666666723
n1351	1180	1	0	63	175.47135416666728
n1352	1181	1	0	68	175.47265625000063
n1354	1176	1	0	48	175.7174479166673
n1355	1177	1	0	60	175.8463541666673
n1356	1178	1	0	48	175.98046875000068
n1357	1179	1	0	60	176.11458333333402
n1359	1186	1	0	63	176.9453125000007
n1360	1183	1	0	68	176.9218750000007
n1364	1182	1	0	48	177.27473958333402
n1365	1184	1	0	60	177.38541666666734
n1366	1185	1	0	48	177.481770833334
n1367	1187	1	0	60	177.58463541666737
n1368	1188	1	0	48	177.70182291666737
n1361	1189	1	0	56	177.70572916666737
n1369	1190	1	0	60	177.825520833334
n1362	1191	1	0	68	177.821614583334
n1378	1192	1	0	48	177.92057291666734
n1370	1193	1	0	56	177.94140625000068
n1379	1194	1	0	60	178.03906250000068
n1371	1195	1	0	68	178.04947916666734
n1380	1196	1	0	60	178.16406250000068
n1381	1198	1	0	63	178.27083333333402
n1372	1197	1	0	68	178.16927083333402
n1373	1199	1	0	80	178.27083333333402
n1382	1200	1	0	60	178.38932291666737
n1383	1202	1	0	63	178.49609375000068
n1374	1201	1	0	68	178.3867187500007
n1375	1203	1	0	80	178.50520833333402
n1384	1204	1	0	60	178.6328125000007
n1385	1208	1	0	63	178.74479166666737
n1376	1205	1	0	68	178.6289062500007
n1377	1207	1	0	80	178.7500000000007
n1393	1209	1	0	60	179.0416666666674
n1394	1212	1	0	63	179.0390625000007
n1386	1210	1	0	68	179.04427083333405
n1387	1211	1	0	80	179.04036458333405
n1397	1217	1	0	58	180.01432291666742
n1395	1215	1	0	59	179.91015625000077
n1398	1219	1	0	61	180.01041666666742
n1396	1213	1	0	62	179.91276041666742
n1392	1216	1	0	67	179.90494791666742
n1388	1214	1	0	74	179.89973958333408
n1389	1218	1	0	79	180.00260416666742
n1409	1223	1	0	58	180.17187500000082
n1410	1222	1	0	61	180.16666666666748
n1405	1220	1	0	67	180.17447916666748
n1399	1221	1	0	79	180.16666666666748
n1413	1227	1	0	56	180.5468750000008
n1411	1225	1	0	57	180.45833333333414
n1414	1228	1	0	59	180.5351562500008
n1412	1224	1	0	60	180.44140625000082
n1406	1229	1	0	65	180.4609375000008
n1400	1226	1	0	72	180.45182291666748
n1401	1230	1	0	77	180.55208333333414
n1415	1234	1	0	56	180.68750000000082
n1416	1231	1	0	59	180.68750000000082
n1407	1232	1	0	65	180.69270833333417
n1402	1233	1	0	77	180.68750000000082
n1419	1240	1	0	54	181.10546875000082
n1417	1236	1	0	55	180.97656250000082
n1420	1238	1	0	57	181.09765625000082
n1418	1235	1	0	58	180.97135416666748
n1408	1239	1	0	63	180.98828125000082
n1403	1237	1	0	70	180.98177083333417
n1404	1241	1	0	75	181.09895833333417
n1431	1246	1	0	53	181.39973958333414
n1432	1249	1	0	56	181.3906250000008
n1428	1243	1	0	63	181.40364583333414
n1425	1244	1	0	68	181.43098958333414
n1426	1248	1	0	70	181.4218750000008
n1421	1242	1	0	75	181.38541666666745
n1429	1247	1	0	62	182.14583333333414
n1422	1245	1	0	74	182.1184895833341
n1433	1254	1	0	51	182.42578125000082
n1434	1253	1	0	55	182.40364583333417
n1423	1250	1	0	63	182.41536458333417
n1427	1252	1	0	70	182.47265625000082
n1424	1251	1	0	75	182.39453125000082
n1446	1258	1	0	50	182.64062500000082
n1447	1262	1	0	53	182.63802083333417
n1439	1256	1	0	65	182.6588541666675
n1440	1255	1	0	70	182.6549479166675
n1435	1257	1	0	77	182.64192708333417
n1448	1260	1	0	48	182.8893229166675
n1449	1264	1	0	51	182.9088541666675
n1441	1263	1	0	67	182.91927083333417
n1442	1259	1	0	70	182.92708333333417
n1436	1261	1	0	79	182.8971354166675
n1450	1267	1	0	46	183.1809895833342
n1451	1268	1	0	50	183.1848958333342
n1443	1266	1	0	68	183.21484375000085
n1444	1265	1	0	70	183.20312500000085
n1437	1269	1	0	80	183.17578125000085
n1452	1274	1	0	46	183.45442708333422
n1453	1271	1	0	50	183.45703125000088
n1454	1273	1	0	53	183.44921875000088
n1445	1270	1	0	70	183.44010416666754
n1438	1272	1	0	82	183.4270833333342
n1462	1278	1	0	39	183.7200520833342
n1463	1279	1	0	46	183.82812500000085
n1455	1275	1	0	67	183.71354166666754
n1456	1276	1	0	70	183.72916666666754
n1457	1277	1	0	79	183.7044270833342
n1465	1281	1	0	46	184.03776041666757
n1464	1280	1	0	55	183.94140625000088
n1466	1283	1	0	39	184.16536458333425
n1467	1285	1	0	46	184.27083333333425
n1459	1282	1	0	70	184.1562500000009
n1460	1284	1	0	82	184.15104166666757
n1469	1288	1	0	46	184.50781250000094
n1468	1286	1	0	55	184.4010416666676
n1474	1289	1	0	41	184.6471354166676
n1475	1290	1	0	46	184.78906250000097
n1470	1292	1	0	82	184.64843750000094
n1471	1291	1	0	94	184.6432291666676
n1477	1294	1	0	46	185.01302083333428
n1476	1293	1	0	56	184.8997395833343
n1478	1295	1	0	41	185.13932291666762
n1479	1296	1	0	46	185.25911458333428
n1481	1299	1	0	46	185.49479166666765
n1480	1298	1	0	56	185.38932291666762
n1472	1304	1	0	70	185.37760416666762
n1473	1303	1	0	82	185.36979166666762
n1486	1300	1	0	43	185.63151041666765
n1487	1301	1	0	46	185.7669270833343
n1489	1305	1	0	46	185.98828125000097
n1488	1302	1	0	58	185.8763020833343
n1490	1306	1	0	43	186.1223958333343
n1491	1307	1	0	46	186.25000000000097
n1493	1311	1	0	46	186.488281250001
n1492	1308	1	0	58	186.3958333333343
n1484	1310	1	0	67	186.39713541666765
n1485	1309	1	0	79	186.37109375000097
n1502	1313	1	0	44	186.63411458333434
n1503	1315	1	0	46	186.74479166666768
n1494	1314	1	0	65	186.64192708333434
n1495	1312	1	0	77	186.61848958333434
n1505	1319	1	0	46	186.94401041666765
n1504	deletion
n1496	1318	1	0	62	186.89583333333434
n1497	1317	1	0	74	186.87630208333434
n1506	1320	1	0	34	187.10026041666768
n1507	1322	1	0	46	187.28385416666774
n1498	1321	1	0	59	187.12890625000102
n1499	1323	1	0	71	187.11328125000102
n1509	1327	1	0	46	187.46223958333442
n1508	1324	1	0	53	187.35807291666774
n1500	1325	1	0	58	187.35156250000108
n1501	1326	1	0	70	187.33984375000108
n1516	1329	1	0	39	187.57682291666774
n1517	1331	1	0	46	187.68880208333442
n1510	1328	1	0	58	187.57291666666774
n1511	1330	1	0	70	187.57421875000108
n1519	1333	1	0	46	187.92057291666777
n1518	1332	1	0	55	187.81510416666777
n1522	deletion
n1520	deletion
n1521	1337	1	0	46	188.1614583333344
n1513	1334	1	0	70	188.03255208333442
n1514	1336	1	0	82	188.02994791666777
n1523	1339	1	0	46	188.3945312500011
n1528	1335	1	0	41	188.03906250000108
n1529	deletion
n1524	1343	1	0	82	188.55989583333442
n1525	1342	1	0	94	188.55859375000108
n1531	deletion
n1530	1338	1	0	56	188.28645833333442
n1532	deletion
n1533	deletion
n1535	deletion
n1534	deletion
n1526	1354	1	0	70	189.34765625000108
n1527	1353	1	0	82	189.34244791666774
n1540	1350	1	0	43	189.60937500000108
n1541	1351	1	0	51	189.73958333333442
n1543	1355	1	0	51	189.97395833333445
n1542	1352	1	0	58	189.87369791666777
n1544	1356	1	0	43	190.1132812500011
n1545	1357	1	0	51	190.23958333333442
n1547	1361	1	0	51	190.45572916666774
n1546	1358	1	0	58	190.36197916666774
n1538	1360	1	0	67	190.36197916666774
n1539	1359	1	0	79	190.34765625000108
n1556	1363	1	0	44	190.60286458333442
n1557	1365	1	0	51	190.69921875000108
n1548	1362	1	0	64	190.62760416666774
n1549	1364	1	0	76	190.59895833333442
n1559	1369	1	0	51	190.9257812500011
n1558	1366	1	0	60	190.8476562500011
n1550	1368	1	0	65	190.85807291666777
n1551	1367	1	0	77	190.84635416666777
n1560	1372	1	0	45	191.06770833333442
n1561	1373	1	0	53	191.22916666666777
n1552	1370	1	0	60	191.11848958333442
n1553	1371	1	0	72	191.09375000000108
n1563	1377	1	0	53	191.45572916666774
n1562	1374	1	0	60	191.34505208333442
n1554	1376	1	0	63	191.35156250000108
n1555	1375	1	0	75	191.32682291666777
n1577	1379	1	0	46	191.5833333333344
n1578	1381	1	0	58	191.6067708333344
n1564	1378	1	0	62	191.6067708333344
n1566	1382	1	0	70	191.70833333333437
n1565	1380	1	0	74	191.58593750000105
n1580	1386	1	0	62	191.93750000000102
n1579	1383	1	0	63	191.8346354166677
n1567	1384	1	0	69	191.84895833333437
n1568	1385	1	0	70	191.94531250000102
n1582	1392	1	0	58	192.15234375000105
n1581	1388	1	0	60	192.04947916666774
n1569	1387	1	0	69	192.0598958333344
n1571	1390	1	0	70	192.1510416666677
n1570	1389	1	0	72	192.04947916666774
n1572	1391	1	0	74	192.14453125000105
n1584	1396	1	0	56	192.3645833333344
n1583	1394	1	0	57	192.2630208333344
n1573	1393	1	0	72	192.26953125000105
n1575	1397	1	0	74	192.37369791666774
n1574	1395	1	0	75	192.2721354166677
n1576	1398	1	0	77	192.35546875000105
n1596	1401	1	0	53	192.5976562500011
n1595	1399	1	0	55	192.4817708333344
n1585	1400	1	0	75	192.49088541666774
n1586	1402	1	0	79	192.47916666666774
n1598	1404	1	0	50	192.83723958333442
n1597	1403	1	0	51	192.71875000000108
n1599	1406	1	0	51	192.97526041666774
n1600	1409	1	0	53	193.0677083333344
n1589	1408	1	0	79	193.07031250000105
n1587	1405	1	0	80	192.95703125000108
n1590	1410	1	0	82	193.0559895833344
n1588	1407	1	0	84	192.95963541666774
n1601	1412	1	0	55	193.1809895833344
n1602	1416	1	0	56	193.2864583333344
n1593	1414	1	0	75	193.2903645833344
n1591	1413	1	0	77	193.17187500000105
n1594	1415	1	0	79	193.2786458333344
n1592	1411	1	0	80	193.15625000000105
n1618	1419	1	0	58	193.4257812500011
n1603	1417	1	0	74	193.4257812500011
n1604	1418	1	0	77	193.4179687500011
n1620	1425	1	0	63	193.78906250000105
n1619	1422	1	0	65	193.68359375000108
n1605	1421	1	0	71	193.67838541666774
n1607	1423	1	0	72	193.77343750000105
n1608	1424	1	0	79	193.7799479166677
n1606	1420	1	0	80	193.67187500000108
n1622	1432	1	0	60	193.9895833333344
n1621	1427	1	0	62	193.89973958333437
n1609	1426	1	0	67	193.88671875000102
n1611	1431	1	0	75	193.98046875000105
n1610	1429	1	0	77	193.9049479166677
n1612	1430	1	0	78	193.97265625000105
n1624	1438	1	0	57	194.21093750000108
n1623	1435	1	0	59	194.09505208333442
n1613	1434	1	0	74	194.08723958333442
n1615	1439	1	0	74	194.24609375000105
n1616	1437	1	0	78	194.21744791666774
n1614	1433	1	0	79	194.08333333333442
n1617	1436	1	0	81	194.19921875000108
n1650	1446	1	0	53	194.4036458333344
n1649	1443	1	0	55	194.3059895833344
n1625	1442	1	0	74	194.29296875000105
n1628	1445	1	0	74	194.43489583333442
n1626	1441	1	0	79	194.28906250000105
n1629	deletion
n1627	1440	1	0	83	194.30078125000105
n1630	1444	1	0	83	194.40494791666774
n1652	1451	1	0	50	194.60416666666774
n1651	1449	1	0	51	194.51041666666774
n1631	1447	1	0	75	194.50651041666774
n1634	1452	1	0	77	194.62890625000108
n1632	deletion
n1635	deletion
n1633	1448	1	0	84	194.50260416666774
n1638	deletion
n1636	1450	1	0	86	194.61718750000108
n1654	1456	1	0	46	194.83203125000108
n1653	1455	1	0	48	194.71875000000108
n1637	1453	1	0	79	194.72526041666774
n1640	1459	1	0	79	194.85026041666774
n1641	1457	1	0	84	194.84244791666774
n1639	1454	1	0	87	194.71223958333442
n1642	1458	1	0	88	194.82421875000108
n1655	1463	1	0	45	194.95572916666777
n1657	1466	1	0	45	195.05078125000108
n1656	1460	1	0	48	194.95182291666777
n1658	1467	1	0	48	195.05078125000108
n1643	1462	1	0	77	194.95182291666777
n1646	1470	1	0	77	195.0638020833344
n1644	1461	1	0	84	194.95572916666777
n1647	1468	1	0	84	195.0716145833344
n1645	1464	1	0	89	194.94661458333442
n1648	1469	1	0	89	195.05729166666774
n1667	1472	1	0	44	195.19791666666777
n1668	1475	1	0	46	195.19661458333442
n1659	1473	1	0	77	195.19531250000108
n1660	1476	1	0	82	195.2070312500011
n1661	1474	1	0	86	195.19140625000108
n1670	1479	1	0	43	195.71744791666777
n1671	1480	1	0	46	195.71744791666777
n1663	1481	1	0	75	195.7109375000011
n1664	1478	1	0	82	195.7187500000011
n1665	1477	1	0	87	195.7109375000011
n1677	1483	1	0	47	196.42447916666782
n1676	1490	1	0	53	196.42187500000117
n1675	1486	1	0	63	196.43619791666782
n1673	1482	1	0	68	196.41276041666782
n1678	1484	1	0	46	197.23697916666782
n1674	1485	1	0	70	197.22786458333448
n1687	1491	1	0	44	197.56901041666785
n1679	1495	1	0	71	197.56119791666785
n1682	1488	1	0	62	198.0078125000012
n1681	1487	1	0	63	197.9179687500012
n1684	1492	1	0	62	198.22916666666788
n1683	1489	1	0	63	198.13541666666788
n1686	1494	1	0	62	198.44270833333454
n1685	1493	1	0	63	198.35026041666788
n1693	1496	1	0	47	198.59244791666788
n1692	1505	1	0	53	198.58854166666788
n1691	1500	1	0	63	198.60416666666788
n1689	1497	1	0	68	198.58333333333454
n1694	1498	1	0	46	199.35026041666794
n1690	1499	1	0	70	199.35807291666794
n1703	1504	1	0	45	199.7265625000013
n1695	1507	1	0	72	199.73697916666796
n1698	1502	1	0	62	200.22786458333462
n1697	1501	1	0	63	200.10807291666796
n1700	1506	1	0	62	200.44531250000128
n1699	1503	1	0	63	200.34895833333465
n1702	1509	1	0	62	200.68229166666794
n1701	1508	1	0	63	200.56640625000128
n1712	1512	1	0	46	200.94401041666796
n1713	1511	1	0	53	200.93880208333462
n1705	1510	1	0	71	200.94270833333462
n1707	1514	1	0	62	201.40494791666802
n1706	1513	1	0	63	201.30208333333468
n1709	1516	1	0	62	201.63281250000136
n1708	1515	1	0	63	201.51432291666802
n1711	1518	1	0	62	201.86979166666802
n1710	1517	1	0	63	201.76562500000136
n1723	1522	1	0	46	202.00781250000136
n1724	1520	1	0	55	201.99869791666802
n1716	1519	1	0	70	201.99739583333468
n1718	1523	1	0	64	202.37500000000136
n1717	1521	1	0	65	202.2669270833347
n1720	1525	1	0	64	202.59635416666808
n1719	1524	1	0	65	202.49088541666805
n1722	1527	1	0	64	202.83463541666808
n1721	1526	1	0	65	202.72135416666808
n1733	1529	1	0	46	202.9791666666681
n1734	1530	1	0	56	202.9752604166681
n1727	1528	1	0	70	202.95833333333476
n1729	1532	1	0	65	203.32812500000145
n1728	1531	1	0	67	203.2291666666681
n1736	1534	1	0	46	203.46093750000148
n1737	1535	1	0	55	203.4348958333348
n1730	1533	1	0	70	203.44401041666814
n1732	1537	1	0	63	203.78906250000148
n1731	1536	1	0	65	203.68359375000148
n1745	1539	1	0	46	203.92317708333482
n1746	1540	1	0	53	203.92187500000148
n1739	1538	1	0	70	203.92057291666814
n1741	1542	1	0	62	204.25781250000148
n1740	1541	1	0	63	204.17187500000148
n1748	1544	1	0	46	204.3750000000015
n1749	1545	1	0	55	204.3867187500015
n1742	1543	1	0	70	204.38411458333485
n1744	1547	1	0	63	204.72786458333482
n1743	1546	1	0	65	204.64192708333482
n1758	1550	1	0	58	204.93619791666814
n1759	1549	1	0	65	204.92968750000148
n1751	1548	1	0	83	204.92317708333482
n1753	1552	1	0	74	205.2955729166682
n1752	1551	1	0	75	205.18098958333485
n1755	1554	1	0	74	205.51302083333488
n1754	1553	1	0	75	205.41406250000153
n1757	1556	1	0	74	205.7356770833349
n1756	1555	1	0	75	205.63411458333488
n1769	1560	1	0	58	205.90234375000156
n1770	1558	1	0	67	205.89843750000156
n1762	1557	1	0	82	205.89453125000156
n1764	1561	1	0	76	206.26953125000156
n1763	1559	1	0	77	206.15885416666822
n1766	1563	1	0	76	206.4882812500016
n1765	1562	1	0	77	206.3906250000016
n1768	1565	1	0	76	206.71484375000162
n1767	1564	1	0	77	206.61328125000162
n1779	1567	1	0	58	206.86979166666828
n1780	1568	1	0	68	206.87630208333493
n1773	1566	1	0	82	206.85807291666828
n1775	1570	1	0	77	207.204427083335
n1774	1569	1	0	79	207.1002604166683
n1782	1573	1	0	58	207.35546875000165
n1783	1572	1	0	67	207.32812500000165
n1776	1571	1	0	82	207.32031250000165
n1778	1575	1	0	76	207.677083333335
n1777	1574	1	0	77	207.57421875000165
n1791	1577	1	0	58	207.82682291666833
n1792	1578	1	0	68	207.83072916666833
n1785	1576	1	0	82	207.81510416666833
n1787	1580	1	0	77	208.180989583335
n1786	1579	1	0	79	208.07161458333502
n1794	1582	1	0	58	208.341145833335
n1788	1583	1	0	82	208.33463541666833
n1795	1581	1	0	60	208.59375000000168
n1796	1585	1	0	62	208.71614583333496
n1789	1584	1	0	77	208.62760416666833
n1790	1586	1	0	80	208.60156250000168
n1807	1587	1	0	63	208.848958333335
n1808	1588	1	0	65	208.95442708333502
n1805	1589	1	0	70	208.8385416666683
n1809	1591	1	0	67	209.06510416666836
n1810	1592	1	0	68	209.1627604166684
n1799	1590	1	0	75	209.0742187500017
n1800	1593	1	0	79	209.0664062500017
n1811	1596	1	0	70	209.28906250000173
n1801	1594	1	0	74	209.2994791666684
n1802	1595	1	0	77	209.2916666666684
n1812	1597	1	0	72	209.5494791666684
n1813	1598	1	0	74	209.6640625000017
n1803	1599	1	0	89	209.55989583333505
n1804	1601	1	0	92	209.55208333333505
n1827	1600	1	0	75	209.79557291666836
n1828	1602	1	0	77	209.90104166666836
n1821	1603	1	0	82	209.79947916666836
n1829	1605	1	0	79	210.0143229166684
n1830	1606	1	0	80	210.12500000000173
n1816	1604	1	0	87	210.04296875000173
n1817	1607	1	0	91	210.01953125000173
n1831	1610	1	0	82	210.26953125000173
n1818	1608	1	0	86	210.29296875000173
n1819	1609	1	0	89	210.2682291666684
n1832	1614	1	0	80	210.60677083333505
n1825	1612	1	0	86	210.63802083333502
n1826	1611	1	0	89	210.63932291666836
n1820	1613	1	0	96	210.6132812500017
n1844	1617	1	0	79	210.89322916666836
n1836	1616	1	0	82	210.9023437500017
n1837	1615	1	0	87	210.88802083333502
n1845	1620	1	0	78	211.1718750000017
n1838	1619	1	0	82	211.17317708333505
n1839	1618	1	0	87	211.1875000000017
n1834	1624	1	0	94	211.15104166666836
n1846	1623	1	0	77	211.45442708333505
n1840	1622	1	0	84	211.45052083333505
n1841	1621	1	0	87	211.43880208333505
n1847	1625	1	0	70	211.80338541666842
n1842	1626	1	0	86	211.81380208333508
n1843	1627	1	0	89	211.81901041666842
n1835	1628	1	0	92	211.78776041666842
n1858	1636	1	0	63	212.25390625000176
n1863	deletion
n1848	1637	1	0	79	212.3411458333351
n1856	deletion
n1849	1629	1	0	82	212.54947916666845
n1857	1633	1	0	91	212.3059895833351
n1859	1635	1	0	66	212.7044270833351
n1860	1638	1	0	69	212.67447916666845
n1851	1631	1	0	82	212.81901041666845
n1850	1630	1	0	84	212.7161458333351
n1853	1634	1	0	82	213.02994791666845
n1852	1632	1	0	84	212.92057291666845
n1861	1642	1	0	67	213.14453125000176
n1862	1641	1	0	70	213.1380208333351
n1855	1640	1	0	82	213.24348958333508
n1854	1639	1	0	84	213.14843750000176
n1874	1647	1	0	63	213.38671875000173
n1876	deletion
n1864	1648	1	0	77	213.41276041666842
n1872	deletion
n1865	1643	1	0	80	213.50390625000176
n1873	1644	1	0	89	213.36979166666842
n1878	1651	1	0	71	213.64322916666842
n1875	1652	1	0	74	213.64322916666842
n1867	1646	1	0	80	213.7708333333351
n1866	1645	1	0	82	213.64322916666842
n1869	1650	1	0	80	213.9804687500018
n1868	1649	1	0	82	213.8828125000018
n1879	1655	1	0	70	214.1367187500018
n1871	1654	1	0	80	214.22135416666845
n1870	1653	1	0	82	214.0976562500018
n1891	1669	1	0	63	214.36458333333513
n1898	deletion
n1884	1658	1	0	75	214.47916666666845
n1883	1656	1	0	79	214.3632812500018
n1880	1657	1	0	87	214.3593750000018
n1892	1662	1	0	67	214.62369791666845
n1893	1661	1	0	70	214.59895833333513
n1886	1660	1	0	75	214.70182291666845
n1885	1659	1	0	77	214.6210937500018
n1894	1668	1	0	68	214.86979166666848
n1895	1664	1	0	72	214.88281250000182
n1888	1663	1	0	75	214.96484375000182
n1881	1665	1	0	84	214.8593750000018
n1887	deletion
n1896	1667	1	0	67	215.09895833333516
n1897	1666	1	0	70	215.11328125000182
n1890	1671	1	0	75	215.20833333333516
n1882	1670	1	0	82	215.09375000000182
n1889	deletion
n1918	1687	1	0	58	215.35286458333516
n1911	1672	1	0	67	215.34765625000182
n1904	1674	1	0	70	215.45963541666848
n1903	deletion
n1899	1673	1	0	82	215.33203125000182
n1912	1678	1	0	65	215.57291666666848
n1913	1676	1	0	68	215.57421875000182
n1906	1677	1	0	70	215.68229166666848
n1905	1679	1	0	74	215.59244791666848
n1900	1675	1	0	80	215.56119791666848
n1914	1684	1	0	63	215.81380208333516
n1915	1682	1	0	67	215.82421875000182
n1919	1699	1	0	67	216.4010416666685
n1927	deletion
n1908	1680	1	0	70	215.9049479166685
n1907	deletion
n1901	1681	1	0	79	215.79687500000182
n1916	1686	1	0	62	216.04296875000185
n1917	1685	1	0	65	216.05989583333516
n1909	1683	1	0	68	216.07942708333516
n1910	1688	1	0	70	216.20833333333516
n1902	1689	1	0	77	216.04296875000185
n1929	1696	1	0	51	216.38411458333516
n1934	deletion
n1920	1690	1	0	70	216.5520833333352
n1928	1694	1	0	79	216.3697916666685
n1930	1695	1	0	54	216.6809895833352
n1931	1698	1	0	57	216.66796875000185
n1922	1692	1	0	70	216.82291666666856
n1921	1691	1	0	72	216.71875000000185
n1924	1697	1	0	70	217.02213541666856
n1923	1693	1	0	72	216.93098958333522
n1932	1703	1	0	55	217.13020833333522
n1933	1701	1	0	58	217.12630208333522
n1926	1702	1	0	70	217.2421875000019
n1925	1700	1	0	72	217.13802083333522
n1946	1707	1	0	51	217.35156250000193
n1935	1709	1	0	65	217.39583333333528
n1943	deletion
n1936	1704	1	0	68	217.50390625000193
n1944	1706	1	0	77	217.3658854166686
n1948	1714	1	0	59	217.62890625000196
n1945	1711	1	0	62	217.62369791666862
n1938	1708	1	0	68	217.74609375000196
n1937	1705	1	0	70	217.63151041666862
n1940	1712	1	0	68	217.980468750002
n1939	1710	1	0	70	217.8723958333353
n1949	1713	1	0	58	218.10026041666868
n1942	1716	1	0	68	218.210937500002
n1941	1715	1	0	70	218.10416666666868
n1963	1722	1	0	51	218.36979166666865
n1964	1718	1	0	55	218.35807291666865
n1965	1719	1	0	58	218.3763020833353
n1956	1721	1	0	63	218.48697916666865
n1955	1717	1	0	67	218.3723958333353
n1950	1720	1	0	75	218.339843750002
n1958	1724	1	0	63	218.68619791666865
n1957	1723	1	0	65	218.60807291666865
n1966	1726	1	0	44	218.82552083333533
n1967	deletion
n1968	1725	1	0	56	218.828125000002
n1959	1729	1	0	60	218.8841145833353
n1960	1730	1	0	63	218.9778645833353
n1951	1728	1	0	68	218.8567708333353
n1952	1727	1	0	72	218.8489583333353
n1969	1732	1	0	39	219.10026041666862
n1970	1731	1	0	51	219.09375000000196
n1961	1735	1	0	58	219.15494791666862
n1962	1736	1	0	63	219.21484375000196
n1953	1733	1	0	67	219.11067708333528
n1954	1734	1	0	70	219.0872395833353
n1983	1740	1	0	34	219.332031250002
n1976	1739	1	0	58	219.44661458333533
n1975	1737	1	0	67	219.33854166666865
n1971	1738	1	0	70	219.32682291666865
n1984	1744	1	0	46	219.57031250000202
n1978	1743	1	0	56	219.6783854166687
n1977	1741	1	0	65	219.58593750000202
n1972	1742	1	0	68	219.56250000000202
n1985	1748	1	0	34	219.82031250000205
n1980	1747	1	0	55	219.94401041666873
n1979	1746	1	0	63	219.84765625000205
n1987	1757	1	0	63	220.47395833333545
n1992	deletion
n1973	1745	1	0	67	219.8111979166687
n1986	1752	1	0	46	220.08463541666873
n1982	1750	1	0	53	220.23828125000207
n1981	1751	1	0	62	220.11458333333542
n1974	1749	1	0	65	220.09244791666873
n2000	1754	1	0	39	220.46223958333545
n1993	1753	1	0	59	220.59244791666876
n2001	1755	1	0	47	220.8307291666688
n1994	1756	1	0	55	220.7096354166688
n2002	1758	1	0	46	220.94531250000216
n1989	1759	1	0	58	221.05859375000216
n2003	1762	1	0	39	221.17578125000222
n1990	1760	1	0	55	221.17057291666887
n1991	1761	1	0	63	221.29427083333556
n2014	1763	1	0	34	221.40885416666893
n2012	1764	1	0	58	221.42317708333562
n2005	1766	1	0	63	221.55859375000227
n2016	1768	1	0	55	221.78125000000227
n2015	1765	1	0	56	221.66145833333562
n2006	1767	1	0	62	221.67708333333562
n2007	1769	1	0	63	221.76692708333562
n2018	1772	1	0	51	221.99609375000225
n2017	1771	1	0	53	221.88281250000225
n2008	1770	1	0	65	221.89453125000225
n2009	1773	1	0	67	222.0026041666689
n2023	1775	1	0	46	222.11458333333556
n2019	1776	1	0	50	222.1158854166689
n2020	deletion
n2011	1778	1	0	65	222.21875000000222
n2010	1774	1	0	68	222.11067708333556
n2037	1780	1	0	51	222.38541666666882
n2030	1779	1	0	71	222.46875000000216
n2024	1783	1	0	75	222.3528645833355
n2029	deletion
n2038	1781	1	0	59	222.68880208333547
n2031	1782	1	0	67	222.58593750000216
n2039	1785	1	0	58	222.82291666666882
n2026	1784	1	0	70	222.93229166666882
n2040	1788	1	0	51	223.04557291666882
n2027	1786	1	0	67	223.06640625000216
n2028	1787	1	0	75	223.1640625000022
n2051	1789	1	0	46	223.2773437500022
n2049	1790	1	0	70	223.2890625000022
n2042	1791	1	0	75	223.40494791666887
n2053	1795	1	0	67	223.63671875000222
n2052	1792	1	0	68	223.54036458333553
n2043	1793	1	0	74	223.51822916666887
n2044	1794	1	0	75	223.62500000000222
n2055	1798	1	0	63	223.87239583333556
n2054	1797	1	0	65	223.73958333333556
n2045	1796	1	0	77	223.7408854166689
n2046	1799	1	0	79	223.85937500000225
n2060	1801	1	0	58	223.9856770833356
n2056	1805	1	0	62	224.00000000000225
n2057	deletion
n2048	1802	1	0	77	224.10156250000225
n2047	1800	1	0	80	223.9739583333356
n2066	1807	1	0	63	224.31380208333562
n2067	1808	1	0	67	224.27864583333562
n2062	1806	1	0	77	224.4218750000023
n2061	1804	1	0	79	224.2968750000023
n2068	1809	1	0	65	224.64062500000227
n2063	1810	1	0	75	224.54427083333562
n2069	1812	1	0	63	224.78125000000225
n2064	1811	1	0	72	224.86328125000225
n2070	1813	1	0	60	225.11067708333556
n2065	1814	1	0	70	224.9791666666689
n2076	1816	1	0	58	225.24609375000222
n2072	1815	1	0	68	225.33072916666887
n2077	1817	1	0	56	225.58984375000222
n2073	1818	1	0	67	225.45703125000222
n2078	1820	1	0	55	225.71223958333556
n2074	1819	1	0	65	225.8307291666689
n2079	1821	1	0	53	226.05729166666893
n2075	1822	1	0	63	225.95703125000225
n2085	1824	1	0	51	226.18359375000227
n2081	1823	1	0	60	226.3020833333356
n2086	1825	1	0	48	226.5169270833356
n2082	1826	1	0	58	226.42057291666893
n2087	1828	1	0	46	226.66276041666893
n2083	1827	1	0	56	226.74218750000227
n2088	1829	1	0	44	227.00000000000227
n2084	1830	1	0	55	226.87500000000227
n2094	1832	1	0	43	227.13151041666896
n2090	1831	1	0	53	227.2226562500023
n2095	1833	1	0	41	227.44661458333567
n2091	1834	1	0	51	227.354166666669
n2096	1835	1	0	39	227.59505208333567
n2092	1836	1	0	53	227.67708333333567
n2093	1838	1	0	51	227.84375000000236
n2097	1837	1	0	70	227.99869791666902
n2098	1839	1	0	73	228.00000000000236
n2102	1841	1	0	70	228.3059895833357
n2103	1840	1	0	73	228.28776041666904
n2105	1842	1	0	68	229.39973958333576
n2106	1843	1	0	72	229.39583333333576
n2109	1846	1	0	67	230.56510416666913
n2110	1845	1	0	70	230.5716145833358
n2107	1844	1	0	75	230.60546875000244
n2108	1847	1	0	82	230.55859375000247
n2113	1848	1	0	65	231.80078125000247
n2114	1850	1	0	68	231.79687500000247
n2111	1849	1	0	73	231.80468750000247
n2112	1851	1	0	85	231.77343750000247
n2121	1852	1	0	64	233.2526041666692
n2122	1854	1	0	67	233.24348958333587
n2115	1855	1	0	72	233.25000000000253
n2116	1853	1	0	84	233.23697916666922
n2125	1860	1	0	61	234.22265625000253
n2123	1858	1	0	63	234.13020833333584
n2126	1863	1	0	65	234.22265625000253
n2124	1857	1	0	69	234.1158854166692
n2117	1856	1	0	72	234.13020833333584
n2119	1861	1	0	73	234.22526041666922
n2118	1859	1	0	77	234.1119791666692
n2120	1862	1	0	82	234.21875000000253
n2139	1866	1	0	61	234.38932291666922
n2140	1864	1	0	65	234.37760416666924
n2127	1865	1	0	73	234.38281250000256
n2128	1867	1	0	82	234.3802083333359
n2143	1874	1	0	60	234.74869791666927
n2141	1871	1	0	61	234.6523437500026
n2144	1875	1	0	63	234.73958333333593
n2142	1869	1	0	67	234.6484375000026
n2129	1868	1	0	70	234.64713541666924
n2131	1872	1	0	72	234.74739583333593
n2130	1870	1	0	75	234.64973958333593
n2132	1873	1	0	80	234.7343750000026
n2145	1876	1	0	60	234.88671875000264
n2146	1878	1	0	63	234.8893229166693
n2133	1877	1	0	72	234.8815104166693
n2134	1879	1	0	80	234.86848958333596
n2149	1885	1	0	58	235.24609375000267
n2147	1883	1	0	60	235.145833333336
n2150	1887	1	0	61	235.23697916666933
n2148	1881	1	0	65	235.138020833336
n2135	1880	1	0	68	235.145833333336
n2137	1884	1	0	70	235.23697916666933
n2136	1882	1	0	73	235.14713541666933
n2138	1886	1	0	79	235.23697916666933
n2161	1888	1	0	58	235.376302083336
n2162	1891	1	0	61	235.36197916666933
n2151	1889	1	0	70	235.372395833336
n2152	1890	1	0	79	235.360677083336
n2165	1899	1	0	56	235.720052083336
n2163	1893	1	0	58	235.626302083336
n2166	1896	1	0	60	235.72135416666933
n2164	1892	1	0	64	235.61197916666933
n2153	1895	1	0	67	235.626302083336
n2155	1897	1	0	68	235.73307291666933
n2154	1894	1	0	72	235.63541666666933
n2156	1898	1	0	77	235.72916666666933
n2167	1900	1	0	56	235.87500000000264
n2168	1903	1	0	60	235.85937500000264
n2157	1902	1	0	68	235.876302083336
n2158	1901	1	0	77	235.86718750000264
n2169	1906	1	0	56	236.204427083336
n2170	1907	1	0	59	236.16406250000267
n2159	1904	1	0	65	236.19140625000267
n2160	1905	1	0	77	236.16927083333601
n2178	1914	1	0	55	236.7018229166693
n2179	1912	1	0	58	236.69010416666933
n2171	1908	1	0	65	236.75000000000264
n2172	1909	1	0	77	236.69921875000264
n2173	1910	1	0	64	237.43489583333607
n2174	1911	1	0	76	237.40494791666939
n2180	1917	1	0	53	237.70833333333613
n2181	1913	1	0	56	237.72135416666944
n2175	1916	1	0	65	237.68880208333613
n2176	1915	1	0	72	237.71875000000279
n2177	1918	1	0	77	237.66796875000279
n2195	1922	1	0	52	237.96484375000279
n2196	1923	1	0	55	237.93489583333613
n2182	1919	1	0	67	237.94401041666947
n2183	1921	1	0	72	237.95442708333613
n2184	1920	1	0	79	237.92968750000279
n2197	1926	1	0	50	238.18880208333613
n2198	1928	1	0	53	238.19401041666947
n2185	1924	1	0	68	238.19270833333613
n2186	1927	1	0	72	238.18880208333613
n2189	1933	1	0	72	238.4453125000028
n2192	deletion
n2187	1925	1	0	80	238.18359375000279
n2199	1929	1	0	48	238.43880208333616
n2200	1931	1	0	52	238.4609375000028
n2202	deletion
n2188	1932	1	0	70	238.4726562500028
n2190	1930	1	0	82	238.4453125000028
n2201	1938	1	0	48	238.72786458333618
n2203	1934	1	0	55	238.72526041666953
n2204	1935	1	0	58	238.72395833333618
n2191	1936	1	0	67	238.72265625000284
n2193	1939	1	0	76	238.75520833333618
n2194	1937	1	0	79	238.70703125000284
n2213	1942	1	0	41	239.03255208333618
n2214	1945	1	0	48	239.15364583333618
n2205	1940	1	0	68	239.03906250000284
n2206	1941	1	0	72	239.04427083333618
n2207	1943	1	0	77	239.04687500000284
n2208	1944	1	0	80	239.02734375000284
n2216	1947	1	0	48	239.3645833333362
n2215	1946	1	0	56	239.26041666666953
n2217	1948	1	0	41	239.4817708333362
n2218	1951	1	0	48	239.60416666666953
n2210	1949	1	0	72	239.48828125000287
n2211	1950	1	0	84	239.4817708333362
n2220	1953	1	0	48	239.84375000000284
n2219	1952	1	0	56	239.73046875000284
n2225	1954	1	0	43	239.97395833333618
n2226	1955	1	0	48	240.10677083333618
n2221	1957	1	0	84	239.98567708333618
n2222	1956	1	0	96	239.97395833333618
n2228	1959	1	0	48	240.32942708333618
n2227	1958	1	0	58	240.22005208333618
n2229	1960	1	0	43	240.46093750000284
n2230	1961	1	0	48	240.57942708333618
n2232	1963	1	0	48	240.8281250000028
n2231	1962	1	0	58	240.7018229166695
n2223	1968	1	0	72	240.70442708333616
n2224	1967	1	0	84	240.6979166666695
n2237	1964	1	0	44	240.98177083333616
n2238	1965	1	0	48	241.0781250000028
n2240	1969	1	0	48	241.33723958333618
n2239	1966	1	0	60	241.21614583333616
n2241	1970	1	0	44	241.45703125000284
n2242	1971	1	0	48	241.57812500000284
n2244	1975	1	0	48	241.8398437500028
n2243	1972	1	0	60	241.69661458333616
n2235	1974	1	0	68	241.6901041666695
n2236	1973	1	0	80	241.6705729166695
n2253	1976	1	0	46	241.91927083333613
n2254	1979	1	0	48	242.0208333333361
n2245	1978	1	0	67	241.94531250000279
n2246	1977	1	0	79	241.93489583333613
n2256	1983	1	0	48	242.24479166666944
n2255	deletion
n2247	1981	1	0	64	242.19140625000279
n2248	1982	1	0	76	242.17447916666944
n2257	1984	1	0	36	242.40234375000276
n2258	1987	1	0	48	242.58593750000279
n2249	1986	1	0	61	242.43229166666944
n2250	1985	1	0	73	242.41015625000276
n2260	1991	1	0	48	242.73046875000279
n2259	1988	1	0	55	242.63281250000279
n2251	1990	1	0	60	242.66927083333613
n2252	1989	1	0	72	242.66015625000279
n2267	1992	1	0	41	242.89192708333613
n2268	1995	1	0	48	243.04036458333613
n2261	1993	1	0	60	242.92447916666947
n2262	1994	1	0	72	242.9179687500028
n2270	1997	1	0	48	243.25000000000279
n2269	1996	1	0	56	243.15104166666944
n2271	1998	1	0	41	243.36458333333613
n2272	2001	1	0	48	243.48958333333613
n2264	1999	1	0	72	243.36588541666947
n2265	2000	1	0	84	243.36458333333613
n2274	2003	1	0	48	243.7174479166695
n2273	2002	1	0	56	243.61979166666947
n2279	2004	1	0	43	243.8593750000028
n2280	2005	1	0	48	244.00130208333616
n2275	2007	1	0	84	243.86979166666947
n2276	2006	1	0	96	243.86197916666947
n2282	2009	1	0	48	244.2187500000028
n2281	2008	1	0	58	244.1080729166695
n2283	2010	1	0	43	244.33723958333616
n2284	2011	1	0	48	244.45833333333616
n2286	2013	1	0	48	244.68880208333616
n2285	2012	1	0	58	244.58333333333616
n2277	2019	1	0	72	244.5807291666695
n2278	2018	1	0	84	244.5729166666695
n2291	2014	1	0	44	244.84114583333616
n2292	2015	1	0	48	244.96093750000284
n2294	2017	1	0	48	245.16927083333618
n2293	2016	1	0	60	245.08203125000284
n2295	2020	1	0	41	245.28906250000287
n2296	2021	1	0	48	245.4375000000029
n2298	2025	1	0	48	245.61458333333624
n2297	2022	1	0	56	245.5273437500029
n2289	2024	1	0	68	245.54817708333624
n2290	2023	1	0	80	245.5312500000029
n2307	2027	1	0	38	245.78645833333624
n2308	2029	1	0	46	245.94531250000293
n2299	2028	1	0	65	245.83463541666958
n2300	2026	1	0	77	245.81770833333624
n2310	2033	1	0	46	246.17968750000293
n2309	2030	1	0	53	246.0533854166696
n2301	2032	1	0	62	246.0716145833363
n2302	2031	1	0	74	246.05859375000296
n2311	2035	1	0	38	246.29557291666958
n2312	2036	1	0	46	246.4023437500029
n2303	2034	1	0	59	246.30989583333624
n2304	2037	1	0	71	246.28515625000293
n2314	2041	1	0	46	246.6276041666696
n2313	2038	1	0	53	246.53255208333627
n2305	2039	1	0	58	246.53125000000293
n2306	2040	1	0	70	246.51822916666958
n2321	2043	1	0	39	246.77343750000296
n2322	2045	1	0	46	246.90494791666964
n2315	2042	1	0	58	246.7721354166696
n2316	2044	1	0	70	246.77083333333627
n2324	2047	1	0	46	247.11067708333636
n2323	2046	1	0	54	247.01692708333633
n2325	2049	1	0	39	247.222656250003
n2326	2051	1	0	46	247.343750000003
n2318	2048	1	0	70	247.22395833333636
n2319	2050	1	0	82	247.218750000003
n2328	2053	1	0	46	247.58203125000298
n2327	2052	1	0	54	247.47656250000298
n2333	2054	1	0	41	247.70963541666964
n2334	2055	1	0	46	247.87239583333633
n2329	2057	1	0	82	247.72526041666964
n2330	2056	1	0	94	247.71744791666964
n2336	2059	1	0	46	248.10026041666967
n2335	2058	1	0	56	247.97395833333633
n2337	2060	1	0	41	248.20833333333633
n2338	2061	1	0	46	248.32552083333636
n2340	2063	1	0	46	248.55989583333636
n2339	2062	1	0	56	248.46223958333636
n2331	2068	1	0	70	248.45182291666967
n2332	2067	1	0	82	248.445312500003
n2345	2064	1	0	42	248.6979166666697
n2346	2065	1	0	46	248.8463541666697
n2348	2069	1	0	46	249.05468750000307
n2347	2066	1	0	58	248.96093750000304
n2349	2070	1	0	42	249.17578125000304
n2350	2071	1	0	46	249.29947916666973
n2352	2075	1	0	46	249.5325520833364
n2351	2072	1	0	58	249.4427083333364
n2343	2074	1	0	66	249.42838541666976
n2344	2073	1	0	78	249.4192708333364
n2361	2077	1	0	44	249.66666666666973
n2362	2079	1	0	46	249.80859375000307
n2353	2078	1	0	65	249.68359375000307
n2354	2076	1	0	77	249.67578125000307
n2364	2083	1	0	46	249.99479166666973
n2363	deletion
n2355	2082	1	0	62	249.94270833333638
n2356	2081	1	0	74	249.93229166666973
n2365	2084	1	0	34	250.14843750000304
n2366	2086	1	0	46	250.34375000000307
n2357	2085	1	0	59	250.18880208333638
n2358	2087	1	0	71	250.16406250000304
n2368	2091	1	0	46	250.49218750000304
n2367	2088	1	0	53	250.40885416666973
n2359	2089	1	0	58	250.41536458333638
n2360	2090	1	0	70	250.39583333333638
n2375	2093	1	0	39	250.6197916666697
n2376	2095	1	0	46	250.73567708333638
n2369	2092	1	0	58	250.6393229166697
n2370	2094	1	0	70	250.62890625000304
n2378	2097	1	0	46	250.9856770833364
n2377	2096	1	0	54	250.86979166666973
n2379	2099	1	0	41	251.10026041666976
n2380	2101	1	0	46	251.22005208333644
n2372	2098	1	0	70	251.10286458333644
n2373	2100	1	0	82	251.1015625000031
n2382	2103	1	0	46	251.43880208333647
n2381	2102	1	0	56	251.33593750000313
n2389	2104	1	0	43	251.56119791666978
n2390	2105	1	0	51	251.69010416666978
n2383	2106	1	0	82	251.58723958333644
n2384	2107	1	0	94	251.58333333333644
n2392	2109	1	0	51	251.92968750000313
n2394	2111	1	0	51	252.19661458333647
n2391	2108	1	0	58	251.82942708333644
n2393	2110	1	0	44	252.06510416666978
n2386	2113	1	0	83	252.09765625000313
n2387	2112	1	0	95	252.09635416666978
n2396	2115	1	0	51	252.50911458333644
n2395	2114	1	0	59	252.35026041666978
n2397	2116	1	0	71	253.02994791666978
n2399	2117	1	0	70	254.06510416666984
n2404	2119	1	0	59	255.24218750000324
n2401	2118	1	0	68	255.23046875000324
n2406	2120	1	0	58	256.3580729166698
n2408	2121	1	0	57	257.4700520833364
n2407	2122	1	0	72	257.4739583333364
n2411	2123	1	0	70	258.5299479166695
n2416	2125	1	0	60	259.68098958333604
n2413	2124	1	0	69	259.67317708333604
n2418	2126	1	0	58	260.7369791666692
n2420	2127	1	0	56	261.920572916669
n2419	2128	1	0	77	261.9231770833357
n2423	2129	1	0	75	263.02994791666896
n2428	2132	1	0	65	264.2096354166689
n2429	2131	1	0	68	264.2148437500023
n2425	2130	1	0	74	264.2031250000022
n2431	2133	1	0	63	265.36067708333553
n2432	2134	1	0	67	265.33723958333553
n2435	2137	1	0	62	266.53125000000205
n2436	2138	1	0	65	266.53125000000205
n2433	2135	1	0	70	266.54427083333536
n2434	2136	1	0	82	266.50000000000205
n2439	2139	1	0	60	267.6653645833353
n2440	2141	1	0	63	267.6536458333353
n2437	2140	1	0	68	267.6731770833353
n2438	2142	1	0	80	267.6419270833353
n2443	2143	1	0	59	269.0481770833353
n2444	2144	1	0	62	269.0377604166686
n2441	2145	1	0	67	269.0364583333353
n2442	2146	1	0	79	269.0182291666686
n2454	2154	1	0	58	270.2721354166685
n2451	2147	1	0	63	270.2747395833352
n2452	2149	1	0	65	270.96484375000165
n2447	2150	1	0	68	270.9869791666683
n2448	2148	1	0	80	270.95182291666833
n2453	2153	1	0	62	271.3268229166683
n2449	2151	1	0	65	271.3372395833349
n2450	2152	1	0	77	271.3164062500016
n2458	2155	1	0	58	271.95963541666816
n2455	2164	1	0	75	271.80598958333485
n2456	2162	1	0	79	271.75781250000153
n2460	2157	1	0	58	272.2109375000014
n2459	2156	1	0	60	272.0911458333348
n2461	2158	1	0	57	272.31250000000136
n2462	2159	1	0	58	272.4231770833347
n2464	2161	1	0	51	272.6419270833347
n2463	2160	1	0	55	272.53125000000136
n2468	2165	1	0	53	272.91015625000125
n2467	2163	1	0	56	272.79817708333456
n2465	2171	1	0	70	272.81770833333456
n2466	2172	1	0	77	272.77343750000125
n2470	deletion
n2469	2166	1	0	50	273.01692708333456
n2472	2169	1	0	41	273.381510416668
n2471	2168	1	0	44	273.26822916666794
n2474	2173	1	0	34	273.6263020833346
n2473	2170	1	0	38	273.5273437500013
n2481	2174	1	0	39	273.76953125000125
n2482	2175	1	0	41	273.88411458333456
n2475	2179	1	0	67	273.76953125000125
n2476	2176	1	0	75	273.72916666666794
n2483	2177	1	0	43	274.0065104166679
n2484	2178	1	0	44	274.1184895833346
n2485	2181	1	0	46	274.23177083333456
n2486	2182	1	0	48	274.3385416666679
n2477	2180	1	0	68	274.28255208333456
n2478	2183	1	0	72	274.23437500000125
n2487	2186	1	0	50	274.46223958333445
n2488	2187	1	0	51	274.5729166666678
n2479	2184	1	0	67	274.4830729166678
n2480	2185	1	0	70	274.45442708333445
n2503	2189	1	0	46	274.69270833333445
n2497	2188	1	0	53	274.69401041666777
n2498	2190	1	0	55	274.83333333333445
n2489	2191	1	0	67	274.7070312500011
n2490	2192	1	0	70	274.69140625000114
n2499	2194	1	0	56	274.9427083333344
n2500	2196	1	0	57	275.05989583333434
n2491	2195	1	0	65	274.9518229166677
n2492	2193	1	0	68	274.9388020833344
n2501	2197	1	0	58	275.20052083333434
n2493	2199	1	0	63	275.214843750001
n2494	2198	1	0	67	275.19270833333434
n2502	2200	1	0	56	275.50781250000097
n2495	2202	1	0	58	275.52734375000097
n2496	2201	1	0	65	275.5013020833343
n2512	2211	1	0	51	275.9466145833342
n2513	2213	1	0	55	275.9088541666676
n2505	2204	1	0	58	276.0963541666676
n2504	2203	1	0	63	275.9609375000009
n2507	2206	1	0	58	276.29947916666754
n2506	2205	1	0	60	276.2083333333342
n2508	2207	1	0	57	276.4140625000009
n2509	2208	1	0	58	276.5091145833342
n2511	2210	1	0	63	276.7408854166675
n2510	2209	1	0	67	276.62630208333417
n2522	2218	1	0	46	276.8919270833341
n2523	2219	1	0	53	276.8802083333341
n2514	2212	1	0	62	276.8645833333341
n2515	2214	1	0	63	276.97656250000074
n2516	2215	1	0	65	277.08333333333405
n2517	2216	1	0	67	277.1901041666674
n2518	2217	1	0	68	277.3059895833341
n2519	2220	1	0	69	277.4166666666674
n2521	2222	1	0	70	277.64453125000074
n2520	2221	1	0	72	277.54427083333405
n2532	2231	1	0	63	277.8359375000007
n2533	2232	1	0	67	277.7968750000007
n2524	2223	1	0	69	277.8125000000007
n2525	2224	1	0	70	277.90625000000057
n2527	2226	1	0	70	278.15494791666714
n2526	2225	1	0	72	278.0416666666672
n2528	2227	1	0	69	278.25781250000045
n2529	2228	1	0	70	278.36197916666714
n2531	2230	1	0	75	278.6002604166672
n2530	2229	1	0	79	278.4765625000005
n2542	2237	1	0	58	278.7200520833339
n2543	2238	1	0	65	278.7031250000005
n2534	2233	1	0	74	278.7135416666672
n2535	2234	1	0	75	278.83854166666725
n2536	2235	1	0	77	278.94661458333394
n2537	2236	1	0	79	279.05208333333394
n2538	2239	1	0	80	279.16536458333394
n2539	2240	1	0	81	279.2708333333339
n2541	2242	1	0	82	279.5169270833339
n2540	2241	1	0	84	279.4010416666672
n2552	2252	1	0	75	279.69140625000057
n2553	2251	1	0	79	279.64713541666725
n2544	2243	1	0	81	279.64713541666725
n2545	2244	1	0	82	279.7799479166672
n2547	2246	1	0	82	280.0130208333339
n2546	2245	1	0	84	279.9036458333339
n2548	2247	1	0	81	280.1276041666672
n2549	2248	1	0	82	280.2317708333339
n2551	2250	1	0	87	280.46354166666714
n2550	2249	1	0	91	280.3476562500005
n2562	2256	1	0	70	280.59114583333377
n2563	deletion
n2564	2254	1	0	77	280.57421875000045
n2554	2253	1	0	86	280.58593750000045
n2555	2255	1	0	87	280.6979166666671
n2556	2257	1	0	89	280.81119791666714
n2557	2258	1	0	91	280.9218750000005
n2565	2263	1	0	68	281.06250000000057
n2566	2262	1	0	70	281.0638020833339
n2567	2261	1	0	74	281.04687500000057
n2568	2260	1	0	77	281.0403645833339
n2558	2259	1	0	92	281.0364583333339
n2559	2264	1	0	93	281.1432291666672
n2561	2266	1	0	94	281.3671875000006
n2560	2265	1	0	96	281.25651041666725
n2577	2267	1	0	67	281.5039062500006
n2578	2272	1	0	70	281.5065104166673
n2569	2268	1	0	93	281.5039062500006
n2570	2269	1	0	94	281.6250000000006
n2572	2271	1	0	91	281.84895833333394
n2571	2270	1	0	92	281.73177083333394
n2579	2275	1	0	63	281.98437500000057
n2580	2274	1	0	67	281.97265625000057
n2574	2276	1	0	87	282.0768229166672
n2573	2273	1	0	89	281.95963541666725
n2576	2278	1	0	84	282.30859375000057
n2575	2277	1	0	86	282.1966145833339
n2589	2281	1	0	58	282.4687500000006
n2590	2282	1	0	65	282.42968750000057
n2591	2284	1	0	68	282.42578125000057
n2582	2280	1	0	80	282.5507812500006
n2581	2279	1	0	82	282.43229166666725
n2584	2285	1	0	77	282.809895833334
n2583	2283	1	0	79	282.67968750000057
n2592	2290	1	0	58	282.9557291666673
n2593	2289	1	0	65	282.9296875000006
n2594	2288	1	0	68	282.9296875000006
n2586	2287	1	0	74	283.0468750000006
n2585	2286	1	0	75	282.92708333333394
n2587	2291	1	0	77	283.1848958333339
n2588	2292	1	0	80	283.29687500000057
n2598	2293	1	0	58	283.7226562500005
n2595	2303	1	0	75	283.5872395833339
n2596	2300	1	0	79	283.52734375000057
n2600	2295	1	0	58	283.9557291666672
n2599	2294	1	0	60	283.8372395833339
n2601	2296	1	0	57	284.07031250000057
n2602	2297	1	0	58	284.1731770833339
n2604	2299	1	0	51	284.38541666666725
n2603	2298	1	0	55	284.29296875000057
n2608	2302	1	0	53	284.62369791666725
n2607	2301	1	0	56	284.51692708333394
n2605	2309	1	0	70	284.54036458333394
n2606	2311	1	0	77	284.51692708333394
n2610	deletion
n2609	2304	1	0	50	284.74088541666725
n2612	2307	1	0	41	285.1028645833339
n2611	2306	1	0	44	284.98046875000057
n2614	2310	1	0	34	285.3450520833338
n2613	2308	1	0	38	285.2291666666672
n2621	2312	1	0	39	285.4882812500005
n2622	2313	1	0	41	285.60416666666714
n2615	2317	1	0	67	285.51432291666714
n2616	2314	1	0	75	285.4778645833338
n2623	2315	1	0	43	285.73177083333377
n2624	2316	1	0	44	285.8658854166671
n2625	2318	1	0	46	285.9895833333337
n2626	2320	1	0	48	286.12890625000034
n2617	2319	1	0	68	286.0156250000004
n2618	2321	1	0	72	285.9726562500004
n2627	2324	1	0	50	286.240885416667
n2628	2325	1	0	51	286.3489583333337
n2619	2323	1	0	67	286.22395833333366
n2620	2322	1	0	70	286.20703125000034
n2643	2329	1	0	46	286.4687500000004
n2637	2326	1	0	53	286.4596354166671
n2638	2327	1	0	55	286.57552083333377
n2629	2328	1	0	67	286.4752604166671
n2630	2330	1	0	70	286.4466145833337
n2639	2331	1	0	56	286.6953125000004
n2640	2333	1	0	57	286.8177083333337
n2631	2334	1	0	65	286.7070312500004
n2632	2332	1	0	68	286.6822916666671
n2641	2335	1	0	58	286.9492187500004
n2633	2337	1	0	63	286.9752604166671
n2634	2336	1	0	67	286.9609375000004
n2642	2338	1	0	56	287.291666666667
n2635	2340	1	0	58	287.3307291666671
n2636	2339	1	0	65	287.299479166667
n2652	2350	1	0	51	287.7565104166671
n2653	2351	1	0	55	287.71484375000045
n2645	2342	1	0	58	287.9296875000004
n2644	2341	1	0	63	287.7812500000004
n2647	2344	1	0	58	288.15364583333377
n2646	2343	1	0	60	288.05208333333377
n2648	2345	1	0	57	288.2812500000004
n2649	2346	1	0	58	288.3802083333337
n2651	2348	1	0	63	288.60286458333366
n2650	2347	1	0	67	288.494791666667
n2662	2356	1	0	46	288.75260416666697
n2663	2357	1	0	53	288.73307291666697
n2654	2349	1	0	62	288.73307291666697
n2655	2352	1	0	63	288.84505208333366
n2656	2353	1	0	65	288.96484375000034
n2657	2354	1	0	67	289.07682291666697
n2658	2355	1	0	68	289.19791666666697
n2659	2358	1	0	69	289.3020833333336
n2661	2360	1	0	70	289.53255208333354
n2660	2359	1	0	72	289.43229166666686
n2672	2369	1	0	63	289.70703125000017
n2673	2371	1	0	67	289.65364583333354
n2664	2361	1	0	69	289.66276041666686
n2665	2362	1	0	70	289.78515625000017
n2667	2364	1	0	70	290.01822916666674
n2666	2363	1	0	72	289.90234375000006
n2668	2365	1	0	69	290.1328125
n2669	2366	1	0	70	290.23697916666663
n2671	2368	1	0	75	290.46874999999994
n2670	2367	1	0	79	290.36067708333326
n2682	2375	1	0	58	290.59505208333326
n2683	2377	1	0	65	290.57161458333326
n2674	2370	1	0	74	290.58593749999994
n2675	2372	1	0	75	290.69921874999983
n2676	2373	1	0	77	290.81770833333314
n2677	2374	1	0	79	290.9296874999998
n2678	2376	1	0	80	291.0455729166664
n2679	2378	1	0	81	291.1627604166664
n2681	2380	1	0	82	291.38541666666634
n2680	2379	1	0	84	291.27864583333303
n2692	2390	1	0	75	291.563802083333
n2693	2389	1	0	79	291.524739583333
n2684	2381	1	0	81	291.524739583333
n2685	2382	1	0	82	291.638020833333
n2687	2384	1	0	82	291.8763020833329
n2686	2383	1	0	84	291.7578124999996
n2688	2385	1	0	81	292.0078124999996
n2689	2386	1	0	82	292.09635416666623
n2691	2388	1	0	87	292.33984374999955
n2690	2387	1	0	91	292.24088541666623
n2702	2394	1	0	70	292.48177083333286
n2703	2393	1	0	77	292.45833333333286
n2694	2391	1	0	86	292.46874999999955
n2695	2392	1	0	87	292.5781249999995
n2696	2395	1	0	89	292.7005208333328
n2697	2396	1	0	91	292.8203124999995
n2704	2401	1	0	68	292.9648437499995
n2705	2399	1	0	70	292.94661458333286
n2706	2398	1	0	77	292.9440104166662
n2698	2397	1	0	92	292.9374999999995
n2699	2400	1	0	93	293.0442708333328
n2701	2403	1	0	94	293.26953124999943
n2700	2402	1	0	96	293.1549479166661
n2715	2405	1	0	67	293.4309895833328
n2716	2406	1	0	70	293.4244791666661
n2708	2407	1	0	70	293.6575520833328
n2707	2404	1	0	94	293.4309895833328
n2717	2410	1	0	63	293.8567708333328
n2718	2411	1	0	67	293.7968749999995
n2710	2409	1	0	70	293.9192708333328
n2709	2408	1	0	72	293.7916666666662
n2711	2412	1	0	69	294.0208333333328
n2712	2413	1	0	70	294.1249999999995
n2719	2417	1	0	63	294.2565104166662
n2720	2416	1	0	67	294.24348958333286
n2714	2415	1	0	75	294.34895833333286
n2713	2414	1	0	79	294.23567708333286
n2729	2421	1	0	58	294.47135416666623
n2730	2420	1	0	65	294.45963541666623
n2721	2418	1	0	74	294.46093749999955
n2722	2419	1	0	75	294.57291666666623
n2723	2422	1	0	77	294.69270833333286
n2724	2423	1	0	79	294.8111979166662
n2731	2427	1	0	56	294.93489583333286
n2732	2426	1	0	58	294.92578124999955
n2733	2425	1	0	65	294.9088541666662
n2725	2424	1	0	80	294.93489583333286
n2726	2428	1	0	81	295.04166666666623
n2728	2430	1	0	82	295.27473958333286
n2727	2429	1	0	84	295.16536458333286
n2742	2432	1	0	55	295.4088541666662
n2743	2433	1	0	58	295.4244791666662
n2735	2434	1	0	58	295.6471354166662
n2734	2431	1	0	82	295.4296874999995
n2744	2437	1	0	51	295.8072916666662
n2745	2439	1	0	55	295.80598958333286
n2737	2436	1	0	58	295.92968749999955
n2736	2435	1	0	60	295.79687499999955
n2738	2438	1	0	57	296.04296874999955
n2739	2440	1	0	58	296.1601562499995
n2746	2443	1	0	51	296.29427083333286
n2747	2441	1	0	55	296.2565104166662
n2741	2444	1	0	63	296.39843749999955
n2740	2442	1	0	67	296.2760416666662
n2756	2447	1	0	46	296.5598958333329
n2757	2448	1	0	53	296.5429687499996
n2748	2445	1	0	57	296.5325520833329
n2749	2446	1	0	58	296.6679687499996
n2751	2451	1	0	65	296.96874999999966
n2750	2449	1	0	68	296.82682291666634
n2758	2456	1	0	46	297.1458333333329
n2759	2455	1	0	53	297.1041666666663
n2760	deletion
n2752	deletion
n2753	2453	1	0	72	297.2864583333329
n2755	2457	1	0	62	297.6888020833329
n2754	2454	1	0	70	297.4726562499996
n2761	2458	1	0	63	298.16927083333286
n2763	2459	1	0	58	299.3020833333328
n2768	2461	1	0	51	300.44401041666595
n2765	2460	1	0	55	300.44791666666595
n2770	2462	1	0	46	301.5950520833323
n2773	2463	1	0	43	302.74999999999875
n2771	2464	1	0	63	302.75260416666544
n2772	2465	1	0	67	302.71093749999875
n2776	2466	1	0	58	303.86979166666526
n2777	2467	1	0	65	303.82942708333195
n2783	2470	1	0	51	304.99218749999847
n2779	2469	1	0	55	304.96484374999847
n2784	deletion
n2780	2468	1	0	63	305.0130208333318
n2789	2472	1	0	46	306.05859374999824
n2790	2474	1	0	53	306.02473958333155
n2787	2471	1	0	63	306.83072916666475
n2788	2473	1	0	67	306.80598958333144
n2793	2475	1	0	43	307.1497395833313
n2794	2476	1	0	51	307.1393229166647
n2791	2479	1	0	58	307.144531249998
n2792	2478	1	0	65	307.12499999999807
n2796	2480	1	0	51	307.90364583333115
n2797	2477	1	0	55	307.87760416666447
n2803	2484	1	0	46	308.2278645833311
n2804	2486	1	0	53	308.1861979166644
n2798	2481	1	0	55	308.2174479166644
n2799	2482	1	0	63	308.2044270833311
n2801	2483	1	0	75	309.0169270833309
n2802	2485	1	0	79	308.9973958333309
n2807	2487	1	0	43	309.31249999999756
n2808	2488	1	0	51	309.31510416666424
n2805	2491	1	0	70	309.3528645833309
n2806	2490	1	0	77	309.3177083333309
n2810	2492	1	0	63	310.1002604166641
n2811	2489	1	0	67	310.06249999999744
n2817	2497	1	0	58	310.4309895833307
n2818	2498	1	0	65	310.38020833333076
n2812	2493	1	0	67	310.432291666664
n2813	2494	1	0	75	310.38411458333076
n2815	2495	1	0	87	311.38671874999716
n2816	2496	1	0	91	311.35546874999716
n2826	2500	1	0	55	311.8463541666638
n2827	2502	1	0	63	311.8346354166638
n2820	2499	1	0	87	312.3203124999972
n2821	2501	1	0	91	312.26171874999716
n2822	2503	1	0	82	312.5846354166639
n2823	2504	1	0	89	312.5416666666639
n2824	2505	1	0	79	312.86197916666384
n2825	2506	1	0	87	312.81770833333053
n2830	2507	1	0	79	313.12630208333053
n2831	2508	1	0	87	313.08203124999716
n2835	2510	1	0	75	313.3567708333305
n2836	2509	1	0	79	313.3255208333305
n2837	2512	1	0	70	313.6119791666638
n2838	2511	1	0	77	313.5872395833305
n2839	2513	1	0	67	313.8697916666638
n2840	2514	1	0	75	313.8515624999971
n2848	2516	1	0	67	314.1419270833304
n2849	2515	1	0	75	314.13281249999704
n2842	2517	1	0	63	314.3906249999971
n2843	2518	1	0	67	314.3828124999971
n2844	2519	1	0	58	314.6588541666638
n2845	2520	1	0	65	314.6510416666638
n2846	2521	1	0	55	314.92057291666373
n2847	2522	1	0	63	314.9036458333304
n2852	2523	1	0	55	315.16927083333036
n2853	2524	1	0	63	315.17187499999704
n2857	2526	1	0	51	315.4244791666636
n2858	2525	1	0	55	315.402343749997
n2859	2528	1	0	46	315.6822916666637
n2860	2527	1	0	53	315.656249999997
n2861	2529	1	0	43	315.949218749997
n2862	2530	1	0	51	315.9388020833303
n2863	2533	1	0	53	316.21614583333024
n2864	2534	1	0	58	316.21614583333024
n2867	2531	1	0	46	316.4544270833302
n2868	2532	1	0	50	316.4557291666635
n2869	2535	1	0	39	316.7096354166635
n2865	2537	1	0	51	316.95182291666356
n2866	2536	1	0	55	316.9374999999969
n2870	2540	1	0	53	317.22265624999693
n2871	2541	1	0	58	317.22656249999693
n2874	2538	1	0	46	317.4361979166636
n2875	2539	1	0	50	317.44531249999693
n2876	2542	1	0	39	317.71093749999693
n2872	2543	1	0	51	317.94270833333024
n2873	2544	1	0	55	317.94531249999693
n2877	2547	1	0	53	318.21484374999693
n2878	2548	1	0	58	318.21223958333024
n2881	2546	1	0	46	318.43880208333024
n2882	2545	1	0	50	318.43489583333024
n2883	2549	1	0	39	318.71614583333024
n2879	2550	1	0	51	318.9947916666635
n2880	2551	1	0	55	318.9856770833302
n2884	2554	1	0	50	319.3268229166634
n2885	2553	1	0	53	319.3255208333301
n2886	2556	1	0	58	319.30468749999676
n2890	2552	1	0	46	319.6067708333301
n2891	2555	1	0	34	319.94401041666345
n2892	2559	1	0	46	320.2812499999968
n2887	2557	1	0	53	320.30989583333013
n2888	2558	1	0	56	320.2968749999968
n2889	2560	1	0	62	320.27083333333013
n2897	2563	1	0	39	320.80989583333013
n2893	2561	1	0	55	320.83723958333013
n2894	2562	1	0	63	320.80208333333013
n2899	2565	1	0	38	322.0078124999967
n2900	2564	1	0	39	322.0065104166634
n2909	2575	1	0	36	323.4088541666633
n2910	2571	1	0	39	323.38802083332996
n2901	2566	1	0	63	323.4635416666633
n2902	2567	1	0	65	323.7291666666633
n2904	2569	1	0	62	323.99348958332985
n2903	2568	1	0	63	323.8776041666632
n2905	2570	1	0	63	324.1158854166632
n2906	2572	1	0	65	324.22395833332985
n2907	2573	1	0	67	324.33072916666316
n2908	2574	1	0	68	324.43229166666316
n2919	2580	1	0	34	324.5664062499965
n2920	2583	1	0	39	324.55859374999653
n2911	2576	1	0	70	324.55208333332985
n2912	2577	1	0	72	324.6666666666632
n2913	2578	1	0	74	324.8007812499965
n2914	2579	1	0	75	324.9179687499965
n2915	2581	1	0	77	325.04036458332973
n2916	2582	1	0	79	325.17057291666305
n2917	2584	1	0	80	325.28255208332973
n2918	2585	1	0	82	325.39583333332973
n2928	2593	1	0	32	325.54687499999636
n2929	2589	1	0	39	325.54947916666305
n2921	2586	1	0	84	325.60416666666305
n2922	2587	1	0	86	325.83463541666305
n2923	2588	1	0	87	325.971354166663
n2924	2590	1	0	89	326.0950520833296
n2925	2591	1	0	91	326.20963541666293
n2926	2592	1	0	92	326.3138020833296
n2927	2594	1	0	94	326.43229166666293
n2933	2598	1	0	31	326.6809895833295
n2934	2597	1	0	39	326.6679687499962
n2930	2595	1	0	96	326.6953124999962
n2931	2596	1	0	94	327.29427083332945
n2944	2609	1	0	32	327.94921874999613
n2945	2604	1	0	39	327.95312499999613
n2935	2599	1	0	87	328.0221354166628
n2936	2600	1	0	89	328.24609374999613
n2938	2602	1	0	86	328.4960937499961
n2937	2601	1	0	87	328.37630208332945
n2939	2603	1	0	87	328.61458333332945
n2940	2605	1	0	89	328.71093749999613
n2941	2606	1	0	91	328.81901041666276
n2942	2607	1	0	92	328.91927083332945
n2943	2608	1	0	94	329.02604166666276
n2949	2613	1	0	31	329.1953124999961
n2950	2611	1	0	39	329.1927083333294
n2946	2610	1	0	96	329.2200520833294
n2947	2612	1	0	94	329.8333333333292
n2960	2624	1	0	32	330.54947916666254
n2961	2618	1	0	39	330.5598958333292
n2951	2614	1	0	87	330.6080729166626
n2952	2615	1	0	89	330.86458333332916
n2954	2617	1	0	86	331.1315104166624
n2953	2616	1	0	87	331.0039062499958
n2955	2619	1	0	87	331.2513020833291
n2956	2620	1	0	89	331.3893229166624
n2957	2621	1	0	91	331.51953124999574
n2958	2622	1	0	92	331.66796874999574
n2959	2623	1	0	94	331.85937499999574
n2964	2625	1	0	31	332.31770833332905
n2965	2626	1	0	39	332.30729166666237
n2962	2627	1	0	84	332.4101562499957
n2963	2628	1	0	96	332.36979166666237
n2968	2630	1	0	82	334.08203124999557
n2969	2629	1	0	94	334.05729166666225
n2979	2636	1	0	34	335.6432291666621
n2980	2635	1	0	38	335.6523437499954
n2981	2634	1	0	41	335.6484374999954
n2982	2637	1	0	46	335.6328124999954
n2973	2631	1	0	53	335.6289062499954
n2974	2633	1	0	56	335.6328124999954
n2975	2632	1	0	58	335.6328124999954
n2976	2638	1	0	62	335.6249999999954
n2992	2644	1	0	39	337.37760416666197
n2993	2640	1	0	43	337.38802083332865
n2994	2641	1	0	46	337.38020833332865
n2995	2643	1	0	51	337.3684895833286
n2988	2642	1	0	55	337.3671874999953
n2989	2639	1	0	58	337.3710937499953
n2985	2645	1	0	63	337.3632812499953
insertion	318	1	0	88	85.96874999999976
insertion	345	1	0	58	88.13671874999972
insertion	369	1	0	88	89.81640624999969
insertion	561	1	0	72	104.0872395833328
insertion	564	1	0	71	104.19661458333282
insertion	566	1	0	72	104.31119791666615
insertion	567	1	0	71	104.40364583333282
insertion	568	1	0	72	104.52083333333282
insertion	569	1	0	71	104.62109374999947
insertion	600	1	0	72	107.89192708333277
insertion	603	1	0	71	107.98697916666612
insertion	604	1	0	72	108.10156249999945
insertion	605	1	0	71	108.1979166666661
insertion	606	1	0	72	108.3190104166661
insertion	607	1	0	71	108.41927083333277
insertion	640	1	0	82	111.26822916666607
insertion	643	1	0	85	111.28776041666607
insertion	644	1	0	71	111.64322916666609
insertion	790	1	0	53	121.85807291666596
insertion	816	1	0	48	123.79427083333256
insertion	842	1	0	60	125.64583333333253
insertion	925	1	0	77	137.52343749999932
insertion	926	1	0	86	137.66145833333266
insertion	938	1	0	46	141.46874999999955
insertion	1206	1	0	78	178.8242187500007
insertion	1287	1	0	49	184.4596354166676
insertion	1297	1	0	76	185.39713541666762
insertion	1316	1	0	58	186.88151041666768
insertion	1340	1	0	43	188.54947916666777
insertion	1341	1	0	51	188.73828125000108
insertion	1344	1	0	58	188.88541666666777
insertion	1345	1	0	51	188.97916666666777
insertion	1346	1	0	43	189.11067708333442
insertion	1347	1	0	51	189.23437500000108
insertion	1348	1	0	58	189.35937500000108
insertion	1349	1	0	51	189.47656250000108
insertion	1428	1	0	76	193.9401041666677
insertion	1465	1	0	79	194.97526041666777
insertion	1471	1	0	79	195.1263020833344
insertion	1777	1	0	53	222.22265625000222
insertion	1803	1	0	65	224.11588541666893
insertion	1980	1	0	60	242.17187500000279
insertion	2080	1	0	58	249.91406250000307
insertion	2167	1	0	46	273.14453125000125
insertion	2305	1	0	46	284.86328125000057
insertion	2450	1	0	56	296.5364583333329
insertion	2452	1	0	62	297.1289062499996
