xml_id	midi_id	track	channel	pitch	onset
n16	5	0	0	45	3.551285425000001
n24	deletion
n17	6	0	0	49	3.864319910416668
n11	2	0	0	61	3.193379102083334
n12	4	0	0	69	3.397439125000001
n1	1	0	0	73	2.357908222916667
n2	0	0	0	74	3.018165260416667
n6	3	0	0	76	3.5940205083333345
n18	7	0	0	52	4.133550935416667
n19	8	0	0	57	4.416670862500001
n20	11	0	0	47	4.667739477083334
n25	deletion
n21	15	0	0	50	4.951927781250001
n13	10	0	0	62	4.7126113145833335
n14	9	0	0	64	4.713679691666667
n15	14	0	0	68	4.6752181166666675
n8	13	0	0	73	5.044876587500001
n7	12	0	0	74	4.648508689583334
n22	17	0	0	52	5.167739952083335
n23	18	0	0	56	5.4359026
n9	16	0	0	71	5.172013460416668
n10	19	0	0	73	5.432697468750001
n34	20	0	0	49	5.694449854166668
n35	22	0	0	57	5.964749256250001
n26	21	0	0	61	5.719022527083335
n27	26	0	0	64	5.701928493750001
n37	24	0	0	49	6.469023239583335
n36	23	0	0	52	6.222228133333335
n39	27	0	0	40	6.985049370833335
n38	25	0	0	45	6.711544837500002
n29	28	0	0	66	6.9647502062500015
n41	30	0	0	33	7.482913091666668
n40	29	0	0	37	7.253212018750001
n30	31	0	0	68	7.232912854166668
n31	32	0	0	69	7.492528485416668
n54	33	0	0	32	7.779921920833335
n55	35	0	0	47	7.99893922291667
n50	37	0	0	62	7.808768102083335
n51	39	0	0	64	7.805562970833336
n44	34	0	0	71	7.7574860020833345
n56	36	0	0	52	8.285264281250003
n57	38	0	0	56	8.504281583333336
n45	40	0	0	73	8.513896977083336
n58	43	0	0	40	8.799153658333333
n59	44	0	0	47	9.050222272916667
n52	41	0	0	62	8.845093872916667
n53	42	0	0	64	8.84295711875
n46	45	0	0	74	8.79167501875
n47	46	0	0	78	9.22757286875
n60	47	0	0	52	9.341889216666667
n61	49	0	0	56	9.56411165
n48	48	0	0	71	9.340820839583333
n49	50	0	0	76	9.587615945833333
n72	52	0	0	45	9.856846970833333
n73	54	0	0	49	10.123941241666666
n69	53	0	0	64	9.884624774999999
n64	56	0	0	73	9.862188856249999
n74	55	0	0	52	10.383556872916666
n75	57	0	0	57	10.638898995833333
n77	59	0	0	57	11.145309733333333
n76	58	0	0	61	10.877147085416667
n79	61	0	0	49	11.652788847916666
n78	60	0	0	52	11.402788610416666
n66	62	0	0	73	11.4038569875
n67	63	0	0	74	11.790609491666666
n91	64	0	0	46	11.9551395625
n99	deletion
n92	67	0	0	52	12.213686816666664
n87	68	0	0	64	11.976507104166666
n88	66	0	0	67	11.947660922916667
n82	65	0	0	76	11.930566889583334
n93	69	0	0	55	12.45941354583333
n94	70	0	0	61	12.738259964583328
n95	75	0	0	47	13.01817476041666
n100	deletion
n96	76	0	0	50	13.299157933333325
n89	71	0	0	62	13.025653399999992
n90	74	0	0	66	13.026721777083326
n84	73	0	0	73	13.366465689583324
n83	72	0	0	74	12.98291831666666
n97	77	0	0	54	13.505354710416658
n98	79	0	0	59	13.79167976874999
n85	78	0	0	71	13.49360256249999
n86	80	0	0	73	13.75321819374999
n108	81	0	0	49	14.027791104166655
n109	82	0	0	54	14.341893966666651
n106	83	0	0	64	14.06197917083332
n101	88	0	0	66	14.021380841666655
n110	84	0	0	58	14.567321531249982
n111	85	0	0	61	14.818390145833314
n113	89	0	0	54	15.360057327083313
n112	86	0	0	59	15.095099810416649
n107	87	0	0	62	15.081210908333315
n103	90	0	0	71	15.341894916666647
n115	92	0	0	47	15.823732981249977
n114	93	0	0	50	15.572664366666645
n104	91	0	0	73	15.578006252083311
n105	94	0	0	74	15.833348374999977
n130	95	0	0	40	16.160271762499978
n131	99	0	0	47	16.400656606249978
n125	97	0	0	62	16.172023910416645
n126	96	0	0	68	16.139972597916643
n118	98	0	0	74	16.128220449999976
n132	101	0	0	52	16.65813548333331
n133	102	0	0	56	16.893178441666652
n119	100	0	0	68	16.663477368749977
n134	104	0	0	40	17.211554812499983
n135	107	0	0	52	17.49253798541665
n127	103	0	0	62	16.903862212499984
n128	106	0	0	68	17.013905052083317
n122	108	0	0	75	17.570529512499984
n121	105	0	0	78	17.224375337499982
n136	110	0	0	56	17.735059583333314
n137	111	0	0	59	17.985059820833314
n129	112	0	0	62	17.992538460416647
n124	113	0	0	68	17.99040170624998
n123	109	0	0	76	17.725444189583314
n149	114	0	0	45	18.27245325624998
n150	117	0	0	49	18.53527401874999
n146	118	0	0	61	18.30984645416665
n140	115	0	0	69	18.268179747916648
n151	116	0	0	52	18.768180222916666
n152	119	0	0	57	19.026727477083348
n154	121	0	0	49	19.549163870833347
n153	120	0	0	52	19.289548239583347
n156	127	0	0	42	20.05236947708335
n155	124	0	0	45	19.84189919166668
n142	122	0	0	57	19.818394895833347
n144	126	0	0	59	20.189121743750015
n143	123	0	0	69	19.802369239583346
n145	125	0	0	71	20.178437972916683
n168	134	0	0	41	20.351515060416684
n173	deletion
n169	128	0	0	49	20.63142985625002
n164	129	0	0	61	20.376087733333353
n165	130	0	0	68	20.369677470833352
n159	132	0	0	73	20.360062077083352
n170	131	0	0	49	20.893182241666686
n171	133	0	0	49	21.16989190625002
n174	140	0	0	42	21.508567441666685
n172	144	0	0	49	21.51284095000002
n166	139	0	0	61	21.495746916666683
n175	deletion
n167	138	0	0	69	21.500020425000017
n160	135	0	0	73	21.47865288333335
n161	136	0	0	74	21.885704552083354
n163	141	0	0	72	22.30771350000002
n162	137	0	0	73	22.004294408333354
n198	145	0	0	41	22.55771373750002
n176	142	0	0	68	22.56412400000002
n178	147	0	0	68	22.866474714583365
n177	143	0	0	73	22.56412400000002
n179	146	0	0	77	22.848312304166697
n180	148	0	0	80	22.844038795833363
n193	152	0	0	37	23.1239535916667
n181	151	0	0	68	23.131432231250034
n184	153	0	0	68	23.441261585416704
n182	149	0	0	77	23.129295477083367
n185	154	0	0	77	23.459423995833372
n183	150	0	0	80	23.134637362500033
n186	155	0	0	80	23.44553509375004
n194	156	0	0	37	23.782073875000037
n195	157	0	0	38	24.23079225000005
n187	164	0	0	68	23.81519356458337
n188	161	0	0	78	23.800236285416705
n189	160	0	0	80	23.790620891666705
n197	159	0	0	36	24.656006329166715
n196	158	0	0	37	24.371818025000046
n214	163	0	0	37	24.932715993750048
n215	165	0	0	49	25.211562412500037
n202	162	0	0	77	24.941263010416716
n220	171	0	0	41	25.503229356250035
n216	166	0	0	49	25.532075537500035
n217	170	0	0	49	25.797033054166704
n210	168	0	0	61	25.554511456250033
n211	167	0	0	68	25.520323389583368
n204	169	0	0	73	25.495750716666702
n221	175	0	0	42	26.151734245833367
n218	185	0	0	49	26.162418016666702
n212	187	0	0	61	26.15814450833337
n213	186	0	0	69	26.144255606250034
n205	172	0	0	73	26.12929832708337
n206	173	0	0	74	26.57267481666671
n208	176	0	0	72	26.972247845833376
n207	174	0	0	73	26.698743312500042
n234	181	0	0	41	27.28421395416671
n222	177	0	0	73	27.291692593750042
n223	178	0	0	74	27.759641756250037
n225	180	0	0	72	28.19981311458337
n224	179	0	0	73	27.897462400000038
n235	184	0	0	40	28.544898912500035
n226	182	0	0	73	28.53955702708337
n227	183	0	0	74	29.152805472916704
n236	188	0	0	37	29.33015606875004
n228	189	0	0	73	29.31199365833337
n229	190	0	0	74	29.99789174583338
n247	192	0	0	33	30.572678616666714
n248	194	0	0	45	30.961567875000053
n256	deletion
n242	191	0	0	61	30.19019962083338
n243	195	0	0	69	30.36007157708338
n237	193	0	0	76	30.677379570833377
n249	196	0	0	49	31.225457014583387
n250	197	0	0	52	31.48186751458339
n251	200	0	0	47	31.73827801458339
n257	deletion
n252	204	0	0	50	32.01819281041673
n244	198	0	0	62	31.788491737500056
n245	199	0	0	64	31.79276524583339
n246	203	0	0	68	31.769260950000056
n239	202	0	0	73	32.125030518750066
n238	201	0	0	74	31.74148314583339
n253	206	0	0	52	32.26926142500007
n254	207	0	0	56	32.52139841666672
n240	205	0	0	71	32.2478938833334
n241	208	0	0	73	32.49362061250005
n266	210	0	0	49	32.77780891666672
n274	deletion
n267	211	0	0	57	33.042766433333384
n258	209	0	0	61	32.79276619583339
n259	216	0	0	64	32.76926190000005
n269	213	0	0	49	33.53635664583337
n268	212	0	0	52	33.28315127708338
n271	215	0	0	40	34.041699006250035
n270	214	0	0	45	33.78635688333337
n261	218	0	0	66	34.038493875000036
n273	219	0	0	33	34.541699481250035
n272	217	0	0	37	34.3034513916667
n262	220	0	0	68	34.295972752083365
n263	221	0	0	69	34.5438362354167
n286	222	0	0	32	34.8098621291667
n287	224	0	0	47	35.0438367104167
n282	227	0	0	62	34.84298181875003
n283	228	0	0	64	34.8451185729167
n276	223	0	0	71	34.80772537500004
n288	225	0	0	52	35.29917883333337
n289	226	0	0	56	35.5406320541667
n277	229	0	0	73	35.5470423166667
n290	232	0	0	40	35.88251272083337
n291	235	0	0	47	36.1688377791667
n284	230	0	0	62	35.93913670625004
n285	231	0	0	64	35.936999952083376
n278	233	0	0	74	35.867555441666696
n292	236	0	0	52	36.4252482791667
n293	239	0	0	56	36.6592228604167
n280	237	0	0	71	36.4092226229167
n281	238	0	0	76	36.6592228604167
n304	241	0	0	45	36.9060179666667
n305	243	0	0	49	37.17952250000004
n301	242	0	0	64	36.960505197916696
n296	245	0	0	73	36.929522262500036
n306	244	0	0	52	37.434864622916706
n307	246	0	0	57	37.68059135208337
n309	248	0	0	57	38.1880704666667
n308	247	0	0	61	37.946617245833366
n311	250	0	0	49	38.70195984375003
n310	249	0	0	52	38.4508912291667
n298	251	0	0	73	38.4476860979167
n299	252	0	0	74	38.84939588125004
n323	253	0	0	46	38.99469516458337
n331	deletion
n324	255	0	0	52	39.27033645208337
n319	257	0	0	64	39.03849862500004
n320	256	0	0	67	39.03529349375004
n314	254	0	0	76	38.993626787500034
n325	258	0	0	55	39.5021742791667
n326	259	0	0	61	39.75751640208337
n327	264	0	0	47	40.056661985416696
n332	deletion
n328	265	0	0	50	40.30773060000001
n321	260	0	0	62	40.06414062500003
n322	261	0	0	66	40.042773083333365
n316	263	0	0	73	40.40815804583334
n315	262	0	0	74	40.012858525000034
n329	266	0	0	54	40.55238895208334
n330	269	0	0	59	40.80773107500001
n318	268	0	0	66	40.77674813958334
n317	267	0	0	71	40.52461114791667
n342	270	0	0	49	41.02888513125001
n350	deletion
n343	274	0	0	54	41.344056370833336
n338	273	0	0	64	41.12076556041667
n339	272	0	0	66	41.11756042916667
n333	271	0	0	76	41.075893722916675
n344	275	0	0	58	41.55559503333333
n345	276	0	0	61	41.79918500833333
n346	280	0	0	50	42.07375791875
n351	deletion
n347	283	0	0	54	42.349399206250006
n340	277	0	0	62	42.089783575
n341	278	0	0	66	42.08657844375
n335	281	0	0	73	42.43380099583334
n334	279	0	0	74	42.06841603333333
n348	284	0	0	59	42.59298918125
n349	285	0	0	62	42.85153643541667
n336	282	0	0	71	42.57910027916667
n337	286	0	0	78	42.86008345208334
n363	288	0	0	40	43.192348725
n364	290	0	0	49	43.58978499999999
n359	287	0	0	61	43.222263283333334
n352	289	0	0	78	43.46478488124999
n365	291	0	0	52	43.84940063125
n366	293	0	0	57	44.10046924583334
n353	292	0	0	69	43.84405874583333
n367	295	0	0	40	44.40923022291666
n368	298	0	0	52	44.65923046041665
n360	294	0	0	62	44.15602485416667
n361	297	0	0	68	44.238289889583335
n356	299	0	0	75	44.77675193958331
n355	296	0	0	78	44.40709346875
n369	301	0	0	56	44.91991446874999
n370	302	0	0	59	45.20303439583332
n362	303	0	0	62	45.23401733124999
n358	304	0	0	68	45.22547031458332
n357	300	0	0	76	44.926324731249984
n388	311	0	0	45	45.60367580208331
n389	312	0	0	52	45.60901768749998
n390	310	0	0	57	45.61222281874998
n385	306	0	0	61	45.61649632708331
n373	305	0	0	69	45.58658176874997
n374	307	0	0	71	45.790641791666644
n375	308	0	0	73	45.94341971458331
n376	309	0	0	74	46.09192412916664
n377	313	0	0	76	46.23508665833331
n378	314	0	0	78	46.38572782708331
n379	315	0	0	80	46.523548470833305
n380	316	0	0	81	46.65816398333331
n381	317	0	0	83	46.79918975833331
n382	318	0	0	85	46.93914715624997
n383	319	0	0	86	47.08978832499997
n384	320	0	0	87	47.24683975624997
n401	321	0	0	69	47.4113698270833
n403	324	0	0	69	47.77675478958329
n402	323	0	0	73	47.60154094791663
n395	322	0	0	88	47.41030144999996
n406	329	0	0	69	48.28743903541662
n405	327	0	0	73	48.11222519374996
n404	326	0	0	76	47.951968631249954
n396	325	0	0	88	47.90602841666662
n397	328	0	0	88	48.192353474999955
n407	330	0	0	68	48.49363581249995
n409	332	0	0	68	48.80667029791664
n408	331	0	0	71	48.6677812770833
n398	333	0	0	88	48.47226827083328
n412	337	0	0	68	49.32910669166664
n411	336	0	0	71	49.152824472916635
n410	335	0	0	76	49.0171405833333
n399	334	0	0	83	48.99897817291664
n422	339	0	0	66	49.509662418749976
n424	343	0	0	66	49.84085931458332
n423	341	0	0	71	49.68060275208332
n413	338	0	0	81	49.49470513958331
n415	342	0	0	81	49.81949177291665
n414	340	0	0	83	49.657098456249976
n427	348	0	0	66	50.29491957499997
n426	347	0	0	71	50.123979241666646
n425	344	0	0	75	49.97547482708332
n418	349	0	0	81	50.29278282083331
n417	345	0	0	83	50.13893652083331
n416	346	0	0	85	49.964791056249986
n428	350	0	0	64	50.47333854791664
n430	353	0	0	68	50.76500549166664
n429	351	0	0	71	50.58872327291664
n419	352	0	0	80	50.45197100624997
n433	357	0	0	68	51.32376670624997
n432	356	0	0	71	51.14855286458331
n431	355	0	0	76	50.96799713749997
n420	354	0	0	83	50.92953556249997
n440	358	0	0	69	51.54705751666663
n442	361	0	0	69	51.93060488958328
n441	360	0	0	72	51.76073293333329
n434	359	0	0	88	51.54812589374996
n445	366	0	0	69	52.4380840041666
n444	364	0	0	72	52.26287016249994
n443	363	0	0	76	52.09299820624994
n435	362	0	0	88	52.06735715624994
n436	365	0	0	88	52.3547505916666
n446	367	0	0	67	52.62184486249993
n448	369	0	0	67	52.967999037499915
n447	368	0	0	71	52.78316980208326
n437	370	0	0	88	52.61757135416659
n451	374	0	0	67	53.44876872499991
n450	373	0	0	71	53.31735834374991
n449	372	0	0	76	53.13680261666658
n438	371	0	0	83	53.14107612499991
n461	376	0	0	65	53.66244414166657
n463	380	0	0	65	53.98829915208325
n462	377	0	0	69	53.81629044166658
n452	375	0	0	81	53.64641848541657
n454	379	0	0	81	53.96586323333325
n453	378	0	0	83	53.815222064583246
n466	386	0	0	65	54.45197480624991
n465	384	0	0	69	54.299196883333245
n464	381	0	0	75	54.15817110833325
n457	385	0	0	81	54.46479533124991
n456	383	0	0	83	54.299196883333245
n455	382	0	0	84	54.13253005833325
n467	387	0	0	64	54.65176132083323
n469	390	0	0	64	54.9167188374999
n468	388	0	0	68	54.77996657083323
n458	389	0	0	80	54.63359891041656
n472	394	0	0	64	55.43915523124989
n471	393	0	0	68	55.28744568541656
n470	392	0	0	71	55.1250523687499
n459	391	0	0	83	55.1378728937499
n483	397	0	0	52	55.66778792708323
n484	395	0	0	56	55.6763349437499
n486	399	0	0	56	56.02462587291655
n485	398	0	0	59	55.86009580208324
n473	396	0	0	68	55.69770248541656
n474	400	0	0	80	55.6635144187499
n489	405	0	0	56	56.4712074937499
n488	404	0	0	59	56.3397971124999
n487	403	0	0	64	56.189155943749896
n475	401	0	0	71	56.20090809166656
n476	402	0	0	83	56.17954054999989
n490	409	0	0	52	56.67313076249989
n491	407	0	0	56	56.66672049999989
n493	411	0	0	56	56.99043875624988
n492	410	0	0	59	56.830182193749884
n478	406	0	0	71	56.679541024999885
n479	408	0	0	83	56.653899974999895
n496	416	0	0	56	57.45731954166655
n495	415	0	0	59	57.32590916041655
n494	414	0	0	64	57.16031071249988
n480	412	0	0	76	57.18915689374988
n481	413	0	0	88	57.17313123749988
n506	417	0	0	47	57.64535390833321
n507	418	0	0	57	57.66778982708321
n509	421	0	0	57	58.01180724791656
n508	419	0	0	59	57.851550685416555
n498	420	0	0	78	57.81202073333323
n499	422	0	0	80	57.979755935416556
n512	426	0	0	57	58.451978606249895
n511	425	0	0	59	58.334457127083226
n510	423	0	0	63	58.17740569583322
n502	428	0	0	78	58.49257693541656
n501	427	0	0	80	58.30988445416656
n500	424	0	0	81	58.151764645833225
n513	430	0	0	52	58.66672239999989
n514	429	0	0	56	58.667790777083226
n516	433	0	0	56	59.03103898541656
n515	431	0	0	59	58.8686456687499
n503	432	0	0	82	58.68808994166656
n519	437	0	0	56	59.54279160833322
n518	436	0	0	59	59.39962907916656
n517	435	0	0	64	59.22548361458322
n504	434	0	0	83	59.201979318749885
n530	440	0	0	52	59.7564670249999
n531	438	0	0	56	59.752193516666566
n533	443	0	0	56	60.094074183333234
n532	441	0	0	59	59.922065472916564
n520	439	0	0	68	59.77783456666657
n521	442	0	0	80	59.73189435208323
n536	447	0	0	56	60.552407952083236
n535	446	0	0	59	60.418860816666566
n534	445	0	0	64	60.26715127083323
n522	deletion
n523	444	0	0	83	60.24471535208323
n537	450	0	0	49	60.763946614583226
n538	449	0	0	52	60.769288499999895
n540	452	0	0	52	61.174203414583225
n539	451	0	0	56	60.996852818749886
n525	448	0	0	76	60.791724418749894
n526	453	0	0	88	60.769288499999895
n543	458	0	0	52	61.70625520208322
n542	457	0	0	56	61.53638324583323
n541	455	0	0	61	61.38574207708323
n527	456	0	0	80	61.3942890937499
n528	454	0	0	92	61.3590326499999
n551	459	0	0	45	61.89001606041655
n552	460	0	0	57	62.08766582083322
n553	462	0	0	61	62.23403348124988
n545	461	0	0	78	62.07805042708322
n546	463	0	0	80	62.243648874999884
n554	464	0	0	47	62.424204602083215
n555	466	0	0	57	62.622922739583224
n556	468	0	0	59	62.775700662499894
n549	469	0	0	78	62.79599982708323
n548	467	0	0	80	62.60582870624989
n547	465	0	0	81	62.41993109374988
n557	470	0	0	52	63.018222260416564
n558	471	0	0	56	62.998991472916565
n559	472	0	0	68	63.332325122916565
n560	473	0	0	71	63.50540221041657
n550	474	0	0	76	63.009675243749896
n563	477	0	0	68	63.98617189791656
n562	476	0	0	71	63.84728287708323
n561	475	0	0	74	63.668863904166564
n571	481	0	0	69	64.17527464166656
n565	478	0	0	73	64.35369361458324
n566	479	0	0	76	64.51608693124992
n569	483	0	0	73	65.00326688124996
n568	482	0	0	76	64.85689922083328
n567	480	0	0	85	64.68489051041662
n573	484	0	0	68	65.37078859791664
n574	485	0	0	71	65.54707081666665
n570	487	0	0	76	65.1966431333333
n577	489	0	0	68	66.08553286666667
n576	488	0	0	71	65.89643012291666
n575	486	0	0	74	65.72014790416665
n591	494	0	0	69	66.24899456041668
n579	490	0	0	73	66.44771269791669
n580	491	0	0	76	66.60262737500003
n583	495	0	0	73	67.1496364416667
n582	493	0	0	76	66.98083286250004
n581	492	0	0	85	66.80561902083336
n592	497	0	0	65	67.34835457916671
n593	498	0	0	68	67.34942295625004
n586	499	0	0	73	67.70198739375009
n585	500	0	0	80	67.54173083125006
n584	496	0	0	85	67.35690159583338
n594	503	0	0	64	67.88147474375009
n595	504	0	0	66	68.0481415687501
n587	502	0	0	70	67.95198763125008
n589	505	0	0	70	68.15818440833344
n596	506	0	0	73	68.27036400208343
n588	501	0	0	82	67.87506448125009
n590	507	0	0	82	68.17421006458343
n613	508	0	0	63	68.46160350000008
n614	510	0	0	66	68.43916758125009
n599	511	0	0	71	68.77784311666676
n598	512	0	0	78	68.62506519375007
n597	509	0	0	83	68.42527867916675
n615	515	0	0	62	68.95626208958343
n616	516	0	0	64	69.14963834166679
n600	513	0	0	68	69.01074932083343
n602	517	0	0	68	69.25433929583345
n617	518	0	0	71	69.34087783958344
n601	514	0	0	80	68.94985182708344
n603	519	0	0	80	69.25754442708345
n618	522	0	0	61	69.54280110833345
n619	521	0	0	64	69.55882676458344
n606	524	0	0	69	69.88575015208343
n605	523	0	0	76	69.71053631041677
n604	520	0	0	81	69.5192968125001
n620	525	0	0	60	70.12292986458341
n622	532	0	0	60	70.53425504166674
n621	529	0	0	64	70.12613499583341
n623	531	0	0	64	70.5171610083334
n607	526	0	0	66	70.16780170208341
n610	deletion
n608	527	0	0	69	70.12186148750008
n611	530	0	0	69	70.51181912291673
n609	528	0	0	78	70.11224609375009
n612	533	0	0	78	70.51181912291673
n629	537	0	0	59	71.12827270000005
n630	534	0	0	64	71.10370002708339
n631	535	0	0	68	71.11758892916673
n624	536	0	0	71	71.12399919166673
n625	539	0	0	83	71.0780589770834
n632	deletion
n633	541	0	0	66	72.55028259791678
n634	538	0	0	69	72.53318856458344
n627	542	0	0	71	73.3868218541668
n628	543	0	0	75	73.55562543333346
n626	540	0	0	81	73.1848985854168
n642	547	0	0	63	74.0652413020835
n639	545	0	0	64	73.71481361875013
n640	544	0	0	68	73.71588199583346
n641	546	0	0	68	73.89857447708349
n635	549	0	0	76	73.73404440625012
n645	551	0	0	56	74.52784857916683
n644	550	0	0	59	74.37400227916683
n643	548	0	0	64	74.2190876020835
n648	554	0	0	51	74.9787037083335
n646	552	0	0	52	74.67955812500016
n647	553	0	0	56	74.81951552291683
n651	557	0	0	47	75.47122554375017
n650	556	0	0	50	75.31310573541684
n649	555	0	0	52	75.14002864791682
n664	560	0	0	45	75.64002912291684
n652	558	0	0	60	75.68490096041684
n653	559	0	0	64	75.84622590000018
n654	561	0	0	72	76.02143974166685
n665	562	0	0	45	76.16032876250019
n666	565	0	0	45	76.42421790208351
n657	566	0	0	64	76.52998723333351
n656	564	0	0	72	76.34302124375019
n655	563	0	0	76	76.18383305833352
n667	570	0	0	45	76.71161133750017
n658	567	0	0	59	76.71802160000017
n659	568	0	0	64	76.8569106208335
n660	569	0	0	71	77.04067147916685
n668	573	0	0	43	77.21695369791686
n663	574	0	0	64	77.54708221666688
n662	572	0	0	71	77.39216753958353
n661	571	0	0	76	77.2372528625002
n684	577	0	0	42	77.8205867500002
n685	578	0	0	43	77.9712279187502
n671	575	0	0	59	77.69558663125021
n672	576	0	0	69	77.83981753750021
n673	579	0	0	71	77.99045870625021
n688	585	0	0	42	78.44451896666688
n687	583	0	0	43	78.27357863333353
n686	581	0	0	45	78.13682636666687
n676	584	0	0	69	78.50434808333354
n675	582	0	0	71	78.3366128812502
n674	580	0	0	75	78.1571255312502
n689	589	0	0	40	78.59729688958355
n677	586	0	0	59	78.62293793958355
n678	587	0	0	67	78.78639963333355
n679	588	0	0	71	78.94345106458354
n690	591	0	0	43	79.11545977500022
n682	593	0	0	67	79.43383614583355
n681	592	0	0	71	79.29067361666688
n680	590	0	0	76	79.12400679166689
n705	597	0	0	45	79.63896454583356
n706	596	0	0	57	79.61332349583355
n693	594	0	0	60	79.64537480833356
n694	595	0	0	64	79.82272540416692
n695	598	0	0	72	80.00007600000025
n707	600	0	0	45	80.13896502083358
n709	604	0	0	45	80.41246955416692
n708	599	0	0	57	80.13041800416691
n710	603	0	0	57	80.40178578333358
n698	605	0	0	64	80.52251239375025
n697	602	0	0	72	80.32593101041692
n696	601	0	0	76	80.17635821875025
n711	607	0	0	45	80.71909377708357
n712	608	0	0	57	80.70093136666691
n699	606	0	0	59	80.7073416291669
n700	609	0	0	64	80.87721358541692
n701	610	0	0	71	81.06952146041692
n713	612	0	0	43	81.22764126875025
n714	614	0	0	55	81.22123100625025
n704	615	0	0	64	81.5364022458336
n703	613	0	0	71	81.38362432291692
n702	611	0	0	76	81.24473530208358
n730	618	0	0	53	81.82272730416693
n731	619	0	0	55	81.97123171875026
n717	616	0	0	59	81.68811179166694
n718	617	0	0	62	81.83234269791693
n719	620	0	0	71	82.00648816250025
n734	625	0	0	53	82.43597575000027
n733	624	0	0	55	82.29174484375027
n732	622	0	0	56	82.13148828125026
n722	626	0	0	62	82.5011467520836
n721	623	0	0	71	82.3216594020836
n720	621	0	0	74	82.17529174166692
n735	630	0	0	41	82.62080498541694
n736	628	0	0	53	82.60798446041694
n723	deletion
n724	629	0	0	60	82.80029233541694
n725	631	0	0	67	82.96589078333362
n737	634	0	0	40	83.13576273958363
n738	633	0	0	52	83.11653195208362
n728	636	0	0	60	83.41140402708365
n727	635	0	0	67	83.28426715416697
n726	632	0	0	72	83.13683111666695
n773	637	0	0	39	83.61332729583364
n774	641	0	0	51	83.59730163958365
n742	638	0	0	71	83.78319925208365
n745	642	0	0	71	83.95948147083362
n743	639	0	0	78	83.78106249791698
n746	644	0	0	78	83.95948147083362
n744	640	0	0	83	83.7789257437503
n747	643	0	0	83	83.97016524166696
n775	648	0	0	63	84.1282850500003
n777	654	0	0	63	84.39324256666698
n776	649	0	0	66	84.13255855833363
n778	653	0	0	66	84.38149041875032
n748	647	0	0	71	84.12401154166696
n751	650	0	0	71	84.2853364812503
n754	655	0	0	71	84.46909733958366
n749	646	0	0	78	84.12614829583363
n752	651	0	0	78	84.2917467437503
n755	656	0	0	78	84.47550760208365
n750	645	0	0	83	84.12187478750029
n753	652	0	0	83	84.30563564583363
n756	657	0	0	83	84.46909733958366
n779	658	0	0	38	84.665678722917
n780	659	0	0	50	84.659268460417
n758	661	0	0	71	84.83555067916701
n761	663	0	0	71	84.99153373333368
n759	660	0	0	77	84.83768743333368
n762	664	0	0	77	84.98832860208368
n760	662	0	0	80	84.81204638333368
n763	665	0	0	80	84.99901237291702
n781	669	0	0	62	85.16781595208369
n783	674	0	0	62	85.43063671458368
n782	deletion
n784	deletion
n764	667	0	0	71	85.19452537916702
n767	671	0	0	71	85.34837167916702
n770	678	0	0	71	85.52465389791703
n765	670	0	0	77	85.20520915000036
n768	673	0	0	77	85.35585031875034
n771	676	0	0	77	85.5267906520837
n766	668	0	0	80	85.19132024791702
n769	672	0	0	80	85.35264518750034
n772	677	0	0	80	85.51931201250036
n819	679	0	0	37	85.72337203541706
n820	680	0	0	49	85.72764554375038
n788	682	0	0	69	85.88897048333368
n791	685	0	0	69	86.07059458750034
n789	683	0	0	76	85.893243991667
n792	686	0	0	76	86.079141604167
n790	681	0	0	81	85.88042346666701
n793	684	0	0	81	86.04815866875033
n821	690	0	0	61	86.23298790416699
n823	696	0	0	61	86.50969756875034
n822	691	0	0	64	86.24260329791699
n824	695	0	0	64	86.495808666667
n794	687	0	0	69	86.22337251041701
n797	693	0	0	69	86.41568038541699
n800	697	0	0	69	86.59730448958368
n795	688	0	0	76	86.22444088750034
n798	694	0	0	76	86.42956928750033
n801	699	0	0	76	86.601577997917
n796	689	0	0	81	86.22871439583366
n799	692	0	0	81	86.41247525416699
n802	698	0	0	81	86.59730448958368
n825	700	0	0	36	86.79815938125034
n826	701	0	0	48	86.79922775833367
n804	702	0	0	69	86.95734756666701
n807	707	0	0	69	87.17422811458367
n805	704	0	0	76	86.96482620625034
n808	705	0	0	76	87.17102298333367
n806	703	0	0	78	86.95307405833368
n809	706	0	0	78	87.175296491667
n827	713	0	0	60	87.370809497917
n830	719	0	0	60	87.65606617916701
n828	711	0	0	64	87.34623682500033
n831	717	0	0	64	87.66568157291702
n829	712	0	0	66	87.33982656250033
n832	718	0	0	66	87.66354481875035
n810	709	0	0	69	87.36653598958367
n813	714	0	0	69	87.54495496250034
n816	720	0	0	69	87.75969875625036
n811	708	0	0	76	87.351578710417
n814	715	0	0	76	87.57486952083367
n817	721	0	0	76	87.75863037916703
n812	710	0	0	78	87.33982656250033
n815	716	0	0	78	87.58448491458367
n818	722	0	0	78	87.75969875625036
n854	732	0	0	59	88.10585293125038
n847	723	0	0	64	88.13790424375037
n848	724	0	0	68	88.10585293125038
n836	725	0	0	71	88.14645126041704
n837	726	0	0	83	88.10051104583371
n849	731	0	0	66	88.67316116250042
n850	727	0	0	69	88.67529791666709
n839	728	0	0	71	88.86653741458379
n840	730	0	0	75	89.04068287916714
n838	729	0	0	81	88.66781927708375
n855	737	0	0	64	89.23405913125048
n851	734	0	0	68	89.24901641041714
n841	733	0	0	76	89.22658049166714
n844	deletion
n842	735	0	0	80	89.40286271041714
n843	736	0	0	83	89.5684611583338
n845	deletion
n846	deletion
n875	749	0	0	47	90.40606879166712
n868	741	0	0	52	90.42529957916712
n869	742	0	0	56	90.40713716875045
n858	746	0	0	83	91.27145422916715
n870	748	0	0	54	91.06632582916713
n871	745	0	0	57	91.07059933750045
n860	deletion
n861	deletion
n859	deletion
n876	751	0	0	52	91.66461699583382
n872	753	0	0	56	91.66248024166715
n863	deletion
n862	deletion
n864	757	0	0	80	92.65713930625049
n867	deletion
n866	deletion
n865	759	0	0	76	92.92850708541717
n887	758	0	0	52	92.92850708541717
n879	deletion
n888	760	0	0	52	93.55030254791721
n889	761	0	0	52	93.8644054104172
n890	762	0	0	52	94.24688440625056
n882	763	0	0	64	94.22017497916721
n891	765	0	0	52	94.81419263750057
n892	766	0	0	52	95.17530409166721
n883	764	0	0	64	94.8152610145839
n884	767	0	0	64	95.13577413958389
n918	770	0	0	52	95.58449251458386
n919	768	0	0	62	95.57808225208386
n895	769	0	0	64	95.58449251458386
n896	773	0	0	68	95.58983440000053
n897	772	0	0	71	95.56205659583387
n898	771	0	0	76	95.53427879166719
n920	774	0	0	52	96.16782640208389
n922	783	0	0	52	96.51825408541724
n921	775	0	0	62	96.17637341875056
n923	780	0	0	62	96.51184382291724
n899	778	0	0	64	96.17637341875056
n903	784	0	0	64	96.52573272500058
n900	779	0	0	68	96.1838520583339
n904	782	0	0	68	96.54496351250059
n901	777	0	0	71	96.17851017291723
n905	781	0	0	71	96.52786947916725
n902	776	0	0	76	96.15393750000055
n906	785	0	0	76	96.49368141250058
n924	786	0	0	52	96.97338272291721
n925	787	0	0	61	96.98086136250055
n907	789	0	0	64	96.96590408333388
n908	790	0	0	67	96.97338272291721
n909	788	0	0	70	96.90714334375056
n926	794	0	0	52	97.62616112083388
n928	796	0	0	52	97.9178280645839
n927	791	0	0	60	97.61975085833389
n929	797	0	0	60	97.91996481875057
n910	792	0	0	64	97.62188761250056
n913	798	0	0	64	97.94774262291723
n911	793	0	0	67	97.59945169375055
n914	deletion
n912	795	0	0	70	97.58769954583389
n915	799	0	0	70	97.9178280645839
n954	810	0	0	47	98.28748653541726
n946	803	0	0	52	98.29603355208393
n947	801	0	0	56	98.30030706041727
n948	deletion
n932	802	0	0	64	98.32594811041727
n933	800	0	0	68	98.27573438750059
n934	804	0	0	71	98.27039250208392
n949	809	0	0	54	98.88470932500063
n950	806	0	0	57	98.8964614729173
n936	807	0	0	59	99.11761552916728
n937	808	0	0	63	99.3174020437506
n935	805	0	0	69	98.8996666041673
n955	813	0	0	52	99.51184667291727
n951	812	0	0	56	99.5193253125006
n938	811	0	0	64	99.5161201812506
n939	814	0	0	71	99.80778712500062
n940	815	0	0	80	100.00116337708396
n943	818	0	0	68	100.6058648062506
n942	817	0	0	71	100.40287316041727
n941	816	0	0	76	100.21483879375062
n966	819	0	0	40	100.9039420125006
n958	820	0	0	64	100.90180525833392
n967	821	0	0	40	101.53107936041728
n968	822	0	0	40	101.82381468125061
n969	823	0	0	40	102.16890047916729
n961	824	0	0	52	102.1560799541673
n970	826	0	0	40	102.7778754166673
n971	828	0	0	40	103.14539713333397
n962	825	0	0	52	102.77360190833397
n963	827	0	0	52	103.11761932916731
n996	830	0	0	40	103.58343173750065
n997	831	0	0	50	103.57488472083398
n974	832	0	0	53	103.55779068750064
n975	834	0	0	56	103.55672231041731
n976	833	0	0	59	103.54603853958398
n977	829	0	0	65	103.52146586666731
n998	839	0	0	40	104.318475170834
n1000	844	0	0	40	104.62189426250067
n999	838	0	0	50	104.30885977708401
n1001	841	0	0	50	104.59838996666734
n978	837	0	0	52	104.324885433334
n982	846	0	0	52	104.590911327084
n979	835	0	0	56	104.32274867916733
n983	843	0	0	56	104.59304808125067
n980	836	0	0	59	104.28749223541735
n984	842	0	0	59	104.61441562291733
n981	840	0	0	64	104.27467171041735
n985	845	0	0	64	104.58236431041733
n1002	848	0	0	40	104.96270655208401
n1003	847	0	0	49	104.96804843750068
n986	850	0	0	52	104.96056979791734
n987	849	0	0	55	104.95950142083402
n988	851	0	0	58	104.91569796041735
n1004	853	0	0	40	105.55779258750067
n1006	859	0	0	40	105.90501513958402
n1005	854	0	0	48	105.56313447291734
n1007	857	0	0	48	105.89219461458403
n989	855	0	0	52	105.55245070208402
n992	860	0	0	52	105.88151084375069
n990	852	0	0	55	105.55138232500069
n993	858	0	0	55	105.87403220416735
n991	856	0	0	58	105.53428829166735
n994	861	0	0	58	105.86121167916735
n1022	864	0	0	35	106.34518649791737
n1023	873	0	0	47	106.34518649791737
n1025	deletion
n1016	862	0	0	52	106.32488733333403
n1017	863	0	0	56	106.32488733333403
n1010	867	0	0	59	106.29710952916737
n1018	865	0	0	54	106.95843494375073
n1019	866	0	0	57	106.98728112500073
n1012	868	0	0	61	107.24048649375075
n1013	869	0	0	63	107.53215343750075
n1024	871	0	0	40	108.01612825625075
n1026	870	0	0	52	108.00971799375075
n1020	872	0	0	56	108.04283768333408
n1014	874	0	0	64	107.99476071458409
n1030	875	0	0	68	109.93386512083416
n1031	876	0	0	69	110.54497681250079
n1044	880	0	0	53	110.76933600000079
n1040	878	0	0	59	110.76613086875079
n1041	879	0	0	62	110.76826762291746
n1035	877	0	0	71	110.72232740833412
n1045	881	0	0	54	112.05245687708423
n1042	882	0	0	57	112.07061928750089
n1043	885	0	0	61	112.07061928750089
n1037	884	0	0	68	112.49476498958423
n1036	883	0	0	69	112.03215771250089
n1047	886	0	0	33	112.66570532291756
n1049	889	0	0	35	113.05245782708423
n1048	887	0	0	45	112.65929506041756
n1050	890	0	0	47	113.05779971250088
n1038	888	0	0	66	112.6443377812509
n1039	891	0	0	68	112.95844064375089
n1064	894	0	0	37	113.28536403125088
n1065	893	0	0	49	113.26399648958422
n1053	892	0	0	56	113.25758622708422
n1054	903	0	0	61	113.25972298125089
n1055	895	0	0	65	113.24583407916755
n1068	900	0	0	33	114.94348526458425
n1066	897	0	0	35	114.55139087500089
n1069	899	0	0	45	114.93600662500091
n1067	896	0	0	47	114.54391223541757
n1056	906	0	0	57	114.57916867916757
n1057	deletion
n1058	898	0	0	66	114.53750197291757
n1070	902	0	0	32	115.12404099166758
n1072	904	0	0	33	115.40822929583426
n1071	901	0	0	44	115.11015208958425
n1073	905	0	0	45	115.40609254166759
n1060	907	0	0	66	115.09092130208425
n1061	908	0	0	68	115.53536616875093
n1085	912	0	0	39	115.80139206250094
n1081	911	0	0	57	115.83130662083427
n1082	910	0	0	60	115.80887070208426
n1076	909	0	0	69	115.79177666875094
n1086	913	0	0	40	117.08558131666764
n1083	920	0	0	56	117.11763262916764
n1084	919	0	0	59	117.14968394166763
n1078	914	0	0	66	117.47233382083431
n1077	915	0	0	68	117.07703430000097
n1088	917	0	0	32	117.65288954791765
n1090	921	0	0	33	118.06421472500101
n1089	916	0	0	44	117.64220577708431
n1091	922	0	0	45	118.05459933125101
n1079	918	0	0	64	117.63365876041765
n1080	923	0	0	66	117.939214606251
n1105	925	0	0	35	118.25011233750102
n1106	924	0	0	47	118.22981317291769
n1094	926	0	0	54	118.23622343541768
n1095	928	0	0	59	118.22767641875102
n1096	927	0	0	63	118.22447128750102
n1109	932	0	0	32	119.69562653125104
n1107	930	0	0	33	119.32276292916772
n1110	933	0	0	44	119.69669490833436
n1108	929	0	0	45	119.32596806041772
n1097	938	0	0	56	119.33772020833439
n1098	deletion
n1099	931	0	0	64	119.33558345416772
n1111	935	0	0	30	119.88152414375102
n1113	936	0	0	32	120.1913534979177
n1112	934	0	0	42	119.8804557666677
n1114	937	0	0	44	120.17639621875104
n1101	939	0	0	64	119.86229335625103
n1102	940	0	0	66	120.32169550208437
n1127	947	0	0	36	120.5086614916677
n1132	deletion
n1128	941	0	0	44	120.81314896041769
n1117	943	0	0	56	120.52041363958436
n1118	944	0	0	63	120.52468714791769
n1119	945	0	0	68	120.50331960625103
n1129	942	0	0	44	121.10054239583437
n1130	946	0	0	44	121.38579907708437
n1133	952	0	0	37	121.71806435000104
n1131	957	0	0	44	121.71913272708437
n1125	953	0	0	56	121.70951733333438
n1126	950	0	0	64	121.71592759583437
n1120	948	0	0	68	121.69349167708438
n1121	949	0	0	69	122.16678272500106
n1123	954	0	0	67	122.55246685208438
n1122	951	0	0	68	122.28216745000105
n1151	958	0	0	36	122.82169787708439
n1134	deletion
n1135	955	0	0	63	122.83879191041771
n1137	959	0	0	63	123.14007424791771
n1136	956	0	0	68	122.82917651666772
n1138	960	0	0	72	123.14541613333438
n1139	961	0	0	75	123.15075801875105
n1154	965	0	0	32	123.40716851875106
n1140	963	0	0	63	123.41571553541773
n1143	966	0	0	63	123.71699787291774
n1141	962	0	0	72	123.43815145416774
n1144	967	0	0	72	123.72875002083441
n1142	964	0	0	75	123.4306728145844
n1145	968	0	0	75	123.72554488958441
n1155	969	0	0	32	124.02148534166776
n1156	970	0	0	33	124.46806696250108
n1146	977	0	0	63	124.05139990000109
n1147	974	0	0	73	124.05567340833441
n1148	973	0	0	75	124.01934858750109
n1158	972	0	0	31	124.89007591041776
n1157	971	0	0	32	124.61443462291776
n1177	976	0	0	32	125.21379416666775
n1182	deletion
n1178	978	0	0	44	125.49477733958445
n1162	975	0	0	72	125.20952065833443
n1184	984	0	0	36	125.78110239791778
n1179	979	0	0	44	125.80781182500112
n1180	983	0	0	44	126.07811122708448
n1165	981	0	0	56	125.81956397291779
n1166	980	0	0	63	125.81529046458446
n1167	982	0	0	68	125.76935025000111
n1185	988	0	0	37	126.44349618958451
n1181	994	0	0	44	126.4467013208345
n1175	992	0	0	56	126.43815430416784
n1176	996	0	0	64	126.4595218458345
n1168	985	0	0	68	126.42960728750117
n1169	986	0	0	69	126.94883855000118
n1171	989	0	0	67	127.38366802291786
n1170	987	0	0	68	127.09200107916786
n1205	995	0	0	36	127.69777088541787
n1186	990	0	0	68	127.69029224583453
n1187	991	0	0	69	128.17640381875123
n1189	997	0	0	67	128.60054952083453
n1188	993	0	0	68	128.29499367500122
n1201	998	0	0	35	128.88687457916785
n1190	999	0	0	68	128.8890113333345
n1191	1000	0	0	69	129.33025106875115
n1203	1001	0	0	33	129.4755503520845
n1204	1002	0	0	45	129.46807171250114
n1198	1003	0	0	61	129.47234522083448
n1199	1005	0	0	64	129.4531144333345
n1193	1006	0	0	67	129.7917899687511
n1192	1004	0	0	68	129.45845631875116
n1216	1011	0	0	32	130.15503817708444
n1217	1009	0	0	44	130.14649116041778
n1207	1007	0	0	61	130.14435440625113
n1208	1008	0	0	64	130.14649116041778
n1209	1010	0	0	68	130.1411492750011
n1218	1015	0	0	32	131.65610797916779
n1219	1016	0	0	44	131.65183447083444
n1210	1017	0	0	66	131.64542420833445
n1211	1014	0	0	72	131.6496977166678
n1212	1013	0	0	75	131.64542420833445
n1213	1012	0	0	80	131.64649258541777
n1230	1019	0	0	37	133.20311799583442
n1232	1021	0	0	39	133.36230618125109
n1234	1023	0	0	40	133.5097422187511
n1231	1018	0	0	49	133.19777611041775
n1233	1020	0	0	51	133.36016942708443
n1235	1022	0	0	52	133.50012682500108
n1222	1027	0	0	61	133.18175045416774
n1223	1026	0	0	64	133.18816071666774
n1224	1030	0	0	68	133.18602396250108
n1236	1024	0	0	42	133.64542610833442
n1238	1028	0	0	44	133.78645188333442
n1240	1032	0	0	46	133.9392298062511
n1237	1025	0	0	54	133.64969961666776
n1239	1029	0	0	56	133.79286214583442
n1241	1033	0	0	58	133.94136656041775
n1242	1035	0	0	48	134.0994863687511
n1244	1037	0	0	49	134.23410188125106
n1246	1039	0	0	51	134.38367467291775
n1243	1034	0	0	60	134.0994863687511
n1245	1036	0	0	61	134.24371727500107
n1247	1038	0	0	63	134.39008493541775
n1248	1041	0	0	52	134.57170903958442
n1250	1043	0	0	52	134.87512813125105
n1249	1040	0	0	64	134.5588885145844
n1251	1042	0	0	64	134.8644443604177
n1276	1063	0	0	52	135.18282073125107
n1254	1062	0	0	64	135.1646583208344
n1277	deletion
n1256	1045	0	0	66	135.35589781875103
n1258	1048	0	0	68	135.52256464375105
n1255	1044	0	0	76	135.17534209166774
n1257	1046	0	0	78	135.35376106458438
n1259	1047	0	0	80	135.51188087291771
n1260	1049	0	0	70	135.67534256666775
n1262	1052	0	0	72	135.82277860416778
n1264	1055	0	0	73	135.9648727562511
n1261	1050	0	0	82	135.66572717291774
n1263	1051	0	0	84	135.8238469812511
n1265	1054	0	0	85	135.95953087083444
n1266	1056	0	0	75	136.13581308958445
n1268	1058	0	0	76	136.2864542583344
n1270	1060	0	0	78	136.4338902958344
n1267	1057	0	0	87	136.12406094166778
n1269	1059	0	0	88	136.27149697916775
n1271	1061	0	0	90	136.42854841041773
n1272	1064	0	0	80	136.6037622520844
n1274	1066	0	0	80	136.92534375416773
n1273	1065	0	0	92	136.59628361250108
n1275	1067	0	0	92	136.92748050833438
n1282	1068	0	0	31	137.25119876458433
n1284	1071	0	0	33	137.4210707208343
n1286	1073	0	0	35	137.56743838125095
n1283	1069	0	0	43	137.24906201041767
n1285	1070	0	0	45	137.41252370416765
n1287	1072	0	0	47	137.5653016270843
n1278	1089	0	0	81	137.24692525625102
n1279	1091	0	0	85	137.24799363333435
n1280	1090	0	0	88	137.24478850208436
n1281	1088	0	0	93	137.24478850208436
n1288	1075	0	0	37	137.72769494375095
n1290	1077	0	0	38	137.87513098125095
n1292	1079	0	0	40	138.0257721500009
n1289	1074	0	0	49	137.72662656666762
n1291	1076	0	0	50	137.86872071875095
n1293	1078	0	0	52	138.01829351041758
n1294	1081	0	0	42	138.1667979250009
n1296	1083	0	0	43	138.31850747083422
n1298	1085	0	0	45	138.45739649166754
n1295	1080	0	0	54	138.16893467916756
n1297	1082	0	0	55	138.31637071666756
n1299	1084	0	0	57	138.4595332458342
n1300	1087	0	0	43	138.63367871041754
n1302	1093	0	0	43	138.94778157291756
n1301	1086	0	0	55	138.63367871041754
n1303	1092	0	0	55	138.94457644166755
n1326	1117	0	0	55	139.27256820625087
n1327	1116	0	0	61	139.26295281250088
n1328	1114	0	0	64	139.26508956666754
n1329	1113	0	0	67	139.25761092708422
n1304	1094	0	0	69	139.27149982916754
n1306	1098	0	0	71	139.4499188020842
n1308	1100	0	0	73	139.61979075833418
n1305	1095	0	0	81	139.2704314520842
n1307	1097	0	0	83	139.44564529375086
n1309	1099	0	0	85	139.61124374166752
n1310	1101	0	0	74	139.76081653333418
n1312	1104	0	0	76	139.9178679645842
n1314	1105	0	0	78	140.06850913333417
n1311	1102	0	0	86	139.75654302500084
n1313	1103	0	0	88	139.91573121041753
n1315	1106	0	0	90	140.06744075625085
n1316	1107	0	0	80	140.2234238104175
n1318	1109	0	0	81	140.37833848750083
n1320	1111	0	0	83	140.53432154166748
n1317	1108	0	0	92	140.2170135479175
n1319	1110	0	0	93	140.3751333562508
n1321	1112	0	0	95	140.52684290208416
n1322	1115	0	0	81	140.71060376041748
n1324	1119	0	0	81	141.08026223125086
n1323	1118	0	0	93	140.70739862916747
n1325	1120	0	0	93	141.0823989854175
n1334	1121	0	0	30	141.4210745208342
n1336	1124	0	0	31	141.58774134583416
n1338	1126	0	0	33	141.7362457604175
n1335	1122	0	0	42	141.41573263541753
n1337	1123	0	0	43	141.57812595208415
n1339	1125	0	0	45	141.73090387500082
n1330	1142	0	0	81	141.4146642583342
n1331	1143	0	0	86	141.40932237291753
n1332	1144	0	0	90	141.4146642583342
n1333	1141	0	0	93	141.41573263541753
n1340	1128	0	0	35	141.89436556875083
n1342	1130	0	0	37	142.05675888541748
n1344	1132	0	0	38	142.20846843125076
n1341	1127	0	0	47	141.8900920604175
n1343	1129	0	0	49	142.05675888541748
n1345	1131	0	0	50	142.20205816875077
n1346	1134	0	0	40	142.35376771458408
n1348	1136	0	0	42	142.49479348958408
n1350	1138	0	0	43	142.6400927729174
n1347	1133	0	0	52	142.34522069791743
n1349	1135	0	0	54	142.49265673541743
n1351	1137	0	0	55	142.63902439583407
n1352	1140	0	0	42	142.80782797500075
n1354	1146	0	0	42	143.13475136250074
n1353	1139	0	0	54	142.80462284375074
n1355	1145	0	0	54	143.13154623125072
n1380	1167	0	0	54	143.44564909375072
n1381	1168	0	0	57	143.44885422500073
n1378	1166	0	0	62	143.43496532291738
n1379	1165	0	0	66	143.43496532291738
n1356	1147	0	0	69	143.43496532291738
n1358	1150	0	0	71	143.60483727916736
n1360	1151	0	0	73	143.75547844791734
n1357	1148	0	0	81	143.43496532291738
n1359	1149	0	0	83	143.60056377083401
n1361	1152	0	0	85	143.75868357916735
n1362	1153	0	0	74	143.91252987916735
n1364	1156	0	0	76	144.08133345833403
n1366	1157	0	0	78	144.21381221666735
n1363	1154	0	0	86	143.908256370834
n1365	1155	0	0	88	144.07171806458402
n1367	1158	0	0	90	144.21701734791736
n1368	1159	0	0	80	144.37941066458404
n1370	1161	0	0	81	144.53325696458404
n1372	1163	0	0	83	144.6817613791674
n1369	1160	0	0	92	144.37300040208405
n1371	1162	0	0	93	144.53005183333403
n1373	1164	0	0	95	144.67748787083406
n1374	1169	0	0	81	144.8548384666674
n1376	1171	0	0	81	145.2148815437507
n1375	1170	0	0	93	144.8548384666674
n1377	1172	0	0	93	145.21701829791735
n1386	1173	0	0	29	145.56637760416737
n1388	deletion
n1390	1178	0	0	33	145.898642877084
n1387	1174	0	0	41	145.56637760416737
n1389	1175	0	0	43	145.74265982291732
n1391	1177	0	0	45	145.892232614584
n1382	1194	0	0	84	145.5514203250007
n1383	1196	0	0	89	145.54607843958402
n1384	1195	0	0	93	145.54714681666735
n1385	1193	0	0	96	145.5546254562507
n1392	1180	0	0	35	146.058899439584
n1396	1184	0	0	38	146.360181777084
n1393	1179	0	0	47	146.05569430833398
n1395	1181	0	0	48	146.20313034583398
n1397	1183	0	0	50	146.35483989166732
n1398	1186	0	0	40	146.50654943750064
n1400	1187	0	0	41	146.65078034375065
n1402	1190	0	0	43	146.80676339791734
n1399	1185	0	0	52	146.50013917500064
n1401	1188	0	0	53	146.64971196666733
n1403	1189	0	0	55	146.80676339791734
n1404	1192	0	0	41	146.97129346875067
n1406	1197	0	0	41	147.28432795416737
n1405	1191	0	0	53	146.96808833750066
n1407	1198	0	0	53	147.2853963312507
n1435	1218	0	0	53	147.62407186666735
n1432	1222	0	0	57	147.629413752084
n1433	1221	0	0	60	147.62514024375068
n1434	1217	0	0	63	147.619798358334
n1410	1199	0	0	69	147.62727699791733
n1412	1201	0	0	71	147.80890110208395
n1414	1203	0	0	72	147.97877305833396
n1411	1200	0	0	81	147.62514024375068
n1413	1202	0	0	83	147.81210623333396
n1415	1204	0	0	84	147.98197818958397
n1416	1205	0	0	75	148.1497133916673
n1418	1207	0	0	76	148.31638021666728
n1438	1229	0	0	76	151.26296421250066
n1439	1230	0	0	76	151.61873378125068
n1440	1231	0	0	76	151.95099905416737
n1436	deletion
n1420	1209	0	0	77	148.49373081250062
n1417	1206	0	0	87	148.1497133916673
n1419	1208	0	0	88	148.31210670833394
n1421	1210	0	0	89	148.49373081250062
n1422	deletion
n1424	deletion
n1426	deletion
n1423	1211	0	0	80	148.65398737500064
n1425	1213	0	0	81	148.83667985625064
n1427	1215	0	0	83	149.02791935416732
n1430	deletion
n1428	deletion
n1431	1223	0	0	81	149.66894560416736
n1429	1220	0	0	84	149.23838963958403
n1443	1226	0	0	40	150.25762137708404
n1444	1227	0	0	52	150.2437324750007
n1437	1228	0	0	88	150.24480085208404
n1441	1232	0	0	76	152.64117065000062
n1442	1233	0	0	76	153.004418858334
n1460	1237	0	0	52	153.53112876041732
n1461	1235	0	0	56	153.53219713750065
n1454	1236	0	0	64	153.50976121875064
n1449	1234	0	0	76	153.50228257916731
n1462	1240	0	0	52	154.16681312500057
n1464	1243	0	0	52	154.5001467750006
n1463	1238	0	0	56	154.16040286250058
n1465	1241	0	0	56	154.50228352916724
n1455	1239	0	0	64	154.16574474791724
n1456	1242	0	0	64	154.49694164375057
n1466	1248	0	0	52	154.8334804250006
n1467	1246	0	0	56	154.8559163437506
n1457	1245	0	0	64	154.83882231041727
n1451	1244	0	0	92	154.8238650312506
n1458	1249	0	0	59	155.45100237916725
n1452	1247	0	0	92	155.43925023125058
n1453	1250	0	0	92	155.75976335625057
n1476	1253	0	0	52	156.14117397500053
n1477	1252	0	0	56	156.13049020416722
n1478	1251	0	0	60	156.1208748104172
n1468	1254	0	0	92	156.10378077708387
n1479	1258	0	0	52	156.71702922291715
n1482	1261	0	0	52	157.02579020000044
n1480	1255	0	0	56	156.72984974791714
n1483	1260	0	0	56	157.0172431833338
n1481	1256	0	0	60	156.71809760000048
n1484	1259	0	0	60	157.0044226583338
n1469	1257	0	0	87	156.71809760000048
n1485	1265	0	0	52	157.35271358750043
n1486	1267	0	0	56	157.36873924375044
n1487	1262	0	0	61	157.3997221791671
n1471	1263	0	0	88	157.3452349479171
n1490	1266	0	0	62	158.0322014125004
n1472	1264	0	0	83	158.02685952708373
n1506	1270	0	0	52	158.76724484583363
n1507	1268	0	0	57	158.7437405500003
n1508	1272	0	0	64	158.75762945208362
n1494	1271	0	0	73	158.76403971458362
n1495	1269	0	0	85	158.7180995000003
n1509	1275	0	0	53	159.43498052291696
n1510	1274	0	0	59	159.43177539166695
n1511	1273	0	0	62	159.42215999791694
n1496	1276	0	0	68	159.4360489000003
n1497	1277	0	0	80	159.40613434166693
n1513	1282	0	0	54	160.12194698750025
n1514	1280	0	0	57	160.09416918333358
n1499	1279	0	0	69	160.11660510208358
n1500	1278	0	0	81	160.08348541250024
n1516	1285	0	0	51	160.84096476458353
n1517	1286	0	0	57	160.8463066500002
n1518	1284	0	0	60	160.86126392916688
n1501	1287	0	0	66	160.86981094583354
n1502	1283	0	0	78	160.84096476458353
n1528	1289	0	0	52	161.64758946250012
n1529	1290	0	0	57	161.64117920000012
n1530	1292	0	0	61	161.66361511875016
n1527	1298	0	0	64	161.65399972500015
n1522	1288	0	0	73	161.60912788750014
n1523	1291	0	0	74	162.11981213333345
n1524	1293	0	0	73	162.27793194166676
n1525	1294	0	0	74	162.58241941041678
n1534	1295	0	0	49	162.95848814375012
n1535	1296	0	0	50	163.40400138750002
n1531	1297	0	0	57	162.9969497187501
n1532	1299	0	0	61	162.97024029166678
n1526	1300	0	0	76	162.94246248750014
n1536	1302	0	0	49	163.55464255625003
n1537	1301	0	0	50	163.84310436875003
n1547	1305	0	0	52	164.2522927916667
n1548	1304	0	0	57	164.24481415208336
n1549	1307	0	0	59	164.2554979229167
n1544	1315	0	0	64	164.23092525000004
n1545	deletion
n1538	1303	0	0	71	164.21276283958338
n1539	1306	0	0	73	164.65827608333336
n1540	1308	0	0	71	164.8185326458334
n1541	1309	0	0	73	165.13263550833338
n1554	1312	0	0	47	165.45955889583334
n1555	1311	0	0	49	165.90079863124998
n1550	1310	0	0	56	165.45742214166668
n1551	1313	0	0	59	165.45208025625
n1542	1314	0	0	74	165.45101187916669
n1556	1316	0	0	50	166.00549958541663
n1557	1319	0	0	52	166.39438884374994
n1552	1317	0	0	59	166.4232350249999
n1546	1318	0	0	62	166.41468800833326
n1543	1320	0	0	68	166.3869102041666
n1566	1325	0	0	45	166.91255172916655
n1567	1321	0	0	52	166.88477392499988
n1568	1324	0	0	57	166.88050041666654
n1562	1323	0	0	61	166.89545769583322
n1558	1322	0	0	69	166.8473807270832
n1569	1326	0	0	52	167.52793692916654
n1570	1327	0	0	52	167.81960387291653
n1571	1328	0	0	52	168.15080076874986
n1572	1329	0	0	52	168.77580136249983
n1573	1330	0	0	52	169.1144768979165
n1588	1333	0	0	52	169.5824260604165
n1589	1331	0	0	56	169.60272522499986
n1582	1332	0	0	64	169.5567850104165
n1590	1336	0	0	52	170.16469157083318
n1592	1339	0	0	52	170.48627307291653
n1591	1334	0	0	56	170.20208476874984
n1593	1337	0	0	56	170.49695684374987
n1583	1335	0	0	64	170.17644371874985
n1584	1338	0	0	64	170.48306794166652
n1594	1344	0	0	52	170.84311101874985
n1595	1342	0	0	56	170.8644785604165
n1585	1341	0	0	64	170.86234180624984
n1577	1340	0	0	80	170.84311101874985
n1586	1345	0	0	59	171.50443643333318
n1578	1343	0	0	80	171.47772700624984
n1579	1346	0	0	80	171.81106065624985
n1610	1349	0	0	52	172.29289872083316
n1611	1348	0	0	56	172.28648845833317
n1604	1347	0	0	60	172.2811465729165
n1596	1350	0	0	80	172.23200122708317
n1612	1353	0	0	52	172.88264287083308
n1614	1357	0	0	52	173.1914038479164
n1613	1351	0	0	56	172.86554883749974
n1615	1356	0	0	56	173.1689679291664
n1605	1352	0	0	60	172.87943773958307
n1606	1355	0	0	60	173.17324143749974
n1597	1354	0	0	75	172.87302747708307
n1616	1361	0	0	52	173.52687425208308
n1617	1363	0	0	56	173.49054943124975
n1607	1358	0	0	61	173.51939561249975
n1599	1359	0	0	76	173.48520754583308
n1608	1362	0	0	62	174.19781506041633
n1600	1360	0	0	71	174.16576374791632
n1630	1366	0	0	52	174.9584995437496
n1631	1365	0	0	57	174.93713200208293
n1632	1368	0	0	64	174.93392687083292
n1618	1367	0	0	73	174.93713200208293
n1619	1364	0	0	85	174.8976020499996
n1633	1371	0	0	53	175.60593605624948
n1634	1370	0	0	59	175.61020956458282
n1635	1369	0	0	62	175.59738903958282
n1620	1373	0	0	68	175.64546600833282
n1621	1372	0	0	80	175.5877736458328
n1637	1378	0	0	54	176.3292273416661
n1638	1375	0	0	57	176.32602221041608
n1639	1376	0	0	61	176.33777435833275
n1623	1377	0	0	69	176.33777435833275
n1624	1374	0	0	81	176.3110649312494
n1640	deletion
n1641	1382	0	0	57	177.1176896291661
n1642	1381	0	0	60	177.13478366249944
n1625	1383	0	0	66	177.13157853124943
n1626	1379	0	0	78	177.09739046458276
n1656	1385	0	0	52	178.05251957708273
n1652	1387	0	0	57	178.0450409374994
n1653	1386	0	0	61	178.0610665937494
n1651	1396	0	0	64	178.05251957708273
n1646	1384	0	0	73	177.99482721458273
n1647	1388	0	0	74	178.511921722916
n1648	1389	0	0	73	178.659357760416
n1649	1390	0	0	74	178.97559737708266
n1657	1391	0	0	49	179.338845585416
n1658	1392	0	0	50	179.78970071458264
n1654	1393	0	0	57	179.34739260208266
n1655	1395	0	0	61	179.35273448749933
n1650	1394	0	0	76	179.322819929166
n1659	1397	0	0	49	179.95316240833264
n1660	1398	0	0	50	180.249102860416
n1670	1401	0	0	52	180.65188102083266
n1671	1400	0	0	57	180.617692954166
n1667	1403	0	0	59	180.65081264374933
n1666	1412	0	0	64	180.61448782291598
n1661	1399	0	0	71	180.60166729791598
n1662	1402	0	0	73	181.06534295208263
n1663	1404	0	0	71	181.2245311374993
n1664	1405	0	0	73	181.54397588541596
n1672	1406	0	0	47	181.84846335416597
n1673	1407	0	0	49	182.30893387708267
n1668	1408	0	0	56	181.85701037083263
n1669	1409	0	0	59	181.85807874791595
n1665	1411	0	0	74	181.8399163374993
n1675	1413	0	0	42	182.80572922083266
n1674	1410	0	0	50	182.447822897916
n1689	1420	0	0	41	183.33030236874933
n1685	1414	0	0	49	183.35166991041598
n1681	1416	0	0	61	183.35380666458263
n1682	1415	0	0	68	183.33884938541598
n1676	1418	0	0	73	183.29931943333267
n1686	1417	0	0	49	183.94889269999922
n1687	1419	0	0	49	184.2768844645826
n1690	1428	0	0	42	184.78115844791594
n1688	1425	0	0	49	184.79611572708262
n1683	1426	0	0	61	184.77154305416593
n1684	1423	0	0	69	184.77154305416593
n1677	1421	0	0	73	184.7384233645826
n1678	1422	0	0	74	185.30466321874923
n1680	1427	0	0	72	185.76406536458256
n1679	1424	0	0	73	185.4510308791659
n1704	1435	0	0	41	186.13051870416595
n1700	1429	0	0	49	186.12517681874928
n1696	1430	0	0	61	186.13158708124928
n1697	1432	0	0	68	186.12517681874928
n1691	1433	0	0	73	186.08885199791592
n1701	1431	0	0	49	186.70957908333256
n1702	1434	0	0	49	187.02261356874922
n1705	1440	0	0	42	187.38693015416584
n1703	1449	0	0	49	187.4050925645825
n1698	1451	0	0	61	187.38265664583253
n1699	1450	0	0	69	187.3922720395825
n1692	1436	0	0	73	187.3623574812492
n1693	1437	0	0	74	187.87304172708244
n1695	1439	0	0	72	188.3228284791658
n1694	1438	0	0	73	188.0194093874991
n1721	1444	0	0	41	188.6582988833325
n1706	1441	0	0	73	188.64868348958248
n1707	1442	0	0	74	189.1818036541658
n1709	1445	0	0	72	189.67218873541583
n1708	1443	0	0	73	189.32389780624914
n1722	1448	0	0	40	190.03864207499916
n1710	1446	0	0	73	190.03864207499916
n1711	1447	0	0	74	190.71492476874909
n1720	1452	0	0	37	190.9275318083324
n1712	1453	0	0	73	190.92966856249905
n1713	1454	0	0	74	191.81107965624903
n1734	1456	0	0	33	192.45637941458236
n1735	1457	0	0	45	192.90723454374896
n1743	deletion
n1730	1455	0	0	61	192.02582344999902
n1724	1459	0	0	69	192.16898597916568
n1725	1458	0	0	76	192.60381545208233
n1736	1460	0	0	49	193.17432881458228
n1737	1461	0	0	52	193.4499701020823
n1738	1462	0	0	47	193.70638060208228
n1744	deletion
n1739	1467	0	0	50	193.97988513541563
n1731	1463	0	0	62	193.73950029166562
n1732	1464	0	0	64	193.7448421770823
n1745	1479	0	0	64	194.78223632499888
n1751	deletion
n1733	1468	0	0	68	193.71920112708227
n1727	1466	0	0	73	194.08992797499897
n1726	1465	0	0	74	193.69890196249895
n1740	1470	0	0	52	194.24697940624895
n1741	1471	0	0	56	194.52689420208227
n1728	1469	0	0	71	194.2384323895823
n1729	1472	0	0	73	194.4927061354156
n1753	1474	0	0	49	194.7918517187489
n1754	1475	0	0	57	195.07283489166556
n1750	1473	0	0	61	194.82924491666554
n1756	1477	0	0	49	195.57817725208224
n1755	1476	0	0	52	195.3078778499989
n1758	1480	0	0	40	196.11022903958224
n1757	1478	0	0	45	195.83138262083224
n1747	1481	0	0	66	196.08351961249892
n1760	1483	0	0	33	196.57390469374891
n1759	1482	0	0	37	196.3559557687489
n1748	1484	0	0	68	196.33779335833225
n1749	1485	0	0	69	196.5888619729156
n1773	1486	0	0	32	196.86343488333222
n1774	1488	0	0	47	197.11664025208222
n1769	1490	0	0	62	196.8954861958322
n1770	1492	0	0	64	196.89334944166555
n1763	1487	0	0	71	196.8559562437489
n1775	1489	0	0	52	197.35916184999888
n1776	1491	0	0	56	197.61236721874886
n1764	1493	0	0	73	197.6102304645822
n1777	1496	0	0	40	197.90296578541552
n1778	1500	0	0	52	198.41471840833208
n1771	1494	0	0	62	197.9446324916655
n1772	1495	0	0	64	197.94249573749883
n1765	1497	0	0	74	197.89014526041552
n1766	1498	0	0	78	198.29719692916544
n1779	1502	0	0	56	198.66151351458205
n1780	deletion
n1767	1501	0	0	71	198.43394919583207
n1768	1503	0	0	76	198.67647079374873
n1793	1505	0	0	45	198.93394967083208
n1794	1507	0	0	49	199.19997556458205
n1789	1504	0	0	61	198.99271041041538
n1790	1506	0	0	64	198.96813773749872
n1783	1508	0	0	73	198.94677019583207
n1795	1509	0	0	52	199.44783904791532
n1796	1510	0	0	57	199.70104441666533
n1798	1512	0	0	57	200.19783976041532
n1797	1511	0	0	61	199.93288224374865
n1800	1516	0	0	49	200.66685729999867
n1799	1515	0	0	52	200.44783999791534
n1785	1514	0	0	73	200.44783999791534
n1787	1518	0	0	74	200.82177197708202
n1786	1513	0	0	85	200.42006219374866
n1788	1517	0	0	86	200.79399417291535
n1815	1519	0	0	46	200.95959262083207
n1816	1522	0	0	52	201.23309715416542
n1803	1521	0	0	76	201.00660121249874
n1804	1520	0	0	88	200.9670712604154
n1817	1523	0	0	55	201.48096063749875
n1818	1524	0	0	61	201.74591815416545
n1819	1528	0	0	47	202.00339703124877
n1820	1529	0	0	50	202.2747648104154
n1807	deletion
n1805	1525	0	0	74	202.01514917916543
n1808	1527	0	0	85	202.3580982229154
n1806	1526	0	0	86	201.9873713749988
n1821	1532	0	0	54	202.47348294791541
n1822	deletion
n1809	1531	0	0	71	202.51408127708208
n1811	1534	0	0	73	202.7576712520821
n1810	1530	0	0	83	202.48950860416542
n1812	1533	0	0	85	202.7352353333321
n1837	1537	0	0	49	203.00232960416542
n1838	1538	0	0	54	203.29185979374876
n1825	1536	0	0	66	203.06109034374876
n1826	1542	0	0	78	203.01515012916542
n1839	1539	0	0	58	203.52903950624875
n1840	1540	0	0	64	203.7875867604154
n1841	1541	0	0	50	204.01515107916535
n1842	1545	0	0	66	204.2907923666653
n1829	1543	0	0	71	204.26621969374864
n1830	1544	0	0	83	204.25019403749863
n1844	1549	0	0	59	204.7138696916653
n1843	1547	0	0	62	204.51301479999864
n1831	1546	0	0	73	204.53010883333198
n1833	1550	0	0	74	204.77476718541533
n1832	1548	0	0	85	204.5087412916653
n1834	1551	0	0	86	204.764083414582
n1862	1553	0	0	40	205.03224606249867
n1863	1555	0	0	52	205.3036138416653
n1847	1554	0	0	74	205.07284439166534
n1848	1552	0	0	86	205.03865632499867
n1864	1558	0	0	56	205.558955964582
n1865	1559	0	0	59	205.78865703749867
n1849	1556	0	0	68	205.57604999791533
n1850	1557	0	0	80	205.55575083333198
n1866	1562	0	0	40	206.08673424374865
n1867	1563	0	0	52	206.34528149791527
n1854	1564	0	0	75	206.45746109166527
n1852	1561	0	0	78	206.103828277082
n1855	1565	0	0	87	206.45746109166527
n1853	1560	0	0	90	206.09634963749866
n1868	1568	0	0	59	206.59741848958194
n1869	1570	0	0	62	206.8655811374986
n1858	1569	0	0	68	206.86771789166525
n1856	1567	0	0	76	206.63588006458195
n1859	1571	0	0	80	206.85810249791527
n1857	1566	0	0	88	206.57925607916528
n1877	1572	0	0	45	207.11771812916527
n1878	1573	0	0	52	207.3623764812486
n1872	1581	0	0	69	207.14442755624862
n1873	1580	0	0	81	207.12733352291528
n1880	1575	0	0	57	207.85489831666524
n1879	1574	0	0	61	207.62519724374857
n1882	1577	0	0	49	208.36344580833182
n1881	1576	0	0	52	208.10383017708185
n1883	1579	0	0	33	208.69998458958182
n1885	1582	0	0	35	209.11237814374846
n1884	1578	0	0	45	208.68716406458182
n1886	1583	0	0	47	209.11237814374846
n1904	1591	0	0	37	209.26515606666516
n1905	1587	0	0	49	209.2576774270818
n1890	1584	0	0	68	209.5279768291651
n1891	1585	0	0	77	209.5375922229151
n1892	1586	0	0	80	209.5343870916651
n1893	1589	0	0	68	209.78545570624846
n1896	1592	0	0	68	210.05789186249845
n1894	1588	0	0	77	209.81002837916512
n1897	1594	0	0	77	210.05789186249845
n1895	1590	0	0	80	209.79293434583178
n1898	1593	0	0	80	210.05682348541512
n1906	1595	0	0	37	210.35917419999842
n1907	1596	0	0	38	210.77156775416503
n1899	1602	0	0	68	210.38267849583175
n1900	1600	0	0	78	210.36985797083176
n1901	1599	0	0	80	210.36985797083176
n1909	1598	0	0	36	211.19357670208169
n1908	1597	0	0	37	210.91259352916504
n1928	1603	0	0	37	211.47135474374835
n1934	deletion
n1929	1604	0	0	49	211.74485927708167
n1913	1601	0	0	77	211.467081235415
n1936	1610	0	0	41	212.0365262208317
n1930	1605	0	0	49	212.06430402499836
n1931	1609	0	0	49	212.34315044374836
n1916	1607	0	0	61	212.07712454999836
n1917	1606	0	0	68	212.05362025416503
n1918	1608	0	0	73	212.015158679165
n1932	1621	0	0	49	212.70853540624836
n1933	deletion
n1926	1615	0	0	61	212.6839627333317
n1927	1613	0	0	69	212.67968922499836
n1919	1611	0	0	73	212.65618492916502
n1920	1612	0	0	74	213.11986058333167
n1922	1617	0	0	72	213.53652764583168
n1921	1614	0	0	73	213.24592907916502
n1957	1620	0	0	41	213.78866463749833
n1939	1618	0	0	68	213.81430568749835
n1941	1622	0	0	68	214.1038358770817
n1940	1619	0	0	73	213.800416785415
n1942	1623	0	0	77	214.10810938541505
n1943	1624	0	0	80	214.1038358770817
n1960	1628	0	0	37	214.35597286874835
n1944	1627	0	0	68	214.38375067291503
n1947	1629	0	0	68	214.649776566665
n1945	1626	0	0	77	214.39122931249835
n1948	1630	0	0	77	214.659391960415
n1946	1625	0	0	80	214.38588742708168
n1949	1631	0	0	80	214.64870818958167
n1961	1632	0	0	37	214.954264035415
n1962	1633	0	0	38	215.3698627208317
n1950	1646	0	0	68	214.97456319999836
n1952	1645	0	0	80	214.95746916666502
n1964	1635	0	0	36	215.77691438958166
n1963	1634	0	0	37	215.49486283958166
n1977	1637	0	0	37	216.13482071249834
n1978	1638	0	0	38	216.55576128333163
n1968	1641	0	0	77	216.12306856458167
n1980	1640	0	0	36	216.96601808333162
n1979	1639	0	0	37	216.6893084187483
n1981	1642	0	0	37	217.32071927499834
n1982	1643	0	0	38	217.7961470770816
n1974	1644	0	0	76	217.31110388124833
n1984	1649	0	0	35	218.4841819187482
n1983	1647	0	0	37	217.98204468958158
n1975	1648	0	0	73	217.99700196874824
n1976	1650	0	0	74	218.69678895833152
n2000	1651	0	0	33	219.1220030374982
n2001	1652	0	0	45	219.46495208124813
n2009	deletion
n1994	1656	0	0	73	219.14657571041485
n1987	1655	0	0	76	219.10490900416485
n1988	1654	0	0	81	219.1091825124982
n2002	1657	0	0	49	219.7138839416648
n2004	1659	0	0	47	220.27371353333146
n2010	deletion
n2005	1664	0	0	50	220.57713262499811
n1995	1661	0	0	62	220.31431186249816
n1996	1660	0	0	64	220.31431186249816
n1997	1665	0	0	68	220.31110673124815
n1990	1663	0	0	73	220.67756007083142
n1989	1662	0	0	74	220.27691866458147
n2006	1667	0	0	52	220.81644909166468
n2007	1668	0	0	56	221.14550923333135
n1991	1666	0	0	71	220.82285935416468
n1992	1669	0	0	73	221.10384252708135
n2021	1671	0	0	49	221.41901376666468
n2022	1672	0	0	57	221.69251829999794
n2011	1670	0	0	61	221.42756078333133
n2012	1677	0	0	64	221.40832999583134
n2024	1674	0	0	49	222.19465552916458
n2023	1673	0	0	52	221.93290314374792
n2026	1676	0	0	40	222.68824574166456
n2025	1675	0	0	45	222.4361087499979
n2014	1679	0	0	66	222.6796987249979
n2028	1680	0	0	33	223.16581029791453
n2027	1678	0	0	37	222.92649383124788
n2015	1681	0	0	68	222.92863058541454
n2016	1682	0	0	69	223.17969919999786
n2043	1683	0	0	32	223.45106697916452
n2044	1685	0	0	47	223.68931506874785
n2037	1688	0	0	62	223.4916653083312
n2038	1689	0	0	64	223.49380206249785
n2031	1684	0	0	71	223.45854561874785
n2045	1686	0	0	52	223.9382469291645
n2046	1687	0	0	56	224.18931554374785
n2032	1690	0	0	73	224.20747795416452
n2047	1693	0	0	40	224.49059788124785
n2048	1696	0	0	47	224.75235026666448
n2039	1691	0	0	62	224.53226458749785
n2040	1692	0	0	64	224.52905945624784
n2033	1694	0	0	74	224.47991411041454
n2049	1697	0	0	52	224.99380348749784
n2050	1700	0	0	56	225.2512823645812
n2035	1698	0	0	71	225.00341888124785
n2036	1699	0	0	76	225.24700885624785
n2063	1702	0	0	45	225.5269236520812
n2064	1705	0	0	49	225.77692388958124
n2060	1703	0	0	64	225.5547014562479
n2053	1704	0	0	73	225.53440229166455
n2065	1706	0	0	52	226.03547114374788
n2066	1707	0	0	57	226.30042866041455
n2068	1709	0	0	57	226.78226672499787
n2067	1708	0	0	61	226.53226648749788
n2070	1713	0	0	49	227.3217971520812
n2069	1712	0	0	52	227.07286529166453
n2055	1710	0	0	73	227.05470288124786
n2057	1715	0	0	74	227.44252376249784
n2056	1711	0	0	85	227.01837806041453
n2058	1714	0	0	86	227.4190194666645
n2083	1716	0	0	46	227.6070538333312
n2084	1718	0	0	52	227.86132757916457
n2071	1719	0	0	76	227.61773760416455
n2072	1717	0	0	88	227.58889142291454
n2085	1720	0	0	55	228.1156013249979
n2086	1721	0	0	61	228.36987507083123
n2087	1725	0	0	47	228.6284223249979
n2088	1727	0	0	50	228.88162769374784
n2075	1726	0	0	73	229.00235430416453
n2073	1722	0	0	74	228.63376421041457
n2076	1724	0	0	85	228.96816623749785
n2074	1723	0	0	86	228.62308043958123
n2089	1730	0	0	54	229.11239714374787
n2090	1733	0	0	59	229.38803843124785
n2079	1731	0	0	66	229.38483329999784
n2077	1729	0	0	71	229.1294911770812
n2080	1732	0	0	78	229.3773546604145
n2078	1728	0	0	83	229.1134655208312
n2103	1734	0	0	49	229.62628652083117
n2104	1735	0	0	54	229.9029961854145
n2091	1738	0	0	76	229.68611563749783
n2092	1736	0	0	88	229.65726945624786
n2105	1737	0	0	58	230.14444940624784
n2106	1739	0	0	64	230.38162911874784
n2107	1742	0	0	50	230.63269773333118
n2108	1744	0	0	54	230.89979200416445
n2095	deletion
n2093	1740	0	0	74	230.6401763729145
n2096	1743	0	0	85	230.99487756458112
n2094	1741	0	0	86	230.63483448749784
n2109	1747	0	0	59	231.12094606041444
n2110	1748	0	0	62	231.41261300416448
n2097	1745	0	0	71	231.15299737291446
n2099	1749	0	0	78	231.44573269374783
n2098	1746	0	0	83	231.14445035624777
n2100	1750	0	0	90	231.43077541458115
n2126	1751	0	0	40	231.72885262083116
n2127	deletion
n2111	1753	0	0	78	231.75769880208114
n2112	1752	0	0	90	231.73526288333116
n2128	1754	0	0	52	231.99594689166443
n2129	deletion
n2113	deletion
n2114	1755	0	0	81	232.28868221249778
n2130	1759	0	0	40	232.82928101666442
n2131	deletion
n2118	1761	0	0	75	233.21069163541435
n2116	1758	0	0	78	232.85492206666441
n2119	1762	0	0	87	233.19680273333103
n2117	1757	0	0	90	232.8218023770811
n2132	1760	0	0	52	233.08889664791437
n2133	1764	0	0	59	233.3303498687477
n2122	1765	0	0	68	233.67757242083104
n2139	1775	0	0	76	234.70962468333093
n2120	deletion
n2123	1766	0	0	80	233.67009378124772
n2121	1763	0	0	88	233.34851227916437
n2149	1772	0	0	45	234.0579146624976
n2150	1773	0	0	49	234.06325654791428
n2151	1770	0	0	57	234.06859843333095
n2134	1768	0	0	69	234.0162479562476
n2136	1769	0	0	71	234.26304306249756
n2137	1771	0	0	73	234.4147526083309
n2135	1767	0	0	81	233.99488041458096
n2138	1774	0	0	74	234.56966728541425
n2140	1776	0	0	78	234.8399666874976
n2141	1777	0	0	80	234.98526597083094
n2142	1778	0	0	81	235.1241549916643
n2143	1779	0	0	83	235.27265940624764
n2144	1780	0	0	85	235.43291596874764
n2145	1781	0	0	86	235.5792836291643
n2146	1782	0	0	87	235.75129233958094
n2160	1784	0	0	69	235.97030964166424
n2162	1786	0	0	69	236.39445534374755
n2161	1785	0	0	73	236.2106944854142
n2154	1783	0	0	88	235.98313016666427
n2165	1791	0	0	69	236.8709515229142
n2164	1789	0	0	73	236.72885737083087
n2163	1788	0	0	76	236.59744698958087
n2155	1787	0	0	88	236.52479734791422
n2156	1790	0	0	88	236.8004386354142
n2166	1792	0	0	68	237.05471238124753
n2168	1795	0	0	68	237.40941357291413
n2167	1793	0	0	71	237.24060999374748
n2157	1794	0	0	88	237.08142180833084
n2171	1799	0	0	68	237.9019354083308
n2170	1798	0	0	71	237.76304638749744
n2169	1796	0	0	76	237.5942428083308
n2158	1797	0	0	83	237.5942428083308
n2181	1801	0	0	66	238.1049270541641
n2183	1805	0	0	66	238.44146583541408
n2182	1803	0	0	71	238.28975628958074
n2172	1800	0	0	81	238.1113373166641
n2174	1804	0	0	81	238.41902991666407
n2173	1802	0	0	83	238.26732037083073
n2186	1811	0	0	66	238.90514148958073
n2185	1809	0	0	71	238.7331327791641
n2184	1806	0	0	75	238.5856967416641
n2177	1810	0	0	81	238.9008679812474
n2176	1807	0	0	83	238.75343194374742
n2175	1808	0	0	85	238.58035485624742
n2187	1812	0	0	64	239.11881690624736
n2189	1815	0	0	64	239.43398814583068
n2188	1813	0	0	68	239.27159482916403
n2178	1814	0	0	80	239.07394506874735
n2192	1819	0	0	64	239.9756553270807
n2191	1818	0	0	68	239.797236354164
n2190	1817	0	0	71	239.64018492291402
n2179	1816	0	0	83	239.6038601020807
n2200	1820	0	0	62	240.20962990833067
n2202	1824	0	0	62	240.6102713145807
n2201	1823	0	0	66	240.41903181666405
n2193	1821	0	0	78	240.18612561249734
n2194	1822	0	0	81	240.51625413124734
n2205	1829	0	0	62	241.16262226666402
n2204	1828	0	0	66	240.98527167083066
n2203	1826	0	0	69	240.79937405833067
n2195	1825	0	0	81	240.797237304164
n2196	1827	0	0	81	241.05471618124733
n2206	1830	0	0	61	241.342109616664
n2208	1832	0	0	61	241.66689624999734
n2207	1831	0	0	64	241.50236617916403
n2197	1833	0	0	81	241.326083960414
n2211	1837	0	0	61	242.16155483958067
n2210	1836	0	0	64	242.03228121249734
n2209	1835	0	0	69	241.85599899374733
n2198	1834	0	0	76	241.84638359999732
n2221	1838	0	0	59	242.34104218958066
n2223	1843	0	0	59	242.68292285624727
n2222	1841	0	0	64	242.5269398020806
n2212	1839	0	0	74	242.342110566664
n2214	1842	0	0	74	242.64980316666393
n2213	1840	0	0	76	242.50664063749727
n2226	1848	0	0	59	243.16369254374726
n2225	1847	0	0	64	242.95535901249727
n2224	1844	0	0	68	242.81753836874725
n2217	1849	0	0	74	243.13164123124727
n2216	1845	0	0	76	242.97352142291393
n2215	1846	0	0	78	242.8089913520806
n2227	1850	0	0	57	243.3154020895806
n2229	1853	0	0	57	243.65087249374727
n2228	1851	0	0	61	243.4788637833306
n2218	1852	0	0	73	243.3154020895806
n2232	1857	0	0	57	244.1263002958306
n2231	1856	0	0	61	243.9596334708306
n2230	1855	0	0	64	243.81967607291395
n2219	1854	0	0	76	243.77800936666395
n2255	1860	0	0	45	244.37843728749723
n2243	1859	0	0	49	244.38164241874725
n2245	1862	0	0	49	244.7459590041639
n2244	1861	0	0	52	244.57822380208054
n2233	1858	0	0	61	244.39873645208058
n2234	1863	0	0	73	244.36668513958057
n2248	1868	0	0	49	245.20429277291385
n2247	1867	0	0	52	245.08036103124715
n2246	1866	0	0	57	244.91796771458053
n2235	1864	0	0	64	244.92010446874718
n2236	1865	0	0	76	244.88377964791388
n2257	1872	0	0	45	245.4339938458305
n2249	1870	0	0	49	245.41262630416384
n2251	1874	0	0	49	245.74809670833048
n2250	1873	0	0	52	245.57395124374716
n2238	1869	0	0	64	245.41903656666383
n2239	1871	0	0	76	245.3998057791638
n2254	1879	0	0	49	246.2256612645805
n2253	1878	0	0	52	246.10707140833048
n2252	1877	0	0	57	245.92010541874714
n2240	1876	0	0	69	245.93719945208048
n2241	1875	0	0	81	245.92010541874714
n2280	1880	0	0	40	246.40194348333048
n2268	1881	0	0	50	246.42437940208046
n2270	1884	0	0	50	246.75557629791373
n2269	1882	0	0	52	246.61668727708042
n2260	1883	0	0	71	246.57288381666376
n2261	1885	0	0	73	246.74382414999707
n2273	1890	0	0	50	247.21604682083043
n2272	1888	0	0	52	247.09104670208043
n2271	1886	0	0	56	246.9104909749971
n2264	1891	0	0	71	247.24596137916376
n2263	1889	0	0	73	247.0739526687471
n2262	1887	0	0	74	246.91476448333043
n2282	1893	0	0	45	247.42544872916372
n2274	1892	0	0	49	247.43506412291373
n2276	1896	0	0	49	247.80792772499706
n2275	1894	0	0	52	247.61989335833042
n2265	1895	0	0	75	247.44788464791372
n2279	1900	0	0	49	248.2897657895804
n2278	1899	0	0	52	248.13485111249707
n2277	1898	0	0	57	247.97993643541372
n2266	1897	0	0	76	247.95429538541373
n2306	1903	0	0	57	248.52694550208037
n2294	1901	0	0	61	248.53549251874702
n2296	1905	0	0	61	248.8773731854137
n2295	1904	0	0	64	248.71391149166368
n2284	1902	0	0	73	248.5408344041637
n2285	1907	0	0	85	248.50664633749705
n2299	1911	0	0	61	249.35066423333043
n2298	1910	0	0	64	249.2513051645804
n2297	1909	0	0	69	249.0664759291637
n2286	1906	0	0	76	249.02694597708035
n2287	1908	0	0	88	249.003441681247
n2308	1913	0	0	54	249.5525875020804
n2300	1914	0	0	57	249.58677556874707
n2302	1916	0	0	57	249.9575024166637
n2301	1915	0	0	61	249.77374155833036
n2289	1912	0	0	81	249.56327127291374
n2290	1917	0	0	93	249.5461772395804
n2305	1922	0	0	57	250.43186184166373
n2304	1921	0	0	61	250.26946852499705
n2303	1919	0	0	66	250.11882735624704
n2291	1920	0	0	85	250.11882735624704
n2292	1918	0	0	97	250.09639143749703
n2317	1923	0	0	50	250.60493892916375
n2318	1924	0	0	62	250.7951100499971
n2319	1926	0	0	66	250.94895634999713
n2311	1925	0	0	83	250.7662638687471
n2312	1927	0	0	85	250.9446828416638
n2320	1928	0	0	52	251.13592233958047
n2321	1930	0	0	62	251.31220455833045
n2322	1932	0	0	64	251.47459787499707
n2315	1933	0	0	83	251.52801672916374
n2314	1931	0	0	85	251.32823021458043
n2313	1929	0	0	86	251.13805909374713
n2323	1934	0	0	57	251.7245981124971
n2324	1935	0	0	61	251.72993999791376
n2325	1936	0	0	73	252.07823092708043
n2326	1937	0	0	76	252.2438293749971
n2316	1938	0	0	81	251.7374186374971
n2329	1941	0	0	73	252.714983668747
n2328	1940	0	0	76	252.5632741229137
n2327	1939	0	0	79	252.407291068747
n2341	1944	0	0	74	252.88165049374697
n2335	1942	0	0	78	253.0557959583303
n2336	1943	0	0	81	253.21284738958025
n2339	1947	0	0	78	253.69361707708023
n2338	1946	0	0	81	253.5354972687469
n2337	1945	0	0	90	253.37737746041358
n2343	1948	0	0	73	254.03122423541353
n2344	1949	0	0	76	254.22460048749684
n2340	1951	0	0	81	253.8688309187469
n2347	1953	0	0	73	254.73955824166345
n2346	1952	0	0	76	254.55579738333012
n2345	1950	0	0	79	254.41904511666345
n2363	1958	0	0	74	254.92972936249677
n2351	1954	0	0	78	255.12203723749676
n2352	1955	0	0	81	255.31220835833008
n2355	1959	0	0	78	255.89447386874676
n2354	1957	0	0	81	255.6807984520801
n2353	1956	0	0	90	255.5205418895801
n2364	1960	0	0	70	256.0793031041634
n2365	1962	0	0	73	256.08037148124674
n2358	1963	0	0	78	256.47994451041353
n2357	1964	0	0	85	256.2983204062467
n2356	1961	0	0	90	256.0889184979134
n2366	1967	0	0	69	256.6775942708302
n2367	1968	0	0	71	256.8731072770802
n2359	1965	0	0	75	256.68293615624685
n2361	1969	0	0	75	256.94255178749694
n2368	1970	0	0	78	257.07930405416363
n2360	1966	0	0	87	256.65622672916356
n2362	1971	0	0	87	256.95750906666365
n2387	1973	0	0	68	257.2587914041636
n2388	1975	0	0	71	257.2993897333303
n2373	1974	0	0	76	257.61135584166374
n2372	1976	0	0	83	257.44682577083034
n2371	1972	0	0	88	257.24917601041363
n2389	1979	0	0	67	257.7983218312471
n2390	1980	0	0	69	258.0002450999971
n2374	1977	0	0	73	257.82930476666377
n2376	1981	0	0	73	258.08357851249707
n2391	1982	0	0	76	258.1872110895804
n2375	1978	0	0	85	257.79297994583044
n2377	1983	0	0	85	258.09212552916375
n2392	1985	0	0	66	258.38379247291374
n2393	1986	0	0	69	258.3891343583304
n2380	1988	0	0	74	258.71285261458047
n2379	1987	0	0	81	258.5397755270804
n2378	1984	0	0	86	258.3581514229137
n2394	1993	0	0	65	258.96819473749713
n2396	1997	0	0	65	259.37845153749714
n2395	1991	0	0	69	258.9639212291638
n2397	1996	0	0	69	259.3795199145805
n2381	1989	0	0	71	259.0087930666638
n2384	1995	0	0	71	259.40195583333053
n2382	1990	0	0	74	259.0184084604138
n2385	1994	0	0	74	259.3859301770805
n2383	1992	0	0	83	258.9436220645805
n2386	1998	0	0	83	259.36242588124713
n2409	2001	0	0	64	259.99063160624723
n2405	1999	0	0	69	259.98208458958055
n2406	2000	0	0	73	259.9927683604139
n2400	2002	0	0	76	259.9959734916639
n2401	2006	0	0	88	259.95323840833055
n2407	2004	0	0	71	261.5493937708306
n2408	2003	0	0	74	261.53016298333057
n2403	2007	0	0	76	262.2929842208306
n2404	2008	0	0	80	262.4617877999973
n2402	2005	0	0	86	262.10815498541393
n2416	2012	0	0	68	262.9489677499974
n2413	2010	0	0	69	262.6380700187473
n2414	2009	0	0	73	262.62097598541396
n2415	2011	0	0	73	262.7855060562474
n2410	2017	0	0	81	262.6359332645807
n2419	2015	0	0	61	263.4179852895808
n2418	2014	0	0	64	263.2609338583308
n2417	2013	0	0	69	263.1102926895808
n2422	2019	0	0	56	263.8602934020808
n2420	2016	0	0	57	263.5558059333308
n2421	2018	0	0	61	263.71713087291414
n2425	2022	0	0	52	264.33465282708084
n2424	2021	0	0	55	264.17866977291413
n2423	2020	0	0	57	264.0098661937475
n2440	2025	0	0	50	264.51841368541426
n2428	2023	0	0	53	264.5643538999975
n2429	2024	0	0	57	264.73743098749753
n2430	2026	0	0	65	264.92012346874753
n2441	2027	0	0	50	265.0120038979142
n2442	2030	0	0	50	265.28444005416424
n2433	2031	0	0	57	265.41691881249756
n2432	2029	0	0	65	265.23743146249757
n2431	2028	0	0	69	265.07717489999754
n2443	2035	0	0	50	265.5622180958309
n2434	2032	0	0	52	265.60495317916417
n2435	2033	0	0	57	265.75238921666426
n2436	2034	0	0	64	265.94362871458094
n2444	2039	0	0	48	266.1028168999976
n2439	2038	0	0	57	266.4372189270809
n2438	2037	0	0	64	266.28337262708095
n2437	2036	0	0	69	266.12097931041427
n2460	2042	0	0	47	266.7523901666642
n2461	2044	0	0	48	266.90623646666415
n2447	2040	0	0	52	266.59320198124755
n2448	2041	0	0	62	266.7566636749975
n2449	2043	0	0	64	266.9243988770808
n2464	2049	0	0	47	267.36777536666415
n2463	2048	0	0	48	267.2278179687475
n2462	2046	0	0	50	267.08038193124753
n2452	2050	0	0	62	267.4137155812475
n2451	2047	0	0	64	267.25880090416416
n2450	2045	0	0	68	267.06862978333083
n2465	2053	0	0	47	267.4959806166642
n2453	2051	0	0	52	267.5622199958309
n2454	2052	0	0	60	267.7352970833309
n2455	2054	0	0	64	267.86777584166424
n2466	2055	0	0	45	267.9906392062476
n2458	2058	0	0	60	268.32931474166423
n2457	2057	0	0	64	268.1776051958309
n2456	2056	0	0	69	268.02269051874754
n2481	2062	0	0	38	268.5045285833309
n2482	2061	0	0	50	268.4885029270809
n2469	2059	0	0	53	268.5237593708309
n2470	2060	0	0	57	268.6840159333309
n2471	2063	0	0	65	268.83999898749767
n2483	2066	0	0	38	269.03230686249765
n2485	2069	0	0	38	269.32290542916434
n2484	2065	0	0	50	269.0184179604143
n2486	2068	0	0	50	269.299401133331
n2474	2070	0	0	57	269.369914020831
n2473	2067	0	0	65	269.18187965416433
n2472	2064	0	0	69	269.01628120624764
n2487	2073	0	0	38	269.591068077081
n2488	2072	0	0	50	269.5729056666643
n2475	2071	0	0	52	269.60175184791433
n2476	2074	0	0	57	269.7684186729144
n2477	2075	0	0	64	269.9511111541643
n2489	2077	0	0	36	270.1145728479143
n2490	2079	0	0	48	270.1017523229143
n2480	2080	0	0	57	270.41158167708096
n2479	2078	0	0	64	270.2566669999976
n2478	2076	0	0	69	270.1017523229143
n2506	2083	0	0	46	270.7246161624976
n2507	2084	0	0	48	270.87205219999765
n2493	2081	0	0	52	270.5718382395809
n2494	2082	0	0	55	270.7053853749976
n2495	2085	0	0	64	270.88166759374764
n2510	2090	0	0	46	271.33145434583105
n2509	2089	0	0	48	271.1861550624977
n2508	2087	0	0	49	271.02162499166434
n2498	2091	0	0	55	271.3560270187477
n2497	2088	0	0	64	271.19790721041437
n2496	2086	0	0	67	271.042992533331
n2511	2095	0	0	34	271.50987331874774
n2512	2093	0	0	46	271.48957415416436
n2499	2092	0	0	48	271.54299300833105
n2500	2094	0	0	53	271.6818820291644
n2501	2096	0	0	60	271.83893346041435
n2513	2099	0	0	33	271.98209598958107
n2514	2098	0	0	45	271.9810276124977
n2504	2101	0	0	53	272.2887202124977
n2503	2100	0	0	60	272.14662606041435
n2502	2097	0	0	65	271.9895746291644
n2549	2102	0	0	32	272.51201102291435
n2550	2104	0	0	44	272.4970537437477
n2518	2103	0	0	64	272.6914983729144
n2521	2107	0	0	64	272.8335925249977
n2519	2105	0	0	71	272.687224864581
n2522	2108	0	0	71	272.850686558331
n2520	2106	0	0	76	272.69042999583104
n2523	2109	0	0	76	272.86457546041436
n2551	2113	0	0	56	272.9959858416644
n2553	2118	0	0	56	273.26735362083105
n2552	2114	0	0	59	273.00987474374773
n2554	2119	0	0	59	273.28017414583104
n2524	2111	0	0	64	273.01735338333106
n2527	2115	0	0	64	273.1765415687477
n2530	2120	0	0	64	273.35282378749775
n2525	2112	0	0	71	273.0184217604144
n2528	2117	0	0	71	273.18295183124775
n2531	2121	0	0	71	273.3795332145811
n2526	2110	0	0	76	273.0034644812477
n2529	2116	0	0	76	273.18295183124775
n2532	2122	0	0	76	273.3549605416644
n2555	2123	0	0	31	273.52910600624773
n2556	2124	0	0	43	273.5248324979144
n2534	2126	0	0	64	273.71073011041443
n2537	2129	0	0	64	273.87205504999775
n2535	2125	0	0	70	273.70111471666445
n2538	2128	0	0	70	273.85923452499776
n2536	2127	0	0	73	273.6947044541644
n2539	2130	0	0	73	273.87205504999775
n2557	2135	0	0	55	274.02376459583104
n2559	2139	0	0	55	274.2652178166644
n2558	2131	0	0	58	274.0162859562477
n2560	2140	0	0	58	274.2801750958311
n2540	2132	0	0	64	274.0344483666644
n2543	2138	0	0	64	274.2096622083311
n2546	2143	0	0	64	274.40517521458105
n2541	2133	0	0	70	274.04299538333106
n2544	2136	0	0	70	274.2021835687478
n2547	2141	0	0	70	274.36244013124775
n2542	2134	0	0	73	274.02803810416435
n2545	2137	0	0	73	274.2224827333311
n2548	2142	0	0	73	274.3517563604144
n2595	2144	0	0	30	274.55795313749763
n2564	2148	0	0	62	274.722483208331
n2567	2151	0	0	62	274.90944919791434
n2565	2147	0	0	69	274.71714132291436
n2568	2149	0	0	69	274.9041073124977
n2566	2146	0	0	74	274.7075259291643
n2569	2150	0	0	74	274.90517568958103
n2597	2155	0	0	54	275.0419279562477
n2599	2159	0	0	54	275.32611626041427
n2598	2153	0	0	57	275.0376544479144
n2600	2158	0	0	57	275.30902222708096
n2576	2160	0	0	62	275.4201334437477
n2570	deletion
n2573	deletion
n2571	2154	0	0	69	275.07932115416435
n2574	2157	0	0	69	275.2278255687476
n2577	2161	0	0	69	275.4201334437477
n2572	2152	0	0	74	275.0675690062477
n2575	2156	0	0	74	275.23103069999763
n2578	2162	0	0	74	275.41158642708103
n2601	2163	0	0	29	275.6028259249976
n2602	2164	0	0	41	275.6081678104143
n2580	2165	0	0	62	275.7577406020809
n2583	2168	0	0	62	275.9404330833309
n2581	2167	0	0	69	275.7791081437476
n2584	2170	0	0	69	275.9756895270809
n2582	2166	0	0	71	275.74705683124756
n2585	2169	0	0	71	275.9479117229142
n2603	2171	0	0	53	276.11030503958085
n2606	2180	0	0	53	276.4201343937476
n2604	2172	0	0	57	276.1049631541642
n2607	2181	0	0	57	276.4415019354143
n2605	2173	0	0	59	276.1113734166642
n2608	2182	0	0	59	276.43081816458096
n2586	2174	0	0	62	276.14128797499757
n2589	2179	0	0	62	276.3378693583309
n2592	2185	0	0	62	276.5408610041643
n2587	2176	0	0	69	276.1797495499976
n2590	2178	0	0	69	276.3464163749976
n2593	2184	0	0	69	276.53979262708094
n2588	2175	0	0	71	276.1551768770809
n2591	2177	0	0	71	276.3335958499976
n2594	2183	0	0	71	276.51415157708095
n2630	2195	0	0	52	276.828254439581
n2622	2186	0	0	57	276.828254439581
n2623	2187	0	0	61	276.8400065874976
n2611	2188	0	0	64	276.8560322437476
n2612	2189	0	0	76	276.82398093124766
n2624	2194	0	0	59	277.459665295831
n2625	2190	0	0	62	277.4575285416643
n2614	2192	0	0	64	277.64342615416433
n2615	2193	0	0	68	277.82611863541433
n2613	2191	0	0	74	277.4543234104143
n2626	2199	0	0	57	278.0024008541643
n2627	2198	0	0	61	277.98851195208096
n2616	2196	0	0	69	277.994922214581
n2617	2197	0	0	73	278.1893668437476
n2618	2200	0	0	76	278.3421447666643
n2619	2201	0	0	81	278.523768870831
n2620	2202	0	0	85	278.6957775812477
n2621	2203	0	0	86	278.869923045831
n2653	2212	0	0	64	279.1220600374977
n2645	2204	0	0	69	279.1306070541644
n2646	2205	0	0	73	279.12099166041435
n2634	deletion
n2635	2206	0	0	88	279.1370173166644
n2647	2211	0	0	71	279.789795714581
n2648	2208	0	0	74	279.767359795831
n2637	2209	0	0	76	279.98424034374773
n2638	2210	0	0	80	280.1797533499977
n2636	2207	0	0	86	279.78231707499765
n2649	2215	0	0	69	280.39770227499776
n2650	2214	0	0	73	280.3987706520811
n2639	2213	0	0	81	280.3923603895811
n2640	2216	0	0	88	280.6968478583312
n2641	2217	0	0	97	280.91907029166447
n2644	2220	0	0	85	281.55048114791447
n2643	2219	0	0	88	281.33466897708115
n2642	2218	0	0	93	281.12633544583116
n2663	2221	0	0	57	281.901977208331
n2655	2222	0	0	81	281.879541289581
n2664	2223	0	0	57	282.53338806458106
n2665	2224	0	0	57	282.8496276812477
n2666	2225	0	0	57	283.22996992291434
n2658	2226	0	0	69	283.216081020831
n2667	2228	0	0	57	283.87313292708103
n2668	2229	0	0	57	284.1947144291644
n2659	2227	0	0	69	283.8496286312477
n2660	2230	0	0	69	284.1797571499977
n2694	2233	0	0	57	284.597492589581
n2695	2236	0	0	67	284.5900139499977
n2671	2231	0	0	69	284.600697720831
n2672	2235	0	0	73	284.6177917541644
n2673	2234	0	0	76	284.5771934249977
n2674	2232	0	0	81	284.55048399791434
n2696	2242	0	0	57	285.20860428124774
n2698	2243	0	0	57	285.52698065208114
n2697	2240	0	0	67	285.20539914999773
n2699	2244	0	0	67	285.5205703895811
n2675	2239	0	0	69	285.2096726583311
n2679	2247	0	0	69	285.5515533249978
n2676	2237	0	0	73	285.24172397083106
n2680	2246	0	0	73	285.5536900791645
n2677	2238	0	0	76	285.2139461666644
n2681	2245	0	0	76	285.51843363541445
n2678	2241	0	0	81	285.1776213458311
n2682	2248	0	0	81	285.50240797916445
n2700	2249	0	0	57	286.0066819624978
n2701	2251	0	0	66	286.0152289791645
n2683	2250	0	0	69	285.98958792916443
n2684	2253	0	0	72	286.0034768312478
n2685	2252	0	0	75	285.9489895999978
n2702	2257	0	0	57	286.6936484270811
n2704	2259	0	0	57	287.014161552081
n2703	2255	0	0	65	286.70860570624774
n2705	2260	0	0	65	287.01202479791436
n2686	2254	0	0	69	286.7011270666644
n2689	2262	0	0	69	287.0195034374977
n2687	2256	0	0	72	286.68296465624775
n2690	2261	0	0	72	287.00775128958105
n2688	2258	0	0	75	286.6680073770811
n2691	2263	0	0	75	286.9970675187477
n2730	2272	0	0	52	287.4778372062476
n2722	2269	0	0	57	287.49065773124767
n2723	2266	0	0	61	287.507751764581
n2724	2265	0	0	64	287.4810423374976
n2708	2267	0	0	69	287.494931239581
n2709	2264	0	0	73	287.485315845831
n2710	2268	0	0	76	287.45540128749764
n2725	2275	0	0	59	288.16266691666436
n2726	2271	0	0	62	288.164803670831
n2712	2273	0	0	64	288.37527395624767
n2713	2274	0	0	68	288.58040235624765
n2711	2270	0	0	74	288.1701455562477
n2731	2278	0	0	57	288.8133085604144
n2727	2277	0	0	61	288.825060708331
n2714	2276	0	0	69	288.80155641249775
n2715	2279	0	0	76	289.1359584395811
n2716	2280	0	0	85	289.3560441187478
n2719	2283	0	0	73	290.0184379104145
n2718	2282	0	0	76	289.76736929583114
n2717	2281	0	0	81	289.5729246666645
n2742	2284	0	0	45	290.35283993749783
n2734	2285	0	0	69	290.36886559374784
n2743	2286	0	0	45	290.98425079374783
n2744	2287	0	0	45	291.31437931249786
n2745	2288	0	0	45	291.67335401249784
n2737	2289	0	0	57	291.65625997916453
n2746	2290	0	0	45	292.28339732708116
n2747	2293	0	0	45	292.64237202708114
n2738	2291	0	0	57	292.2844657041645
n2739	2292	0	0	57	292.64557715833115
n2773	2294	0	0	45	293.19258622499785
n2774	2298	0	0	55	293.19685973333117
n2750	2297	0	0	58	293.2043383729145
n2751	2299	0	0	61	293.2107486354145
n2752	2296	0	0	64	293.22143240624786
n2753	2295	0	0	70	293.1402357479145
n2775	2301	0	0	45	294.0280571041645
n2777	2307	0	0	45	294.34109158958114
n2776	2303	0	0	55	294.04087762916447
n2778	2308	0	0	55	294.3592539999978
n2754	2304	0	0	57	294.0387408749978
n2758	2311	0	0	57	294.3560488687478
n2755	2300	0	0	61	294.06545030208116
n2759	2310	0	0	61	294.35818562291445
n2756	2305	0	0	64	294.01630495624784
n2760	2306	0	0	64	294.36139075416446
n2757	2302	0	0	69	293.99386903749786
n2761	2309	0	0	69	294.33147619583116
n2779	2312	0	0	45	294.70113466666453
n2780	2313	0	0	54	294.70113466666453
n2762	2314	0	0	57	294.7267757166646
n2763	2316	0	0	60	294.70540817499784
n2764	2315	0	0	63	294.66587822291456
n2781	2318	0	0	45	295.3549814416648
n2783	2324	0	0	45	295.69045184583155
n2782	2319	0	0	53	295.35604981874815
n2784	2322	0	0	53	295.6840415833315
n2765	2320	0	0	57	295.34322929374815
n2768	2325	0	0	57	295.70434074791484
n2766	2317	0	0	60	295.3421609166648
n2769	2323	0	0	60	295.6925885999982
n2767	2321	0	0	63	295.3261352604148
n2770	2326	0	0	63	295.68190482916486
n2801	2329	0	0	40	296.2353241583316
n2802	2338	0	0	52	296.23425578124824
n2787	2327	0	0	57	296.20540959999823
n2788	2328	0	0	61	296.2139566166649
n2789	2332	0	0	64	296.17763179583153
n2796	2330	0	0	59	296.9810513624982
n2797	2331	0	0	62	296.9906667562482
n2791	2333	0	0	66	297.3175901437481
n2792	2334	0	0	68	297.6658810729147
n2803	2339	0	0	45	298.3357535041647
n2793	2336	0	0	69	298.28874491249803
n2814	2340	0	0	73	302.53874894999814
n2815	2341	0	0	74	303.2428094479148
n2830	2345	0	0	46	303.4479378479148
n2831	2347	0	0	52	303.48105753749815
n2832	2343	0	0	55	303.48426266874816
n2833	2342	0	0	61	303.4714421437481
n2826	2346	0	0	64	303.4746472749981
n2827	2348	0	0	67	303.4543481104148
n2821	2344	0	0	76	303.4425959624981
n2834	2349	0	0	47	305.38490549999824
n2835	2352	0	0	50	305.3945208937483
n2836	2350	0	0	54	305.4052046645816
n2837	2351	0	0	59	305.37956361458157
n2840	2356	0	0	59	306.0900343749982
n2853	deletion
n2828	2358	0	0	62	305.3838371229149
n2829	2360	0	0	66	305.3859738770816
n2823	2354	0	0	73	305.8710170729149
n2822	2353	0	0	74	305.3411020395816
n2838	2355	0	0	50	306.07828222708156
n2839	2357	0	0	54	306.07400871874825
n2824	2359	0	0	71	306.0558463083316
n2825	2361	0	0	73	306.39024833541487
n2851	2367	0	0	52	306.8122572833316
n2852	deletion
n2843	2363	0	0	61	306.83041969374824
n2844	2364	0	0	64	306.7908897416649
n2850	2365	0	0	62	308.3101219541649
n2846	2366	0	0	64	308.6893958187484
n2847	2369	0	0	66	309.03448161666506
n2848	2370	0	0	68	309.42123412083174
n2870	2377	0	0	54	309.9212345958317
n2866	2372	0	0	59	309.9223029729151
n2863	2371	0	0	62	309.9372602520817
n2858	2373	0	0	68	309.91161920208174
n2867	2375	0	0	57	311.8496552312484
n2859	2374	0	0	69	311.8165355416651
n2861	2378	0	0	61	312.858203197915
n2862	2379	0	0	62	313.5654688270818
n2883	2382	0	0	34	313.8485887541652
n2885	2381	0	0	43	313.8400417374985
n2879	2384	0	0	52	313.83363147499847
n2880	2383	0	0	55	313.82294770416513
n2874	2380	0	0	64	313.8005117854151
n2886	2387	0	0	35	315.49388946249843
n2887	2386	0	0	38	315.4778638062485
n2888	2388	0	0	42	315.48427406874845
n2881	2393	0	0	50	315.48000056041514
n2882	deletion
n2876	2389	0	0	61	316.12102681041506
n2875	2390	0	0	62	315.45115437916513
n2889	2391	0	0	38	316.2941038979151
n2890	2394	0	0	42	316.30371929166506
n2891	2392	0	0	47	316.3111979312484
n2877	2395	0	0	59	316.2941038979151
n2878	2396	0	0	61	316.62957430208166
n2905	2403	0	0	40	317.08149780833173
n2901	2397	0	0	45	317.0900448249984
n2902	2398	0	0	49	317.0782926770817
n2894	2399	0	0	52	317.0366259708317
n2903	2400	0	0	47	318.66910615416526
n2904	2401	0	0	50	318.6605591374986
n2896	2402	0	0	52	319.11141426666524
n2897	2404	0	0	54	319.52273944374855
n2898	2405	0	0	56	320.0120561479152
n2916	2411	0	0	33	320.81654409166526
n2917	2406	0	0	45	320.8122705833319
n2921	deletion
n2906	2409	0	0	50	320.8240227312486
n2907	2408	0	0	52	320.8282962395819
n2908	2410	0	0	56	320.81333896041525
n2909	2407	0	0	59	320.7834244020819
n2922	2412	0	0	40	321.8112031562486
n2910	2415	0	0	49	323.7268032666653
n2911	2416	0	0	52	323.69902546249864
n2912	2417	0	0	57	323.6819314291653
insertion	51	0	0	61	9.898513677083333
insertion	234	0	0	78	36.28956438958337
insertion	240	0	0	61	36.95836844375003
insertion	627	0	0	57	82.66460844583361
insertion	666	0	0	65	85.18170485416702
insertion	675	0	0	65	85.44238886250035
insertion	738	0	0	88	89.74688013125048
insertion	739	0	0	92	89.93064098958381
insertion	740	0	0	93	90.14752153750047
insertion	743	0	0	95	90.3921798895838
insertion	744	0	0	93	91.06953096041713
insertion	747	0	0	87	91.46589885833382
insertion	750	0	0	88	91.66889050416715
insertion	752	0	0	83	91.8633351333338
insertion	754	0	0	92	92.06739515625048
insertion	755	0	0	88	92.25008763750049
insertion	756	0	0	83	92.44987415208382
insertion	1031	0	0	73	133.1774769458344
insertion	1053	0	0	83	135.86337693333445
insertion	1096	0	0	57	139.31957679791753
insertion	1176	0	0	31	145.757617102084
insertion	1182	0	0	36	146.20954060833398
insertion	1212	0	0	92	148.66146601458397
insertion	1214	0	0	93	148.8356114791673
insertion	1216	0	0	95	149.02257746875065
insertion	1219	0	0	96	149.23945801666736
insertion	1224	0	0	93	149.6732191125007
insertion	1225	0	0	100	150.24586922916737
insertion	1281	0	0	61	160.11233159375024
insertion	1380	0	0	51	177.13798879374946
insertion	1499	0	0	47	198.1924959749988
insertion	1535	0	0	59	202.76835502291544
insertion	1616	0	0	42	212.71174053749837
insertion	1636	0	0	78	214.97563157708169
insertion	1653	0	0	69	219.1358919395815
insertion	1658	0	0	52	219.99059360624813
insertion	1695	0	0	78	224.87307687708116
insertion	1701	0	0	61	225.56538522708124
insertion	1756	0	0	56	232.33248567291443
insertion	2145	0	0	42	274.5761155479143
insertion	2335	0	0	61	298.31865947083134
insertion	2337	0	0	57	298.34216376666467
insertion	2362	0	0	57	306.82507780833157
insertion	2368	0	0	59	308.3037116916649
insertion	2376	0	0	61	311.8827749208317
insertion	2385	0	0	40	313.8432468687485
insertion	2413	0	0	45	323.7214613812486
insertion	2414	0	0	33	323.72787164374864
