xml_id	midi_id	track	channel	pitch	onset
n1	0	0	0	55	0.5208328125000001
n2	deletion
n4	1	0	0	57	0.7077984374999999
n5	2	0	0	60	0.7946039062499999
n6	3	0	0	58	0.87473203125
n7	4	0	0	67	0.9535246875
n13	11	0	0	46	1.0483429687499999
n12	6	0	0	56	1.0443365624999998
n8	5	0	0	62	1.0243045312499999
n9	7	0	0	65	1.12312921875
n20	8	0	0	55	1.1979154687499998
n15	10	0	0	55	1.2807145312499997
n14	9	0	0	63	1.1858962499999999
n21	13	0	0	39	1.3982357812499995
n16	12	0	0	58	1.3728618749999995
n17	14	0	0	63	1.4663446875
n18	15	0	0	67	1.554485625
n19	16	0	0	68	1.6185881250000003
n24	17	0	0	69	1.7067290625000002
n25	18	0	0	72	1.78552171875
n26	19	0	0	70	1.853630625
n27	20	0	0	79	1.9324232812500002
n33	27	0	0	58	2.06196375
n32	22	0	0	68	2.02590609375
n28	21	0	0	74	2.02323515625
n29	23	0	0	77	2.10469875
n40	24	0	0	67	2.17280765625
n35	26	0	0	67	2.2769742187499995
n34	25	0	0	75	2.1848268749999997
n41	28	0	0	51	2.3557668749999987
n36	29	0	0	70	2.341076718749999
n37	30	0	0	75	2.4171984374999984
n38	31	0	0	79	2.5146876562499982
n39	32	0	0	80	2.589473906249998
n44	33	0	0	81	2.660253749999998
n45	34	0	0	84	2.733704531249998
n46	35	0	0	82	2.8058198437499984
n47	36	0	0	91	2.884612499999998
n52	40	0	0	70	2.9954564062499984
n53	39	0	0	79	2.9727534374999984
n48	37	0	0	86	2.9593987499999983
n49	38	0	0	89	3.0515460937499985
n60	43	0	0	67	3.163725468749998
n61	41	0	0	75	3.150370781249998
n55	44	0	0	82	3.2264924999999978
n54	42	0	0	87	3.1436934374999983
n57	46	0	0	75	3.4067807812499975
n56	45	0	0	79	3.3159689062499975
n59	48	0	0	67	3.580391718749997
n58	47	0	0	70	3.4975926562499975
n70	56	0	0	48	3.728628749999997
n65	50	0	0	55	3.872859374999997
n64	49	0	0	63	3.7606799999999967
n66	51	0	0	60	3.952987499999997
n67	52	0	0	63	4.027773749999998
n69	54	0	0	65	4.194707343749998
n68	53	0	0	67	4.103895468749998
n77	60	0	0	41	4.262816249999998
n72	57	0	0	56	4.338937968749998
n71	55	0	0	63	4.261480781249999
n74	59	0	0	60	4.516555312499999
n73	58	0	0	62	4.449781874999998
n78	62	0	0	43	4.606031718749999
n76	63	0	0	55	4.706191874999998
n75	61	0	0	59	4.607367187499999
n80	64	0	0	56	4.786319999999998
n81	65	0	0	57	4.871789999999998
n82	66	0	0	58	4.947911718749999
n83	67	0	0	67	5.038723593749999
n89	74	0	0	46	5.150902968749998
n88	69	0	0	56	5.117516249999998
n84	68	0	0	62	5.114845312499998
n85	70	0	0	65	5.198979843749997
n96	71	0	0	55	5.277772499999997
n91	73	0	0	55	5.376597187499996
n90	72	0	0	63	5.279107968749996
n97	76	0	0	39	5.480763749999997
n92	75	0	0	58	5.467409062499997
n93	77	0	0	63	5.526169687499997
n94	78	0	0	67	5.619652499999997
n95	79	0	0	68	5.695774218749997
n100	80	0	0	69	5.7772378124999975
n101	81	0	0	72	5.854694999999997
n102	82	0	0	70	5.926810312499997
n103	83	0	0	79	5.996254687499997
n109	89	0	0	58	6.119117812499997
n108	85	0	0	68	6.097750312499997
n104	84	0	0	74	6.093743906249997
n105	86	0	0	77	6.171201093749998
n116	87	0	0	67	6.244651874999998
n111	deletion
n110	88	0	0	75	6.245987343749998
n117	90	0	0	51	6.42093375
n112	91	0	0	70	6.40891453125
n113	92	0	0	75	6.498390937500001
n114	93	0	0	79	6.5745126562500005
n115	deletion
n120	94	0	0	81	6.717407812500001
n121	95	0	0	84	6.802877812500001
n122	96	0	0	82	6.883005937500001
n123	97	0	0	82	6.961798593750001
n128	101	0	0	70	7.064629687500001
n129	99	0	0	79	7.045933125000001
n125	100	0	0	94	7.164789843750001
n124	98	0	0	96	7.076648906250001
n136	103	0	0	67	7.248924375000001
n137	102	0	0	75	7.239576093750002
n131	105	0	0	87	7.329052500000002
n130	104	0	0	91	7.243582500000001
n133	107	0	0	82	7.494650625000002
n132	106	0	0	84	7.407845156250002
n135	109	0	0	75	7.658913281250003
n134	108	0	0	79	7.593475312500003
n141	111	0	0	70	7.829853281250004
n140	110	0	0	72	7.743047812500003
n143	113	0	0	60	7.992780468750004
n142	112	0	0	67	7.908645937500005
n149	116	0	0	46	8.102288906250003
n148	118	0	0	56	8.087598750000003
n144	114	0	0	62	8.099617968750003
n145	115	0	0	67	8.182417031250003
n159	122	0	0	51	8.317299375000003
n151	119	0	0	63	8.401433906250002
n150	117	0	0	65	8.293260937500003
n157	121	0	0	55	8.557683750000006
n152	120	0	0	57	8.572373906250006
n153	123	0	0	58	8.647160156250004
n154	124	0	0	59	8.743313906250005
n155	125	0	0	60	8.816764687500006
n161	126	0	0	61	8.896892812500008
n162	127	0	0	63	8.974350000000008
n163	128	0	0	62	9.057149062500008
n164	129	0	0	70	9.138612656250007
n170	133	0	0	50	9.226753593750008
n169	132	0	0	60	9.233430937500009
n165	130	0	0	66	9.206721562500007
n166	131	0	0	69	9.292191562500008
n177	135	0	0	58	9.397693593750011
n172	136	0	0	62	9.509872968750011
n171	134	0	0	67	9.39101625000001
n178	138	0	0	43	9.606026718750012
n173	137	0	0	58	9.595342968750012
n174	139	0	0	62	9.692832187500013
n175	140	0	0	67	9.760941093750013
n176	141	0	0	70	9.826379062500012
n181	142	0	0	73	9.907842656250011
n182	143	0	0	75	10.02669937500001
n183	144	0	0	74	10.06943437500001
n184	145	0	0	82	10.15356890625001
n190	149	0	0	62	10.245716250000008
n189	147	0	0	72	10.245716250000008
n185	146	0	0	78	10.241709843750009
n186	148	0	0	81	10.316496093750008
n197	150	0	0	70	10.377927656250009
n192	152	0	0	74	10.486100625000008
n191	151	0	0	79	10.399295156250009
n198	154	0	0	55	10.564893281250008
n193	153	0	0	70	10.562222343750008
n194	155	0	0	74	10.653034218750008
n195	156	0	0	79	10.723814062500008
n196	157	0	0	82	10.789252031250008
n201	deletion
n202	159	0	0	86	10.958856562500008
n204	161	0	0	93	11.12044828125001
n203	160	0	0	98	11.044326562500009
n209	166	0	0	74	11.208589218750008
n210	163	0	0	82	11.197905468750008
n206	164	0	0	94	11.276698125000008
n205	162	0	0	96	11.195234531250009
n217	168	0	0	70	11.38353562500001
n218	167	0	0	79	11.37018093750001
n212	169	0	0	86	11.454315468750007
n211	165	0	0	91	11.362168125000009
n214	171	0	0	79	11.630597343750004
n213	170	0	0	82	11.541120937500006
n216	173	0	0	69	11.802872812500006
n215	172	0	0	74	11.713396406250004
n222	175	0	0	70	11.97114187500001
n221	174	0	0	72	11.892349218750008
n224	177	0	0	62	12.126056250000008
n223	176	0	0	67	12.053940937500009
n230	181	0	0	48	12.235564687500007
n229	180	0	0	58	12.230222812500008
n225	178	0	0	64	12.214197187500009
n226	179	0	0	68	12.301002656250008
n237	182	0	0	56	12.442562343750009
n232	184	0	0	65	12.513342187500008
n231	183	0	0	67	12.395820937500009
n238	185	0	0	41	12.66558562500001
n234	187	0	0	55	12.76441031250001
n233	186	0	0	60	12.67359843750001
n235	188	0	0	56	12.83786109375001
n236	189	0	0	58	12.924666562500011
n241	190	0	0	59	13.016813906250011
n242	191	0	0	61	13.094271093750011
n243	192	0	0	60	13.17840562500001
n244	193	0	0	68	13.243843593750011
n250	197	0	0	48	13.339997343750012
n249	195	0	0	58	13.338661875000012
n245	194	0	0	64	13.344003750000011
n246	196	0	0	67	13.422796406250011
n257	199	0	0	56	13.52028562500001
n252	200	0	0	60	13.609762031250012
n251	198	0	0	65	13.50960187500001
n258	202	0	0	41	13.705915781250013
n253	201	0	0	56	13.684548281250013
n254	203	0	0	60	13.760670000000014
n255	204	0	0	65	13.851481875000013
n256	205	0	0	68	13.911577968750013
n261	206	0	0	71	14.007731718750014
n262	207	0	0	73	14.091866250000015
n263	208	0	0	72	14.177336250000014
n264	209	0	0	80	14.245445156250014
n270	213	0	0	60	14.329579687500013
n269	211	0	0	70	14.332250625000013
n265	210	0	0	76	14.338927968750014
n266	212	0	0	79	14.413714218750014
n277	214	0	0	68	14.501855156250015
n272	216	0	0	72	14.589996093750013
n271	215	0	0	77	14.508532500000014
n278	218	0	0	53	14.682143437500015
n273	217	0	0	68	14.664782343750016
n274	219	0	0	72	14.742239531250014
n275	220	0	0	77	14.833051406250014
n276	221	0	0	80	14.893147500000014
n281	222	0	0	83	14.974611093750013
n282	223	0	0	84	15.069429375000013
n284	225	0	0	91	15.225679218750013
n283	224	0	0	96	15.149557500000013
n286	227	0	0	92	15.376587187500014
n285	226	0	0	94	15.295123593750013
n294	231	0	0	72	15.484760156250013
n295	232	0	0	74	15.484760156250013
n296	230	0	0	80	15.468734531250014
n289	229	0	0	86	15.556875468750013
n288	228	0	0	89	15.472740937500014
n291	234	0	0	80	15.730486406250012
n290	233	0	0	84	15.654364687500012
n293	236	0	0	74	15.890742656250012
n292	235	0	0	77	15.809279062500012
n299	238	0	0	68	16.159171875000013
n298	237	0	0	72	16.025625000000012
n301	240	0	0	62	16.335453750000013
n300	239	0	0	65	16.244641875000013
n303	242	0	0	60	16.529096718750015
n302	241	0	0	68	16.420923750000014
n314	251	0	0	43	16.63860515625002
n315	250	0	0	50	16.63860515625002
n306	244	0	0	55	16.87231218750002
n305	243	0	0	59	16.72541062500002
n308	248	0	0	55	17.175463593750024
n307	245	0	0	56	16.932408281250023
n311	247	0	0	56	17.055271406250025
n313	deletion
n312	246	0	0	58	16.993839843750024
n310	252	0	0	55	17.53336921875002
n309	249	0	0	67	17.353080937500025
n317	253	0	0	56	17.775089062500026
n318	254	0	0	57	17.924661562500027
n319	255	0	0	58	18.02749265625003
n320	256	0	0	67	18.107620781250027
n326	263	0	0	46	18.203774531250026
n325	258	0	0	56	18.221135625000027
n321	257	0	0	62	18.198432656250027
n322	259	0	0	65	18.290580000000027
n333	261	0	0	55	18.412107656250026
n328	262	0	0	55	18.52161609375003
n327	260	0	0	63	18.385398281250026
n334	265	0	0	39	18.632460000000027
n329	264	0	0	58	18.612427968750026
n330	266	0	0	63	18.688549687500025
n331	267	0	0	67	18.768677812500023
n332	268	0	0	68	18.839457656250023
n337	269	0	0	69	18.924927656250023
n338	270	0	0	72	19.001049375000022
n339	271	0	0	70	19.07984203125002
n340	272	0	0	79	19.159970156250022
n346	278	0	0	58	19.27749140625002
n345	274	0	0	68	19.250782031250022
n341	273	0	0	74	19.25478843750002
n342	275	0	0	77	19.33224562500002
n353	276	0	0	67	19.419051093750017
n348	deletion
n347	277	0	0	75	19.40970281250002
n354	280	0	0	51	19.60067484375001
n349	279	0	0	70	19.59132656250001
n350	281	0	0	75	19.66077093750001
n351	282	0	0	79	19.75425375000001
n352	283	0	0	80	19.81969171875001
n357	284	0	0	81	19.921187343750013
n358	285	0	0	84	19.994638125000016
n359	286	0	0	82	20.070759843750015
n360	287	0	0	91	20.149552500000013
n365	291	0	0	70	20.24303531250001
n366	290	0	0	79	20.224338750000012
n361	288	0	0	86	20.23502250000001
n362	289	0	0	89	20.30980875000001
n373	294	0	0	67	20.42599453125001
n374	292	0	0	75	20.411304375000007
n368	295	0	0	82	20.491432500000005
n367	293	0	0	87	20.39928515625001
n370	297	0	0	75	20.685075468750004
n369	296	0	0	79	20.578237968750006
n372	299	0	0	67	20.845331718750007
n371	298	0	0	70	20.750513437500004
n383	307	0	0	48	21.00158156250001
n378	301	0	0	55	21.11242546875001
n377	300	0	0	63	21.00024609375001
n379	302	0	0	60	21.200566406250008
n380	303	0	0	63	21.270010781250008
n382	305	0	0	65	21.44762812500001
n381	304	0	0	67	21.35681625000001
n390	311	0	0	41	21.55179468750001
n385	308	0	0	56	21.62791640625001
n384	306	0	0	63	21.53042718750001
n387	310	0	0	60	21.81087562500001
n386	309	0	0	62	21.724070156250008
n391	313	0	0	43	21.89367468750001
n389	314	0	0	55	21.98982843750001
n388	312	0	0	59	21.90168750000001
n393	315	0	0	56	22.09265953125001
n394	316	0	0	57	22.168781250000013
n395	317	0	0	58	22.263599531250016
n396	318	0	0	67	22.339721250000018
n402	325	0	0	46	22.47193265625002
n401	320	0	0	56	22.454571562500018
n397	319	0	0	62	22.419849375000016
n398	321	0	0	65	22.51333218750002
n409	322	0	0	55	22.592124843750018
n404	324	0	0	55	22.68560765625002
n403	323	0	0	63	22.58678296875002
n410	327	0	0	39	22.77775500000002
n405	326	0	0	58	22.767071250000022
n406	328	0	0	63	22.82983828125002
n407	329	0	0	67	22.92866296875002
n408	330	0	0	68	22.995436406250022
n413	331	0	0	69	23.07690000000002
n414	332	0	0	72	23.15435718750002
n415	333	0	0	70	23.22113062500002
n416	334	0	0	79	23.306600625000016
n422	340	0	0	58	23.426792812500015
n421	336	0	0	68	23.400083437500015
n417	335	0	0	74	23.394741562500016
n418	337	0	0	77	23.489559843750012
n429	338	0	0	67	23.56568156250001
n424	341	0	0	67	23.645809687500012
n423	339	0	0	75	23.56301062500001
n430	343	0	0	51	23.743298906250015
n425	342	0	0	70	23.728608750000014
n426	344	0	0	75	23.796717656250014
n427	345	0	0	79	23.88352312500001
n428	346	0	0	80	23.94762562500001
n433	347	0	0	81	24.03977296875001
n434	348	0	0	84	24.11188828125001
n435	349	0	0	82	24.20002921875001
n436	350	0	0	82	24.294847500000014
n441	354	0	0	70	24.428394375000014
n442	352	0	0	79	24.417710625000016
n438	353	0	0	94	24.528554531250016
n437	351	0	0	96	24.417710625000016
n449	357	0	0	67	24.620701875000016
n450	355	0	0	75	24.615360000000017
n444	358	0	0	87	24.69014625000001
n443	356	0	0	91	24.620701875000016
n446	360	0	0	82	24.861086250000014
n445	359	0	0	84	24.77160984375001
n448	362	0	0	75	25.028019843750013
n447	361	0	0	79	24.941214375000015
n454	364	0	0	69	25.193617968750015
n453	363	0	0	72	25.121502656250016
n456	366	0	0	70	25.364557968750013
n455	365	0	0	72	25.269739687500014
n461	370	0	0	58	25.48875656250001
n462	368	0	0	67	25.47273093750001
n458	369	0	0	82	25.570220156250013
n457	367	0	0	84	25.486085625000012
n469	373	0	0	55	25.678393125000014
n470	372	0	0	63	25.663702968750016
n464	374	0	0	75	25.741160156250015
n463	371	0	0	79	25.663702968750016
n466	377	0	0	70	25.90275187500001
n465	375	0	0	72	25.825294687500012
n468	379	0	0	63	26.06567906250001
n467	378	0	0	67	26.00424750000001
n474	381	0	0	57	26.240625468750007
n473	380	0	0	60	26.153820000000007
n476	383	0	0	58	26.41156546875001
n475	382	0	0	60	26.31006984375001
n482	386	0	0	58	26.587847343750006
n481	384	0	0	60	26.515732031250007
n478	388	0	0	70	26.583840937500007
n477	385	0	0	72	26.507719218750008
n490	391	0	0	51	26.77614843750001
n493	396	0	0	55	27.016532812499996
n489	deletion
n484	390	0	0	63	26.74810359375001
n483	389	0	0	67	26.72673609375001
n492	395	0	0	46	26.9257209375
n491	393	0	0	48	26.886992343750002
n486	394	0	0	58	26.9203790625
n485	392	0	0	60	26.836244531250003
n494	398	0	0	51	27.085977187499992
n488	399	0	0	63	27.068616093749995
n487	397	0	0	67	26.995165312499996
n502	403	0	0	46	27.23554968749999
n501	401	0	0	48	27.16610531249999
n496	402	0	0	58	27.24623343749999
n495	400	0	0	60	27.15675703124999
n503	405	0	0	43	27.331703437499986
n497	404	0	0	55	27.321019687499987
n504	406	0	0	55	27.426521718749985
n498	407	0	0	67	27.409160624999984
n506	410	0	0	48	27.570752343749984
n505	408	0	0	51	27.502643437499984
n500	411	0	0	60	27.580100624999982
n499	409	0	0	63	27.491959687499985
n514	414	0	0	43	27.72967312499998
n513	412	0	0	46	27.650880468749982
n508	415	0	0	55	27.74035687499998
n507	413	0	0	58	27.65889328124998
n516	418	0	0	48	27.901948593749985
n515	416	0	0	51	27.832504218749982
n510	419	0	0	60	27.908625937499984
n509	417	0	0	63	27.82048499999998
n518	422	0	0	43	28.099597968749983
n517	420	0	0	46	27.992760468749985
n512	423	0	0	55	28.091585156249984
n511	421	0	0	58	27.995431406249985
n526	426	0	0	38	28.299918281249983
n525	424	0	0	39	28.211777343749983
n520	427	0	0	50	28.299918281249983
n519	425	0	0	51	28.205099999999984
n528	430	0	0	39	28.478871093749987
n527	428	0	0	41	28.390730156249987
n522	431	0	0	51	28.473529218749988
n521	429	0	0	53	28.389394687499987
n529	432	0	0	37	28.563005624999985
n530	434	0	0	41	28.668507656249982
n523	433	0	0	49	28.557663749999985
n524	435	0	0	53	28.65381749999998
n538	439	0	0	36	28.832770312499978
n537	437	0	0	39	28.75664859374998
n532	438	0	0	48	28.82208656249998
n531	436	0	0	51	28.73928749999998
n540	442	0	0	39	29.022406874999973
n539	440	0	0	41	28.940943281249975
n534	443	0	0	51	29.003710312499976
n533	441	0	0	53	28.919575781249975
n541	445	0	0	35	29.101199531249975
n542	446	0	0	41	29.189340468749972
n535	444	0	0	47	29.085173906249974
n536	447	0	0	53	29.183998593749973
n550	450	0	0	34	29.35093218749997
n549	448	0	0	39	29.276145937499972
n544	451	0	0	46	29.36028046874997
n543	449	0	0	51	29.277481406249972
n552	454	0	0	39	29.53656234374997
n551	452	0	0	41	29.44975687499997
n546	455	0	0	51	29.54457515624997
n545	453	0	0	53	29.46978890624997
n553	456	0	0	33	29.62603874999997
n554	458	0	0	41	29.718186093749967
n547	457	0	0	45	29.63538703124997
n548	459	0	0	53	29.728869843749965
n562	462	0	0	36	29.891797031249965
n561	460	0	0	39	29.815675312499966
n556	463	0	0	48	29.918506406249964
n555	461	0	0	51	29.831700937499964
n564	466	0	0	39	30.048046874999958
n563	464	0	0	41	29.973260624999963
n566	deletion
n558	467	0	0	51	30.078762656249957
n557	465	0	0	53	29.99863453124996
n560	deletion
n565	deletion
n559	468	0	0	46	30.157555312499955
n570	470	0	0	27	30.375236718749957
n567	471	0	0	39	30.369894843749957
n580	474	0	0	55	31.050983906249954
n581	475	0	0	58	31.042971093749955
n582	473	0	0	63	31.037629218749956
n583	472	0	0	67	31.025609999999954
n573	477	0	0	75	31.017597187499955
n574	476	0	0	87	31.012255312499956
n585	478	0	0	39	31.745427656249955
n586	481	0	0	39	31.865619843749954
n589	485	0	0	39	31.97779921874995
n578	480	0	0	51	31.769466093749955
n579	482	0	0	51	31.873632656249953
n588	484	0	0	51	31.99783124999995
n576	479	0	0	63	31.768130624999955
n577	483	0	0	63	31.872297187499953
n587	489	0	0	63	31.98447656249995
n595	486	0	0	35	34.64072390624978
n596	495	0	0	47	34.63271109374978
n594	487	0	0	54	34.76759343749976
n593	deletion
n597	488	0	0	59	35.699750624999666
n598	493	0	0	61	35.99756015624966
n599	492	0	0	64	36.00156656249966
n603	490	0	0	58	36.24862828124966
n604	491	0	0	56	36.487677187499635
n611	494	0	0	58	36.77079656249959
n612	496	0	0	58	37.383776718749544
n607	498	0	0	64	37.40514421874954
n608	497	0	0	68	37.36641562499955
n614	502	0	0	66	37.62683203124954
n618	499	0	0	59	37.85920359374954
n619	501	0	0	61	38.09157515624952
n625	509	0	0	47	38.33062406249948
n624	508	0	0	54	38.35332703124948
n620	500	0	0	63	38.39072015624947
n627	504	0	0	61	39.0758156249994
n623	505	0	0	63	39.0571190624994
n621	503	0	0	66	39.0117131249994
n628	506	0	0	68	39.2908260937494
n631	520	0	0	59	39.52052671874941
n635	deletion
n632	507	0	0	58	39.74889187499941
n638	510	0	0	58	40.058720624999374
n636	512	0	0	63	40.07608171874937
n637	511	0	0	71	40.03868859374938
n639	513	0	0	56	40.303111406249336
n641	514	0	0	47	40.52613468749932
n645	deletion
n643	517	0	0	63	40.76518359374929
n646	515	0	0	46	40.98420046874926
n647	516	0	0	44	41.22992671874924
n651	519	0	0	44	41.61854812499919
n654	523	0	0	56	42.13403906249912
n653	deletion
n650	deletion
n649	522	0	0	64	41.60652890624919
n652	521	0	0	37	41.92303499999915
n657	deletion
n658	524	0	0	56	42.48793828124911
n656	526	0	0	59	42.42517124999911
n655	525	0	0	68	42.39579093749911
n659	527	0	0	54	42.64018171874911
n660	528	0	0	52	42.87522421874911
n665	529	0	0	44	43.151666249999074
n663	530	0	0	52	43.16902734374907
n661	532	0	0	59	43.147659843749075
n662	534	0	0	61	43.12228593749908
n666	531	0	0	37	43.36267031249905
n664	533	0	0	52	43.597712812499026
n669	535	0	0	52	43.926238124998996
n667	537	0	0	59	43.899528749999
n668	538	0	0	64	43.860800156249006
n670	536	0	0	51	44.10385546874897
n671	539	0	0	49	44.35625906249893
n676	549	0	0	42	44.78360906249889
n677	548	0	0	52	44.77559624999889
n674	540	0	0	58	44.812989374998885
n673	541	0	0	63	44.76224156249889
n675	542	0	0	58	45.37121531249883
n678	546	0	0	61	45.658341093748824
n680	543	0	0	59	45.89605453124879
n681	544	0	0	56	46.15112906249875
n685	545	0	0	56	46.511705624998726
n686	547	0	0	56	47.16875624999873
n689	550	0	0	62	47.5052943749987
n691	551	0	0	58	47.76437531249866
n692	552	0	0	54	48.05417203124863
n700	568	0	0	35	48.57233390624863
n696	553	0	0	51	48.68985515624861
n695	554	0	0	63	48.64845562499862
n698	556	0	0	57	49.27879687499853
n699	555	0	0	61	49.25609390624853
n702	557	0	0	57	49.63269609374852
n703	558	0	0	61	49.58061281249852
n701	560	0	0	64	49.559245312498525
n704	559	0	0	56	49.81164890624852
n705	561	0	0	59	49.795623281248524
n706	563	0	0	54	50.06805890624852
n707	562	0	0	57	50.034672187498515
n710	564	0	0	54	50.375216718748476
n711	565	0	0	57	50.33515265624848
n709	571	0	0	59	50.321797968748484
n712	567	0	0	52	50.897384999998415
n713	566	0	0	56	50.86666921874841
n716	570	0	0	52	51.200536406248375
n717	569	0	0	56	51.197865468748375
n725	586	0	0	35	52.35304593749827
n726	587	0	0	47	52.339691249998275
n720	572	0	0	63	52.38376171874827
n723	574	0	0	57	52.972703437498204
n724	573	0	0	61	52.9339748437482
n728	575	0	0	57	53.245139062498204
n729	577	0	0	61	53.2157587499982
n727	578	0	0	64	53.194391249998205
n730	576	0	0	56	53.4454593749982
n731	579	0	0	59	53.428098281248204
n732	581	0	0	54	53.697862968748204
n733	580	0	0	57	53.6671471874982
n737	582	0	0	54	53.98632421874817
n738	583	0	0	57	53.99300156249817
n736	590	0	0	59	53.95560843749818
n739	585	0	0	52	54.504486093748135
n740	584	0	0	56	54.48979593749814
n744	588	0	0	52	54.8330114062481
n745	589	0	0	56	54.841024218748096
n753	604	0	0	35	55.90939921874799
n754	603	0	0	47	55.90672828124799
n748	591	0	0	61	55.965488906247984
n751	592	0	0	56	56.54775328124791
n752	595	0	0	59	56.50768921874791
n755	594	0	0	63	56.7814603124979
n758	593	0	0	54	57.0218446874979
n759	596	0	0	58	57.0071545312479
n760	598	0	0	52	57.295615781247896
n761	597	0	0	56	57.255551718747896
n769	deletion
n770	deletion
n765	600	0	0	52	57.71228203124785
n766	599	0	0	56	57.688243593747856
n764	605	0	0	59	57.66687609374786
n767	601	0	0	51	58.37200359374777
n768	602	0	0	54	58.37066812499777
n772	607	0	0	51	58.77264421874775
n773	606	0	0	54	58.77264421874775
n777	608	0	0	37	59.92648921874772
n774	609	0	0	49	59.947856718747715
n780	610	0	0	37	60.26569828124768
n778	611	0	0	49	60.237653437497684
n781	612	0	0	39	60.738454218747634
n779	613	0	0	51	60.71975765624764
n784	614	0	0	39	61.01756718749761
n782	615	0	0	51	61.005547968747614
n785	616	0	0	35	61.49967140624756
n783	617	0	0	47	61.507684218747556
n788	618	0	0	35	61.80148734374753
n786	619	0	0	47	61.80282281249753
n789	620	0	0	30	62.32232015624746
n787	621	0	0	42	62.29694624999746
n792	622	0	0	30	62.64683906249741
n790	623	0	0	42	62.62547156249742
n793	625	0	0	32	63.25314187499737
n791	624	0	0	44	63.22776796874737
n803	629	0	0	34	63.64977609374731
n800	626	0	0	46	63.62573765624732
n801	633	0	0	32	64.33086515624726
n802	632	0	0	44	64.31350406249726
n796	627	0	0	58	64.36158093749725
n798	631	0	0	58	64.48577953124725
n797	628	0	0	70	64.35623906249725
n799	630	0	0	70	64.49379234374724
n804	639	0	0	58	64.61665546874724
n805	638	0	0	70	64.60864265624724
n808	634	0	0	30	64.85570437499725
n809	635	0	0	42	64.84769156249725
n810	636	0	0	27	65.08807593749721
n811	637	0	0	39	65.08406953124721
n813	640	0	0	26	65.45132343749715
n814	641	0	0	38	65.42327859374716
n815	deletion
n812	642	0	0	65	65.45265890624715
n816	643	0	0	56	66.1497735937471
n818	645	0	0	25	66.44357671874705
n819	646	0	0	37	66.44491218749705
n821	644	0	0	56	66.48364078124705
n820	648	0	0	58	66.46360874999705
n817	647	0	0	66	66.42087374999706
n822	649	0	0	54	66.67861921874702
n823	650	0	0	51	66.908319843747
n826	662	0	0	49	67.25420624999694
n827	652	0	0	54	67.28492203124694
n828	651	0	0	58	67.24218703124694
n824	665	0	0	61	67.21280671874695
n829	654	0	0	56	67.82578687499688
n830	653	0	0	59	67.79240015624688
n834	655	0	0	56	68.16766687499683
n835	656	0	0	59	68.13294468749683
n836	657	0	0	54	68.40003843749682
n837	658	0	0	58	68.38267734374682
n838	660	0	0	53	68.6537774999968
n839	659	0	0	57	68.63641640624681
n842	663	0	0	42	68.92888406249678
n843	deletion
n844	664	0	0	53	69.02770874999676
n841	666	0	0	57	69.02770874999676
n845	667	0	0	54	69.78892593749666
n847	668	0	0	33	70.2162759374966
n848	669	0	0	45	70.19090203124661
n849	670	0	0	35	70.46066671874657
n850	671	0	0	47	70.44464109374657
n851	672	0	0	38	70.69570921874656
n852	673	0	0	50	70.67167078124656
n859	674	0	0	37	71.00687343749651
n860	675	0	0	49	70.97215124999651
n861	681	0	0	35	71.60649890624644
n862	680	0	0	47	71.56376390624645
n855	677	0	0	61	71.62118906249644
n857	679	0	0	61	71.73871031249644
n856	676	0	0	73	71.61184078124644
n858	678	0	0	73	71.72268468749644
n863	687	0	0	61	71.85756703124643
n872	deletion
n864	684	0	0	73	71.83085765624644
n867	683	0	0	33	72.1113060937464
n868	682	0	0	45	72.08860312499641
n869	686	0	0	30	72.39175453124636
n870	685	0	0	42	72.37038703124637
n875	689	0	0	29	72.93395484374628
n876	695	0	0	41	72.88854890624629
n874	693	0	0	56	73.03545046874626
n871	715	0	0	68	72.99805734374627
n877	691	0	0	48	73.92754359374617
n873	690	0	0	60	73.85809921874616
n884	694	0	0	48	74.17994718749615
n879	692	0	0	60	74.19997921874615
n885	696	0	0	49	74.45238281249613
n880	697	0	0	59	74.42567343749613
n886	698	0	0	53	74.67674156249609
n881	718	0	0	56	74.67674156249609
n891	705	0	0	41	74.93582249999606
n892	699	0	0	48	74.93982890624606
n888	700	0	0	60	74.94383531249606
n893	702	0	0	47	75.44463609374598
n889	701	0	0	61	75.43929421874599
n899	703	0	0	47	75.73710374999594
n895	704	0	0	61	75.71573624999594
n900	706	0	0	48	76.21920796874593
n896	707	0	0	60	76.22855624999593
n905	708	0	0	41	76.5677653124959
n907	717	0	0	47	76.5437268749959
n902	709	0	0	61	76.59981656249589
n906	710	0	0	41	77.29426031249584
n903	711	0	0	62	77.33565984374583
n913	713	0	0	41	77.66284968749581
n915	deletion
n912	deletion
n909	712	0	0	62	77.6868881249958
n908	deletion
n910	deletion
n914	734	0	0	40	78.37732546874572
n911	716	0	0	62	78.44810531249573
n921	deletion
n922	733	0	0	52	79.50045468749566
n916	720	0	0	68	79.58058281249566
n918	721	0	0	62	80.25232359374566
n919	719	0	0	66	80.23362703124566
n924	722	0	0	62	80.60355187499566
n925	726	0	0	66	80.54879765624565
n923	724	0	0	69	80.51674640624566
n926	723	0	0	61	80.76380812499565
n927	725	0	0	64	80.76514359374565
n928	728	0	0	59	80.99484421874564
n929	727	0	0	62	80.98950234374564
n934	729	0	0	59	81.32470499999559
n935	730	0	0	62	81.30867937499559
n933	737	0	0	64	81.2646089062456
n936	731	0	0	57	81.80680921874551
n937	732	0	0	61	81.77475796874552
n942	736	0	0	57	82.12465078124549
n943	735	0	0	61	82.1099606249955
n950	752	0	0	40	83.26514109374548
n951	753	0	0	52	83.25979921874548
n947	738	0	0	68	83.28517312499548
n948	740	0	0	62	83.88479859374539
n949	739	0	0	66	83.87144390624539
n953	741	0	0	62	84.16524703124539
n954	743	0	0	66	84.15589874999539
n952	744	0	0	69	84.1144992187454
n955	742	0	0	61	84.35087718749537
n956	745	0	0	64	84.35888999999537
n957	747	0	0	59	84.60995812499537
n958	746	0	0	62	84.60194531249537
n962	748	0	0	59	84.93180609374534
n963	749	0	0	62	84.90242578124534
n961	754	0	0	64	84.88372921874534
n964	751	0	0	57	85.43260687499526
n965	750	0	0	61	85.38185906249527
n969	756	0	0	57	85.73308734374523
n970	755	0	0	61	85.72240359374523
n978	788	0	0	40	86.76807562499522
n979	784	0	0	52	86.75472093749522
n974	deletion
n975	deletion
n973	757	0	0	66	86.84419734374521
n976	759	0	0	59	87.39173953124512
n977	758	0	0	62	87.38372671874512
n983	760	0	0	59	87.77368359374509
n984	761	0	0	62	87.7496451562451
n980	764	0	0	68	87.7055746874951
n985	762	0	0	57	87.97801031249507
n986	763	0	0	61	87.95931374999508
n987	765	0	0	56	88.22907843749505
n988	766	0	0	59	88.20370453124505
n991	deletion
n992	767	0	0	56	88.589654999995
n993	768	0	0	59	88.594996874995
n989	790	0	0	64	88.53222984374501
n994	770	0	0	57	89.19729328124491
n995	769	0	0	61	89.14253906249492
n999	771	0	0	57	89.56454718749487
n1000	773	0	0	61	89.50578656249486
n1001	772	0	0	56	89.77555124999485
n1002	774	0	0	59	89.76620296874485
n1003	775	0	0	54	90.02528390624482
n1004	776	0	0	57	90.00124546874483
n1008	777	0	0	54	90.32442890624478
n1009	778	0	0	57	90.29237765624478
n1010	780	0	0	56	90.8906676562447
n1011	779	0	0	59	90.8666292187447
n1015	781	0	0	56	91.26860531249467
n1016	782	0	0	59	91.26860531249467
n1017	783	0	0	54	91.59445968749465
n1018	785	0	0	57	91.58778234374465
n1019	786	0	0	56	91.86555984374463
n1020	787	0	0	59	91.86555984374463
n1023	789	0	0	52	92.33163843749456
n1024	791	0	0	56	92.30893546874456
n1025	792	0	0	61	93.80466046874443
n1032	800	0	0	42	94.93847343749437
n1033	801	0	0	54	94.93580249999437
n1031	794	0	0	63	95.05465921874435
n1030	793	0	0	59	95.87463703124425
n1034	deletion
n1037	798	0	0	61	96.34872843749426
n1038	797	0	0	64	96.28462593749425
n1035	795	0	0	58	96.58109999999424
n1036	796	0	0	56	96.8308326562442
n1041	799	0	0	58	97.12463578124415
n1042	803	0	0	58	97.65348140624411
n1046	804	0	0	64	97.6828617187441
n1045	802	0	0	68	97.65081046874411
n1052	806	0	0	66	97.9232460937441
n1050	805	0	0	59	98.16363046874407
n1051	808	0	0	61	98.40267937499405
n1063	815	0	0	47	98.67511499999401
n1062	814	0	0	54	98.68179234374401
n1060	807	0	0	63	98.79263624999399
n1057	810	0	0	61	99.4817381249939
n1061	811	0	0	63	99.4617060937439
n1059	809	0	0	66	99.4416740624939
n1067	812	0	0	68	99.71410968749386
n1065	826	0	0	59	99.96384234374383
n1078	deletion
n1070	deletion
n1066	813	0	0	58	100.18820109374384
n1074	816	0	0	58	100.5380939062438
n1072	818	0	0	63	100.5728160937438
n1073	817	0	0	71	100.5380939062438
n1075	819	0	0	56	100.85192906249375
n1077	820	0	0	47	101.08430062499372
n1081	deletion
n1079	822	0	0	63	101.30732390624368
n1082	821	0	0	46	101.53835999999365
n1083	823	0	0	44	101.7907635937436
n1089	825	0	0	44	102.15000468749355
n1088	829	0	0	56	102.6614892187435
n1087	deletion
n1086	deletion
n1085	828	0	0	64	102.14065640624355
n1090	827	0	0	37	102.41976937499352
n1093	830	0	0	56	102.95395687499348
n1092	832	0	0	59	102.94193765624348
n1091	831	0	0	68	102.91255734374349
n1094	833	0	0	54	103.15160624999348
n1095	834	0	0	52	103.37863593749347
n1101	835	0	0	44	103.66442624999345
n1099	836	0	0	52	103.68980015624345
n1097	838	0	0	59	103.67377453124345
n1098	840	0	0	61	103.64572968749346
n1102	837	0	0	37	103.88077218749343
n1100	839	0	0	52	104.1478659374934
n1105	841	0	0	52	104.48039765624337
n1103	845	0	0	59	104.47372031249337
n1104	843	0	0	64	104.44433999999337
n1106	842	0	0	51	104.68071796874334
n1107	844	0	0	49	104.9317860937433
n1112	855	0	0	42	105.31373015624324
n1113	854	0	0	52	105.29770453124324
n1110	846	0	0	58	105.35112328124323
n1109	847	0	0	63	105.32174296874324
n1111	848	0	0	58	105.98146453124318
n1114	852	0	0	61	106.24588734374314
n1116	849	0	0	59	106.49561999999312
n1117	850	0	0	56	106.7386753124931
n1121	851	0	0	56	107.04716859374308
n1122	853	0	0	56	107.68819359374307
n1125	856	0	0	62	108.04342828124302
n1127	857	0	0	58	108.31586390624298
n1128	858	0	0	54	108.59364140624294
n1136	876	0	0	35	109.0036303124929
n1132	860	0	0	51	109.11714515624288
n1131	859	0	0	63	109.07708109374289
n1134	862	0	0	57	109.7448154687428
n1135	861	0	0	61	109.7247834374928
n1138	864	0	0	57	110.09337281249276
n1139	863	0	0	61	110.05063781249277
n1137	867	0	0	64	110.00923828124277
n1140	865	0	0	56	110.28568031249276
n1141	866	0	0	59	110.26030640624276
n1142	869	0	0	54	110.53140656249276
n1143	868	0	0	57	110.50870359374277
n1146	870	0	0	54	110.83856437499271
n1147	871	0	0	57	110.82788062499272
n1145	877	0	0	59	110.79850031249272
n1148	873	0	0	52	111.34737796874265
n1149	872	0	0	56	111.33669421874265
n1152	874	0	0	52	111.7012771874926
n1153	875	0	0	56	111.6638840624926
n1160	893	0	0	35	112.92323109374246
n1161	892	0	0	47	112.90720546874246
n1155	878	0	0	63	112.94994046874245
n1158	880	0	0	57	113.52285656249236
n1159	879	0	0	61	113.50683093749237
n1163	881	0	0	57	113.80464046874235
n1164	883	0	0	61	113.79662765624235
n1162	885	0	0	64	113.76324093749236
n1165	882	0	0	56	114.01965093749234
n1166	884	0	0	59	114.01697999999234
n1167	887	0	0	54	114.28140281249233
n1168	886	0	0	57	114.25469343749234
n1172	888	0	0	54	114.5965734374923
n1173	889	0	0	57	114.5885606249923
n1171	896	0	0	59	114.5538384374923
n1174	890	0	0	52	115.10405156249223
n1175	891	0	0	56	115.09603874999223
n1179	894	0	0	52	115.46062171874217
n1180	895	0	0	56	115.42723499999218
n1184	897	0	0	61	116.66387906249214
n1187	898	0	0	56	117.25282078124205
n1188	901	0	0	59	117.22477593749205
n1191	900	0	0	63	117.49854703124204
n1194	899	0	0	54	117.76296984374203
n1195	902	0	0	58	117.74560874999203
n1196	904	0	0	52	118.04341828124203
n1197	903	0	0	56	118.02071531249203
n1205	deletion
n1206	deletion
n1201	905	0	0	52	118.60431515624195
n1202	906	0	0	56	118.55490281249196
n1200	912	0	0	59	118.50816140624197
n1203	908	0	0	51	119.31077812499188
n1204	907	0	0	54	119.34015843749188
n1208	913	0	0	51	119.76216656249184
n1209	909	0	0	54	119.75816015624184
n1213	914	0	0	37	120.94672734374178
n1210	915	0	0	49	120.92803078124179
n1216	917	0	0	37	121.25789156249175
n1214	916	0	0	49	121.22049843749176
n1217	918	0	0	39	121.71862828124169
n1215	919	0	0	51	121.6985962499917
n1220	920	0	0	39	122.00575406249166
n1218	921	0	0	51	121.99640578124166
n1221	922	0	0	35	122.50922578124158
n1219	923	0	0	47	122.51456765624158
n1224	924	0	0	35	122.81638359374155
n1222	925	0	0	47	122.81905453124155
n1225	926	0	0	32	123.3892996874915
n1223	927	0	0	44	123.3732740624915
n1228	928	0	0	32	123.76590187499148
n1226	929	0	0	44	123.75121171874149
n1229	931	0	0	33	124.71675562499146
n1227	930	0	0	45	124.69672359374147
n1235	932	0	0	34	125.42054765624137
n1236	933	0	0	46	125.39383828124137
n1231	934	0	0	58	125.92134843749132
n1232	935	0	0	67	126.0709209374913
n1239	942	0	0	46	126.22583531249127
n1238	937	0	0	56	126.23518359374127
n1233	936	0	0	62	126.18310031249128
n1234	938	0	0	65	126.30062156249126
n1246	939	0	0	55	126.42882656249125
n1241	941	0	0	55	126.52765124999124
n1240	940	0	0	63	126.39410437499126
n1247	944	0	0	39	126.66921093749121
n1242	943	0	0	58	126.64517249999122
n1243	945	0	0	63	126.71595234374121
n1244	946	0	0	67	126.8134415624912
n1245	947	0	0	68	126.8908987499912
n1250	948	0	0	69	126.96969140624118
n1251	949	0	0	72	127.04848406249118
n1252	950	0	0	70	127.12460578124119
n1253	951	0	0	79	127.20740484374119
n1259	957	0	0	58	127.32359062499118
n1258	953	0	0	68	127.29955218749119
n1254	952	0	0	74	127.29554578124119
n1255	954	0	0	77	127.37700937499118
n1266	955	0	0	67	127.46782124999118
n1261	958	0	0	67	127.54794937499116
n1260	956	0	0	75	127.47449859374117
n1267	960	0	0	51	127.65612234374115
n1262	959	0	0	70	127.63341937499115
n1263	961	0	0	75	127.69885734374114
n1264	962	0	0	79	127.78966921874114
n1265	963	0	0	80	127.86712640624113
n1270	964	0	0	81	127.95259640624113
n1271	965	0	0	84	128.0447437499911
n1272	966	0	0	82	128.0928206249911
n1273	967	0	0	91	128.1702778124911
n1278	971	0	0	70	128.28112171874108
n1279	970	0	0	79	128.25174140624108
n1274	968	0	0	86	128.25174140624108
n1275	969	0	0	89	128.33186953124107
n1286	974	0	0	67	128.43202968749105
n1287	972	0	0	75	128.41867499999105
n1281	975	0	0	82	128.51482874999104
n1280	973	0	0	87	128.41600406249106
n1283	977	0	0	75	128.700458906241
n1282	976	0	0	79	128.59095046874103
n1285	979	0	0	67	128.854037812491
n1284	978	0	0	70	128.773909687491
n1296	987	0	0	48	128.99292656249096
n1291	981	0	0	55	129.10377046874095
n1290	980	0	0	63	128.99826843749096
n1292	982	0	0	60	129.18389859374093
n1293	983	0	0	63	129.24933656249092
n1295	985	0	0	65	129.4095928124909
n1294	984	0	0	67	129.3294646874909
n1303	991	0	0	41	129.50574656249088
n1298	988	0	0	56	129.58186828124087
n1297	986	0	0	63	129.4870499999909
n1300	990	0	0	60	129.75280828124085
n1299	989	0	0	62	129.66867374999086
n1304	993	0	0	43	129.85430390624083
n1302	994	0	0	55	129.93710296874082
n1301	992	0	0	59	129.85430390624083
n1306	995	0	0	56	130.0265793749908
n1307	996	0	0	57	130.1053720312408
n1308	997	0	0	58	130.17882281249078
n1309	998	0	0	67	130.26295734374077
n1315	1005	0	0	46	130.37246578124075
n1314	1000	0	0	56	130.34709187499075
n1310	999	0	0	62	130.34709187499075
n1311	1001	0	0	65	130.42721999999074
n1322	1002	0	0	55	130.51268999999073
n1317	1004	0	0	55	130.6048373437407
n1316	1003	0	0	63	130.50868359374073
n1323	1007	0	0	39	130.7116748437407
n1318	1006	0	0	58	130.6916428124907
n1319	1008	0	0	63	130.7557453124907
n1320	1009	0	0	67	130.84655718749067
n1321	1010	0	0	68	130.92267890624066
n1326	1011	0	0	69	131.01081984374065
n1327	1012	0	0	72	131.07759328124064
n1328	1013	0	0	70	131.16306328124062
n1329	1014	0	0	79	131.2485332812406
n1335	1020	0	0	58	131.3540353124906
n1334	1016	0	0	68	131.3286614062406
n1330	1015	0	0	74	131.3326678124906
n1331	1017	0	0	77	131.4074540624906
n1342	1018	0	0	67	131.49693046874057
n1337	1021	0	0	67	131.59575515624056
n1336	1019	0	0	75	131.50093687499057
n1343	1022	0	0	51	131.66519953124055
n1338	1023	0	0	70	131.67054140624055
n1339	1024	0	0	75	131.73731484374053
n1340	1025	0	0	79	131.82278484374052
n1341	1026	0	0	80	131.9002420312405
n1346	1027	0	0	81	131.9817056249905
n1347	1028	0	0	84	132.0498145312405
n1348	1029	0	0	82	132.13661999999047
n1349	1030	0	0	82	132.23277374999046
n1354	1035	0	0	70	132.32225015624044
n1355	1033	0	0	79	132.31423734374044
n1351	1034	0	0	94	132.42374578124046
n1350	1031	0	0	96	132.33293390624044
n1362	1037	0	0	67	132.51055124999044
n1363	1036	0	0	75	132.51455765624044
n1357	1039	0	0	87	132.59869218749043
n1356	1038	0	0	91	132.53191874999044
n1359	1041	0	0	82	132.7602839062404
n1358	1040	0	0	84	132.68015578124042
n1361	1043	0	0	75	132.92321109374038
n1360	1042	0	0	79	132.8444184374904
n1367	1046	0	0	70	133.10082843749035
n1366	1044	0	0	72	133.00200374999037
n1369	1048	0	0	60	133.24505906249033
n1368	1047	0	0	67	133.19431124999033
n1375	1050	0	0	46	133.35189656249034
n1374	1052	0	0	56	133.33720640624034
n1370	1049	0	0	62	133.35323203124034
n1371	1051	0	0	67	133.44938578124032
n1385	1057	0	0	51	133.55088140624034
n1377	1054	0	0	63	133.66840265624032
n1376	1053	0	0	65	133.55488781249034
n1383	1056	0	0	55	133.7899303124903
n1378	1055	0	0	57	133.8219815624903
n1379	1058	0	0	58	133.90478062499028
n1380	1059	0	0	59	133.99559249999027
n1381	1060	0	0	60	134.07705609374025
n1387	1061	0	0	61	134.15317781249024
n1388	1062	0	0	63	134.23063499999023
n1389	1063	0	0	62	134.31744046874022
n1390	1064	0	0	70	134.4189360937402
n1396	1068	0	0	50	134.4883804687402
n1395	1067	0	0	60	134.4897159374902
n1391	1065	0	0	66	134.5057415624902
n1392	1066	0	0	69	134.56850859374018
n1403	1069	0	0	58	134.68602984374016
n1398	1071	0	0	62	134.79019640624014
n1397	1070	0	0	67	134.68469437499016
n1404	1073	0	0	43	134.88635015624013
n1399	1072	0	0	58	134.87299546874013
n1400	1074	0	0	62	134.9784974999901
n1401	1075	0	0	67	135.0572901562401
n1402	1076	0	0	70	135.1120443749901
n1407	1077	0	0	73	135.2041917187401
n1408	1078	0	0	75	135.2789779687401
n1409	1079	0	0	74	135.36311249999008
n1410	1080	0	0	82	135.45793078124007
n1416	1084	0	0	62	135.55675546874005
n1415	1082	0	0	72	135.54473624999005
n1411	1081	0	0	78	135.53939437499005
n1412	1083	0	0	81	135.61284515624004
n1423	1085	0	0	70	135.70098609374003
n1418	1087	0	0	74	135.78378515624001
n1417	1086	0	0	79	135.69163781249003
n1424	1089	0	0	55	135.87860343749
n1419	1088	0	0	70	135.85189406249
n1420	1090	0	0	74	135.94003499999
n1421	1091	0	0	79	136.02149859373998
n1422	1092	0	0	82	136.09094296873997
n1427	1093	0	0	85	136.18309031248995
n1428	1094	0	0	86	136.26722484373994
n1430	1096	0	0	93	136.41813281248992
n1429	1095	0	0	98	136.34334656248993
n1435	1100	0	0	74	136.5182929687399
n1436	1098	0	0	82	136.5089446874899
n1432	1099	0	0	94	136.5904082812399
n1431	1097	0	0	96	136.5089446874899
n1443	1103	0	0	70	136.67988468748987
n1444	1102	0	0	79	136.67454281248988
n1438	1104	0	0	86	136.76936109373986
n1437	1101	0	0	91	136.67721374998987
n1440	1106	0	0	79	136.92694640623984
n1439	1105	0	0	82	136.84414734373985
n1442	1108	0	0	69	137.0965509374898
n1441	1107	0	0	74	137.01375187498982
n1448	1110	0	0	70	137.28618749998978
n1447	1109	0	0	72	137.2020529687398
n1450	1112	0	0	62	137.45712749998975
n1449	1111	0	0	67	137.36898656248977
n1456	1116	0	0	48	137.54660390623974
n1455	1114	0	0	58	137.54660390623974
n1451	1113	0	0	64	137.55595218748974
n1452	1115	0	0	68	137.64008671873972
n1463	1117	0	0	56	137.7389114062397
n1458	1119	0	0	65	137.8377360937397
n1457	1118	0	0	67	137.7442532812397
n1464	1120	0	0	41	137.98463765623967
n1460	1122	0	0	55	138.11417812498965
n1459	1121	0	0	60	138.00466968748967
n1461	1123	0	0	56	138.19831265623964
n1462	1124	0	0	58	138.28912453123962
n1467	1125	0	0	59	138.3879492187396
n1468	1126	0	0	61	138.4600645312396
n1469	1127	0	0	60	138.56823749998958
n1470	1128	0	0	68	138.64435921873957
n1476	1132	0	0	48	138.70445531248956
n1475	1130	0	0	58	138.71113265623956
n1471	1129	0	0	64	138.72315187498955
n1472	1131	0	0	67	138.80194453123954
n1483	1133	0	0	56	138.87005343748953
n1478	1135	0	0	60	138.9808973437395
n1477	1134	0	0	65	138.89142093748953
n1484	1136	0	0	41	139.0583545312395
n1479	1137	0	0	56	139.0610254687395
n1480	1138	0	0	60	139.1251279687395
n1481	1139	0	0	65	139.21593984373948
n1482	1140	0	0	68	139.28939062498947
n1487	1141	0	0	71	139.38153796873945
n1488	1142	0	0	73	139.46967890623944
n1489	1143	0	0	72	139.55381343748942
n1490	1144	0	0	80	139.6419543749894
n1496	1148	0	0	60	139.7287598437394
n1495	1146	0	0	70	139.7220824999894
n1491	1145	0	0	76	139.7327662499894
n1492	1147	0	0	79	139.80087515623939
n1503	1149	0	0	68	139.88634515623937
n1498	1151	0	0	72	139.97181515623936
n1497	1150	0	0	77	139.89035156248937
n1504	1153	0	0	53	140.07197531248934
n1499	1152	0	0	68	140.05060781248935
n1500	1154	0	0	72	140.13607781248933
n1501	1155	0	0	77	140.20952859373932
n1502	1156	0	0	80	140.2896567187393
n1507	1157	0	0	83	140.3697848437393
n1508	1158	0	0	84	140.45792578123928
n1510	1160	0	0	91	140.61684656248926
n1509	1159	0	0	96	140.53671843748927
n1512	1162	0	0	92	140.76107718748924
n1511	1161	0	0	94	140.68228453123925
n1520	1166	0	0	72	140.85856640623922
n1521	1167	0	0	74	140.85856640623922
n1522	1165	0	0	80	140.84254078123922
n1515	1164	0	0	86	140.9280107812392
n1514	1163	0	0	89	140.84921812498922
n1517	1169	0	0	80	141.10696359373918
n1516	1168	0	0	84	141.0281709374892
n1519	1171	0	0	74	141.26989078123916
n1518	1170	0	0	77	141.17774343748917
n1525	1173	0	0	68	141.55968749998917
n1524	1172	0	0	72	141.41011499998916
n1527	1175	0	0	62	141.73062749998914
n1526	1174	0	0	65	141.65049937498915
n1529	1177	0	0	60	141.9229349999891
n1528	1176	0	0	68	141.81609749998913
n1540	1185	0	0	43	142.0271015624891
n1541	1186	0	0	50	142.0324434374891
n1532	1179	0	0	55	142.25012484373906
n1531	1178	0	0	59	142.12592624998908
n1534	1183	0	0	55	142.559953593739
n1533	1180	0	0	56	142.31422734373905
n1537	1182	0	0	56	142.43308406248903
n1539	deletion
n1538	1181	0	0	58	142.37432343748904
n1545	1190	0	0	58	143.26775203123893
n1536	1187	0	0	55	142.880466093739
n1535	1184	0	0	67	142.738906406239
n1543	1188	0	0	56	143.08345734373896
n1544	1189	0	0	57	143.19029484373894
n1546	1191	0	0	67	143.35188656248891
n1552	1198	0	0	46	143.4560531249889
n1551	1193	0	0	56	143.4573885937389
n1547	1192	0	0	62	143.4320146874889
n1548	1194	0	0	65	143.54285859373888
n1559	1195	0	0	55	143.61497390623887
n1554	1197	0	0	55	143.72047593748886
n1553	1196	0	0	63	143.60829656248887
n1560	1200	0	0	39	143.81128781248884
n1555	1199	0	0	58	143.80461046873884
n1556	1201	0	0	63	143.87405484373883
n1557	1202	0	0	67	143.96219578123882
n1558	1203	0	0	68	144.0343110937388
n1563	1204	0	0	69	144.1237874999888
n1564	1205	0	0	72	144.19056093748878
n1565	1206	0	0	70	144.27202453123877
n1566	1207	0	0	79	144.35615906248876
n1572	1213	0	0	58	144.49371234373874
n1571	1209	0	0	68	144.46433203123874
n1567	1208	0	0	74	144.45631921873874
n1568	1210	0	0	77	144.53511187498873
n1579	1212	0	0	67	144.62592374998871
n1574	1214	0	0	67	144.7047164062387
n1573	1211	0	0	75	144.60722718748872
n1580	1216	0	0	51	144.8008701562387
n1575	1215	0	0	70	144.7781671874887
n1576	1217	0	0	75	144.84761156248868
n1577	1218	0	0	79	144.93308156248867
n1578	1219	0	0	80	145.00119046873866
n1583	1220	0	0	81	145.09333781248864
n1584	1221	0	0	84	145.16411765623863
n1585	1222	0	0	82	145.24958765623862
n1586	1223	0	0	91	145.3243739062386
n1591	1227	0	0	70	145.45124343748859
n1592	1226	0	0	79	145.4231985937386
n1587	1224	0	0	86	145.4138503124886
n1588	1225	0	0	89	145.51801687498858
n1599	1230	0	0	67	145.63420265623856
n1600	1228	0	0	75	145.62618984373856
n1594	1231	0	0	82	145.70097609373855
n1593	1229	0	0	87	145.61016421873856
n1596	1233	0	0	75	145.88527078123852
n1595	1232	0	0	79	145.77976874998853
n1598	1235	0	0	67	146.0401851562385
n1597	1234	0	0	70	145.9573860937385
n1609	1243	0	0	48	146.18308031248847
n1604	1237	0	0	55	146.33398828123845
n1603	1236	0	0	63	146.23249265623846
n1605	1238	0	0	60	146.41010999998844
n1606	1239	0	0	63	146.49290906248842
n1608	1241	0	0	65	146.6598426562384
n1607	1240	0	0	67	146.5850564062384
n1616	1247	0	0	41	146.7266160937384
n1611	1244	0	0	56	146.83612453123837
n1610	1242	0	0	63	146.73596437498838
n1613	1246	0	0	60	147.00572906248834
n1612	1245	0	0	62	146.92426546873835
n1617	1249	0	0	43	147.09253453123833
n1615	1250	0	0	55	147.1980365624883
n1614	1248	0	0	59	147.10989562498833
n1619	1251	0	0	56	147.2781646874883
n1620	1252	0	0	57	147.37031203123829
n1621	1253	0	0	58	147.47314312498827
n1622	1254	0	0	67	147.53991656248826
n1628	1261	0	0	46	147.64408312498824
n1627	1256	0	0	56	147.62672203123824
n1623	1255	0	0	62	147.62138015623825
n1624	1257	0	0	65	147.70818562498823
n1635	1258	0	0	55	147.78297187498822
n1630	1260	0	0	55	147.8791256249882
n1629	1259	0	0	63	147.77495906248822
n1636	1263	0	0	39	147.9579182812382
n1631	1262	0	0	58	147.9552473437382
n1632	1264	0	0	63	148.01534343748818
n1633	1265	0	0	67	148.10615531248817
n1634	1266	0	0	68	148.18094156248816
n1639	1267	0	0	69	148.26908249998814
n1640	1268	0	0	72	148.34921062498813
n1641	1269	0	0	70	148.41464859373812
n1642	1270	0	0	79	148.5067959374881
n1648	1276	0	0	58	148.6283235937381
n1647	1272	0	0	68	148.5989432812381
n1643	1271	0	0	74	148.5976078124881
n1644	1273	0	0	77	148.67239406248808
n1655	1274	0	0	67	148.74985124998807
n1650	deletion
n1649	1275	0	0	75	148.75252218748807
n1656	1277	0	0	51	148.91678484373804
n1651	1278	0	0	70	148.91010749998804
n1652	1279	0	0	75	148.97020359373803
n1653	1280	0	0	79	149.06235093748802
n1654	1281	0	0	80	149.125117968738
n1659	1282	0	0	81	149.219936249988
n1660	1283	0	0	84	149.277361406238
n1661	1284	0	0	82	149.37084421873797
n1662	1285	0	0	82	149.47367531248796
n1667	1289	0	0	70	149.62725421873793
n1668	1287	0	0	79	149.60722218748793
n1664	1288	0	0	94	149.69536312498792
n1663	1286	0	0	96	149.59119656248794
n1675	1291	0	0	67	149.7968587499879
n1676	1290	0	0	75	149.7901814062379
n1670	1293	0	0	87	149.8649676562379
n1669	1292	0	0	91	149.7875104687379
n1672	1295	0	0	82	150.02388843748787
n1671	1294	0	0	84	149.93708296873788
n1674	1297	0	0	75	150.18681562498784
n1673	1296	0	0	79	150.10401656248786
n1680	1299	0	0	69	150.35107828123782
n1679	1298	0	0	72	150.27095015623783
n1682	1301	0	0	70	150.5099990624878
n1681	1300	0	0	72	150.4325418749878
n1687	1305	0	0	58	150.63286218748777
n1688	1304	0	0	67	150.61817203123778
n1684	1303	0	0	82	150.71299031248776
n1683	1302	0	0	84	150.63152671873777
n1695	1309	0	0	55	150.82650515623774
n1696	1308	0	0	63	150.81315046873775
n1690	1307	0	0	75	150.89594953123773
n1689	1306	0	0	79	150.80780859373775
n1692	1311	0	0	70	151.0735668749877
n1691	1310	0	0	72	150.98008406248772
n1694	1313	0	0	63	151.23916499998768
n1693	1312	0	0	67	151.1590368749877
n1700	1315	0	0	57	151.42078874998765
n1699	1314	0	0	60	151.34066062498766
n1702	1317	0	0	58	151.58905781248762
n1701	1316	0	0	60	151.50892968748764
n1708	1320	0	0	58	151.7706815624876
n1707	1318	0	0	60	151.7039081249876
n1704	1321	0	0	70	151.7840362499876
n1703	1319	0	0	72	151.7039081249876
n1716	1325	0	0	51	151.95096984373757
n1715	1322	0	0	55	151.86683531248758
n1710	1324	0	0	63	151.94562796873757
n1709	1323	0	0	67	151.87084171873758
n1718	1329	0	0	46	152.10054234373754
n1717	1327	0	0	48	152.02976249998756
n1712	1328	0	0	58	152.10321328123754
n1711	1326	0	0	60	152.02308515623756
n1720	1332	0	0	51	152.27682421873752
n1719	1330	0	0	55	152.19803156248753
n1723	1339	0	0	55	152.50118296873748
n1730	deletion
n1714	1333	0	0	63	152.26213406248752
n1713	1331	0	0	67	152.18067046873753
n1728	1337	0	0	46	152.4330740624875
n1727	1335	0	0	48	152.3502749999875
n1722	1336	0	0	58	152.4210548437375
n1721	1334	0	0	60	152.3382557812375
n1729	1338	0	0	43	152.52121499998748
n1724	1340	0	0	67	152.59600124998747
n1732	1342	0	0	48	152.74690921873744
n1731	1341	0	0	51	152.67880031248745
n1726	1344	0	0	60	152.75492203123744
n1725	1343	0	0	63	152.67078749998745
n1740	1347	0	0	43	152.88980437498742
n1739	1345	0	0	46	152.82570187498743
n1734	1349	0	0	55	152.90716546873742
n1733	1346	0	0	58	152.82970828123743
n1742	1351	0	0	48	153.0487251562374
n1741	1348	0	0	51	152.9899645312374
n1736	1352	0	0	60	153.0714281249874
n1735	1350	0	0	63	152.9899645312374
n1744	1355	0	0	43	153.25038093748736
n1743	1353	0	0	46	153.13953703123738
n1738	1356	0	0	55	153.26106468748736
n1737	1354	0	0	58	153.16090453123738
n1752	1359	0	0	38	153.46405593748733
n1751	1357	0	0	39	153.37725046873734
n1746	1360	0	0	50	153.49877812498733
n1745	1358	0	0	51	153.38259234373734
n1754	1363	0	0	39	153.6536924999873
n1753	1361	0	0	41	153.56822249998731
n1748	1364	0	0	51	153.6590343749873
n1747	1362	0	0	53	153.5909254687373
n1755	1366	0	0	37	153.7471753124873
n1756	1367	0	0	41	153.83531624998727
n1749	1365	0	0	49	153.7311496874873
n1750	1368	0	0	53	153.82196156248727
n1764	1371	0	0	36	154.00892718748725
n1763	1369	0	0	39	153.91945078123726
n1758	1372	0	0	48	153.99557249998725
n1757	1370	0	0	51	153.89808328123726
n1766	1375	0	0	39	154.19856374998722
n1765	1373	0	0	41	154.10508093748723
n1760	1376	0	0	51	154.16117062498722
n1759	1374	0	0	53	154.08638437498723
n1767	1378	0	0	35	154.2640017187372
n1768	1379	0	0	41	154.3561490624872
n1761	1377	0	0	47	154.2453051562372
n1762	1380	0	0	53	154.3401234374872
n1776	1384	0	0	34	154.52575359373716
n1775	1382	0	0	39	154.43360624998718
n1770	1383	0	0	46	154.51239890623717
n1769	1381	0	0	51	154.42292249998718
n1778	1388	0	0	39	154.69402265623714
n1777	1385	0	0	41	154.60721718748715
n1772	1387	0	0	51	154.67666156248714
n1771	1386	0	0	53	154.60721718748715
n1779	1390	0	0	33	154.77014437498713
n1780	1391	0	0	41	154.8609562499871
n1773	1389	0	0	45	154.75812515623713
n1774	1392	0	0	53	154.8502724999871
n1788	1395	0	0	36	155.0238834374871
n1787	1393	0	0	39	154.9504326562371
n1782	1396	0	0	48	155.04792187498708
n1781	1394	0	0	51	154.9571099999871
n1790	1398	0	0	39	155.17212046873706
n1789	1397	0	0	41	155.08130859373708
n1792	deletion
n1784	1401	0	0	51	155.20150078123706
n1783	1399	0	0	53	155.12404359373707
n1786	deletion
n1791	1400	0	0	34	155.22553921873705
n1785	1402	0	0	46	155.27895796873705
n1796	1405	0	0	27	155.500645781237
n1793	1406	0	0	39	155.495303906237
n1806	1409	0	0	55	156.164373749987
n1807	1410	0	0	58	156.156360937487
n1808	1408	0	0	63	156.147012656237
n1809	1407	0	0	67	156.138999843737
n1799	1412	0	0	75	156.143006249987
n1800	1411	0	0	87	156.138999843737
n1811	1415	0	0	27	156.95363578123698
n1813	1417	0	0	27	157.07649890623696
n1817	1421	0	0	27	157.20336843748694
n1812	1413	0	0	39	156.95096484373698
n1814	1418	0	0	39	157.06715062498697
n1818	1423	0	0	39	157.19134921873695
n1802	1414	0	0	51	156.96298406248698
n1804	1419	0	0	51	157.07916984373696
n1815	1424	0	0	51	157.18734281248695
n1803	1416	0	0	63	156.96298406248698
n1805	1420	0	0	63	157.07649890623696
n1816	1422	0	0	63	157.18467187498695
insertion	158	0	0	84	10.888076718750009
insertion	376	0	0	68	25.97219625000001
insertion	387	0	0	68	26.654620781250006
insertion	469	0	0	55	30.249702656249955
insertion	518	0	0	56	40.82661515624928
insertion	661	0	0	37	67.28358656249694
insertion	688	0	0	62	72.71360249999631
insertion	714	0	0	61	78.03277453124575
insertion	824	0	0	56	101.35673624999367
insertion	910	0	0	47	116.62381499999215
insertion	911	0	0	35	116.62915687499215
insertion	1032	0	0	92	132.53058328124044
insertion	1045	0	0	68	133.17160828124034
insertion	1403	0	0	43	155.37911812498703
insertion	1404	0	0	55	155.36709890623703
