xml_id	midi_id	track	channel	pitch	onset
n4	3	1	0	60	1.0541666666666667
n2	1	1	0	65	0.6020833333333333
n1	0	1	0	67	0.5
n3	2	1	0	67	0.7541666666666667
n8	5	1	0	67	1.3510416666666667
n6	4	1	0	69	1.3041666666666667
n9	6	1	0	69	1.3854166666666667
n7	7	1	0	67	1.9427083333333335
n12	9	1	0	64	2.8770833333333337
n11	8	1	0	65	2.7458333333333336
n15	12	1	0	64	3.261458333333333
n13	10	1	0	65	3.0052083333333335
n16	13	1	0	65	3.3906249999999996
n14	11	1	0	67	3.1333333333333333
n18	14	1	0	62	3.536458333333333
n20	16	1	0	64	3.817708333333333
n19	15	1	0	65	3.6760416666666664
n21	17	1	0	65	3.9468749999999995
n24	20	1	0	65	4.3531249999999995
n22	18	1	0	67	4.088541666666666
n25	21	1	0	67	4.492708333333333
n23	19	1	0	69	4.220833333333333
n33	23	1	0	62	4.761458333333333
n32	22	1	0	64	4.630208333333333
n34	24	1	0	64	4.904166666666667
n35	26	1	0	65	5.048958333333332
n29	27	1	0	71	5.029166666666666
n28	25	1	0	72	4.908333333333333
n38	32	1	0	62	5.476041666666667
n36	29	1	0	64	5.1812499999999995
n39	33	1	0	64	5.602083333333333
n37	30	1	0	65	5.327083333333333
n31	31	1	0	67	5.451041666666667
n30	28	1	0	72	5.169791666666666
n44	37	1	0	59	5.853125
n43	35	1	0	60	5.747916666666667
n45	38	1	0	60	6.009375
n46	39	1	0	62	6.152083333333334
n51	36	1	0	74	5.747916666666667
n41	34	1	0	76	5.709375
n52	40	1	0	76	5.805208333333334
n49	44	1	0	59	6.580208333333333
n47	41	1	0	60	6.298958333333333
n50	45	1	0	60	6.710416666666666
n48	42	1	0	62	6.447916666666666
n42	43	1	0	74	6.3218749999999995
n60	46	1	0	57	6.856249999999999
n61	47	1	0	59	6.993749999999999
n62	49	1	0	60	7.133333333333331
n63	50	1	0	62	7.273958333333331
n55	51	1	0	71	7.261458333333331
n54	48	1	0	72	7.126041666666665
n64	52	1	0	64	7.410416666666665
n65	54	1	0	66	7.532291666666664
n66	59	1	0	67	7.672916666666663
n58	56	1	0	71	7.679166666666663
n56	53	1	0	72	7.394791666666665
n59	57	1	0	72	7.817708333333329
n57	55	1	0	74	7.524999999999998
n78	63	1	0	64	8.352083333333331
n77	61	1	0	66	8.234374999999996
n68	58	1	0	69	7.955208333333329
n70	62	1	0	71	8.23020833333333
n69	60	1	0	72	8.092708333333329
n71	65	1	0	72	8.360416666666664
n79	64	1	0	66	8.446874999999997
n74	70	1	0	72	8.756249999999998
n72	67	1	0	74	8.47395833333333
n75	71	1	0	74	8.883333333333331
n73	68	1	0	76	8.599999999999998
n92	76	1	0	53	9.438541666666666
n91	75	1	0	55	9.314583333333331
n89	82	1	0	67	9.051041666666665
n82	73	1	0	69	9.187499999999998
n81	72	1	0	71	9.039583333333331
n83	74	1	0	71	9.321874999999999
n84	77	1	0	72	9.456249999999999
n94	81	1	0	48	9.872916666666667
n93	78	1	0	55	9.584375
n87	83	1	0	69	9.872916666666667
n85	79	1	0	71	9.588541666666666
n88	84	1	0	71	9.995833333333334
n86	80	1	0	72	9.733333333333334
n107	86	1	0	55	10.193750000000001
n105	85	1	0	57	10.148958333333335
n108	89	1	0	57	10.246875000000001
n100	88	1	0	64	10.286458333333334
n101	91	1	0	65	10.460416666666669
n96	90	1	0	69	10.620833333333335
n95	87	1	0	72	10.148958333333335
n106	94	1	0	55	10.734375000000002
n103	93	1	0	62	10.906250000000002
n104	95	1	0	64	11.038541666666669
n98	96	1	0	67	11.170833333333336
n97	92	1	0	70	10.76666666666667
n117	100	1	0	52	11.708333333333337
n116	98	1	0	53	11.587500000000004
n113	99	1	0	62	11.598958333333337
n109	97	1	0	69	11.312500000000004
n120	105	1	0	52	12.131250000000005
n118	101	1	0	53	11.85104166666667
n121	106	1	0	53	12.265625000000004
n119	103	1	0	55	11.993750000000004
n114	104	1	0	67	11.85104166666667
n110	102	1	0	71	11.85104166666667
n111	107	1	0	72	12.121875000000005
n130	108	1	0	50	12.415625000000004
n132	113	1	0	52	12.690625000000006
n131	110	1	0	53	12.550000000000004
n133	115	1	0	53	12.828125000000005
n125	111	1	0	65	12.41041666666667
n127	112	1	0	67	12.68645833333334
n126	109	1	0	69	12.54479166666667
n128	114	1	0	69	12.805208333333338
n123	117	1	0	72	12.68645833333334
n136	120	1	0	53	13.246875000000006
n134	116	1	0	55	12.971875000000006
n137	122	1	0	55	13.376041666666673
n135	118	1	0	57	13.106250000000006
n129	119	1	0	62	12.96770833333334
n124	121	1	0	71	13.246875000000006
n147	126	1	0	50	13.65833333333334
n146	125	1	0	52	13.516666666666673
n148	127	1	0	52	13.804166666666672
n149	129	1	0	53	13.937500000000005
n143	123	1	0	60	13.52083333333334
n138	124	1	0	72	13.52083333333334
n140	130	1	0	77	13.933333333333339
n139	128	1	0	79	13.808333333333339
n152	135	1	0	50	14.359375000000005
n150	132	1	0	52	14.087500000000004
n153	136	1	0	52	14.493750000000006
n151	133	1	0	53	14.227083333333338
n142	134	1	0	72	14.359375000000005
n141	131	1	0	79	14.07604166666667
n161	138	1	0	52	14.810416666666672
n160	137	1	0	53	14.646875000000007
n162	141	1	0	53	14.937500000000005
n163	142	1	0	55	15.06458333333334
n157	143	1	0	71	15.050000000000006
n156	140	1	0	72	14.933333333333339
n154	139	1	0	81	14.641666666666673
n166	148	1	0	52	15.485416666666675
n164	145	1	0	53	15.209375000000009
n167	150	1	0	53	15.603125000000007
n165	146	1	0	55	15.327083333333341
n159	147	1	0	67	15.485416666666675
n158	144	1	0	72	15.192708333333341
n155	149	1	0	79	15.192708333333341
n176	154	1	0	49	15.921875000000009
n175	151	1	0	50	15.770833333333341
n177	155	1	0	50	16.063541666666673
n178	157	1	0	52	16.183333333333344
n173	153	1	0	74	15.770833333333341
n168	152	1	0	78	15.763541666666674
n170	158	1	0	79	16.166666666666675
n169	156	1	0	81	16.046875000000007
n181	164	1	0	52	16.598958333333343
n179	161	1	0	54	16.302083333333343
n182	165	1	0	54	16.70625000000001
n180	162	1	0	55	16.45000000000001
n174	159	1	0	72	16.313541666666676
n172	163	1	0	74	16.586458333333344
n171	160	1	0	81	16.313541666666676
n191	168	1	0	54	17.03437500000001
n190	166	1	0	55	16.882291666666678
n192	171	1	0	55	17.181250000000013
n193	173	1	0	57	17.288541666666678
n185	167	1	0	71	16.87500000000001
n187	172	1	0	72	17.27916666666668
n186	169	1	0	74	17.15625000000001
n183	170	1	0	83	16.86979166666668
n196	178	1	0	53	17.707291666666677
n194	175	1	0	55	17.427083333333343
n197	180	1	0	55	17.83645833333334
n195	176	1	0	57	17.554166666666678
n189	177	1	0	69	17.698958333333344
n188	174	1	0	74	17.41875000000001
n184	179	1	0	81	17.414583333333344
n206	184	1	0	50	18.13020833333334
n205	183	1	0	52	17.97604166666667
n207	186	1	0	52	18.273958333333336
n208	189	1	0	54	18.39479166666667
n203	181	1	0	76	17.966666666666672
n198	182	1	0	80	17.966666666666672
n200	187	1	0	81	18.387500000000003
n199	185	1	0	83	18.25729166666667
n211	194	1	0	54	18.80937500000001
n209	191	1	0	56	18.532291666666673
n212	195	1	0	56	18.92500000000001
n210	192	1	0	57	18.661458333333343
n204	188	1	0	74	18.525000000000006
n202	193	1	0	76	18.801041666666677
n201	190	1	0	83	18.528125000000006
n220	198	1	0	56	19.227083333333347
n219	196	1	0	57	19.095833333333346
n221	200	1	0	57	19.37291666666668
n222	202	1	0	59	19.504166666666677
n214	197	1	0	72	19.08854166666668
n216	201	1	0	74	19.506250000000012
n215	199	1	0	76	19.38854166666668
n213	209	1	0	84	19.08854166666668
n225	207	1	0	55	19.938541666666676
n223	204	1	0	57	19.65729166666668
n226	208	1	0	57	20.076041666666672
n224	205	1	0	59	19.790625000000013
n217	203	1	0	76	19.661458333333346
n218	206	1	0	81	19.938541666666676
n234	213	1	0	52	20.495833333333337
n232	210	1	0	54	20.217708333333338
n235	214	1	0	54	20.62604166666667
n233	211	1	0	55	20.35416666666667
n231	221	1	0	74	20.217708333333338
n228	212	1	0	84	20.49166666666667
n236	216	1	0	55	20.76666666666667
n239	220	1	0	55	21.188541666666673
n237	217	1	0	57	20.91979166666667
n238	219	1	0	59	21.050000000000004
n230	218	1	0	79	21.04791666666667
n229	215	1	0	83	20.770833333333336
n249	223	1	0	59	21.476041666666674
n248	222	1	0	60	21.344791666666673
n250	225	1	0	60	21.612500000000008
n251	227	1	0	62	21.739583333333336
n245	226	1	0	71	21.734375000000004
n244	224	1	0	72	21.612500000000008
n240	228	1	0	76	21.325000000000006
n254	233	1	0	59	22.165625
n252	230	1	0	60	21.883333333333336
n255	235	1	0	60	22.29375
n253	232	1	0	62	22.020833333333332
n246	229	1	0	69	21.895833333333336
n247	234	1	0	71	22.17083333333333
n241	231	1	0	78	21.883333333333336
n242	236	1	0	79	22.17083333333333
n270	238	1	0	62	22.441666666666666
n263	241	1	0	67	22.862499999999997
n262	239	1	0	69	22.738541666666666
n258	240	1	0	76	22.848958333333332
n257	237	1	0	78	22.729166666666668
n265	249	1	0	62	23.273958333333336
n264	248	1	0	69	22.99895833333333
n259	242	1	0	78	22.98333333333333
n267	244	1	0	78	23.12708333333333
n269	246	1	0	78	23.25625
n266	243	1	0	79	23.055208333333333
n268	245	1	0	79	23.2
n260	247	1	0	79	23.38229166666667
n277	250	1	0	55	23.56458333333334
n279	254	1	0	65	23.994791666666675
n278	253	1	0	67	23.87083333333334
n275	252	1	0	71	23.58958333333334
n272	255	1	0	76	23.877083333333342
n271	251	1	0	79	23.58333333333334
n282	260	1	0	65	24.408333333333346
n280	257	1	0	67	24.130208333333343
n283	261	1	0	67	24.548958333333346
n276	256	1	0	69	24.15000000000001
n281	258	1	0	69	24.277083333333344
n273	259	1	0	73	24.144791666666677
n274	262	1	0	74	24.41979166666668
n299	264	1	0	64	24.695833333333347
n294	267	1	0	65	25.096875000000015
n293	265	1	0	67	24.981250000000014
n285	263	1	0	79	24.82708333333335
n287	268	1	0	81	25.089583333333348
n286	266	1	0	82	24.953125000000014
n297	274	1	0	65	25.50416666666668
n295	270	1	0	67	25.23333333333335
n298	276	1	0	67	25.636458333333348
n296	272	1	0	69	25.37395833333335
n291	275	1	0	74	25.625000000000014
n290	273	1	0	76	25.50416666666668
n289	271	1	0	77	25.36354166666668
n288	269	1	0	79	25.23333333333335
n312	280	1	0	62	26.062500000000014
n303	277	1	0	64	25.76770833333335
n305	281	1	0	65	26.05104166666668
n304	278	1	0	67	25.903125000000014
n306	283	1	0	67	26.184375000000014
n300	279	1	0	73	25.76770833333335
n301	282	1	0	74	26.062500000000014
n313	284	1	0	53	26.32708333333335
n314	287	1	0	57	26.611458333333346
n309	288	1	0	67	26.60729166666668
n307	285	1	0	69	26.32708333333335
n310	290	1	0	69	26.723958333333346
n308	286	1	0	70	26.461458333333347
n302	289	1	0	73	26.611458333333346
n328	292	1	0	50	26.87291666666668
n321	294	1	0	64	27.011458333333344
n320	291	1	0	65	26.87291666666668
n322	295	1	0	65	27.142708333333346
n323	297	1	0	67	27.291666666666682
n317	298	1	0	73	27.28020833333335
n316	296	1	0	74	27.150000000000013
n326	303	1	0	64	27.70104166666669
n324	300	1	0	65	27.422916666666687
n327	304	1	0	65	27.84166666666669
n325	301	1	0	67	27.542708333333355
n319	302	1	0	69	27.70104166666669
n318	299	1	0	74	27.420833333333352
n334	306	1	0	60	28.13750000000002
n333	305	1	0	62	28.001041666666687
n335	308	1	0	62	28.276041666666686
n336	309	1	0	64	28.401041666666686
n331	307	1	0	77	27.980208333333355
n339	313	1	0	60	28.817708333333357
n337	310	1	0	62	28.54375000000002
n340	314	1	0	62	28.93854166666669
n338	311	1	0	64	28.684375000000024
n332	312	1	0	76	28.555208333333354
n349	315	1	0	59	29.07916666666669
n350	316	1	0	60	29.208333333333357
n351	317	1	0	62	29.361458333333356
n352	319	1	0	64	29.49479166666669
n344	320	1	0	72	29.49479166666669
n343	318	1	0	74	29.361458333333356
n353	322	1	0	66	29.633333333333354
n354	323	1	0	68	29.763541666666686
n355	329	1	0	69	29.906250000000018
n347	325	1	0	72	29.90208333333335
n345	321	1	0	74	29.633333333333354
n348	326	1	0	74	30.046875000000018
n346	324	1	0	76	29.755208333333353
n367	332	1	0	66	30.556250000000016
n366	330	1	0	68	30.457291666666684
n357	327	1	0	71	30.18333333333335
n359	331	1	0	72	30.447916666666686
n358	328	1	0	74	30.321875000000016
n360	334	1	0	74	30.584375000000016
n368	333	1	0	68	30.645833333333346
n370	340	1	0	68	30.767708333333346
n372	deletion
n374	deletion
n369	335	1	0	69	30.70104166666668
n371	deletion
n373	deletion
n363	338	1	0	74	30.979166666666675
n361	336	1	0	76	30.696875000000013
n364	339	1	0	76	31.116666666666674
n362	337	1	0	77	30.819791666666678
n382	343	1	0	68	31.38645833333334
n381	342	1	0	69	31.265625000000007
n383	344	1	0	69	31.552083333333343
n384	346	1	0	71	31.673958333333342
n376	341	1	0	72	31.254166666666674
n378	347	1	0	74	31.660416666666677
n377	345	1	0	76	31.534375000000008
n387	352	1	0	67	32.09270833333334
n385	349	1	0	69	31.806250000000006
n388	353	1	0	69	32.21562500000001
n386	350	1	0	71	31.93333333333334
n380	351	1	0	72	32.076041666666676
n379	348	1	0	76	31.806250000000006
n395	356	1	0	64	32.51041666666668
n394	355	1	0	66	32.36770833333335
n396	358	1	0	66	32.667708333333344
n397	359	1	0	67	32.794791666666676
n391	357	1	0	72	32.64895833333335
n390	354	1	0	81	32.34479166666668
n400	364	1	0	64	33.22500000000001
n398	361	1	0	66	32.940625000000004
n401	365	1	0	66	33.35208333333334
n399	362	1	0	67	33.06250000000001
n392	360	1	0	69	32.93333333333334
n393	363	1	0	74	33.21562500000001
n409	368	1	0	66	33.636458333333344
n408	367	1	0	67	33.48958333333334
n410	369	1	0	67	33.77500000000001
n411	371	1	0	69	33.90416666666668
n403	366	1	0	71	33.49479166666668
n405	372	1	0	72	33.89583333333335
n404	370	1	0	74	33.77083333333334
n414	377	1	0	65	34.32187500000002
n412	374	1	0	67	34.05000000000001
n415	378	1	0	67	34.44895833333336
n413	375	1	0	69	34.18541666666668
n407	376	1	0	71	34.31770833333335
n406	373	1	0	74	34.03750000000001
n422	381	1	0	62	34.75312500000003
n421	380	1	0	64	34.60833333333336
n423	383	1	0	64	34.88125000000003
n424	384	1	0	65	35.00833333333336
n418	382	1	0	70	34.87187500000003
n417	379	1	0	79	34.59270833333336
n427	389	1	0	62	35.4291666666667
n425	386	1	0	64	35.15520833333337
n428	390	1	0	64	35.55208333333338
n426	387	1	0	65	35.27187500000004
n419	385	1	0	67	35.1510416666667
n420	388	1	0	72	35.42708333333337
n438	393	1	0	64	35.84687500000004
n437	392	1	0	65	35.70729166666671
n439	394	1	0	65	35.98958333333337
n440	396	1	0	67	36.117708333333375
n430	391	1	0	69	35.70312500000004
n432	397	1	0	72	36.117708333333375
n431	395	1	0	74	35.98958333333337
n443	402	1	0	64	36.52604166666671
n441	399	1	0	65	36.25729166666671
n444	405	1	0	65	36.65729166666671
n442	400	1	0	67	36.379166666666706
n435	403	1	0	72	36.52604166666671
n433	398	1	0	74	36.25937500000004
n436	404	1	0	74	36.65729166666671
n434	401	1	0	76	36.383333333333375
n454	406	1	0	62	36.814583333333374
n456	412	1	0	65	37.211458333333375
n455	409	1	0	67	37.07500000000004
n447	408	1	0	69	36.935416666666704
n446	407	1	0	71	36.798958333333374
n448	410	1	0	71	37.07916666666671
n449	411	1	0	72	37.211458333333375
n459	417	1	0	65	37.61875000000004
n457	413	1	0	67	37.34270833333338
n460	419	1	0	67	37.75729166666672
n458	415	1	0	69	37.488541666666706
n452	418	1	0	69	37.62291666666671
n450	414	1	0	71	37.35416666666671
n453	420	1	0	71	37.74270833333338
n451	416	1	0	72	37.486458333333374
n470	423	1	0	62	38.03437500000004
n469	422	1	0	64	37.89479166666671
n471	424	1	0	64	38.16770833333338
n472	426	1	0	65	38.30000000000005
n462	421	1	0	67	37.90625000000004
n464	427	1	0	71	38.29479166666671
n463	425	1	0	72	38.16354166666671
n475	432	1	0	62	38.70208333333339
n473	428	1	0	64	38.44062500000005
n476	435	1	0	64	38.832291666666734
n474	430	1	0	65	38.56458333333339
n467	433	1	0	70	38.71041666666673
n465	429	1	0	72	38.44062500000005
n468	434	1	0	72	38.8395833333334
n466	431	1	0	74	38.56041666666672
n486	436	1	0	60	38.99062500000007
n488	441	1	0	64	39.39270833333341
n487	440	1	0	65	39.258333333333404
n479	438	1	0	67	39.11875000000008
n478	437	1	0	69	38.98229166666674
n480	439	1	0	69	39.264583333333405
n481	442	1	0	70	39.39270833333341
n491	448	1	0	64	39.80833333333341
n489	443	1	0	65	39.53020833333341
n492	449	1	0	65	39.94375000000008
n490	445	1	0	67	39.672916666666744
n484	447	1	0	67	39.80833333333341
n482	444	1	0	69	39.53125000000008
n485	450	1	0	69	39.93020833333341
n483	446	1	0	70	39.66562500000008
n496	455	1	0	60	40.232291666666754
n495	452	1	0	62	40.09062500000009
n497	457	1	0	62	40.36250000000009
n498	460	1	0	64	40.509375000000084
n494	451	1	0	65	40.09479166666676
n504	454	1	0	65	40.30208333333342
n506	458	1	0	65	40.47916666666675
n508	461	1	0	65	40.64791666666675
n510	464	1	0	65	40.794791666666754
n503	453	1	0	67	40.19479166666675
n505	456	1	0	67	40.40208333333342
n507	459	1	0	67	40.55520833333342
n509	462	1	0	67	40.71562500000009
n501	469	1	0	60	40.923958333333424
n499	463	1	0	62	40.64791666666675
n502	471	1	0	62	41.052083333333435
n500	465	1	0	64	40.779166666666754
n519	474	1	0	57	41.3500000000001
n518	473	1	0	59	41.19895833333344
n520	476	1	0	59	41.4843750000001
n521	478	1	0	60	41.62395833333343
n526	475	1	0	65	41.19895833333344
n515	479	1	0	72	41.631250000000094
n514	477	1	0	74	41.494791666666764
n524	484	1	0	57	42.03958333333343
n522	481	1	0	59	41.76145833333343
n525	485	1	0	59	42.1625000000001
n523	482	1	0	60	41.89479166666676
n517	483	1	0	65	42.03541666666676
n516	480	1	0	74	41.76354166666676
n541	491	1	0	47	42.75416666666677
n540	489	1	0	48	42.61979166666677
n536	493	1	0	60	42.319791666666774
n529	487	1	0	62	42.47395833333344
n528	486	1	0	64	42.319791666666774
n530	488	1	0	64	42.61979166666677
n531	490	1	0	65	42.73854166666677
n543	496	1	0	43	43.18750000000011
n542	492	1	0	48	42.90208333333344
n538	499	1	0	59	43.198958333333444
n534	497	1	0	62	43.194791666666774
n532	494	1	0	64	42.90208333333344
n535	500	1	0	64	43.330208333333445
n533	495	1	0	65	43.03958333333344
n554	498	1	0	52	43.47708333333345
n550	504	1	0	57	43.76145833333345
n549	503	1	0	59	43.61041666666678
n544	502	1	0	60	43.50312500000011
n545	505	1	0	60	43.908333333333445
n555	510	1	0	50	44.07083333333345
n553	509	1	0	55	44.341666666666775
n552	508	1	0	57	44.20937500000011
n546	507	1	0	59	44.05729166666678
n547	511	1	0	59	44.46562500000011
n563	514	1	0	47	45.06145833333345
n562	512	1	0	48	44.937500000000114
n559	513	1	0	55	44.972916666666784
n556	518	1	0	57	44.65729166666678
n566	520	1	0	47	45.48645833333345
n564	516	1	0	48	45.20833333333345
n567	522	1	0	48	45.626041666666794
n565	517	1	0	50	45.34895833333345
n560	515	1	0	54	45.23958333333345
n561	519	1	0	55	45.50520833333346
n557	521	1	0	59	45.492708333333454
n575	523	1	0	45	45.78333333333346
n577	527	1	0	47	46.06250000000013
n576	524	1	0	48	45.925000000000125
n578	529	1	0	48	46.20104166666679
n573	528	1	0	52	46.20833333333346
n571	525	1	0	54	45.93020833333346
n572	526	1	0	55	46.081250000000125
n568	533	1	0	60	45.78020833333346
n581	534	1	0	48	46.635416666666806
n579	531	1	0	50	46.33854166666679
n582	535	1	0	50	46.75104166666681
n580	532	1	0	52	46.49895833333346
n574	530	1	0	54	46.356250000000124
n569	536	1	0	57	46.62187500000013
n588	537	1	0	47	46.90833333333347
n590	539	1	0	48	47.20416666666681
n589	538	1	0	50	47.06041666666681
n591	541	1	0	50	47.354166666666806
n586	540	1	0	59	47.19062500000014
n583	547	1	0	62	46.92395833333347
n594	545	1	0	50	47.773958333333475
n592	542	1	0	52	47.481250000000145
n595	546	1	0	52	47.904166666666804
n593	543	1	0	53	47.622916666666804
n587	544	1	0	55	47.48437500000014
n584	548	1	0	59	47.773958333333475
n605	549	1	0	48	48.07500000000014
n607	551	1	0	50	48.37187500000013
n606	550	1	0	52	48.223958333333464
n608	553	1	0	52	48.511458333333465
n600	552	1	0	60	48.36250000000013
n596	560	1	0	64	48.078125000000135
n603	557	1	0	52	48.92291666666681
n601	554	1	0	53	48.65833333333347
n604	558	1	0	53	49.04791666666681
n602	555	1	0	55	48.79895833333347
n598	556	1	0	57	48.63020833333347
n597	559	1	0	60	48.92708333333348
n614	561	1	0	50	49.20625000000014
n616	563	1	0	52	49.493750000000134
n615	562	1	0	53	49.357291666666804
n617	565	1	0	53	49.62812500000014
n612	564	1	0	62	49.49895833333347
n609	570	1	0	65	49.21562500000014
n620	569	1	0	53	50.053125000000136
n618	566	1	0	55	49.7822916666668
n621	572	1	0	55	50.19166666666681
n619	568	1	0	57	49.92500000000013
n613	567	1	0	59	49.7822916666668
n610	571	1	0	62	50.048958333333466
n630	574	1	0	50	50.476041666666816
n629	573	1	0	52	50.33229166666681
n631	576	1	0	52	50.610416666666815
n632	578	1	0	53	50.75833333333348
n626	575	1	0	59	50.61979166666681
n622	577	1	0	67	50.33229166666681
n635	584	1	0	50	51.16666666666682
n633	580	1	0	52	50.88958333333348
n636	586	1	0	52	51.2927083333335
n634	581	1	0	53	51.02812500000015
n627	579	1	0	60	50.88958333333348
n628	583	1	0	62	51.176041666666826
n623	582	1	0	69	50.89375000000015
n624	585	1	0	71	51.17083333333349
n643	588	1	0	48	51.4489583333335
n644	589	1	0	50	51.5802083333335
n646	592	1	0	50	51.86562500000017
n645	591	1	0	52	51.73437500000017
n638	587	1	0	64	51.45729166666683
n640	593	1	0	65	51.86562500000017
n639	590	1	0	67	51.73437500000017
n637	628	1	0	72	51.45729166666683
n650	600	1	0	43	52.40000000000017
n649	598	1	0	45	52.262500000000166
n648	596	1	0	46	52.119791666666835
n647	595	1	0	48	51.99062500000017
n642	597	1	0	60	52.2677083333335
n641	594	1	0	67	51.998958333333505
n655	603	1	0	40	52.655208333333505
n654	602	1	0	41	52.530208333333505
n656	604	1	0	41	52.79895833333351
n657	605	1	0	43	52.95208333333351
n652	599	1	0	69	52.52291666666684
n660	609	1	0	40	53.366666666666845
n658	607	1	0	41	53.08645833333351
n661	611	1	0	41	53.50104166666684
n659	608	1	0	43	53.226041666666845
n653	610	1	0	67	53.10833333333351
n670	612	1	0	38	53.63958333333351
n671	613	1	0	45	53.78020833333351
n672	615	1	0	47	53.91458333333351
n673	616	1	0	48	54.05104166666685
n665	617	1	0	64	54.05104166666685
n664	614	1	0	65	53.91875000000018
n674	619	1	0	50	54.18333333333352
n677	624	1	0	50	54.58750000000019
n675	620	1	0	52	54.31041666666685
n676	622	1	0	53	54.459375000000186
n668	623	1	0	64	54.46458333333352
n666	618	1	0	65	54.18645833333352
n669	625	1	0	65	54.60104166666686
n667	621	1	0	67	54.322916666666856
n688	655	1	0	55	54.73645833333352
n680	626	1	0	62	54.74166666666686
n682	629	1	0	64	55.01354166666685
n681	627	1	0	65	54.87812500000019
n683	630	1	0	65	55.140625000000185
n686	634	1	0	65	55.57395833333352
n684	631	1	0	67	55.29062500000019
n687	635	1	0	67	55.70104166666685
n685	632	1	0	69	55.43125000000019
n679	633	1	0	71	55.29062500000019
n694	637	1	0	62	55.98541666666685
n693	636	1	0	64	55.84583333333352
n695	638	1	0	64	56.13437500000019
n696	640	1	0	65	56.26875000000019
n690	641	1	0	71	56.25729166666685
n689	639	1	0	72	56.12083333333352
n699	646	1	0	62	56.689583333333516
n697	643	1	0	64	56.41145833333352
n700	647	1	0	64	56.818750000000186
n698	644	1	0	65	56.54479166666685
n692	645	1	0	67	56.689583333333516
n691	642	1	0	72	56.38958333333352
n705	651	1	0	59	57.08645833333352
n704	649	1	0	60	56.97812500000018
n706	652	1	0	60	57.23958333333351
n707	653	1	0	62	57.38750000000018
n702	648	1	0	76	56.95208333333352
n710	659	1	0	59	57.801041666666855
n708	656	1	0	60	57.53333333333352
n711	660	1	0	60	57.92395833333352
n709	657	1	0	62	57.65416666666685
n703	658	1	0	74	57.52916666666685
n720	661	1	0	57	58.068750000000186
n721	662	1	0	59	58.207291666666855
n722	663	1	0	60	58.35729166666685
n723	665	1	0	62	58.50000000000019
n715	666	1	0	71	58.48437500000019
n714	664	1	0	72	58.35104166666685
n729	672	1	0	59	58.904166666666875
n724	667	1	0	64	58.62291666666687
n725	669	1	0	66	58.745833333333536
n726	671	1	0	67	58.900000000000205
n718	673	1	0	71	58.886458333333536
n716	668	1	0	72	58.62291666666687
n719	674	1	0	72	59.02604166666687
n717	670	1	0	74	58.750000000000206
n742	678	1	0	57	59.44583333333354
n741	675	1	0	60	59.177083333333535
n739	681	1	0	67	59.44583333333354
n730	676	1	0	69	59.163541666666866
n732	679	1	0	71	59.44583333333354
n731	677	1	0	72	59.296875000000206
n733	682	1	0	72	59.589583333333536
n744	685	1	0	50	59.9750000000002
n743	680	1	0	62	59.7156250000002
n740	687	1	0	66	60.01354166666686
n736	686	1	0	72	59.99791666666686
n734	683	1	0	74	59.7250000000002
n737	688	1	0	74	60.1250000000002
n735	684	1	0	76	59.8656250000002
n753	692	1	0	42	60.402083333333536
n752	691	1	0	43	60.26979166666687
n754	694	1	0	43	60.54583333333353
n755	696	1	0	45	60.68020833333354
n750	689	1	0	67	60.27395833333354
n745	690	1	0	71	60.27395833333354
n747	695	1	0	72	60.68020833333354
n746	693	1	0	74	60.5500000000002
n758	701	1	0	45	61.08750000000021
n756	698	1	0	47	60.81562500000021
n759	702	1	0	47	61.21354166666688
n757	699	1	0	48	60.93854166666688
n749	700	1	0	67	61.10416666666688
n748	697	1	0	74	60.82291666666688
n768	704	1	0	47	61.537500000000215
n767	703	1	0	48	61.38125000000021
n769	707	1	0	48	61.67500000000022
n770	708	1	0	50	61.793750000000216
n764	709	1	0	65	61.78854166666688
n763	706	1	0	67	61.67500000000022
n760	705	1	0	76	61.394791666666876
n773	714	1	0	47	62.20520833333356
n771	711	1	0	48	61.934375000000216
n774	716	1	0	48	62.34270833333356
n772	712	1	0	50	62.05000000000022
n766	713	1	0	62	62.212500000000226
n765	710	1	0	67	61.934375000000216
n761	715	1	0	74	61.934375000000216
n783	720	1	0	44	62.612500000000225
n782	717	1	0	45	62.49062500000022
n784	722	1	0	45	62.75104166666689
n785	724	1	0	47	62.882291666666895
n780	719	1	0	69	62.47916666666689
n775	718	1	0	72	62.476041666666895
n777	723	1	0	74	62.89583333333356
n776	721	1	0	76	62.77187500000023
n788	730	1	0	47	63.2916666666669
n786	727	1	0	48	63.01875000000023
n789	731	1	0	48	63.42187500000023
n787	728	1	0	50	63.1479166666669
n781	725	1	0	67	63.027083333333564
n779	729	1	0	69	63.310416666666896
n778	726	1	0	76	63.033333333333566
n798	734	1	0	48	63.74583333333356
n797	732	1	0	50	63.59375000000023
n799	737	1	0	50	63.880208333333556
n800	739	1	0	52	64.00833333333357
n792	733	1	0	65	63.59375000000023
n794	738	1	0	67	63.9947916666669
n793	736	1	0	69	63.87083333333356
n790	735	1	0	77	63.59375000000023
n803	744	1	0	48	64.42604166666688
n801	741	1	0	50	64.14687500000022
n804	746	1	0	50	64.5562500000002
n802	742	1	0	52	64.28020833333355
n796	743	1	0	64	64.42083333333355
n795	740	1	0	69	64.13958333333356
n791	745	1	0	76	64.13437500000023
n813	750	1	0	45	64.82708333333355
n812	747	1	0	47	64.69270833333354
n814	752	1	0	47	64.96458333333355
n815	754	1	0	48	65.10416666666687
n810	749	1	0	71	64.68333333333354
n805	748	1	0	74	64.68333333333354
n807	753	1	0	76	65.10416666666687
n806	751	1	0	77	64.96979166666688
n818	760	1	0	48	65.51979166666683
n816	757	1	0	50	65.2406250000002
n819	761	1	0	50	65.64479166666682
n817	758	1	0	52	65.36666666666683
n811	755	1	0	69	65.24583333333352
n809	759	1	0	71	65.52916666666682
n808	756	1	0	77	65.25000000000018
n828	764	1	0	50	65.95416666666682
n827	762	1	0	52	65.81041666666682
n829	767	1	0	52	66.09479166666682
n830	769	1	0	53	66.21979166666682
n822	763	1	0	67	65.81458333333349
n824	768	1	0	69	66.21979166666682
n823	766	1	0	71	66.09479166666682
n820	765	1	0	79	65.81458333333349
n833	773	1	0	50	66.63125000000014
n831	771	1	0	52	66.36145833333347
n834	775	1	0	52	66.76666666666682
n832	772	1	0	53	66.49270833333347
n826	774	1	0	67	66.63958333333348
n825	770	1	0	71	66.35520833333348
n821	776	1	0	77	66.35729166666681
n841	780	1	0	47	67.06041666666681
n840	777	1	0	48	66.91354166666682
n842	781	1	0	48	67.19687500000015
n843	782	1	0	50	67.33958333333348
n838	778	1	0	72	66.92916666666682
n835	779	1	0	76	66.92500000000015
n836	783	1	0	77	67.20208333333348
n846	786	1	0	50	67.7604166666668
n844	784	1	0	52	67.4885416666668
n847	788	1	0	52	67.88958333333346
n845	785	1	0	53	67.62604166666681
n839	787	1	0	70	67.50208333333347
n837	793	1	0	79	67.49791666666681
n854	792	1	0	52	68.44791666666679
n851	789	1	0	53	68.04270833333347
n853	791	1	0	53	68.31666666666679
n852	790	1	0	55	68.17500000000013
n850	794	1	0	69	68.0541666666668
n858	799	1	0	45	69.0166666666668
n857	798	1	0	47	68.87916666666679
n856	797	1	0	48	68.73750000000013
n855	795	1	0	50	68.60000000000012
n849	804	1	0	77	68.60000000000012
n863	801	1	0	43	69.30416666666679
n864	802	1	0	45	69.44791666666679
n862	800	1	0	47	69.15104166666679
n865	803	1	0	47	69.56562500000013
n861	805	1	0	67	69.15104166666679
n868	808	1	0	47	69.9875000000001
n866	806	1	0	48	69.71250000000012
n869	809	1	0	48	70.1093750000001
n867	807	1	0	50	69.84791666666678
n860	810	1	0	76	69.71250000000012
n874	811	1	0	45	70.27395833333344
n876	813	1	0	47	70.54479166666677
n875	812	1	0	48	70.40520833333345
n877	815	1	0	48	70.67708333333343
n873	823	1	0	65	70.2656250000001
n878	816	1	0	50	70.80416666666676
n881	820	1	0	50	71.21666666666677
n879	817	1	0	52	70.93645833333343
n880	819	1	0	53	71.08645833333344
n872	818	1	0	72	71.07708333333343
n871	814	1	0	74	70.80416666666676
n889	824	1	0	53	71.65833333333342
n887	821	1	0	55	71.38645833333342
n890	826	1	0	55	71.80312500000008
n888	822	1	0	57	71.52708333333342
n883	827	1	0	67	71.65833333333342
n882	825	1	0	71	71.38020833333343
n893	830	1	0	55	72.22812500000008
n891	828	1	0	57	71.94687500000008
n894	831	1	0	57	72.34479166666674
n892	829	1	0	59	72.08229166666675
n886	833	1	0	64	71.95625000000008
n884	832	1	0	72	71.94166666666675
n904	836	1	0	52	72.77604166666674
n902	834	1	0	53	72.49479166666674
n905	837	1	0	53	72.90416666666674
n903	835	1	0	55	72.62604166666674
n897	839	1	0	62	72.49479166666674
n908	844	1	0	53	73.33229166666675
n906	838	1	0	55	73.05312500000007
n909	845	1	0	55	73.45833333333341
n907	841	1	0	57	73.19375000000008
n901	846	1	0	62	73.45729166666675
n900	843	1	0	64	73.33229166666675
n899	842	1	0	65	73.18229166666674
n896	840	1	0	71	73.04791666666674
n921	847	1	0	52	73.61562500000008
n922	851	1	0	53	73.88229166666673
n917	852	1	0	65	73.8864583333334
n915	849	1	0	67	73.60625000000007
n918	854	1	0	67	74.01562500000007
n916	850	1	0	69	73.73958333333341
n910	848	1	0	72	73.60625000000007
n911	853	1	0	74	73.87812500000007
n923	855	1	0	55	74.16250000000007
n924	858	1	0	56	74.4270833333334
n920	860	1	0	62	74.4552083333334
n919	856	1	0	64	74.16250000000007
n912	857	1	0	67	74.16250000000007
n914	861	1	0	71	74.57291666666673
n913	859	1	0	72	74.30000000000007
n934	862	1	0	45	74.72395833333339
n936	867	1	0	53	75.16145833333339
n935	866	1	0	55	75.03541666666672
n933	886	1	0	60	74.72916666666671
n928	868	1	0	62	75.16250000000005
n927	865	1	0	64	75.03541666666672
n926	864	1	0	65	74.89062500000006
n925	863	1	0	72	74.72916666666671
n938	872	1	0	48	75.5958333333334
n937	869	1	0	55	75.31145833333338
n931	874	1	0	62	75.58437500000007
n929	870	1	0	64	75.3166666666667
n932	873	1	0	64	75.71250000000006
n930	871	1	0	65	75.43958333333339
n948	875	1	0	57	75.87395833333338
n940	878	1	0	64	75.97812500000006
n939	876	1	0	65	75.85208333333338
n941	879	1	0	65	76.14062500000006
n942	880	1	0	67	76.3083333333334
n949	884	1	0	55	76.46041666666673
n945	885	1	0	64	76.72812500000006
n943	882	1	0	65	76.4458333333334
n946	887	1	0	65	76.85416666666673
n944	883	1	0	67	76.58854166666673
n961	892	1	0	52	77.40312500000007
n960	891	1	0	53	77.27291666666675
n951	889	1	0	60	77.13125000000008
n950	888	1	0	62	76.99375000000008
n952	890	1	0	62	77.27291666666675
n953	893	1	0	64	77.40312500000007
n963	897	1	0	50	77.83541666666675
n962	894	1	0	53	77.53958333333341
n956	898	1	0	60	77.82812500000009
n954	895	1	0	62	77.54895833333342
n957	899	1	0	62	77.95312500000009
n955	896	1	0	64	77.68750000000009
n975	900	1	0	55	78.11041666666675
n973	907	1	0	60	78.36979166666674
n965	903	1	0	62	78.22500000000008
n964	901	1	0	64	78.10000000000008
n966	904	1	0	64	78.37500000000007
n967	905	1	0	65	78.5208333333334
n976	902	1	0	53	78.15208333333342
n980	913	1	0	53	78.67916666666675
n986	918	1	0	53	79.65312500000003
n974	910	1	0	59	78.96354166666673
n970	911	1	0	62	78.9614583333334
n968	908	1	0	64	78.68333333333341
n971	912	1	0	64	79.09166666666673
n969	909	1	0	65	78.8270833333334
n984	915	1	0	50	79.38437500000005
n983	914	1	0	52	79.24687500000006
n985	916	1	0	52	79.51875000000004
n979	917	1	0	55	79.5260416666667
n977	948	1	0	60	79.23229166666673
n978	deletion
n982	922	1	0	48	80.0604166666667
n989	923	1	0	50	80.06562500000003
n987	920	1	0	52	79.80312500000002
n990	924	1	0	52	80.19479166666669
n988	921	1	0	53	79.9041666666667
n981	919	1	0	55	79.79375000000003
n995	928	1	0	52	80.46666666666673
n994	927	1	0	53	80.3416666666667
n996	930	1	0	53	80.61250000000005
n997	931	1	0	55	80.7427083333334
n992	925	1	0	57	80.33125000000003
n1000	935	1	0	52	81.17187500000006
n998	933	1	0	53	80.88437500000006
n1001	936	1	0	53	81.30104166666672
n993	932	1	0	55	80.88854166666673
n999	934	1	0	55	81.03229166666672
n1009	938	1	0	48	81.57916666666672
n1008	937	1	0	50	81.43437500000006
n1010	940	1	0	50	81.71354166666673
n1005	941	1	0	52	81.8395833333334
n1011	deletion
n1004	939	1	0	53	81.72083333333339
n1015	947	1	0	45	82.39583333333339
n1014	946	1	0	47	82.27083333333339
n1013	944	1	0	48	82.12708333333339
n1012	943	1	0	50	81.98229166666673
n1007	945	1	0	50	82.25833333333338
n1006	942	1	0	53	81.98229166666673
n1024	951	1	0	41	82.68437500000005
n1023	949	1	0	43	82.54895833333337
n1025	952	1	0	43	82.82500000000005
n1026	954	1	0	45	82.95833333333339
n1020	950	1	0	55	82.53958333333338
n1017	953	1	0	59	82.81562500000004
n1030	962	1	0	38	83.50312500000004
n1029	960	1	0	40	83.3697916666667
n1028	958	1	0	41	83.21770833333336
n1027	956	1	0	43	83.10625000000003
n1021	955	1	0	57	83.10625000000003
n1022	959	1	0	59	83.3791666666667
n1018	957	1	0	60	83.09895833333337
n1019	961	1	0	62	83.3791666666667
n1041	964	1	0	36	83.65520833333338
n1042	966	1	0	48	83.80937500000005
n1044	971	1	0	48	84.07708333333338
n1043	968	1	0	52	83.94687500000005
n1038	972	1	0	57	84.09062500000005
n1037	967	1	0	58	83.95416666666671
n1036	963	1	0	60	83.65208333333338
n1031	965	1	0	64	83.65520833333338
n1033	970	1	0	65	84.07708333333338
n1032	969	1	0	67	83.94687500000005
n1045	975	1	0	36	84.21979166666671
n1046	976	1	0	48	84.35937500000006
n1048	980	1	0	48	84.6479166666667
n1047	979	1	0	55	84.51666666666672
n1039	973	1	0	58	84.22812500000005
n1035	978	1	0	60	84.52187500000005
n1040	977	1	0	64	84.52187500000005
n1034	974	1	0	67	84.22812500000005
n1053	981	1	0	36	84.80312500000004
n1054	982	1	0	38	84.96354166666671
n1055	985	1	0	40	85.10312500000005
n1056	986	1	0	41	85.24375000000005
n1051	984	1	0	65	84.81354166666671
n1049	983	1	0	69	84.81354166666671
n1057	987	1	0	43	85.39270833333339
n1058	988	1	0	45	85.52083333333339
n1059	989	1	0	47	85.65000000000005
n1060	992	1	0	48	85.78437500000004
n1052	991	1	0	64	85.3864583333334
n1050	990	1	0	67	85.39062500000006
n1065	993	1	0	36	85.94062500000004
n1066	994	1	0	48	86.07812500000004
n1068	998	1	0	48	86.36458333333339
n1067	995	1	0	50	86.22708333333338
n1062	997	1	0	64	86.35520833333338
n1061	996	1	0	65	86.22708333333338
n1069	1000	1	0	36	86.50312500000005
n1070	1001	1	0	48	86.62187500000006
n1072	1004	1	0	48	86.90312500000006
n1071	1003	1	0	53	86.77500000000006
n1064	1002	1	0	62	86.78854166666673
n1063	999	1	0	65	86.49166666666672
n1082	1010	1	0	45	87.49062500000005
n1079	1005	1	0	47	87.07916666666672
n1081	1009	1	0	47	87.35625000000006
n1080	1006	1	0	48	87.22291666666672
n1076	1011	1	0	60	87.49062500000005
n1075	1008	1	0	62	87.36562500000005
n1073	1007	1	0	67	87.0739583333334
n1086	1019	1	0	38	88.03437500000003
n1085	1016	1	0	40	87.91458333333335
n1084	1014	1	0	41	87.75625000000002
n1083	1012	1	0	43	87.63437500000003
n1078	1015	1	0	55	87.91041666666669
n1077	1013	1	0	62	87.63020833333337
n1074	1017	1	0	65	87.62291666666671
n1098	1021	1	0	36	88.17395833333336
n1099	1022	1	0	48	88.30416666666669
n1101	1027	1	0	48	88.59583333333335
n1100	1023	1	0	50	88.45937500000002
n1095	1024	1	0	59	88.46562500000002
n1087	1018	1	0	60	88.16041666666669
n1088	1020	1	0	64	88.16250000000002
n1089	1025	1	0	65	88.44375000000002
n1090	1026	1	0	68	88.44375000000002
n1103	1032	1	0	48	88.884375
n1105	1037	1	0	48	89.18541666666665
n1102	1030	1	0	52	88.75000000000001
n1104	1034	1	0	53	89.03020833333332
n1096	1029	1	0	60	88.74062500000001
n1097	1033	1	0	62	89.03437499999998
n1091	1028	1	0	64	88.75000000000001
n1112	1038	1	0	64	89.32395833333332
n1110	deletion
n1092	1031	1	0	67	88.75000000000001
n1093	1035	1	0	68	89.03437499999998
n1094	1036	1	0	71	89.02499999999999
n1118	1042	1	0	48	89.47291666666665
n1120	1047	1	0	48	89.78437499999998
n1117	1040	1	0	55	89.33333333333331
n1119	1045	1	0	56	89.63854166666665
n1113	1044	1	0	59	89.63437499999999
n1108	1043	1	0	62	89.63854166666665
n1109	1046	1	0	65	89.63854166666665
n1106	1039	1	0	67	89.32916666666665
n1107	1041	1	0	72	89.32916666666665
n1123	1052	1	0	47	90.25937500000002
n1122	1051	1	0	48	90.08020833333335
n1124	1054	1	0	48	90.40625000000001
n1121	1049	1	0	55	89.95729166666668
n1114	1048	1	0	60	89.95520833333335
n1115	1050	1	0	64	89.95729166666668
n1116	1053	1	0	64	90.26458333333335
n1111	1055	1	0	72	90.27083333333334
n1135	1058	1	0	41	90.67916666666669
n1131	1057	1	0	57	90.66562500000002
n1125	1056	1	0	62	90.67916666666669
n1129	deletion
n1126	1059	1	0	72	91.12916666666669
n1137	1063	1	0	43	91.6479166666667
n1133	1062	1	0	55	91.6385416666667
n1130	1060	1	0	62	91.6385416666667
n1127	1061	1	0	65	91.63645833333337
n1128	1064	1	0	71	92.32812500000003
n1143	1069	1	0	36	93.21979166666668
n1139	1065	1	0	60	93.21979166666668
n1140	1067	1	0	64	93.22500000000001
n1141	1068	1	0	67	93.22500000000001
n1142	1066	1	0	72	93.21354166666669
insertion	69	1	0	66	8.563541666666664
insertion	66	1	0	67	8.490624999999998
insertion	293	1	0	74	26.868750000000013
insertion	467	1	0	65	40.94166666666676
insertion	470	1	0	65	41.077083333333434
insertion	466	1	0	67	40.894791666666755
insertion	468	1	0	67	41.016666666666765
insertion	472	1	0	67	41.1312500000001
insertion	506	1	0	52	43.56562500000011
insertion	501	1	0	50	43.515625000000114
insertion	601	1	0	67	52.5708333333335
insertion	606	1	0	69	52.635416666666835
insertion	654	1	0	76	57.046875000000185
insertion	650	1	0	74	56.99166666666685
insertion	796	1	0	78	68.67395833333346
insertion	877	1	0	55	75.91562500000005
insertion	881	1	0	57	75.96875000000006
insertion	906	1	0	55	78.21354166666674
insertion	926	1	0	55	80.38541666666671
insertion	929	1	0	57	80.44062500000005
