xml_id	midi_id	track	channel	pitch	onset
n4	3	1	0	66	1.0703125
n1	0	1	0	68	0.5
n3	2	1	0	68	0.9361979166666667
n5	4	1	0	68	1.1731770833333333
n2	1	1	0	70	0.8255208333333334
n7	6	1	0	73	1.640625
n6	5	1	0	77	1.3411458333333333
n11	9	1	0	65	2.311197916666666
n10	8	1	0	66	2.2018229166666665
n9	7	1	0	68	1.93359375
n12	10	1	0	66	2.467447916666666
n13	11	1	0	75	2.744791666666666
n14	12	1	0	65	3.0052083333333326
n15	13	1	0	73	3.2825520833333326
n16	14	1	0	63	3.5664062499999996
n17	15	1	0	72	3.8398437499999996
n19	16	1	0	61	4.113281249999999
n21	18	1	0	72	4.51171875
n20	17	1	0	73	4.380208333333333
n34	21	1	0	61	4.897135416666667
n22	19	1	0	73	4.635416666666667
n23	20	1	0	75	4.75
n24	22	1	0	77	4.890625
n25	23	1	0	78	5.00390625
n37	28	1	0	61	5.382812499999998
n36	26	1	0	63	5.268229166666666
n38	30	1	0	63	5.507812499999998
n35	24	1	0	65	5.14453125
n28	29	1	0	77	5.404947916666665
n27	27	1	0	79	5.272135416666666
n29	31	1	0	79	5.531249999999998
n26	25	1	0	80	5.149739583333333
n40	35	1	0	68	5.920572916666665
n39	32	1	0	72	5.666666666666665
n33	37	1	0	75	6.040364583333333
n32	36	1	0	77	5.923177083333332
n31	34	1	0	78	5.787760416666665
n30	33	1	0	80	5.662760416666665
n57	40	1	0	60	6.598958333333334
n56	39	1	0	61	6.485677083333334
n55	38	1	0	63	6.184895833333333
n42	42	1	0	77	6.1875
n58	41	1	0	61	6.738281250000001
n59	44	1	0	70	6.998697916666668
n45	45	1	0	73	7.010416666666668
n44	43	1	0	75	6.897135416666668
n46	46	1	0	77	7.131510416666667
n60	47	1	0	60	7.276041666666667
n61	50	1	0	68	7.545572916666667
n49	51	1	0	72	7.536458333333334
n48	49	1	0	73	7.382812500000001
n47	48	1	0	75	7.272135416666667
n50	52	1	0	75	7.647135416666668
n62	53	1	0	58	7.790364583333335
n63	57	1	0	67	8.04166666666667
n54	58	1	0	70	8.122395833333337
n52	55	1	0	72	7.901041666666668
n51	54	1	0	73	7.794270833333335
n53	56	1	0	73	8.028645833333336
n70	59	1	0	56	8.278645833333337
n72	64	1	0	67	8.657552083333337
n71	63	1	0	68	8.552083333333337
n65	60	1	0	70	8.282552083333337
n66	61	1	0	72	8.375000000000004
n67	62	1	0	75	8.565104166666671
n86	67	1	0	56	9.045572916666673
n73	65	1	0	68	8.783854166666671
n76	69	1	0	68	9.15364583333334
n74	66	1	0	70	8.901041666666673
n75	68	1	0	72	9.045572916666673
n68	74	1	0	78	8.783854166666671
n89	76	1	0	54	9.524739583333337
n88	72	1	0	56	9.421875000000004
n90	78	1	0	56	9.648437500000005
n87	71	1	0	58	9.29427083333334
n79	75	1	0	70	9.537760416666671
n78	73	1	0	72	9.412760416666671
n80	77	1	0	72	9.652343750000005
n77	70	1	0	73	9.304687500000005
n92	82	1	0	61	10.045572916666671
n91	79	1	0	65	9.795572916666673
n84	84	1	0	68	10.167968750000004
n83	83	1	0	70	10.042968750000005
n82	81	1	0	72	9.91927083333334
n81	80	1	0	73	9.79036458333334
n69	85	1	0	77	9.79036458333334
n114	89	1	0	53	10.69140625
n113	87	1	0	54	10.596354166666668
n112	86	1	0	56	10.308593750000002
n99	88	1	0	70	10.305989583333336
n115	90	1	0	54	10.83203125
n116	92	1	0	63	11.087239583333334
n102	93	1	0	66	11.079427083333334
n101	91	1	0	68	10.962239583333334
n103	94	1	0	70	11.188802083333334
n94	95	1	0	75	10.833333333333334
n117	96	1	0	53	11.338541666666668
n118	99	1	0	61	11.595052083333336
n106	100	1	0	65	11.593750000000002
n105	98	1	0	66	11.440104166666668
n104	97	1	0	68	11.347656250000002
n107	102	1	0	68	11.692708333333336
n96	101	1	0	73	11.578125000000002
n119	104	1	0	51	11.833333333333337
n120	107	1	0	60	12.080729166666673
n111	109	1	0	63	12.184895833333341
n109	106	1	0	65	11.93880208333334
n108	103	1	0	66	11.834635416666671
n110	108	1	0	66	12.084635416666673
n97	105	1	0	72	11.837239583333337
n98	111	1	0	75	12.07942708333334
n133	110	1	0	49	12.332031250000009
n135	115	1	0	60	12.729166666666675
n134	113	1	0	61	12.621093750000009
n127	114	1	0	65	12.354166666666675
n122	112	1	0	68	12.631510416666675
n136	116	1	0	61	12.861979166666675
n139	120	1	0	61	13.230468750000009
n137	117	1	0	63	12.992187500000009
n138	119	1	0	65	13.121093750000009
n129	118	1	0	68	13.130208333333343
n123	121	1	0	77	12.861979166666675
n140	122	1	0	58	13.360677083333343
n143	127	1	0	58	13.72656250000001
n141	124	1	0	60	13.498697916666677
n142	125	1	0	61	13.631510416666677
n130	123	1	0	73	13.381510416666677
n125	128	1	0	73	13.721354166666677
n124	126	1	0	77	13.611979166666677
n144	129	1	0	55	13.85937500000001
n147	134	1	0	55	14.225260416666677
n145	130	1	0	56	13.97656250000001
n146	132	1	0	58	14.10156250000001
n126	131	1	0	70	13.861979166666677
n132	135	1	0	70	14.22265625000001
n131	133	1	0	73	14.106770833333345
n160	136	1	0	48	14.369791666666675
n162	139	1	0	58	14.739583333333341
n161	137	1	0	60	14.640625000000009
n154	140	1	0	63	14.361979166666675
n149	138	1	0	70	14.647135416666675
n163	141	1	0	60	14.872395833333341
n166	145	1	0	60	15.238281250000005
n164	142	1	0	61	14.986979166666673
n165	144	1	0	63	15.140625000000005
n156	143	1	0	67	15.13411458333334
n150	146	1	0	75	14.875000000000007
n167	147	1	0	56	15.390625000000005
n170	152	1	0	56	15.748697916666673
n168	148	1	0	58	15.518229166666671
n169	150	1	0	60	15.647135416666673
n157	149	1	0	72	15.397135416666671
n152	153	1	0	72	15.756510416666673
n151	151	1	0	75	15.63802083333334
n171	154	1	0	53	15.873697916666673
n174	159	1	0	53	16.234375000000007
n172	155	1	0	55	16.01692708333334
n173	157	1	0	56	16.11458333333334
n153	156	1	0	68	15.881510416666673
n159	160	1	0	68	16.24479166666667
n158	158	1	0	72	16.12630208333334
n191	161	1	0	46	16.389322916666675
n193	165	1	0	56	16.779947916666675
n192	162	1	0	58	16.664062500000007
n183	164	1	0	61	16.390625000000007
n176	163	1	0	68	16.67317708333334
n194	166	1	0	58	16.91666666666668
n197	170	1	0	58	17.256510416666675
n195	167	1	0	60	17.01953125000001
n196	169	1	0	61	17.153645833333343
n185	168	1	0	65	17.157552083333343
n177	171	1	0	73	16.91015625000001
n198	172	1	0	55	17.394531250000007
n201	179	1	0	55	17.74479166666667
n199	174	1	0	56	17.51432291666667
n200	176	1	0	58	17.63541666666667
n186	173	1	0	70	17.402343750000007
n181	178	1	0	70	17.74479166666667
n179	175	1	0	72	17.52604166666667
n180	177	1	0	73	17.63411458333334
n202	180	1	0	51	17.88020833333334
n205	186	1	0	51	18.22135416666667
n203	181	1	0	53	18.003906250000007
n204	183	1	0	55	18.119791666666675
n190	185	1	0	70	18.21223958333334
n188	182	1	0	73	17.996093750000007
n189	184	1	0	75	18.108072916666675
n182	188	1	0	82	17.878906250000007
n231	187	1	0	44	18.378906250000004
n232	192	1	0	56	18.625
n233	193	1	0	58	18.734375
n220	189	1	0	72	18.378906250000004
n208	191	1	0	79	18.630208333333332
n207	190	1	0	80	18.485677083333336
n209	194	1	0	82	18.744791666666668
n235	198	1	0	56	19.127604166666664
n234	195	1	0	60	18.880208333333332
n222	200	1	0	68	19.123697916666664
n211	197	1	0	75	18.999999999999996
n212	199	1	0	77	19.121093749999996
n213	201	1	0	78	19.233072916666664
n210	196	1	0	80	18.87109375
n236	205	1	0	61	19.361979166666664
n225	207	1	0	65	19.613281249999996
n224	204	1	0	67	19.48567708333333
n226	209	1	0	67	19.718749999999996
n216	206	1	0	73	19.61067708333333
n215	203	1	0	75	19.492187499999993
n217	208	1	0	75	19.721354166666664
n214	202	1	0	77	19.378906249999996
n237	212	1	0	60	19.86848958333333
n230	216	1	0	63	20.22395833333333
n229	215	1	0	65	20.11848958333333
n228	213	1	0	66	19.97916666666666
n227	210	1	0	68	19.850260416666664
n219	214	1	0	80	20.121093749999996
n218	211	1	0	84	19.863281249999996
n261	219	1	0	56	20.660156249999993
n260	217	1	0	58	20.394531249999993
n247	221	1	0	65	20.38932291666666
n240	222	1	0	72	20.785156249999993
n239	220	1	0	73	20.67057291666666
n238	218	1	0	75	20.39322916666666
n262	223	1	0	55	20.923177083333325
n250	227	1	0	61	21.16927083333332
n249	225	1	0	63	21.029947916666657
n251	228	1	0	65	21.283854166666657
n241	224	1	0	73	20.921874999999993
n242	226	1	0	82	21.16406249999999
n263	230	1	0	56	21.423177083333325
n254	233	1	0	60	21.674479166666657
n253	232	1	0	61	21.55468749999999
n252	231	1	0	63	21.436197916666657
n255	235	1	0	63	21.782552083333325
n243	229	1	0	72	21.419270833333325
n244	234	1	0	80	21.67968749999999
n264	238	1	0	51	21.945312499999993
n259	242	1	0	58	22.31119791666666
n257	239	1	0	60	22.04817708333333
n256	236	1	0	61	21.953124999999993
n258	241	1	0	61	22.20442708333333
n245	237	1	0	70	21.942708333333325
n246	240	1	0	79	22.199218749999996
n287	249	1	0	56	22.453124999999996
n281	243	1	0	60	22.44661458333333
n282	246	1	0	63	22.716145833333332
n265	244	1	0	68	22.44401041666666
n266	245	1	0	70	22.562499999999996
n267	247	1	0	72	22.709635416666664
n268	248	1	0	73	22.809895833333336
n290	256	1	0	60	23.298177083333332
n289	254	1	0	63	23.190104166666668
n283	251	1	0	68	22.970052083333336
n271	253	1	0	68	23.190104166666668
n270	252	1	0	70	23.055989583333336
n269	250	1	0	72	22.958333333333336
n272	255	1	0	72	23.29296875
n291	258	1	0	56	23.438802083333332
n285	263	1	0	56	23.796875
n284	260	1	0	59	23.677083333333332
n275	261	1	0	74	23.686197916666664
n274	259	1	0	75	23.555989583333332
n273	257	1	0	77	23.438802083333332
n276	262	1	0	77	23.790364583333332
n286	265	1	0	53	23.928385416666668
n294	269	1	0	53	24.289062500000004
n293	267	1	0	56	24.180989583333336
n279	268	1	0	77	24.174479166666668
n278	266	1	0	78	24.037760416666668
n277	264	1	0	80	23.921875
n280	270	1	0	80	24.29166666666667
n320	272	1	0	50	24.45052083333334
n313	274	1	0	53	24.72395833333334
n314	275	1	0	56	24.842447916666675
n299	276	1	0	80	24.838541666666675
n295	deletion
n298	273	1	0	82	24.72135416666667
n296	deletion
n297	271	1	0	83	24.44791666666667
n322	282	1	0	53	25.22005208333334
n315	280	1	0	59	24.97916666666667
n303	281	1	0	74	25.326822916666675
n302	279	1	0	75	25.22005208333334
n301	278	1	0	77	25.07682291666667
n300	277	1	0	78	24.96354166666667
n323	285	1	0	54	25.501302083333343
n324	288	1	0	56	25.727864583333346
n316	283	1	0	58	25.475260416666675
n318	292	1	0	58	25.972656250000014
n325	deletion
n317	287	1	0	59	25.726562500000014
n304	284	1	0	75	25.485677083333343
n307	290	1	0	75	25.841145833333346
n306	289	1	0	77	25.726562500000014
n305	286	1	0	78	25.597656250000014
n326	296	1	0	46	26.204427083333346
n319	294	1	0	50	26.208333333333346
n311	297	1	0	68	26.31250000000001
n310	295	1	0	70	26.196614583333346
n308	291	1	0	74	25.951822916666682
n309	293	1	0	77	26.078125000000014
n346	299	1	0	39	26.48177083333334
n343	300	1	0	51	26.480468750000007
n330	303	1	0	62	26.83463541666667
n329	302	1	0	63	26.72526041666667
n328	301	1	0	65	26.58723958333334
n327	298	1	0	66	26.470052083333343
n348	306	1	0	51	27.20052083333334
n331	304	1	0	63	26.95833333333334
n332	305	1	0	65	27.061197916666675
n333	307	1	0	66	27.19270833333334
n334	308	1	0	68	27.300781250000007
n351	314	1	0	51	27.661458333333336
n350	311	1	0	53	27.566406250000004
n352	315	1	0	53	27.783854166666668
n349	309	1	0	54	27.42708333333334
n337	313	1	0	66	27.682291666666668
n336	312	1	0	68	27.571614583333336
n338	316	1	0	68	27.7890625
n335	310	1	0	70	27.44401041666667
n354	320	1	0	58	28.18359375
n353	317	1	0	61	27.947916666666664
n342	322	1	0	65	28.299479166666664
n341	321	1	0	66	28.18359375
n340	319	1	0	68	28.036458333333332
n339	318	1	0	70	27.932291666666664
n370	325	1	0	49	28.8359375
n369	324	1	0	51	28.733072916666664
n368	323	1	0	53	28.463541666666664
n355	327	1	0	66	28.464843749999996
n371	326	1	0	51	28.975260416666668
n372	329	1	0	60	29.234375
n358	330	1	0	63	29.243489583333332
n357	328	1	0	65	29.106770833333336
n359	331	1	0	66	29.338541666666664
n373	332	1	0	49	29.480468749999996
n374	335	1	0	58	29.740885416666668
n362	336	1	0	61	29.729166666666668
n361	334	1	0	63	29.595052083333332
n360	333	1	0	65	29.490885416666664
n363	337	1	0	65	29.825520833333336
n375	338	1	0	48	29.994791666666668
n376	341	1	0	57	30.22265625
n367	343	1	0	60	30.3125
n365	340	1	0	61	30.071614583333332
n364	339	1	0	63	29.977864583333336
n366	342	1	0	63	30.20703125
n394	344	1	0	46	30.444010416666668
n396	350	1	0	57	30.792968750000004
n395	348	1	0	58	30.684895833333336
n377	345	1	0	61	30.444010416666668
n378	346	1	0	65	30.567708333333332
n380	349	1	0	65	30.80729166666667
n379	347	1	0	66	30.691406250000004
n397	351	1	0	58	30.927083333333336
n400	355	1	0	58	31.274739583333332
n398	352	1	0	60	31.0390625
n399	353	1	0	61	31.173177083333332
n388	354	1	0	65	31.205729166666664
n381	356	1	0	73	30.946614583333336
n401	357	1	0	55	31.421874999999996
n404	364	1	0	55	31.776041666666668
n402	359	1	0	56	31.539062499999996
n403	361	1	0	58	31.670572916666664
n389	358	1	0	70	31.432291666666664
n385	363	1	0	70	31.776041666666668
n383	360	1	0	72	31.550781249999996
n384	362	1	0	73	31.660156249999996
n405	366	1	0	51	31.90494791666667
n408	371	1	0	51	32.23177083333335
n406	367	1	0	53	32.01692708333334
n407	369	1	0	55	32.12630208333335
n393	372	1	0	70	32.244791666666686
n391	368	1	0	73	32.02213541666668
n392	370	1	0	75	32.147135416666686
n386	365	1	0	82	31.898437500000004
n426	374	1	0	44	32.38281250000002
n428	379	1	0	55	32.736979166666686
n427	376	1	0	56	32.62239583333335
n410	375	1	0	63	32.50130208333335
n412	378	1	0	63	32.725260416666686
n411	377	1	0	65	32.62239583333335
n419	373	1	0	72	32.37109375000002
n429	380	1	0	56	32.86979166666669
n432	384	1	0	56	33.2096354166667
n430	381	1	0	58	32.98697916666669
n431	383	1	0	60	33.10026041666669
n420	382	1	0	63	33.10156250000003
n413	385	1	0	72	32.85677083333336
n433	386	1	0	53	33.3346354166667
n436	393	1	0	53	33.67838541666669
n434	388	1	0	55	33.45052083333337
n435	390	1	0	56	33.567708333333364
n421	387	1	0	68	33.341145833333364
n417	392	1	0	68	33.67838541666669
n415	389	1	0	70	33.45052083333337
n416	391	1	0	72	33.5846354166667
n437	395	1	0	49	33.82421875000003
n440	400	1	0	49	34.14453125000003
n438	396	1	0	51	33.934895833333364
n439	398	1	0	53	34.04166666666669
n425	401	1	0	68	34.15494791666669
n423	397	1	0	72	33.930989583333364
n424	399	1	0	73	34.05859375000003
n418	394	1	0	80	33.81510416666669
n458	404	1	0	43	34.30208333333336
n460	409	1	0	53	34.6549479166667
n459	406	1	0	55	34.53255208333336
n442	405	1	0	61	34.40104166666669
n444	408	1	0	61	34.6315104166667
n443	407	1	0	63	34.53385416666669
n451	402	1	0	70	34.27994791666669
n461	410	1	0	55	34.774739583333364
n464	414	1	0	55	35.11458333333337
n462	411	1	0	56	34.906250000000036
n463	412	1	0	58	35.007812500000036
n452	413	1	0	61	35.011718750000036
n445	415	1	0	70	34.7643229166667
n465	417	1	0	52	35.23828125000004
n468	423	1	0	52	35.5846354166667
n466	418	1	0	53	35.356770833333364
n467	421	1	0	55	35.47656250000003
n453	416	1	0	67	35.24869791666671
n449	422	1	0	67	35.5924479166667
n447	419	1	0	68	35.347656250000036
n448	420	1	0	70	35.47526041666669
n469	424	1	0	48	35.722656250000036
n472	430	1	0	48	36.0533854166667
n470	425	1	0	50	35.8346354166667
n471	427	1	0	52	35.95052083333337
n457	431	1	0	67	36.062500000000036
n455	426	1	0	70	35.839843750000036
n456	429	1	0	72	35.960937500000036
n450	428	1	0	79	35.714843750000036
n487	435	1	0	41	36.21744791666671
n488	436	1	0	43	36.31510416666671
n489	439	1	0	44	36.42447916666671
n490	440	1	0	46	36.55208333333337
n479	434	1	0	68	36.20052083333337
n476	441	1	0	73	36.56380208333337
n474	437	1	0	76	36.32421875000004
n475	438	1	0	77	36.42447916666671
n491	442	1	0	48	36.68619791666671
n494	446	1	0	48	37.04947916666671
n492	443	1	0	50	36.81770833333337
n493	445	1	0	52	36.92708333333337
n480	444	1	0	60	36.92708333333337
n477	447	1	0	70	36.69010416666671
n497	453	1	0	49	37.41406250000004
n496	451	1	0	51	37.29166666666671
n498	455	1	0	51	37.53255208333337
n495	449	1	0	53	37.19270833333337
n483	452	1	0	58	37.41796875000004
n482	450	1	0	60	37.28515625000004
n484	454	1	0	60	37.52213541666671
n481	448	1	0	61	37.17187500000004
n502	460	1	0	48	38.02604166666669
n501	459	1	0	49	37.906250000000036
n500	457	1	0	51	37.773437500000036
n499	456	1	0	53	37.664062500000036
n486	458	1	0	65	37.9244791666667
n478	462	1	0	68	37.65755208333337
n485	deletion
n518	466	1	0	49	38.17968750000003
n511	464	1	0	56	38.55729166666669
n510	463	1	0	58	38.44921875000003
n509	461	1	0	60	38.184895833333364
n521	469	1	0	46	38.92968750000002
n520	467	1	0	48	38.81119791666669
n522	470	1	0	49	39.03515625000002
n512	468	1	0	58	38.68880208333336
n504	465	1	0	67	38.68880208333336
n513	471	1	0	67	38.95312500000002
n525	476	1	0	44	39.42968750000002
n524	474	1	0	46	39.29557291666669
n523	473	1	0	48	39.178385416666686
n526	477	1	0	48	39.558593750000014
n514	472	1	0	56	39.197916666666686
n506	475	1	0	65	39.459635416666686
n515	deletion
n530	485	1	0	43	40.070312500000014
n528	481	1	0	44	39.824218750000014
n527	480	1	0	46	39.69791666666668
n529	484	1	0	46	39.96744791666668
n516	478	1	0	55	39.714843750000014
n507	479	1	0	64	39.70963541666668
n517	482	1	0	64	39.964843750000014
n508	483	1	0	67	39.96744791666668
n553	486	1	0	44	40.23177083333335
n554	489	1	0	49	40.50520833333334
n547	491	1	0	53	40.242187500000014
n533	490	1	0	68	40.50260416666668
n532	488	1	0	70	40.359375000000014
n531	487	1	0	72	40.24869791666668
n534	492	1	0	72	40.60677083333334
n555	493	1	0	43	40.75651041666667
n556	497	1	0	48	41.006510416666664
n548	496	1	0	52	40.994791666666664
n537	498	1	0	67	40.99348958333333
n536	495	1	0	68	40.85026041666667
n535	494	1	0	70	40.74869791666667
n538	499	1	0	70	41.10286458333333
n557	500	1	0	41	41.24609374999999
n558	504	1	0	46	41.524739583333336
n550	505	1	0	52	41.5078125
n549	501	1	0	53	41.23828124999999
n540	503	1	0	65	41.36067708333333
n539	502	1	0	68	41.24739583333333
n542	507	1	0	70	41.61328125
n541	506	1	0	73	41.498697916666664
n559	509	1	0	44	41.7578125
n560	514	1	0	49	42.006510416666664
n551	508	1	0	53	41.755208333333336
n552	513	1	0	58	42.002604166666664
n544	511	1	0	68	41.85156249999999
n543	510	1	0	72	41.75390625
n546	515	1	0	76	42.11588541666667
n545	512	1	0	78	41.99348958333333
n583	525	1	0	48	42.27473958333334
n572	523	1	0	53	42.59895833333334
n571	520	1	0	55	42.49869791666668
n570	517	1	0	56	42.25520833333334
n561	516	1	0	76	42.24869791666668
n562	518	1	0	77	42.35807291666668
n563	519	1	0	83	42.50130208333334
n564	521	1	0	84	42.60677083333334
n573	528	1	0	55	42.742187500000014
n574	530	1	0	58	43.028645833333364
n565	522	1	0	76	42.72526041666668
n566	531	1	0	77	43.12500000000003
n584	533	1	0	53	43.29687500000003
n575	532	1	0	56	43.29166666666669
n578	536	1	0	56	43.6432291666667
n576	534	1	0	58	43.415364583333364
n577	535	1	0	60	43.5416666666667
n567	537	1	0	77	43.26432291666669
n579	538	1	0	53	43.77473958333337
n582	542	1	0	53	44.128906250000036
n580	539	1	0	54	43.88541666666671
n581	540	1	0	56	44.02994791666671
n569	541	1	0	77	44.02213541666671
n597	544	1	0	50	44.2565104166667
n600	549	1	0	50	44.61197916666669
n598	545	1	0	51	44.38411458333337
n599	547	1	0	53	44.5065104166667
n588	548	1	0	68	44.513020833333364
n587	546	1	0	70	44.382812500000036
n589	550	1	0	70	44.61197916666669
n586	543	1	0	71	44.269531250000036
n601	552	1	0	46	44.76171875000002
n602	553	1	0	50	44.881510416666686
n603	555	1	0	53	45.014322916666686
n604	556	1	0	58	45.13020833333335
n591	554	1	0	74	45.018229166666686
n590	551	1	0	77	44.75781250000002
n605	557	1	0	51	45.27864583333335
n606	558	1	0	54	45.38020833333335
n607	560	1	0	58	45.51692708333335
n608	562	1	0	62	45.63151041666668
n594	563	1	0	65	45.63932291666668
n593	561	1	0	66	45.531250000000014
n592	559	1	0	68	45.291666666666686
n609	565	1	0	63	45.77994791666667
n612	570	1	0	63	46.130208333333336
n610	566	1	0	65	45.89453125000001
n595	564	1	0	66	45.77213541666667
n611	569	1	0	66	46.01171875
n596	568	1	0	75	46.0234375
n626	572	1	0	60	46.26171875
n629	577	1	0	60	46.59635416666667
n627	573	1	0	61	46.381510416666664
n628	575	1	0	63	46.501302083333336
n615	576	1	0	66	46.5
n614	574	1	0	68	46.375
n616	578	1	0	68	46.610677083333336
n613	571	1	0	69	46.265625
n637	580	1	0	44	46.85156250000001
n638	582	1	0	46	46.99609375000001
n639	583	1	0	48	47.10416666666667
n630	584	1	0	56	46.76822916666667
n618	581	1	0	72	47.00390625000001
n617	579	1	0	75	46.759114583333336
n640	586	1	0	49	47.27343750000001
n632	588	1	0	56	47.38541666666667
n633	589	1	0	58	47.52213541666667
n634	591	1	0	60	47.64583333333334
n621	592	1	0	63	47.62239583333334
n620	590	1	0	65	47.497395833333336
n619	587	1	0	66	47.27734375000001
n642	595	1	0	51	47.894531250000014
n643	597	1	0	53	47.98958333333335
n644	600	1	0	55	48.105468750000014
n635	593	1	0	61	47.75911458333334
n622	594	1	0	65	47.75390625000001
n623	596	1	0	68	47.87369791666668
n624	598	1	0	73	48.003906250000014
n625	599	1	0	75	48.11458333333335
n661	606	1	0	53	48.490885416666686
n660	604	1	0	55	48.361979166666686
n662	608	1	0	55	48.59505208333336
n659	601	1	0	56	48.23567708333336
n647	605	1	0	73	48.48828125000002
n646	603	1	0	75	48.358072916666686
n648	607	1	0	75	48.58984375000002
n645	602	1	0	77	48.23958333333336
n666	615	1	0	51	49.08854166666669
n665	614	1	0	53	48.98046875000002
n664	612	1	0	55	48.838541666666686
n663	610	1	0	56	48.72656250000002
n657	611	1	0	72	48.73567708333336
n650	613	1	0	80	48.99609375000002
n649	609	1	0	84	48.73046875000002
n667	621	1	0	53	49.251302083333364
n653	619	1	0	72	49.630208333333364
n652	618	1	0	73	49.519531250000036
n651	617	1	0	75	49.251302083333364
n670	624	1	0	49	49.9947916666667
n669	622	1	0	51	49.8697916666667
n671	626	1	0	53	50.1119791666667
n658	625	1	0	70	49.769531250000036
n654	620	1	0	73	49.7721354166667
n655	623	1	0	82	50.0143229166667
n692	632	1	0	48	50.496093750000036
n691	629	1	0	49	50.355468750000036
n690	628	1	0	51	50.242187500000036
n693	633	1	0	51	50.614583333333364
n685	630	1	0	68	50.509114583333364
n672	627	1	0	72	50.25130208333337
n673	631	1	0	80	50.5065104166667
n696	640	1	0	46	50.970052083333364
n695	637	1	0	48	50.841145833333364
n694	636	1	0	49	50.734375000000036
n697	641	1	0	49	51.102864583333364
n686	635	1	0	67	50.753906250000036
n674	634	1	0	70	50.7526041666667
n687	639	1	0	70	50.98828125000003
n675	638	1	0	79	50.993489583333364
n698	642	1	0	48	51.235677083333364
n699	646	1	0	51	51.497395833333364
n688	643	1	0	63	51.25781250000003
n677	645	1	0	63	51.3385416666667
n678	647	1	0	65	51.493489583333364
n679	648	1	0	67	51.61197916666669
n676	644	1	0	68	51.23828125000003
n700	654	1	0	54	51.75911458333336
n689	651	1	0	56	51.98437500000003
n680	649	1	0	68	51.75651041666669
n683	653	1	0	68	52.095052083333364
n681	650	1	0	70	51.86197916666669
n682	652	1	0	72	51.99088541666669
n720	660	1	0	54	52.46223958333337
n719	657	1	0	56	52.345052083333364
n721	661	1	0	56	52.56770833333337
n718	656	1	0	58	52.22265625000003
n703	659	1	0	70	52.468750000000036
n702	658	1	0	72	52.333333333333364
n704	662	1	0	72	52.5846354166667
n701	655	1	0	73	52.227864583333364
n715	669	1	0	53	52.73958333333337
n723	666	1	0	61	52.98046875000003
n722	663	1	0	65	52.722656250000036
n708	668	1	0	68	53.08203125000003
n707	667	1	0	70	52.973958333333364
n706	665	1	0	72	52.8385416666667
n705	664	1	0	73	52.718750000000036
n726	672	1	0	53	53.61848958333337
n725	671	1	0	54	53.531250000000036
n724	670	1	0	56	53.227864583333364
n709	674	1	0	70	53.223958333333364
n727	679	1	0	51	53.785156250000036
n745	688	1	0	51	54.77083333333337
n757	deletion
n716	673	1	0	54	53.769531250000036
n717	676	1	0	63	54.01562500000004
n712	677	1	0	66	54.00651041666671
n711	675	1	0	68	53.87760416666671
n713	678	1	0	70	54.11458333333338
n756	685	1	0	49	54.51692708333338
n743	684	1	0	53	54.25520833333338
n744	682	1	0	61	54.510416666666714
n730	683	1	0	65	54.510416666666714
n729	681	1	0	66	54.35937500000004
n728	680	1	0	68	54.25000000000004
n731	686	1	0	68	54.61979166666671
n758	690	1	0	44	54.992187500000036
n746	691	1	0	60	54.992187500000036
n734	692	1	0	63	55.000000000000036
n733	689	1	0	65	54.86848958333337
n732	687	1	0	66	54.75130208333337
n735	693	1	0	66	55.097656250000036
n747	696	1	0	49	55.242187500000036
n748	697	1	0	51	55.363281250000036
n749	699	1	0	53	55.500000000000036
n750	701	1	0	54	55.61979166666671
n739	698	1	0	61	55.246093750000036
n736	695	1	0	65	55.269531250000036
n737	700	1	0	68	55.50130208333337
n753	705	1	0	49	56.01562500000004
n752	703	1	0	51	55.88671875000004
n751	702	1	0	53	55.76953125000004
n754	707	1	0	53	56.12109375000004
n738	704	1	0	73	55.76822916666671
n742	708	1	0	77	56.12630208333338
n741	706	1	0	80	56.02343750000004
n775	712	1	0	55	56.51041666666673
n774	710	1	0	56	56.38541666666672
n773	709	1	0	58	56.26953125000006
n776	715	1	0	58	56.63281250000006
n767	711	1	0	73	56.26041666666672
n761	714	1	0	73	56.63281250000006
n760	713	1	0	76	56.53255208333339
n779	720	1	0	58	56.994791666666735
n778	718	1	0	59	56.87369791666673
n777	716	1	0	61	56.75911458333339
n780	722	1	0	61	57.12239583333341
n762	717	1	0	70	56.75520833333339
n769	721	1	0	70	57.10546875000007
n768	719	1	0	73	56.994791666666735
n783	726	1	0	61	57.63151041666673
n782	724	1	0	63	57.515625000000064
n781	723	1	0	64	57.2708333333334
n770	728	1	0	67	57.244791666666735
n764	725	1	0	70	57.531250000000064
n765	727	1	0	73	57.628906250000064
n787	735	1	0	55	58.113281250000064
n786	734	1	0	56	58.00520833333339
n785	730	1	0	58	57.86979166666673
n784	729	1	0	59	57.76432291666673
n772	733	1	0	73	58.02604166666672
n766	732	1	0	76	57.76432291666673
n804	736	1	0	56	58.2630208333334
n807	742	1	0	56	58.65104166666674
n806	deletion
n805	738	1	0	59	58.38932291666673
n799	739	1	0	71	58.265625000000064
n788	737	1	0	75	58.257812500000064
n789	741	1	0	80	58.5208333333334
n811	749	1	0	49	59.13541666666675
n810	748	1	0	51	59.00520833333341
n809	deletion
n808	743	1	0	55	58.76302083333341
n800	744	1	0	70	58.76953125000007
n790	745	1	0	73	58.76041666666674
n791	747	1	0	79	59.03776041666674
n812	751	1	0	47	59.263020833333414
n815	756	1	0	47	59.636718750000085
n813	752	1	0	49	59.37239583333342
n814	754	1	0	51	59.51171875000009
n792	750	1	0	68	59.26822916666675
n801	deletion
n794	755	1	0	79	59.63411458333342
n793	753	1	0	80	59.53125000000009
n816	757	1	0	44	59.75260416666676
n818	763	1	0	53	60.09505208333343
n817	760	1	0	56	59.98958333333343
n795	758	1	0	80	59.75781250000009
n798	761	1	0	80	60.096354166666764
n796	759	1	0	82	59.86197916666676
n797	762	1	0	83	59.98567708333343
n844	764	1	0	49	60.239583333333435
n837	770	1	0	56	60.58593750000011
n836	768	1	0	59	60.47395833333344
n819	765	1	0	77	60.24088541666677
n822	769	1	0	77	60.57161458333344
n820	766	1	0	78	60.33984375000011
n821	767	1	0	80	60.47265625000011
n848	777	1	0	46	61.04687500000011
n847	774	1	0	49	60.92838541666677
n838	771	1	0	53	60.70703125000011
n823	772	1	0	73	60.70703125000011
n826	776	1	0	73	61.03906250000011
n824	773	1	0	75	60.813802083333435
n825	775	1	0	77	60.94010416666677
n849	778	1	0	42	61.17187500000011
n842	784	1	0	54	61.5390625000001
n841	781	1	0	58	61.40494791666677
n827	779	1	0	70	61.17187500000011
n830	783	1	0	70	61.524739583333435
n828	780	1	0	72	61.28385416666677
n829	782	1	0	73	61.40885416666677
n843	785	1	0	51	61.65755208333343
n853	790	1	0	51	61.993489583333435
n852	788	1	0	54	61.884114583333435
n831	786	1	0	78	61.662760416666764
n834	791	1	0	78	61.99479166666677
n832	787	1	0	80	61.760416666666764
n833	789	1	0	82	61.8906250000001
n879	792	1	0	48	62.126302083333435
n872	798	1	0	54	62.48307291666677
n871	796	1	0	58	62.356770833333435
n854	793	1	0	75	62.12760416666677
n857	797	1	0	75	62.462239583333435
n855	794	1	0	77	62.22526041666677
n856	795	1	0	78	62.3554687500001
n883	805	1	0	44	62.92447916666678
n882	802	1	0	48	62.824218750000114
n873	799	1	0	51	62.59765625000011
n858	800	1	0	72	62.59635416666677
n861	804	1	0	72	62.917968750000114
n859	801	1	0	73	62.70442708333344
n860	803	1	0	75	62.84244791666678
n884	806	1	0	41	63.055989583333435
n877	812	1	0	53	63.40234375000009
n876	810	1	0	56	63.29427083333343
n862	807	1	0	68	63.0625000000001
n865	811	1	0	68	63.36718750000009
n863	808	1	0	70	63.16145833333343
n864	809	1	0	72	63.291666666666764
n878	813	1	0	50	63.558593750000085
n888	818	1	0	50	63.886718750000085
n887	816	1	0	53	63.78645833333342
n866	814	1	0	77	63.53385416666676
n869	819	1	0	77	63.882812500000085
n867	815	1	0	78	63.64713541666676
n868	817	1	0	80	63.77864583333342
n914	820	1	0	46	64.00911458333343
n907	826	1	0	53	64.34895833333341
n906	823	1	0	56	64.2278645833334
n889	821	1	0	74	64.02213541666676
n892	825	1	0	74	64.34895833333341
n890	822	1	0	75	64.12369791666674
n891	824	1	0	77	64.24218750000007
n918	833	1	0	42	64.8085937500001
n917	830	1	0	46	64.69401041666676
n908	827	1	0	50	64.48307291666674
n893	828	1	0	70	64.48958333333341
n896	832	1	0	70	64.81119791666677
n894	829	1	0	72	64.58723958333341
n895	831	1	0	74	64.71223958333343
n919	834	1	0	39	64.9335937500001
n912	840	1	0	51	65.25781250000011
n911	838	1	0	54	65.16145833333344
n897	835	1	0	66	64.93880208333343
n900	839	1	0	66	65.24609375000011
n898	836	1	0	68	65.04036458333343
n899	837	1	0	70	65.15104166666677
n913	841	1	0	48	65.38541666666679
n921	847	1	0	48	65.71875000000013
n920	844	1	0	51	65.60937500000013
n901	842	1	0	75	65.39322916666679
n904	846	1	0	75	65.7291666666668
n902	843	1	0	77	65.50651041666679
n903	845	1	0	78	65.61848958333346
n941	848	1	0	44	65.85286458333346
n939	854	1	0	51	66.20703125000011
n938	852	1	0	54	66.08333333333346
n922	849	1	0	72	65.86848958333346
n925	853	1	0	72	66.17708333333344
n923	850	1	0	73	65.96875000000013
n924	851	1	0	75	66.08333333333346
n943	861	1	0	41	66.66406250000013
n942	858	1	0	44	66.55989583333346
n940	855	1	0	48	66.32161458333346
n926	856	1	0	68	66.31380208333346
n929	860	1	0	68	66.67317708333346
n927	857	1	0	70	66.41145833333346
n928	859	1	0	72	66.55859375000013
n944	863	1	0	37	66.80598958333347
n930	862	1	0	65	66.81640625000014
n933	866	1	0	65	67.16666666666683
n931	864	1	0	66	66.92838541666681
n932	865	1	0	68	67.05078125000016
n934	867	1	0	61	67.2942708333335
n935	868	1	0	65	67.39322916666684
n936	869	1	0	68	67.53515625000017
n937	870	1	0	70	67.6497395833335
n960	876	1	0	49	68.06640625000014
n959	873	1	0	59	67.95833333333348
n947	874	1	0	68	68.00130208333348
n946	872	1	0	70	67.87890625000016
n948	875	1	0	70	68.10807291666681
n945	871	1	0	71	67.78776041666683
n962	879	1	0	49	68.34244791666683
n964	882	1	0	49	68.60807291666683
n963	881	1	0	56	68.49218750000016
n961	878	1	0	58	68.23307291666683
n950	880	1	0	73	68.49479166666683
n949	877	1	0	78	68.23046875000016
n966	885	1	0	49	68.86588541666681
n968	deletion
n967	886	1	0	53	69.02734375000014
n965	883	1	0	54	68.75130208333348
n953	888	1	0	66	69.10807291666681
n952	887	1	0	68	69.00130208333348
n951	884	1	0	70	68.75130208333348
n970	893	1	0	44	69.49479166666681
n969	890	1	0	53	69.24479166666681
n955	892	1	0	61	69.33854166666681
n956	894	1	0	65	69.48828125000014
n954	891	1	0	68	69.24218750000014
n957	895	1	0	68	69.59244791666681
n986	901	1	0	49	70.04947916666681
n985	898	1	0	58	69.95052083333348
n973	899	1	0	66	69.95703125000016
n972	897	1	0	68	69.82291666666681
n974	900	1	0	68	70.05468750000014
n971	896	1	0	70	69.72265625000014
n988	904	1	0	49	70.30729166666681
n990	907	1	0	49	70.56640625000016
n989	905	1	0	54	70.44270833333348
n987	903	1	0	56	70.19401041666681
n976	906	1	0	73	70.45833333333348
n975	902	1	0	77	70.19791666666681
n992	909	1	0	49	70.8294270833335
n994	914	1	0	49	71.06119791666686
n993	911	1	0	51	70.95182291666684
n991	908	1	0	53	70.7161458333335
n979	913	1	0	65	71.06119791666686
n978	912	1	0	66	70.95442708333351
n977	910	1	0	68	70.7161458333335
n996	918	1	0	44	71.44270833333353
n995	915	1	0	51	71.18880208333353
n981	917	1	0	60	71.30598958333353
n982	919	1	0	63	71.43489583333353
n980	916	1	0	66	71.1953125000002
n983	920	1	0	66	71.55338541666686
n1012	925	1	0	44	72.01953125000017
n1011	923	1	0	56	71.90755208333351
n999	924	1	0	65	71.90364583333351
n998	922	1	0	66	71.77734375000018
n1000	926	1	0	66	72.01041666666684
n997	921	1	0	68	71.66666666666686
n1014	929	1	0	44	72.23828125000017
n1016	932	1	0	44	72.52083333333351
n1015	930	1	0	53	72.38541666666684
n1013	927	1	0	54	72.13151041666684
n1002	931	1	0	72	72.39322916666684
n1001	928	1	0	75	72.13671875000017
n1018	935	1	0	44	72.76822916666684
n1020	939	1	0	48	73.00520833333351
n1019	936	1	0	49	72.90885416666684
n1017	933	1	0	51	72.65755208333351
n1005	938	1	0	63	73.01041666666686
n1004	937	1	0	65	72.90364583333351
n1003	934	1	0	66	72.65234375000018
n1022	943	1	0	44	73.22526041666688
n1021	940	1	0	49	73.14583333333354
n1024	947	1	0	51	73.48958333333356
n1023	945	1	0	53	73.3854166666669
n1006	941	1	0	65	73.14322916666687
n1007	942	1	0	68	73.24869791666688
n1008	944	1	0	70	73.35677083333356
n1009	946	1	0	72	73.48307291666688
n1051	950	1	0	44	73.72786458333356
n1050	948	1	0	53	73.62760416666688
n1053	955	1	0	54	73.94791666666687
n1052	952	1	0	56	73.85677083333354
n1025	949	1	0	73	73.61197916666688
n1026	951	1	0	75	73.73307291666688
n1028	954	1	0	75	73.96223958333354
n1027	953	1	0	77	73.85156250000021
n1055	958	1	0	44	74.19661458333354
n1057	963	1	0	44	74.4179687500002
n1054	956	1	0	56	74.0742187500002
n1056	960	1	0	58	74.31770833333353
n1032	962	1	0	73	74.40364583333353
n1031	961	1	0	75	74.32161458333353
n1030	959	1	0	77	74.19270833333354
n1029	957	1	0	78	74.09635416666687
n1058	966	1	0	60	74.61067708333354
n1061	974	1	0	60	74.98307291666687
n1059	968	1	0	61	74.73437500000021
n1060	971	1	0	63	74.86458333333354
n1036	deletion
n1033	964	1	0	80	74.63020833333354
n1035	deletion
n1037	967	1	0	80	74.75130208333354
n1039	970	1	0	80	74.88802083333354
n1041	973	1	0	80	75.02083333333354
n1034	965	1	0	82	74.67578125000021
n1038	969	1	0	82	74.81901041666687
n1040	972	1	0	82	74.93489583333354
n1042	975	1	0	82	75.05859375000021
n1062	978	1	0	56	75.12109375000021
n1063	981	1	0	60	75.23697916666687
n1064	984	1	0	63	75.39062500000023
n1065	986	1	0	65	75.53125000000024
n1043	977	1	0	80	75.16145833333354
n1045	979	1	0	80	75.25390625000021
n1047	982	1	0	80	75.38411458333356
n1049	985	1	0	80	75.52994791666691
n1044	976	1	0	82	75.18098958333354
n1046	980	1	0	82	75.31250000000021
n1048	983	1	0	82	75.4361979166669
n1084	991	1	0	63	75.91536458333357
n1083	988	1	0	65	75.78906250000024
n1082	987	1	0	66	75.66276041666691
n1085	deletion
n1068	990	1	0	78	75.9440104166669
n1067	989	1	0	80	75.81770833333357
n1069	993	1	0	80	76.0572916666669
n1087	997	1	0	68	76.4713541666669
n1086	994	1	0	73	76.20572916666688
n1072	998	1	0	75	76.4674479166669
n1070	995	1	0	77	76.19791666666688
n1071	996	1	0	80	76.30598958333356
n1073	999	1	0	80	76.57421875000023
n1090	1006	1	0	61	77.08333333333357
n1089	1003	1	0	63	76.96093750000023
n1088	1002	1	0	65	76.71354166666688
n1077	1005	1	0	70	77.0768229166669
n1076	1004	1	0	72	76.96875000000023
n1074	1000	1	0	73	76.70833333333356
n1075	1001	1	0	80	76.82942708333356
n1092	1009	1	0	56	77.32552083333357
n1093	deletion
n1091	1007	1	0	63	77.20442708333357
n1094	1013	1	0	63	77.56640625000024
n1078	1008	1	0	72	77.21093750000024
n1079	1010	1	0	75	77.32031250000024
n1080	1011	1	0	77	77.45963541666691
n1081	1014	1	0	78	77.57812500000024
n1113	1019	1	0	61	77.93750000000023
n1112	1017	1	0	63	77.81770833333357
n1114	1021	1	0	63	78.04036458333356
n1111	1015	1	0	65	77.68880208333357
n1097	1020	1	0	77	77.93098958333356
n1096	1018	1	0	78	77.81770833333357
n1095	1016	1	0	80	77.70312500000024
n1098	1022	1	0	80	78.04427083333356
n1116	1026	1	0	68	78.46354166666687
n1115	1023	1	0	72	78.20182291666688
n1101	1027	1	0	73	78.45833333333354
n1099	1024	1	0	75	78.22005208333356
n1100	1025	1	0	80	78.31640625000021
n1102	1028	1	0	80	78.56119791666687
n1119	1035	1	0	60	79.05598958333354
n1118	1033	1	0	61	78.93489583333354
n1117	1030	1	0	63	78.7109375000002
n1106	1034	1	0	68	79.04166666666687
n1105	1032	1	0	70	78.93880208333354
n1103	1029	1	0	72	78.70182291666687
n1104	1031	1	0	80	78.8046875000002
n1121	1038	1	0	56	79.29036458333354
n1122	1041	1	0	60	79.40885416666688
n1120	1036	1	0	61	79.17578125000021
n1123	1043	1	0	61	79.52994791666687
n1107	1037	1	0	70	79.17578125000021
n1108	1039	1	0	73	79.29296875000021
n1109	1040	1	0	75	79.41927083333354
n1110	1042	1	0	77	79.54036458333354
n1142	1049	1	0	60	79.90625000000018
n1141	1047	1	0	61	79.77604166666684
n1143	1050	1	0	61	80.00781250000018
n1140	1045	1	0	63	79.65104166666686
n1126	1048	1	0	75	79.90364583333351
n1125	1046	1	0	77	79.77473958333351
n1127	1051	1	0	77	79.99869791666686
n1124	1044	1	0	78	79.67187500000018
n1145	1055	1	0	67	80.39843750000018
n1144	1052	1	0	70	80.15364583333353
n1130	1056	1	0	72	80.39192708333351
n1128	1053	1	0	73	80.13932291666686
n1129	1054	1	0	75	80.25390625000018
n1131	1057	1	0	75	80.52604166666686
n1148	1063	1	0	58	80.9960937500002
n1147	1062	1	0	60	80.89583333333353
n1146	1059	1	0	61	80.66406250000018
n1135	1064	1	0	67	81.01041666666687
n1134	1061	1	0	68	80.90364583333353
n1132	1058	1	0	70	80.65885416666686
n1133	1060	1	0	75	80.77213541666686
n1150	1068	1	0	56	81.24088541666687
n1151	1069	1	0	58	81.37369791666688
n1149	1066	1	0	60	81.13802083333353
n1152	1072	1	0	60	81.4960937500002
n1136	1065	1	0	68	81.12760416666686
n1137	1067	1	0	72	81.25130208333354
n1138	1070	1	0	73	81.36979166666688
n1139	1071	1	0	75	81.47916666666687
n1165	1074	1	0	61	81.62239583333351
n1166	1076	1	0	63	81.72786458333351
n1168	1080	1	0	63	81.96223958333353
n1167	1078	1	0	65	81.84244791666686
n1153	1073	1	0	77	81.60546875000018
n1154	1075	1	0	78	81.71875000000018
n1155	1077	1	0	80	81.83984375000018
n1156	1079	1	0	82	81.9375000000002
n1172	1086	1	0	61	82.44401041666686
n1171	1085	1	0	63	82.31770833333353
n1170	1083	1	0	65	82.19661458333353
n1169	1082	1	0	66	82.08723958333353
n1158	1084	1	0	68	82.33723958333353
n1157	1081	1	0	72	82.08463541666686
n1174	1091	1	0	58	82.85937500000017
n1175	1093	1	0	60	82.93619791666683
n1173	1087	1	0	66	82.58854166666684
n1161	1090	1	0	66	82.82421875000017
n1160	1089	1	0	68	82.7083333333335
n1162	1092	1	0	68	82.92838541666683
n1159	1088	1	0	70	82.58463541666684
n1179	1099	1	0	56	83.44270833333351
n1178	1098	1	0	58	83.33072916666684
n1177	1096	1	0	60	83.19921875000017
n1176	1095	1	0	61	83.07031250000016
n1164	1097	1	0	73	83.32031250000017
n1163	1094	1	0	77	83.07682291666683
n1189	1104	1	0	58	83.59505208333351
n1182	1102	1	0	65	83.98437500000018
n1181	1101	1	0	66	83.87630208333351
n1180	1100	1	0	68	83.59895833333351
n1192	1107	1	0	54	84.34375000000017
n1191	1105	1	0	56	84.23177083333351
n1193	1108	1	0	58	84.48697916666683
n1183	1103	1	0	66	84.12109375000018
n1184	1106	1	0	75	84.3489583333335
n1196	1113	1	0	53	84.85807291666683
n1195	1111	1	0	54	84.71875000000016
n1194	1110	1	0	56	84.61328125000016
n1197	1114	1	0	56	84.97916666666683
n1185	1109	1	0	65	84.61197916666683
n1186	1112	1	0	73	84.86979166666683
n1201	1120	1	0	51	85.49869791666683
n1199	1117	1	0	53	85.23828125000017
n1198	1116	1	0	54	85.1145833333335
n1200	1119	1	0	54	85.37109375000017
n1187	1115	1	0	63	85.12500000000017
n1188	1118	1	0	72	85.3723958333335
n1225	1122	1	0	53	85.63541666666683
n1226	deletion
n1202	1121	1	0	61	85.64713541666683
n1217	1130	1	0	61	86.35546875000017
n1229	deletion
n1204	1124	1	0	72	86.02994791666681
n1203	1123	1	0	73	85.90755208333348
n1227	1125	1	0	58	86.07552083333348
n1228	1128	1	0	60	86.21744791666683
n1218	1132	1	0	63	86.46354166666683
n1205	1126	1	0	73	86.13151041666683
n1206	1127	1	0	75	86.2278645833335
n1207	1129	1	0	77	86.34244791666684
n1208	1131	1	0	78	86.46354166666683
n1221	1138	1	0	61	86.8255208333335
n1220	1135	1	0	63	86.71875000000017
n1222	1139	1	0	63	86.9427083333335
n1219	1133	1	0	65	86.58463541666684
n1211	1137	1	0	77	86.8333333333335
n1210	1136	1	0	78	86.70182291666684
n1212	1140	1	0	78	86.9466145833335
n1209	1134	1	0	80	86.58984375000017
n1231	1147	1	0	60	87.08463541666684
n1224	1144	1	0	68	87.31510416666683
n1223	1141	1	0	72	87.06640625000017
n1216	1146	1	0	75	87.41796875000016
n1215	1145	1	0	77	87.31119791666683
n1214	1143	1	0	78	87.18359375000017
n1213	1142	1	0	80	87.06640625000017
n1253	1150	1	0	60	87.95442708333348
n1252	1149	1	0	61	87.86848958333348
n1251	1148	1	0	63	87.58854166666683
n1232	1152	1	0	77	87.57812500000016
n1246	1157	1	0	58	88.11458333333348
n1254	1151	1	0	61	88.09765625000016
n1255	1154	1	0	70	88.35807291666681
n1235	1155	1	0	73	88.33723958333348
n1234	1153	1	0	75	88.21354166666681
n1236	1156	1	0	77	88.43880208333348
n1248	1163	1	0	56	88.84244791666681
n1256	1161	1	0	60	88.59895833333348
n1257	1160	1	0	68	88.83463541666681
n1239	1162	1	0	72	88.84505208333348
n1238	1159	1	0	73	88.69921875000016
n1237	1158	1	0	75	88.59505208333348
n1240	1164	1	0	75	88.95052083333347
n1250	1168	1	0	51	89.31640625000014
n1249	1167	1	0	58	89.0846354166668
n1258	deletion
n1259	1169	1	0	67	89.31901041666681
n1244	1171	1	0	70	89.41406250000014
n1242	1166	1	0	72	89.17317708333347
n1241	1165	1	0	73	89.07812500000013
n1243	1170	1	0	73	89.31640625000014
n1264	1172	1	0	56	89.58333333333347
n1279	deletion
n1266	1176	1	0	67	89.94921875000016
n1265	1175	1	0	68	89.83854166666681
n1260	1173	1	0	72	89.57421875000014
n1261	1174	1	0	75	89.84114583333348
n1281	1179	1	0	56	90.3294270833335
n1267	1177	1	0	68	90.08333333333348
n1270	1181	1	0	68	90.43359375000017
n1268	1178	1	0	70	90.19010416666683
n1269	1180	1	0	72	90.33072916666683
n1262	1186	1	0	78	90.07812500000016
n1284	1188	1	0	54	90.79166666666686
n1283	1184	1	0	56	90.69921875000018
n1285	1190	1	0	56	90.91666666666684
n1282	1183	1	0	58	90.57812500000017
n1273	1187	1	0	70	90.79687500000018
n1272	1185	1	0	72	90.68489583333351
n1274	1189	1	0	72	90.90494791666684
n1271	1182	1	0	73	90.58463541666684
n1287	1194	1	0	61	91.30598958333351
n1286	1191	1	0	65	91.0520833333335
n1278	1196	1	0	68	91.42057291666684
n1277	1195	1	0	70	91.29947916666684
n1276	1193	1	0	72	91.1653645833335
n1275	1192	1	0	73	91.0442708333335
n1263	1197	1	0	77	91.04687500000017
n1309	1201	1	0	53	91.95963541666687
n1308	1199	1	0	54	91.85677083333353
n1307	1198	1	0	56	91.57812500000018
n1294	1200	1	0	70	91.57161458333351
n1310	1202	1	0	54	92.08072916666686
n1311	1204	1	0	63	92.3320312500002
n1297	1205	1	0	66	92.31770833333353
n1296	1203	1	0	68	92.19401041666686
n1298	1207	1	0	70	92.4257812500002
n1289	1206	1	0	75	92.06770833333353
n1312	1208	1	0	53	92.59244791666687
n1313	1211	1	0	61	92.83333333333354
n1301	1212	1	0	65	92.81119791666687
n1300	1210	1	0	66	92.67838541666686
n1299	1209	1	0	68	92.58463541666687
n1302	1214	1	0	68	92.91536458333356
n1291	1213	1	0	73	92.8046875000002
n1314	1216	1	0	51	93.0690104166669
n1315	1219	1	0	60	93.30989583333357
n1306	1221	1	0	63	93.40755208333357
n1304	1218	1	0	65	93.16536458333357
n1303	1215	1	0	66	93.05859375000023
n1305	1220	1	0	66	93.32161458333357
n1292	1217	1	0	72	93.05598958333356
n1293	1223	1	0	75	93.29687500000024
n1327	1224	1	0	44	93.67708333333357
n1326	1222	1	0	49	93.5768229166669
n1328	1225	1	0	49	93.80859375000023
n1329	1226	1	0	51	93.91406250000023
n1321	1232	1	0	65	93.58333333333357
n1317	1227	1	0	68	93.83593750000023
n1330	1228	1	0	53	94.0533854166669
n1333	1233	1	0	53	94.42317708333357
n1331	1229	1	0	54	94.17968750000024
n1332	1231	1	0	56	94.30078125000024
n1319	1234	1	0	71	94.32421875000024
n1318	1230	1	0	73	94.0768229166669
n1335	1236	1	0	42	94.7096354166669
n1337	1239	1	0	53	94.9557291666669
n1334	1235	1	0	54	94.58333333333357
n1336	1237	1	0	54	94.83333333333357
n1323	1238	1	0	61	94.83333333333357
n1320	1244	1	0	70	94.59114583333357
n1338	1240	1	0	54	95.07161458333357
n1341	1245	1	0	54	95.44401041666688
n1339	1241	1	0	56	95.19661458333356
n1340	1243	1	0	58	95.33333333333356
n1325	1246	1	0	65	95.33984375000023
n1324	1242	1	0	66	95.09375000000023
n1354	1247	1	0	51	95.60546875000023
n1357	1252	1	0	51	95.95442708333354
n1355	1248	1	0	53	95.72005208333356
n1356	1250	1	0	54	95.85026041666688
n1349	1249	1	0	66	95.6119791666669
n1344	1253	1	0	66	95.94791666666688
n1343	1251	1	0	70	95.84895833333356
n1358	1254	1	0	48	96.08593750000021
n1361	1259	1	0	48	96.42447916666687
n1359	1255	1	0	49	96.20312500000021
n1360	1257	1	0	51	96.32682291666687
n1345	1256	1	0	63	96.08203125000021
n1351	1260	1	0	63	96.43098958333354
n1350	1258	1	0	66	96.33854166666687
n1362	1261	1	0	41	96.58984375000021
n1364	1264	1	0	51	96.94661458333353
n1363	1262	1	0	53	96.85677083333354
n1352	1265	1	0	56	96.58984375000021
n1347	1263	1	0	63	96.85677083333354
n1365	1266	1	0	53	97.07682291666686
n1368	1270	1	0	53	97.4531250000002
n1366	1267	1	0	54	97.19791666666686
n1367	1268	1	0	56	97.34244791666686
n1353	1269	1	0	60	97.34895833333353
n1348	1271	1	0	68	97.09244791666686
n1381	1272	1	0	50	97.59635416666686
n1384	1277	1	0	50	97.95833333333353
n1382	1273	1	0	51	97.70442708333353
n1383	1275	1	0	53	97.84114583333353
n1376	1274	1	0	65	97.60807291666686
n1371	1278	1	0	65	97.95442708333353
n1370	1276	1	0	68	97.8554687500002
n1385	1279	1	0	46	98.07812500000018
n1388	deletion
n1386	1280	1	0	48	98.20572916666684
n1387	1282	1	0	50	98.3177083333335
n1372	1281	1	0	62	98.07942708333351
n1378	1285	1	0	62	98.4075520833335
n1377	1283	1	0	65	98.30859375000017
n1389	1286	1	0	39	98.59114583333348
n1391	1290	1	0	50	98.97005208333347
n1390	1288	1	0	51	98.85937500000014
n1379	1289	1	0	54	98.58203125000016
n1374	1287	1	0	58	98.85416666666681
n1392	1291	1	0	51	99.08984375000013
n1395	1295	1	0	51	99.43098958333346
n1393	1292	1	0	53	99.20833333333346
n1394	1294	1	0	54	99.34114583333346
n1380	1293	1	0	58	99.34765625000013
n1375	1296	1	0	66	99.0963541666668
n1415	1297	1	0	48	99.59505208333346
n1418	1304	1	0	48	99.92578125000013
n1416	1299	1	0	49	99.69921875000013
n1417	1302	1	0	51	99.8229166666668
n1409	1298	1	0	63	99.59765625000013
n1399	1303	1	0	63	99.92578125000013
n1397	1300	1	0	65	99.7057291666668
n1398	1301	1	0	66	99.8190104166668
n1419	1305	1	0	44	100.05989583333347
n1422	1310	1	0	44	100.37500000000014
n1420	1306	1	0	46	100.16145833333347
n1421	1308	1	0	48	100.28255208333348
n1413	1311	1	0	63	100.40755208333347
n1411	1307	1	0	66	100.17708333333347
n1412	1309	1	0	68	100.28776041666681
n1400	1313	1	0	75	100.0494791666668
n1423	1312	1	0	37	100.55468750000014
n1424	1317	1	0	49	100.79427083333347
n1425	1319	1	0	51	100.8932291666668
n1414	1314	1	0	65	100.56380208333347
n1403	1316	1	0	72	100.8111979166668
n1402	1315	1	0	73	100.6783854166668
n1404	1321	1	0	75	100.9166666666668
n1428	1324	1	0	49	101.30598958333346
n1427	1320	1	0	53	101.0416666666668
n1426	1326	1	0	61	101.29036458333346
n1406	1323	1	0	68	101.15234375000013
n1407	1325	1	0	70	101.29557291666679
n1408	1327	1	0	71	101.39973958333346
n1405	1322	1	0	73	101.0455729166668
n1453	1331	1	0	54	101.54687500000013
n1442	1333	1	0	58	101.76171875000013
n1441	1330	1	0	60	101.65885416666679
n1443	1335	1	0	60	101.8815104166668
n1431	1332	1	0	66	101.78125000000013
n1430	1329	1	0	68	101.66536458333346
n1432	1334	1	0	68	101.8776041666668
n1429	1328	1	0	70	101.55208333333346
n1454	1338	1	0	53	102.03515625000013
n1447	1342	1	0	56	102.38020833333346
n1446	1341	1	0	58	102.2682291666668
n1445	1339	1	0	60	102.14062500000013
n1444	1336	1	0	61	102.02864583333346
n1434	1340	1	0	73	102.2799479166668
n1433	1337	1	0	77	102.02473958333346
n1456	1345	1	0	49	102.83854166666679
n1455	1343	1	0	51	102.57682291666679
n1448	1348	1	0	58	102.55598958333346
n1437	1347	1	0	65	102.92317708333346
n1436	1346	1	0	66	102.81380208333346
n1435	1344	1	0	68	102.56119791666679
n1457	1349	1	0	48	103.05989583333344
n1451	1352	1	0	54	103.29687500000011
n1450	1351	1	0	56	103.16276041666679
n1452	1354	1	0	58	103.41276041666679
n1438	1350	1	0	66	103.06380208333344
n1439	1353	1	0	75	103.30989583333344
n1486	1356	1	0	49	103.56119791666679
n1472	1359	1	0	53	103.83072916666679
n1471	1358	1	0	54	103.68750000000011
n1470	1357	1	0	56	103.58203125000011
n1473	1361	1	0	56	103.91406250000011
n1458	1355	1	0	65	103.57291666666679
n1459	1360	1	0	73	103.82682291666679
n1487	1363	1	0	44	104.08593750000011
n1476	1367	1	0	51	104.33072916666679
n1475	1365	1	0	53	104.19401041666679
n1474	1364	1	0	54	104.08593750000011
n1477	1368	1	0	54	104.43489583333346
n1460	1362	1	0	63	104.08072916666679
n1461	1366	1	0	72	104.32812500000011
n1488	1369	1	0	46	104.58593750000011
n1478	1370	1	0	53	104.58593750000011
n1479	1373	1	0	56	104.72786458333344
n1480	1374	1	0	58	104.82161458333344
n1481	1376	1	0	60	104.93880208333343
n1462	1371	1	0	61	104.59244791666679
n1463	1372	1	0	65	104.69531250000011
n1464	1375	1	0	66	104.82682291666677
n1465	1377	1	0	68	104.9257812500001
n1485	1385	1	0	56	105.41015625000011
n1484	1383	1	0	58	105.29947916666677
n1483	1381	1	0	60	105.17838541666676
n1482	1379	1	0	61	105.07291666666676
n1466	1378	1	0	70	105.04557291666676
n1467	1380	1	0	72	105.15364583333343
n1468	1382	1	0	73	105.28255208333343
n1469	1384	1	0	75	105.39973958333344
n1505	1386	1	0	55	105.54036458333344
n1508	1392	1	0	55	105.8632812500001
n1506	1389	1	0	56	105.64973958333344
n1507	1390	1	0	58	105.7695312500001
n1493	1391	1	0	73	105.7656250000001
n1492	1388	1	0	75	105.65104166666677
n1494	1393	1	0	75	105.86197916666677
n1491	1387	1	0	76	105.53385416666677
n1522	1401	1	0	46	106.3554687500001
n1521	1399	1	0	48	106.23958333333344
n1520	1397	1	0	49	106.1132812500001
n1509	1396	1	0	51	106.0156250000001
n1495	1394	1	0	76	105.99869791666677
n1496	1395	1	0	79	106.11197916666677
n1497	1398	1	0	80	106.23307291666677
n1498	1400	1	0	82	106.32291666666677
n1523	1403	1	0	44	106.47395833333344
n1511	1405	1	0	51	106.58463541666679
n1512	1407	1	0	53	106.71354166666679
n1513	1409	1	0	54	106.83593750000013
n1502	1408	1	0	68	106.81510416666679
n1501	1406	1	0	70	106.71093750000011
n1500	1404	1	0	72	106.58593750000011
n1499	1402	1	0	73	106.48828125000011
n1514	1411	1	0	56	106.95052083333346
n1517	1415	1	0	56	107.32291666666679
n1515	1412	1	0	58	107.06770833333346
n1516	1414	1	0	60	107.21875000000011
n1504	1413	1	0	66	107.20963541666679
n1503	1410	1	0	75	106.94531250000013
n1542	1420	1	0	41	107.83333333333346
n1532	1416	1	0	61	107.50781250000011
n1526	1418	1	0	61	107.82161458333346
n1525	1417	1	0	65	107.49609375000011
n1527	1419	1	0	68	107.82161458333346
n1528	1421	1	0	73	107.82942708333346
n1543	1423	1	0	42	108.17968750000011
n1544	1427	1	0	44	108.58593750000011
n1529	1425	1	0	63	108.18750000000011
n1540	deletion
n1533	1422	1	0	66	108.18750000000011
n1535	1426	1	0	66	108.5898437500001
n1536	1429	1	0	68	108.58854166666677
n1534	1424	1	0	70	108.18619791666679
n1530	1428	1	0	72	108.58723958333344
n1545	1434	1	0	37	109.12109375000009
n1537	1430	1	0	61	109.11979166666676
n1538	1432	1	0	65	109.12239583333341
n1539	1431	1	0	68	109.11458333333343
n1531	1433	1	0	73	109.11458333333343
insertion	403	1	0	45	34.30598958333336
insertion	432	1	0	79	36.07161458333337
insertion	433	1	0	43	36.23307291666671
insertion	526	1	0	76	42.84635416666669
insertion	529	1	0	76	42.99218750000003
insertion	524	1	0	77	42.76953125000002
insertion	527	1	0	77	42.91406250000003
insertion	567	1	0	64	45.92838541666667
insertion	585	1	0	56	47.153645833333336
insertion	616	1	0	72	48.861979166666686
insertion	694	1	0	64	55.2799479166667
insertion	731	1	0	67	57.78385416666673
insertion	740	1	0	57	58.55859375000007
insertion	746	1	0	52	58.885416666666735
insertion	889	1	0	51	69.10416666666681
insertion	992	1	0	65	76.0572916666669
insertion	1012	1	0	60	77.43489583333357
insertion	1284	1	0	45	98.48307291666683
insertion	1318	1	0	65	100.8111979166668
