xml_id	midi_id	track	channel	pitch	onset
n16	22	1	0	36	0.9781249999999999
n17	0	1	0	48	0.9770833333333332
n1	1	1	0	48	1.184375
n2	2	1	0	55	1.278125
n3	3	1	0	60	1.3687499999999997
n5	5	1	0	60	1.536458333333333
n4	4	1	0	64	1.4447916666666663
n6	6	1	0	67	1.6208333333333331
n7	7	1	0	72	1.692708333333333
n9	9	1	0	72	1.8427083333333332
n8	8	1	0	76	1.7677083333333332
n10	10	1	0	79	1.930208333333333
n11	12	1	0	84	2.015625
n13	14	1	0	84	2.146875
n12	13	1	0	88	2.06875
n14	15	1	0	91	2.2260416666666667
n15	16	1	0	96	2.2822916666666666
n21	23	1	0	84	2.601041666666667
n20	20	1	0	91	2.5135416666666672
n19	19	1	0	96	2.4406250000000003
n18	18	1	0	100	2.3666666666666667
n25	27	1	0	72	2.9020833333333336
n24	26	1	0	79	2.8218750000000004
n23	25	1	0	84	2.7447916666666674
n22	24	1	0	88	2.6822916666666674
n29	31	1	0	60	3.2239583333333335
n28	30	1	0	67	3.1343750000000004
n27	29	1	0	72	3.063541666666667
n26	28	1	0	76	2.994791666666667
n33	35	1	0	48	3.5531250000000005
n32	33	1	0	55	3.467708333333334
n31	34	1	0	60	3.3906250000000004
n30	32	1	0	64	3.313541666666667
n51	49	1	0	29	3.6614583333333335
n52	45	1	0	41	3.6583333333333337
n36	37	1	0	48	3.7947916666666672
n37	38	1	0	57	3.8770833333333337
n38	39	1	0	60	3.9645833333333336
n40	41	1	0	60	4.133333333333334
n39	40	1	0	65	4.046875000000001
n41	42	1	0	69	4.215625
n42	43	1	0	72	4.3
n44	46	1	0	72	4.460416666666666
n43	44	1	0	77	4.367708333333333
n45	47	1	0	81	4.53125
n46	48	1	0	84	4.60625
n48	51	1	0	84	4.76875
n47	50	1	0	89	4.684375
n49	52	1	0	93	4.825
n50	53	1	0	96	4.906250000000001
n69	68	1	0	30	4.973958333333334
n70	67	1	0	42	4.9697916666666675
n56	57	1	0	84	5.241666666666665
n55	56	1	0	93	5.1625
n54	55	1	0	96	5.088541666666666
n53	54	1	0	100	5.000000000000001
n60	61	1	0	72	5.558333333333332
n59	60	1	0	81	5.482291666666665
n58	59	1	0	84	5.399999999999998
n57	58	1	0	88	5.328124999999997
n64	65	1	0	60	5.899999999999999
n63	64	1	0	69	5.814583333333331
n62	63	1	0	72	5.730208333333332
n61	62	1	0	76	5.655208333333332
n68	70	1	0	48	6.314583333333331
n67	69	1	0	57	6.211458333333331
n66	71	1	0	60	6.111458333333331
n65	66	1	0	62	6.012499999999998
n86	81	1	0	31	6.427083333333331
n87	74	1	0	43	6.424999999999998
n71	72	1	0	47	6.548958333333331
n72	73	1	0	55	6.642708333333331
n73	75	1	0	59	6.728124999999998
n75	77	1	0	59	6.9083333333333306
n74	76	1	0	62	6.808333333333331
n76	78	1	0	67	6.982291666666664
n77	79	1	0	71	7.0593749999999975
n88	85	1	0	30	7.149999999999997
n89	82	1	0	42	7.1427083333333306
n79	83	1	0	71	7.23645833333333
n78	80	1	0	74	7.136458333333331
n80	84	1	0	79	7.320833333333329
n81	86	1	0	83	7.394791666666663
n90	93	1	0	28	7.482291666666662
n91	89	1	0	40	7.478124999999996
n83	88	1	0	83	7.586458333333329
n82	87	1	0	86	7.474999999999996
n84	91	1	0	91	7.676041666666662
n85	92	1	0	93	7.747916666666662
n108	99	1	0	26	7.838541666666662
n109	111	1	0	38	7.835416666666662
n95	97	1	0	84	8.120833333333326
n94	96	1	0	90	8.042708333333326
n93	95	1	0	93	7.963541666666661
n92	94	1	0	98	7.861458333333328
n99	102	1	0	72	8.428124999999994
n98	101	1	0	78	8.35416666666666
n97	100	1	0	81	8.273958333333326
n96	98	1	0	86	8.202083333333327
n103	106	1	0	60	8.753124999999994
n102	105	1	0	66	8.67291666666666
n101	104	1	0	69	8.593749999999993
n100	103	1	0	74	8.515624999999993
n107	110	1	0	48	9.098958333333327
n106	109	1	0	54	9.011458333333328
n105	108	1	0	57	8.93229166666666
n104	107	1	0	62	8.842708333333327
n125	136	1	0	31	9.20416666666666
n126	141	1	0	43	9.202083333333327
n110	112	1	0	48	9.334374999999993
n111	113	1	0	53	9.424999999999992
n112	114	1	0	56	9.51041666666666
n114	116	1	0	60	9.697916666666664
n113	115	1	0	62	9.596874999999995
n115	117	1	0	65	9.776041666666664
n116	118	1	0	68	9.846874999999997
n118	120	1	0	72	10.009374999999999
n117	119	1	0	74	9.923958333333331
n119	121	1	0	77	10.091666666666665
n120	122	1	0	80	10.164583333333333
n122	124	1	0	84	10.31875
n121	123	1	0	86	10.24375
n123	125	1	0	89	10.393749999999999
n124	126	1	0	92	10.466666666666665
n130	130	1	0	83	10.779166666666667
n129	129	1	0	89	10.701041666666665
n128	128	1	0	91	10.620833333333332
n127	127	1	0	98	10.553124999999998
n134	135	1	0	71	11.094791666666664
n133	134	1	0	77	11.015624999999998
n132	133	1	0	79	10.940624999999999
n131	131	1	0	86	10.871875
n138	140	1	0	59	11.428125
n137	139	1	0	65	11.34375
n136	138	1	0	67	11.2625
n135	137	1	0	74	11.181249999999999
n142	146	1	0	47	11.863541666666666
n141	145	1	0	53	11.765625
n140	144	1	0	55	11.665625
n139	142	1	0	63	11.536458333333334
n160	165	1	0	36	11.982291666666667
n161	147	1	0	48	11.980208333333334
n145	163	1	0	48	12.38541666666667
n146	148	1	0	55	12.232291666666669
n147	149	1	0	60	12.312500000000002
n149	151	1	0	60	12.493750000000004
n148	150	1	0	64	12.39791666666667
n150	152	1	0	67	12.573958333333337
n151	153	1	0	72	12.646875000000003
n153	155	1	0	72	12.807291666666671
n152	154	1	0	76	12.721875000000004
n154	156	1	0	79	12.886458333333337
n155	157	1	0	84	12.953125000000004
n157	159	1	0	84	13.105208333333337
n156	158	1	0	88	13.02916666666667
n158	160	1	0	91	13.168750000000005
n159	161	1	0	96	13.24166666666667
n165	167	1	0	84	13.547916666666671
n164	166	1	0	91	13.472916666666672
n163	164	1	0	96	13.400000000000004
n162	162	1	0	100	13.325000000000005
n169	171	1	0	72	13.85729166666667
n168	170	1	0	79	13.777083333333337
n167	169	1	0	84	13.70104166666667
n166	168	1	0	88	13.631250000000003
n173	175	1	0	60	14.181250000000004
n172	174	1	0	67	14.095833333333337
n171	173	1	0	72	14.021875000000003
n170	172	1	0	76	13.950000000000003
n177	179	1	0	48	14.53229166666667
n176	178	1	0	55	14.444791666666669
n175	177	1	0	60	14.367708333333336
n174	176	1	0	64	14.27916666666667
n195	213	1	0	33	14.62916666666667
n196	203	1	0	45	14.62604166666667
n180	180	1	0	48	14.76666666666667
n181	181	1	0	53	14.846875000000002
n182	182	1	0	60	14.925000000000002
n184	184	1	0	60	15.093750000000004
n183	183	1	0	65	15.003125000000004
n185	185	1	0	65	15.178125000000003
n186	186	1	0	72	15.25104166666667
n188	188	1	0	72	15.406250000000005
n187	187	1	0	77	15.33541666666667
n189	189	1	0	77	15.481250000000005
n190	190	1	0	84	15.55208333333334
n192	193	1	0	84	15.723958333333341
n191	191	1	0	89	15.638541666666672
n193	194	1	0	89	15.773958333333342
n194	195	1	0	96	15.85312500000001
n200	199	1	0	84	16.161458333333346
n199	198	1	0	90	16.08437500000001
n198	197	1	0	96	16.01145833333334
n197	196	1	0	100	15.932291666666675
n204	204	1	0	72	16.465625000000014
n203	202	1	0	78	16.383333333333347
n202	201	1	0	84	16.32604166666668
n201	200	1	0	88	16.243750000000013
n208	208	1	0	60	16.782291666666683
n207	207	1	0	66	16.701041666666683
n206	206	1	0	72	16.631250000000016
n205	205	1	0	76	16.559375000000017
n212	212	1	0	48	17.120833333333348
n211	211	1	0	54	17.025000000000016
n210	210	1	0	60	16.947916666666682
n209	209	1	0	64	16.870833333333348
n230	236	1	0	31	17.216666666666683
n231	243	1	0	43	17.213541666666682
n215	214	1	0	48	17.353125000000013
n216	215	1	0	55	17.43229166666668
n217	216	1	0	60	17.514583333333345
n219	218	1	0	60	17.684375000000014
n218	217	1	0	62	17.59375000000001
n220	219	1	0	67	17.765625000000014
n221	220	1	0	72	17.84270833333335
n223	222	1	0	72	18.003125000000015
n222	221	1	0	74	17.919791666666683
n224	223	1	0	79	18.08020833333335
n225	224	1	0	84	18.157291666666683
n227	226	1	0	84	18.313541666666687
n226	225	1	0	86	18.240625000000016
n228	227	1	0	91	18.385416666666686
n229	228	1	0	96	18.454166666666687
n235	232	1	0	83	18.770833333333357
n234	231	1	0	91	18.695833333333354
n233	230	1	0	95	18.62187500000002
n232	229	1	0	98	18.529166666666686
n239	237	1	0	71	19.08958333333335
n238	235	1	0	79	19.010416666666686
n237	234	1	0	83	18.935416666666686
n236	233	1	0	86	18.860416666666687
n243	242	1	0	59	19.42291666666668
n242	240	1	0	67	19.33958333333335
n241	239	1	0	71	19.251041666666683
n240	238	1	0	74	19.178125000000016
n247	246	1	0	47	19.772916666666685
n246	247	1	0	55	19.686458333333352
n245	245	1	0	59	19.607291666666683
n244	244	1	0	62	19.51666666666668
n265	271	1	0	36	19.885416666666686
n266	267	1	0	48	19.88125000000002
n250	248	1	0	50	20.02187500000002
n251	249	1	0	55	20.11875000000002
n252	250	1	0	62	20.207291666666684
n254	252	1	0	62	20.387500000000017
n253	251	1	0	64	20.30208333333335
n255	253	1	0	67	20.465625000000017
n256	254	1	0	74	20.547916666666683
n258	256	1	0	74	20.702083333333352
n257	255	1	0	76	20.62812500000002
n259	257	1	0	79	20.786458333333353
n260	258	1	0	86	20.85937500000002
n262	260	1	0	86	21.016666666666687
n261	259	1	0	88	20.95000000000002
n263	261	1	0	91	21.086458333333354
n264	262	1	0	98	21.16979166666669
n270	266	1	0	84	21.485416666666694
n269	265	1	0	91	21.407291666666694
n268	264	1	0	96	21.335416666666692
n267	263	1	0	100	21.25104166666669
n274	272	1	0	72	21.79479166666669
n276	274	1	0	72	21.96875000000002
n273	270	1	0	79	21.711458333333358
n272	269	1	0	84	21.64583333333336
n271	268	1	0	88	21.566666666666695
n278	276	1	0	60	22.143750000000022
n277	275	1	0	67	22.04687500000002
n275	273	1	0	76	21.889583333333356
n282	280	1	0	48	22.65729166666669
n281	279	1	0	55	22.49791666666669
n280	278	1	0	60	22.375000000000025
n279	277	1	0	64	22.259375000000023
n300	296	1	0	33	22.79270833333336
n301	292	1	0	45	22.788541666666692
n285	281	1	0	52	22.989583333333357
n286	282	1	0	60	23.08020833333336
n287	283	1	0	64	23.163541666666692
n289	285	1	0	64	23.32291666666669
n288	284	1	0	65	23.228125000000023
n290	286	1	0	72	23.41354166666669
n291	287	1	0	76	23.489583333333353
n293	289	1	0	76	23.644791666666688
n292	288	1	0	77	23.555208333333354
n294	290	1	0	84	23.735416666666687
n295	291	1	0	88	23.810416666666686
n297	294	1	0	88	23.95520833333335
n296	293	1	0	89	23.87812500000002
n298	295	1	0	96	24.047916666666683
n299	297	1	0	100	24.122916666666683
n318	307	1	0	35	24.227083333333347
n319	302	1	0	47	24.223958333333346
n305	301	1	0	86	24.470833333333346
n304	300	1	0	95	24.39166666666668
n303	299	1	0	98	24.311458333333345
n302	298	1	0	101	24.218750000000014
n309	306	1	0	74	24.793750000000014
n308	305	1	0	83	24.70416666666668
n307	304	1	0	86	24.61979166666668
n306	303	1	0	89	24.55729166666668
n320	313	1	0	33	24.88229166666668
n321	311	1	0	45	24.87395833333335
n313	312	1	0	62	25.140625000000014
n312	310	1	0	71	25.04583333333335
n311	309	1	0	74	24.97604166666668
n310	308	1	0	77	24.89166666666668
n317	317	1	0	50	25.53437500000002
n316	316	1	0	59	25.423958333333353
n315	315	1	0	62	25.313541666666687
n314	314	1	0	65	25.234375000000018
n337	328	1	0	32	25.630208333333353
n338	330	1	0	44	25.64375000000002
n322	319	1	0	50	25.744791666666686
n323	320	1	0	59	25.835416666666685
n324	321	1	0	62	25.91562500000002
n326	323	1	0	62	26.073958333333355
n325	322	1	0	64	25.99166666666669
n327	324	1	0	71	26.16354166666669
n328	325	1	0	74	26.236458333333356
n330	327	1	0	74	26.386458333333355
n329	326	1	0	76	26.31354166666669
n331	329	1	0	83	26.46875000000002
n332	331	1	0	86	26.544791666666686
n334	333	1	0	86	26.685416666666686
n333	332	1	0	88	26.61875000000002
n335	334	1	0	95	26.770833333333353
n336	335	1	0	98	26.844791666666687
n355	345	1	0	33	26.925000000000022
n356	340	1	0	45	26.926041666666688
n342	339	1	0	84	27.166666666666686
n341	338	1	0	93	27.085416666666685
n340	337	1	0	96	27.015625000000018
n339	336	1	0	100	26.922916666666687
n346	344	1	0	72	27.479166666666686
n345	343	1	0	81	27.40000000000002
n344	342	1	0	84	27.32187500000002
n343	341	1	0	88	27.252083333333353
n357	353	1	0	31	27.554166666666685
n358	349	1	0	43	27.548958333333353
n350	350	1	0	60	27.817708333333353
n349	348	1	0	69	27.738541666666688
n348	347	1	0	72	27.655208333333356
n347	346	1	0	76	27.577083333333352
n354	354	1	0	48	28.186458333333356
n353	352	1	0	57	28.09375000000002
n352	355	1	0	60	27.998958333333356
n351	351	1	0	64	27.922916666666687
n374	389	1	0	29	28.31666666666669
n375	381	1	0	41	28.314583333333356
n359	356	1	0	48	28.445833333333358
n360	357	1	0	57	28.53229166666669
n361	358	1	0	60	28.617708333333358
n363	360	1	0	60	28.793750000000024
n362	359	1	0	64	28.71041666666669
n364	361	1	0	69	28.87395833333336
n365	362	1	0	72	28.950000000000028
n367	364	1	0	72	29.105208333333362
n366	363	1	0	76	29.027083333333362
n368	365	1	0	81	29.184375000000028
n369	366	1	0	84	29.262500000000028
n371	368	1	0	84	29.42500000000003
n370	367	1	0	88	29.341666666666693
n372	369	1	0	93	29.485416666666694
n373	370	1	0	96	29.56458333333336
n379	374	1	0	83	29.932291666666693
n378	373	1	0	93	29.856250000000024
n377	372	1	0	95	29.762500000000024
n376	371	1	0	99	29.663541666666692
n383	378	1	0	71	30.247916666666697
n382	377	1	0	81	30.163541666666696
n381	376	1	0	83	30.088541666666696
n380	375	1	0	87	30.01770833333336
n387	384	1	0	59	30.564583333333363
n386	383	1	0	69	30.47708333333336
n385	382	1	0	71	30.410416666666695
n384	379	1	0	75	30.33645833333336
n391	387	1	0	47	30.89687500000003
n390	388	1	0	57	30.808333333333362
n389	390	1	0	59	30.732291666666697
n388	386	1	0	63	30.651041666666696
n409	413	1	0	28	31.00000000000003
n410	423	1	0	40	31.00000000000003
n394	391	1	0	47	31.11770833333336
n395	392	1	0	57	31.191666666666695
n396	393	1	0	59	31.29687500000003
n398	395	1	0	59	31.469791666666694
n397	394	1	0	64	31.373958333333363
n399	396	1	0	69	31.54895833333336
n400	397	1	0	71	31.631250000000026
n402	399	1	0	71	31.80000000000003
n401	398	1	0	76	31.70833333333336
n403	400	1	0	81	31.876041666666698
n404	401	1	0	83	31.9572916666667
n406	403	1	0	83	32.10937500000003
n405	402	1	0	88	32.02812500000003
n407	404	1	0	93	32.188541666666694
n408	405	1	0	95	32.2635416666667
n414	409	1	0	83	32.5791666666667
n413	408	1	0	92	32.500000000000036
n412	407	1	0	95	32.43333333333337
n411	406	1	0	100	32.35000000000003
n418	414	1	0	71	32.9041666666667
n417	412	1	0	80	32.82500000000004
n416	411	1	0	83	32.74479166666671
n415	410	1	0	88	32.669791666666704
n422	418	1	0	59	33.262500000000045
n421	417	1	0	68	33.16145833333337
n420	416	1	0	71	33.07708333333337
n419	415	1	0	76	33.0104166666667
n426	422	1	0	47	33.733333333333384
n425	421	1	0	56	33.58229166666672
n424	420	1	0	59	33.46562500000005
n423	419	1	0	64	33.36666666666672
n444	427	1	0	33	33.84583333333338
n445	439	1	0	45	33.84895833333338
n429	deletion
n430	424	1	0	57	34.117708333333375
n431	425	1	0	61	34.211458333333375
n433	428	1	0	64	34.381250000000044
n432	426	1	0	67	34.29062500000004
n434	429	1	0	69	34.45625000000004
n435	430	1	0	73	34.52083333333337
n437	432	1	0	76	34.68645833333336
n436	431	1	0	79	34.60208333333337
n438	433	1	0	81	34.7479166666667
n439	434	1	0	85	34.82187500000003
n443	438	1	0	76	35.184375000000024
n442	437	1	0	81	35.09791666666669
n441	436	1	0	85	35.01979166666669
n440	435	1	0	91	34.92395833333336
n462	451	1	0	38	35.26562500000003
n463	448	1	0	50	35.278125000000024
n449	443	1	0	76	35.62500000000002
n448	442	1	0	81	35.55208333333336
n447	441	1	0	84	35.47604166666669
n446	440	1	0	91	35.35416666666669
n453	447	1	0	64	35.92812500000002
n452	446	1	0	69	35.85208333333336
n451	445	1	0	72	35.772916666666696
n450	444	1	0	79	35.69791666666669
n457	452	1	0	52	36.29062500000004
n456	453	1	0	57	36.19895833333337
n455	450	1	0	60	36.1197916666667
n454	449	1	0	67	36.014583333333356
n461	457	1	0	50	36.70937500000005
n460	456	1	0	57	36.61354166666671
n459	455	1	0	60	36.52500000000004
n458	454	1	0	66	36.412500000000044
n479	478	1	0	31	36.84270833333339
n480	490	1	0	43	36.837500000000055
n464	458	1	0	50	36.99062500000006
n465	459	1	0	55	37.06562500000006
n466	460	1	0	60	37.15729166666673
n468	462	1	0	62	37.3270833333334
n467	461	1	0	65	37.23750000000007
n469	463	1	0	67	37.4020833333334
n470	464	1	0	72	37.48125000000007
n472	466	1	0	74	37.64375000000006
n471	465	1	0	77	37.56041666666673
n473	467	1	0	79	37.7114583333334
n474	468	1	0	84	37.794791666666725
n476	470	1	0	86	37.944791666666724
n475	469	1	0	89	37.86979166666672
n477	471	1	0	91	38.018750000000054
n478	472	1	0	96	38.08437500000005
n484	476	1	0	86	38.41354166666672
n483	475	1	0	91	38.34166666666672
n482	474	1	0	95	38.26145833333339
n481	473	1	0	101	38.177083333333385
n488	481	1	0	74	38.719791666666715
n487	480	1	0	79	38.65416666666672
n486	479	1	0	83	38.572916666666714
n485	477	1	0	89	38.498958333333384
n492	485	1	0	62	39.03958333333338
n491	484	1	0	67	38.956250000000054
n490	483	1	0	71	38.88125000000005
n489	482	1	0	77	38.80520833333338
n496	489	1	0	50	39.371875000000045
n495	488	1	0	55	39.28333333333338
n494	487	1	0	59	39.21145833333338
n493	486	1	0	65	39.12500000000005
n514	501	1	0	36	39.48541666666671
n515	491	1	0	48	39.48437500000004
n499	492	1	0	48	39.61250000000005
n500	493	1	0	55	39.70312500000005
n501	494	1	0	58	39.78958333333338
n503	496	1	0	60	39.956250000000054
n502	495	1	0	64	39.87291666666672
n504	497	1	0	67	40.040625000000055
n505	499	1	0	70	40.116666666666724
n507	503	1	0	72	40.284375000000054
n506	500	1	0	76	40.18854166666672
n508	504	1	0	79	40.34583333333339
n509	505	1	0	82	40.43333333333339
n511	507	1	0	84	40.58958333333339
n510	506	1	0	88	40.503125000000054
n512	508	1	0	91	40.66770833333339
n513	510	1	0	96	40.74166666666672
n532	524	1	0	30	40.80312500000005
n533	519	1	0	42	40.80937500000005
n519	514	1	0	84	41.10312500000004
n518	513	1	0	87	41.026041666666714
n517	512	1	0	94	40.95520833333338
n516	511	1	0	99	40.85312500000005
n523	518	1	0	72	41.40000000000004
n522	517	1	0	75	41.32395833333337
n521	516	1	0	82	41.25000000000004
n520	515	1	0	87	41.18229166666671
n527	523	1	0	60	41.73020833333337
n526	522	1	0	63	41.64375000000003
n525	521	1	0	70	41.56458333333337
n524	520	1	0	75	41.5010416666667
n531	528	1	0	48	42.09583333333337
n530	527	1	0	51	41.99583333333337
n529	526	1	0	58	41.90208333333337
n528	525	1	0	63	41.82395833333337
n549	533	1	0	29	42.23750000000004
n550	545	1	0	41	42.23750000000004
n534	529	1	0	48	42.36354166666671
n535	530	1	0	51	42.45833333333338
n536	531	1	0	57	42.55833333333338
n538	534	1	0	60	42.72291666666671
n537	532	1	0	63	42.63645833333338
n539	535	1	0	63	42.79062500000004
n540	536	1	0	69	42.88437500000004
n542	538	1	0	72	43.04270833333337
n541	537	1	0	75	42.96458333333337
n543	539	1	0	75	43.11250000000004
n544	540	1	0	81	43.213541666666714
n546	542	1	0	84	43.376041666666715
n545	541	1	0	87	43.29270833333338
n547	543	1	0	87	43.442708333333385
n548	544	1	0	93	43.56458333333339
n567	556	1	0	35	43.58437500000006
n568	554	1	0	47	43.61354166666673
n554	549	1	0	83	43.907291666666715
n553	548	1	0	87	43.82395833333339
n552	547	1	0	92	43.74270833333338
n551	546	1	0	99	43.65625000000006
n558	553	1	0	71	44.20208333333338
n557	552	1	0	75	44.12500000000004
n556	551	1	0	80	44.04479166666671
n555	550	1	0	87	43.98020833333338
n562	559	1	0	59	44.51354166666671
n561	558	1	0	63	44.44583333333338
n560	557	1	0	68	44.35729166666671
n559	555	1	0	75	44.291666666666714
n566	562	1	0	47	44.857291666666704
n565	563	1	0	51	44.76875000000004
n564	564	1	0	56	44.68645833333338
n563	560	1	0	63	44.61458333333338
n584	592	1	0	34	44.97187500000004
n569	565	1	0	46	45.06770833333338
n570	566	1	0	53	45.15520833333338
n571	567	1	0	56	45.242708333333375
n573	569	1	0	58	45.43229166666671
n572	568	1	0	62	45.32812500000004
n574	570	1	0	65	45.513541666666704
n575	571	1	0	68	45.591666666666704
n577	573	1	0	70	45.76250000000004
n576	572	1	0	74	45.67083333333337
n578	574	1	0	77	45.83750000000004
n579	575	1	0	80	45.914583333333375
n581	577	1	0	82	46.06770833333338
n580	576	1	0	86	45.992708333333375
n582	578	1	0	89	46.14375000000005
n583	579	1	0	92	46.22291666666671
n602	591	1	0	46	46.295833333333384
n588	584	1	0	82	46.5864583333334
n587	583	1	0	88	46.502083333333395
n586	582	1	0	92	46.43229166666672
n585	580	1	0	98	46.33645833333338
n592	590	1	0	70	46.89583333333339
n591	588	1	0	76	46.82291666666673
n590	587	1	0	80	46.74479166666673
n589	586	1	0	86	46.68229166666673
n596	596	1	0	58	47.23958333333339
n595	595	1	0	64	47.16354166666673
n594	594	1	0	68	47.076041666666725
n593	593	1	0	74	46.993750000000055
n600	600	1	0	46	47.64062500000005
n599	599	1	0	52	47.53541666666672
n598	598	1	0	56	47.442708333333385
n597	597	1	0	62	47.346875000000054
n618	632	1	0	33	47.755208333333385
n619	601	1	0	45	47.75208333333339
n603	624	1	0	45	48.211458333333404
n604	602	1	0	52	48.05312500000006
n605	603	1	0	57	48.1270833333334
n607	605	1	0	57	48.311458333333405
n606	604	1	0	61	48.211458333333404
n608	606	1	0	64	48.37500000000007
n609	607	1	0	69	48.45520833333341
n611	609	1	0	69	48.64062500000008
n610	608	1	0	73	48.538541666666745
n612	610	1	0	76	48.70520833333341
n613	611	1	0	81	48.78333333333341
n615	613	1	0	81	48.967708333333405
n614	deletion
n616	614	1	0	88	49.02916666666674
n617	615	1	0	93	49.09895833333341
n623	619	1	0	81	49.4395833333334
n622	618	1	0	88	49.35520833333341
n621	617	1	0	93	49.28645833333341
n620	616	1	0	97	49.19166666666674
n627	623	1	0	69	49.78541666666674
n626	622	1	0	76	49.684375000000074
n625	621	1	0	81	49.58333333333341
n624	620	1	0	85	49.523958333333404
n631	628	1	0	57	50.16145833333341
n630	627	1	0	64	50.057291666666735
n629	626	1	0	69	49.95312500000007
n628	625	1	0	73	49.878125000000075
n635	633	1	0	45	50.66562500000007
n634	631	1	0	52	50.523958333333404
n633	630	1	0	57	50.38437500000007
n632	629	1	0	61	50.27291666666674
n653	648	1	0	38	50.80208333333341
n638	634	1	0	45	50.97916666666674
n639	635	1	0	50	51.07604166666674
n640	636	1	0	54	51.17291666666674
n642	638	1	0	57	51.32916666666673
n641	637	1	0	60	51.2395833333334
n643	639	1	0	62	51.41354166666673
n644	640	1	0	66	51.48750000000006
n646	642	1	0	69	51.64791666666673
n645	641	1	0	72	51.5677083333334
n647	643	1	0	74	51.73229166666673
n648	644	1	0	78	51.80416666666673
n650	646	1	0	81	51.97604166666673
n649	645	1	0	84	51.88750000000007
n651	647	1	0	86	52.05937500000007
n652	649	1	0	90	52.1395833333334
n670	668	1	0	31	52.23541666666673
n671	664	1	0	43	52.23229166666673
n657	653	1	0	79	52.578125000000085
n656	652	1	0	86	52.48750000000008
n655	651	1	0	89	52.411458333333414
n654	650	1	0	96	52.2864583333334
n661	657	1	0	67	52.86666666666675
n660	656	1	0	74	52.78020833333342
n659	655	1	0	77	52.71770833333342
n658	654	1	0	84	52.63958333333342
n665	662	1	0	55	53.20833333333342
n664	661	1	0	62	53.118750000000084
n663	660	1	0	65	53.04583333333342
n662	658	1	0	72	52.953125000000085
n669	667	1	0	43	53.67187500000011
n668	666	1	0	50	53.54895833333344
n667	665	1	0	53	53.46041666666677
n666	663	1	0	59	53.32500000000009
n687	683	1	0	36	53.75208333333344
n672	669	1	0	43	53.896875000000115
n673	670	1	0	48	53.97083333333345
n674	671	1	0	52	54.051041666666784
n676	673	1	0	55	54.22187500000012
n675	672	1	0	59	54.12395833333345
n677	674	1	0	60	54.30833333333345
n678	675	1	0	64	54.38020833333345
n680	677	1	0	67	54.533333333333445
n679	676	1	0	71	54.45000000000012
n681	678	1	0	72	54.611458333333445
n682	679	1	0	76	54.70208333333344
n684	681	1	0	79	54.85416666666677
n683	680	1	0	83	54.76770833333344
n685	682	1	0	84	54.93229166666677
n686	684	1	0	88	55.02395833333344
n704	702	1	0	29	55.08020833333344
n705	698	1	0	41	55.10000000000011
n691	688	1	0	77	55.43645833333346
n690	687	1	0	84	55.36979166666679
n689	686	1	0	88	55.287500000000115
n688	685	1	0	95	55.17187500000011
n695	692	1	0	65	55.74270833333346
n694	691	1	0	72	55.65520833333346
n693	690	1	0	76	55.59375000000013
n692	689	1	0	83	55.5197916666668
n699	696	1	0	53	56.07604166666679
n698	695	1	0	60	55.98854166666679
n697	694	1	0	64	55.91145833333346
n696	693	1	0	71	55.82395833333346
n703	701	1	0	41	56.53541666666681
n702	700	1	0	48	56.42708333333348
n701	699	1	0	52	56.32500000000014
n700	697	1	0	57	56.18125000000013
n721	718	1	0	35	56.62500000000015
n706	703	1	0	41	56.76458333333348
n707	704	1	0	47	56.84270833333348
n708	705	1	0	50	56.926041666666826
n710	707	1	0	53	57.09687500000016
n709	706	1	0	57	57.004166666666826
n711	708	1	0	59	57.17708333333349
n712	709	1	0	62	57.259375000000155
n714	711	1	0	65	57.422916666666815
n713	710	1	0	69	57.32604166666682
n715	712	1	0	71	57.501041666666815
n716	713	1	0	74	57.58750000000015
n718	715	1	0	77	57.76458333333348
n717	714	1	0	81	57.66666666666682
n719	716	1	0	83	57.844791666666815
n720	717	1	0	86	57.93125000000015
n738	721	1	0	28	57.971875000000146
n739	728	1	0	40	57.99583333333348
n725	723	1	0	76	58.34062500000018
n724	722	1	0	83	58.25520833333351
n723	720	1	0	86	58.1802083333335
n722	719	1	0	91	58.07291666666682
n729	727	1	0	64	58.66145833333352
n728	726	1	0	71	58.56770833333352
n727	725	1	0	74	58.49166666666685
n726	724	1	0	79	58.41562500000018
n740	735	1	0	33	58.73437500000019
n741	733	1	0	45	58.73020833333352
n730	729	1	0	69	58.77083333333352
n731	730	1	0	72	58.865625000000186
n733	732	1	0	76	59.04166666666685
n732	731	1	0	79	58.94479166666685
n734	deletion
n735	deletion
n737	740	1	0	88	59.33645833333351
n736	739	1	0	91	59.26250000000017
n758	745	1	0	26	59.43854166666684
n759	753	1	0	38	59.43958333333351
n745	747	1	0	74	59.69062500000019
n744	746	1	0	81	59.613541666666855
n743	744	1	0	84	59.53229166666684
n742	743	1	0	89	59.44895833333351
n749	752	1	0	62	60.02395833333351
n748	750	1	0	69	59.93750000000018
n747	749	1	0	72	59.85416666666685
n746	748	1	0	77	59.78020833333352
n760	759	1	0	31	60.12395833333351
n761	758	1	0	43	60.11979166666684
n750	755	1	0	67	60.13958333333351
n751	756	1	0	71	60.24062500000018
n753	760	1	0	74	60.40833333333351
n752	757	1	0	77	60.32500000000017
n754	761	1	0	79	60.48125000000017
n755	762	1	0	83	60.563541666666836
n757	764	1	0	86	60.729166666666835
n756	763	1	0	89	60.651041666666835
n778	767	1	0	24	60.81250000000017
n779	773	1	0	36	60.81250000000017
n765	769	1	0	72	61.07500000000016
n764	768	1	0	79	60.99375000000016
n763	766	1	0	83	60.91354166666683
n762	765	1	0	88	60.8239583333335
n769	775	1	0	60	61.4020833333335
n768	771	1	0	67	61.31562500000017
n767	774	1	0	71	61.23437500000016
n766	770	1	0	76	61.16562500000016
n780	777	1	0	29	61.483333333333505
n781	784	1	0	41	61.483333333333505
n770	776	1	0	65	61.50937500000017
n771	778	1	0	69	61.610416666666836
n773	780	1	0	72	61.76354166666683
n772	779	1	0	76	61.69062500000017
n774	781	1	0	77	61.84166666666683
n775	782	1	0	81	61.92916666666683
n777	785	1	0	84	62.10000000000016
n776	783	1	0	88	62.01041666666683
n795	796	1	0	35	62.18645833333348
n796	793	1	0	47	62.18541666666682
n785	789	1	0	71	62.46979166666683
n784	788	1	0	77	62.394791666666826
n783	787	1	0	81	62.31458333333349
n782	786	1	0	86	62.21458333333348
n789	794	1	0	59	62.78229166666682
n788	792	1	0	65	62.70416666666682
n787	791	1	0	69	62.634375000000155
n786	790	1	0	74	62.560416666666825
n793	799	1	0	47	63.12395833333349
n792	797	1	0	53	63.03020833333349
n791	798	1	0	57	62.94791666666682
n790	795	1	0	62	62.87395833333349
n797	806	1	0	35	63.22395833333349
n811	804	1	0	47	63.6239583333335
n801	803	1	0	71	63.95937500000017
n800	802	1	0	78	63.87187500000017
n799	801	1	0	81	63.80104166666684
n798	800	1	0	87	63.69375000000017
n805	810	1	0	59	64.30000000000015
n804	809	1	0	66	64.2145833333335
n803	808	1	0	69	64.13541666666683
n802	805	1	0	75	64.04791666666684
n809	815	1	0	47	64.71562500000014
n808	814	1	0	54	64.61979166666681
n807	813	1	0	57	64.50833333333348
n806	811	1	0	63	64.38958333333349
n812	816	1	0	35	64.83854166666681
n828	845	1	0	28	65.45312500000014
n829	837	1	0	40	65.45104166666681
n813	817	1	0	47	65.72083333333346
n814	818	1	0	52	65.82291666666679
n815	819	1	0	56	65.92604166666676
n817	821	1	0	59	66.13333333333344
n816	820	1	0	64	66.02604166666676
n818	822	1	0	64	66.22500000000011
n819	823	1	0	68	66.2937500000001
n821	825	1	0	71	66.4656250000001
n820	824	1	0	76	66.38333333333344
n822	826	1	0	76	66.54791666666677
n823	827	1	0	80	66.6156250000001
n825	829	1	0	83	66.77500000000009
n824	828	1	0	88	66.70104166666675
n826	830	1	0	88	66.8468750000001
n827	831	1	0	92	66.91145833333343
n833	835	1	0	83	67.23750000000008
n832	834	1	0	88	67.15729166666675
n831	833	1	0	92	67.07500000000009
n830	832	1	0	100	67.00000000000009
n837	841	1	0	71	67.56250000000007
n836	840	1	0	76	67.47187500000007
n835	839	1	0	80	67.40000000000008
n834	838	1	0	88	67.33541666666675
n841	846	1	0	59	67.90208333333338
n840	844	1	0	64	67.81458333333339
n839	843	1	0	68	67.73645833333339
n838	842	1	0	76	67.6520833333334
n848	851	1	0	26	67.99687500000005
n849	848	1	0	38	68.00000000000004
n845	852	1	0	50	68.53750000000001
n844	850	1	0	55	68.41875
n843	849	1	0	59	68.29270833333334
n842	847	1	0	65	68.08958333333337
n865	855	1	0	24	68.66666666666669
n866	870	1	0	36	68.66875000000002
n850	853	1	0	48	68.915625
n851	854	1	0	55	69.01666666666667
n852	856	1	0	60	69.11145833333332
n854	858	1	0	60	69.3020833333333
n853	857	1	0	64	69.19479166666663
n855	859	1	0	67	69.3833333333333
n856	860	1	0	72	69.4552083333333
n858	862	1	0	72	69.60937499999997
n857	861	1	0	76	69.5364583333333
n859	863	1	0	79	69.68749999999997
n860	864	1	0	84	69.76562499999997
n862	867	1	0	84	69.92291666666665
n861	865	1	0	88	69.84374999999997
n863	868	1	0	91	69.99374999999999
n864	869	1	0	96	70.065625
n884	872	1	0	48	70.12916666666666
n870	875	1	0	84	70.40729166666667
n869	874	1	0	91	70.32916666666667
n868	873	1	0	96	70.24583333333334
n867	871	1	0	100	70.15833333333333
n874	879	1	0	72	70.72708333333334
n873	878	1	0	79	70.64270833333333
n872	877	1	0	84	70.56875000000001
n871	876	1	0	88	70.49791666666667
n878	883	1	0	60	71.05104166666669
n877	882	1	0	67	70.97187500000001
n876	881	1	0	72	70.89166666666668
n875	880	1	0	76	70.81666666666668
n882	886	1	0	48	71.40937500000001
n881	885	1	0	55	71.31979166666667
n880	887	1	0	60	71.22708333333334
n879	884	1	0	64	71.15833333333335
n900	898	1	0	29	71.54583333333333
n901	896	1	0	41	71.540625
n885	888	1	0	48	71.684375
n886	889	1	0	57	71.75729166666667
n887	890	1	0	60	71.86041666666668
n889	892	1	0	60	72.03333333333333
n888	891	1	0	65	71.9375
n890	893	1	0	69	72.12083333333334
n891	894	1	0	72	72.20312500000001
n893	897	1	0	72	72.37187500000002
n892	895	1	0	77	72.28125000000001
n894	899	1	0	81	72.45208333333336
n895	900	1	0	84	72.53020833333336
n897	902	1	0	84	72.69270833333336
n896	901	1	0	89	72.61145833333336
n898	903	1	0	93	72.76145833333335
n899	904	1	0	96	72.84062500000002
n918	918	1	0	30	72.92604166666669
n919	913	1	0	42	72.92187500000003
n905	908	1	0	84	73.22083333333335
n904	907	1	0	93	73.14687500000002
n903	906	1	0	96	73.07187500000002
n902	905	1	0	100	72.9697916666667
n909	912	1	0	72	73.546875
n908	911	1	0	81	73.46875
n907	910	1	0	84	73.38958333333333
n906	909	1	0	88	73.31354166666667
n913	917	1	0	60	73.88020833333333
n912	916	1	0	69	73.80520833333333
n911	915	1	0	72	73.71979166666667
n910	914	1	0	76	73.64166666666667
n917	921	1	0	48	74.31979166666667
n916	920	1	0	57	74.21666666666667
n915	922	1	0	60	74.10833333333333
n914	919	1	0	62	73.98854166666666
n935	932	1	0	31	74.43020833333333
n936	926	1	0	43	74.42708333333333
n920	923	1	0	47	74.59999999999998
n921	925	1	0	55	74.67395833333332
n922	927	1	0	59	74.76562499999999
n924	929	1	0	59	74.93437499999995
n923	928	1	0	62	74.84166666666663
n925	930	1	0	67	75.01874999999994
n926	931	1	0	71	75.09999999999994
n937	937	1	0	30	75.16874999999995
n938	935	1	0	42	75.1604166666666
n928	934	1	0	71	75.29583333333328
n927	933	1	0	74	75.18229166666661
n929	936	1	0	79	75.3822916666666
n930	938	1	0	83	75.45833333333327
n939	944	1	0	28	75.52604166666661
n940	940	1	0	40	75.51770833333327
n932	941	1	0	83	75.64791666666662
n931	939	1	0	86	75.54062499999995
n933	942	1	0	91	75.72604166666662
n934	943	1	0	93	75.80937499999996
n957	950	1	0	26	75.89999999999995
n958	962	1	0	38	75.89583333333329
n944	948	1	0	84	76.19583333333327
n943	947	1	0	90	76.11874999999993
n942	946	1	0	93	76.0385416666666
n941	945	1	0	98	75.93333333333328
n948	953	1	0	72	76.50208333333325
n947	952	1	0	78	76.42916666666659
n946	951	1	0	81	76.35416666666659
n945	949	1	0	86	76.28229166666658
n952	957	1	0	60	76.83229166666658
n951	956	1	0	66	76.75208333333325
n950	955	1	0	69	76.68229166666659
n949	954	1	0	74	76.59583333333325
n956	961	1	0	48	77.17708333333323
n955	960	1	0	54	77.09479166666657
n954	959	1	0	57	77.0124999999999
n953	958	1	0	62	76.92812499999991
n974	988	1	0	31	77.29791666666655
n975	986	1	0	43	77.29479166666655
n959	963	1	0	48	77.45312499999987
n960	964	1	0	53	77.55104166666653
n961	965	1	0	56	77.6458333333332
n963	967	1	0	60	77.83645833333318
n962	966	1	0	62	77.73749999999986
n964	968	1	0	65	77.92499999999986
n965	969	1	0	68	77.99791666666653
n967	971	1	0	72	78.16354166666653
n966	970	1	0	74	78.0739583333332
n968	972	1	0	77	78.2364583333332
n969	973	1	0	80	78.3145833333332
n971	975	1	0	84	78.46874999999987
n970	974	1	0	86	78.38749999999987
n972	976	1	0	89	78.5458333333332
n973	977	1	0	92	78.6177083333332
n979	981	1	0	83	78.92187499999986
n978	980	1	0	89	78.85312499999986
n977	979	1	0	91	78.77291666666653
n976	978	1	0	98	78.7020833333332
n983	985	1	0	71	79.24479166666652
n982	984	1	0	77	79.16666666666652
n981	983	1	0	79	79.09166666666651
n980	982	1	0	86	79.01145833333318
n987	991	1	0	59	79.58333333333321
n986	990	1	0	65	79.49791666666654
n985	989	1	0	67	79.4177083333332
n984	987	1	0	74	79.33124999999986
n991	996	1	0	47	80.01249999999989
n990	995	1	0	53	79.90624999999989
n989	994	1	0	55	79.81041666666655
n988	992	1	0	63	79.68854166666655
n1009	1018	1	0	36	80.13541666666656
n1010	997	1	0	48	80.13437499999989
n994	1016	1	0	48	80.53854166666653
n995	998	1	0	55	80.39999999999988
n996	999	1	0	60	80.49479166666653
n998	1001	1	0	60	80.66979166666653
n997	1000	1	0	64	80.57708333333319
n999	1002	1	0	67	80.74895833333319
n1000	1003	1	0	72	80.82187499999985
n1002	1005	1	0	72	80.98958333333317
n1001	1004	1	0	76	80.90833333333318
n1003	1006	1	0	79	81.06874999999984
n1004	1007	1	0	84	81.1354166666665
n1006	1009	1	0	84	81.3010416666665
n1005	1008	1	0	88	81.22083333333318
n1007	1010	1	0	91	81.3822916666665
n1008	1011	1	0	96	81.4416666666665
n1014	1015	1	0	84	81.75833333333318
n1013	1014	1	0	91	81.69062499999984
n1012	1013	1	0	96	81.61249999999984
n1011	1012	1	0	100	81.53229166666651
n1018	1021	1	0	72	82.06562499999983
n1017	1020	1	0	79	81.9947916666665
n1016	1019	1	0	84	81.91874999999983
n1015	1017	1	0	88	81.8479166666665
n1022	1025	1	0	60	82.38645833333317
n1021	1024	1	0	67	82.3104166666665
n1020	1023	1	0	72	82.2322916666665
n1019	1022	1	0	76	82.15520833333316
n1026	1029	1	0	48	82.74895833333316
n1025	1028	1	0	55	82.66145833333316
n1024	1027	1	0	60	82.56666666666649
n1023	1026	1	0	64	82.4822916666665
n1044	1053	1	0	33	82.87083333333315
n1045	1049	1	0	45	82.87187499999982
n1029	1030	1	0	48	83.0229166666665
n1030	1031	1	0	53	83.10833333333316
n1031	1032	1	0	60	83.19166666666649
n1033	1034	1	0	60	83.35416666666647
n1032	1033	1	0	65	83.27395833333314
n1034	1035	1	0	65	83.4374999999998
n1035	1036	1	0	72	83.5124999999998
n1037	1038	1	0	72	83.67916666666649
n1036	1037	1	0	77	83.59166666666648
n1038	1039	1	0	77	83.74895833333315
n1039	1040	1	0	84	83.82708333333315
n1041	1042	1	0	84	83.9781249999998
n1040	1041	1	0	89	83.90520833333315
n1042	1043	1	0	89	84.03854166666648
n1043	1044	1	0	96	84.11666666666648
n1049	1048	1	0	84	84.43958333333315
n1048	1047	1	0	90	84.35937499999982
n1047	1046	1	0	96	84.28437499999983
n1046	1045	1	0	100	84.20729166666648
n1053	1054	1	0	72	84.74895833333315
n1052	1052	1	0	78	84.67187499999982
n1051	1051	1	0	84	84.59999999999981
n1050	1050	1	0	88	84.52187499999981
n1057	1058	1	0	60	85.1499999999998
n1056	1057	1	0	66	85.0593749999998
n1055	1056	1	0	72	84.95520833333315
n1054	1055	1	0	75	84.84479166666648
n1064	1062	1	0	32	85.26041666666646
n1065	1061	1	0	44	85.2562499999998
n1061	1064	1	0	48	85.66979166666641
n1060	1063	1	0	54	85.56354166666642
n1059	1060	1	0	60	85.44062499999976
n1058	1059	1	0	63	85.28124999999979
n1081	1088	1	0	31	85.78749999999974
n1082	1085	1	0	43	85.78645833333307
n1066	1065	1	0	48	85.95312499999973
n1067	1066	1	0	55	86.0416666666664
n1068	1067	1	0	60	86.1385416666664
n1070	1069	1	0	60	86.30937499999972
n1069	1068	1	0	62	86.21770833333305
n1071	1070	1	0	67	86.39374999999971
n1072	1071	1	0	72	86.47812499999971
n1074	1073	1	0	72	86.64791666666638
n1073	1072	1	0	74	86.56458333333303
n1075	1074	1	0	79	86.73333333333304
n1076	1075	1	0	84	86.80104166666636
n1078	1077	1	0	84	86.95520833333303
n1077	1076	1	0	86	86.88333333333303
n1079	1078	1	0	91	87.0249999999997
n1080	1079	1	0	96	87.10833333333302
n1086	1083	1	0	83	87.41562499999966
n1085	1082	1	0	91	87.33958333333301
n1084	1081	1	0	95	87.26354166666636
n1083	1080	1	0	98	87.18437499999969
n1090	1089	1	0	71	87.73229166666636
n1089	1087	1	0	79	87.65104166666634
n1088	1086	1	0	83	87.57604166666634
n1087	1084	1	0	86	87.50416666666634
n1094	1093	1	0	59	88.06874999999971
n1093	1092	1	0	67	87.98333333333304
n1092	1091	1	0	71	87.90520833333304
n1091	1090	1	0	74	87.82916666666637
n1098	1095	1	0	47	88.43541666666637
n1097	1096	1	0	55	88.33437499999971
n1096	1097	1	0	59	88.24895833333304
n1095	1094	1	0	62	88.16458333333304
n1116	1108	1	0	30	88.53854166666636
n1117	1107	1	0	42	88.53645833333303
n1101	1098	1	0	48	88.7124999999997
n1102	1099	1	0	57	88.8031249999997
n1103	1100	1	0	60	88.88229166666636
n1105	1102	1	0	60	89.0531249999997
n1104	1101	1	0	62	88.96458333333302
n1106	1103	1	0	69	89.13854166666636
n1107	1104	1	0	72	89.21666666666636
n1109	1106	1	0	72	89.37395833333304
n1108	1105	1	0	74	89.3031249999997
n1110	1109	1	0	81	89.45416666666637
n1111	1110	1	0	84	89.53541666666638
n1113	1112	1	0	84	89.67604166666638
n1112	1111	1	0	86	89.6062499999997
n1114	1113	1	0	93	89.74999999999972
n1115	1114	1	0	96	89.82604166666638
n1134	1121	1	0	29	89.89791666666638
n1135	1123	1	0	41	89.89999999999971
n1121	1119	1	0	84	90.20104166666634
n1120	1118	1	0	93	90.12083333333301
n1119	1117	1	0	96	90.05312499999968
n1118	1115	1	0	99	89.93124999999971
n1125	1125	1	0	72	90.51041666666632
n1124	1124	1	0	81	90.430208333333
n1123	1122	1	0	84	90.352083333333
n1122	1120	1	0	87	90.28437499999967
n1129	1129	1	0	59	90.86354166666631
n1128	1127	1	0	69	90.76249999999965
n1127	1128	1	0	71	90.69166666666631
n1126	1126	1	0	75	90.60208333333297
n1133	1131	1	0	47	91.25833333333298
n1132	1132	1	0	57	91.14895833333298
n1131	1133	1	0	59	91.05937499999965
n1130	1130	1	0	63	90.96145833333298
n1151	1138	1	0	28	91.39895833333298
n1152	1167	1	0	40	91.39895833333298
n1136	1134	1	0	47	91.56354166666631
n1137	1135	1	0	56	91.65104166666632
n1138	1136	1	0	59	91.75520833333299
n1140	1139	1	0	59	91.94479166666632
n1139	1137	1	0	64	91.84583333333299
n1141	1140	1	0	68	92.03020833333298
n1142	1141	1	0	71	92.10729166666631
n1144	1143	1	0	71	92.28749999999965
n1143	1142	1	0	76	92.19999999999965
n1145	1144	1	0	80	92.35937499999966
n1146	1146	1	0	83	92.44583333333298
n1148	1148	1	0	83	92.623958333333
n1147	1147	1	0	88	92.52187499999965
n1149	1149	1	0	92	92.68854166666632
n1150	1151	1	0	95	92.773958333333
n1170	1162	1	0	52	92.84062499999966
n1156	1157	1	0	83	93.17604166666631
n1155	1156	1	0	92	93.10104166666632
n1154	1155	1	0	95	93.00416666666632
n1153	1153	1	0	100	92.91249999999967
n1160	1161	1	0	71	93.5104166666663
n1162	1164	1	0	71	93.6854166666663
n1159	1160	1	0	80	93.42395833333296
n1158	1159	1	0	83	93.3416666666663
n1157	1158	1	0	88	93.26874999999963
n1164	1166	1	0	59	93.87083333333298
n1163	1165	1	0	68	93.76666666666631
n1161	1163	1	0	76	93.59583333333296
n1168	1171	1	0	47	94.39166666666631
n1167	1170	1	0	56	94.22187499999964
n1166	1169	1	0	59	94.10312499999965
n1165	1168	1	0	64	93.97499999999965
n1186	1178	1	0	38	94.53229166666631
n1171	1172	1	0	50	94.72708333333297
n1172	1173	1	0	57	94.84895833333297
n1173	1174	1	0	60	94.92708333333296
n1175	1176	1	0	62	95.10416666666629
n1174	1175	1	0	65	95.01041666666629
n1176	1177	1	0	69	95.18333333333295
n1177	1179	1	0	72	95.25937499999961
n1179	1181	1	0	74	95.41666666666629
n1178	1180	1	0	77	95.33020833333295
n1180	1182	1	0	81	95.48958333333296
n1181	1183	1	0	84	95.56354166666628
n1183	1185	1	0	86	95.72499999999961
n1182	1184	1	0	89	95.64583333333294
n1184	1186	1	0	93	95.8124999999996
n1185	1187	1	0	96	95.89166666666627
n1203	1197	1	0	31	95.9249999999996
n1204	1205	1	0	43	95.99583333333294
n1190	1191	1	0	86	96.26458333333291
n1189	1190	1	0	91	96.19270833333292
n1188	1189	1	0	95	96.12604166666627
n1187	1188	1	0	101	96.01666666666627
n1194	1195	1	0	74	96.5718749999996
n1193	1194	1	0	79	96.49374999999958
n1192	1193	1	0	83	96.42395833333292
n1191	1192	1	0	89	96.34583333333292
n1198	1200	1	0	62	96.89895833333293
n1197	1199	1	0	67	96.81354166666627
n1196	1198	1	0	71	96.7374999999996
n1195	1196	1	0	77	96.6656249999996
n1202	1204	1	0	50	97.29270833333294
n1201	1203	1	0	55	97.17291666666627
n1200	1202	1	0	59	97.08020833333293
n1199	1201	1	0	65	96.9937499999996
n1220	1235	1	0	36	97.44166666666626
n1205	1206	1	0	48	97.57291666666627
n1206	1207	1	0	55	97.66041666666626
n1207	1208	1	0	60	97.7499999999996
n1209	1210	1	0	60	97.91041666666624
n1208	1209	1	0	64	97.82812499999959
n1210	1211	1	0	67	97.99374999999958
n1211	1212	1	0	72	98.0645833333329
n1213	1214	1	0	72	98.21354166666623
n1212	1213	1	0	76	98.13229166666623
n1214	1215	1	0	82	98.28645833333289
n1215	1216	1	0	84	98.35937499999956
n1219	1220	1	0	76	98.71354166666623
n1218	1219	1	0	82	98.6177083333329
n1217	1218	1	0	84	98.5458333333329
n1216	1217	1	0	91	98.44687499999957
n1238	1230	1	0	48	98.78749999999957
n1224	1224	1	0	75	99.16979166666621
n1223	1223	1	0	81	99.08958333333288
n1222	1222	1	0	84	99.00208333333289
n1221	1221	1	0	90	98.88749999999956
n1228	1228	1	0	63	99.49895833333288
n1227	1227	1	0	69	99.41666666666622
n1226	1226	1	0	72	99.34895833333289
n1225	1225	1	0	78	99.26249999999955
n1232	1234	1	0	62	99.82708333333284
n1231	1233	1	0	68	99.75520833333283
n1230	1232	1	0	71	99.67499999999951
n1229	1231	1	0	77	99.59374999999953
n1236	1239	1	0	50	100.16562499999951
n1235	1238	1	0	56	100.0906249999995
n1234	1237	1	0	59	100.00833333333284
n1233	1236	1	0	65	99.92708333333285
n1254	1250	1	0	36	100.27291666666618
n1239	1240	1	0	48	100.40937499999949
n1240	1241	1	0	55	100.49999999999947
n1241	1242	1	0	60	100.58020833333279
n1243	1244	1	0	60	100.74374999999947
n1242	1243	1	0	64	100.65729166666613
n1244	1245	1	0	67	100.8177083333328
n1245	1246	1	0	72	100.89999999999947
n1247	1248	1	0	72	101.04999999999946
n1246	1247	1	0	76	100.97395833333279
n1248	1249	1	0	79	101.12499999999946
n1249	1251	1	0	84	101.1989583333328
n1253	1254	1	0	72	101.52708333333278
n1252	1255	1	0	79	101.43333333333278
n1251	1253	1	0	84	101.36666666666612
n1250	1252	1	0	88	101.28333333333279
n1271	1270	1	0	31	101.61458333333277
n1272	1267	1	0	43	101.61041666666611
n1258	1260	1	0	72	101.93333333333277
n1257	1259	1	0	78	101.8666666666661
n1256	1257	1	0	81	101.78333333333278
n1255	1256	1	0	87	101.68124999999945
n1262	1265	1	0	60	102.26145833333277
n1261	1264	1	0	66	102.18645833333277
n1260	1263	1	0	69	102.11874999999944
n1259	1261	1	0	75	102.03124999999943
n1266	1271	1	0	59	102.59270833333275
n1265	1269	1	0	65	102.51354166666607
n1264	1268	1	0	68	102.44270833333276
n1263	1266	1	0	74	102.3572916666661
n1270	1275	1	0	47	102.95312499999942
n1269	1274	1	0	53	102.85624999999942
n1268	1276	1	0	56	102.77187499999941
n1267	1273	1	0	62	102.69374999999941
n1288	1308	1	0	31	103.08229166666608
n1289	1306	1	0	43	103.07708333333275
n1273	1277	1	0	46	103.23020833333275
n1274	1278	1	0	52	103.31145833333275
n1275	1279	1	0	55	103.39791666666608
n1277	1281	1	0	58	103.58229166666607
n1276	1280	1	0	61	103.49062499999941
n1278	1282	1	0	64	103.65833333333273
n1279	1283	1	0	67	103.73749999999941
n1281	1285	1	0	70	103.89374999999943
n1280	1284	1	0	73	103.81145833333275
n1282	1286	1	0	76	103.96770833333277
n1283	1287	1	0	79	104.04687499999943
n1285	1290	1	0	82	104.20937499999944
n1284	1288	1	0	85	104.11458333333276
n1286	1291	1	0	88	104.27499999999944
n1287	1292	1	0	91	104.37187499999945
n1293	1296	1	0	81	104.75104166666608
n1292	1295	1	0	87	104.66562499999942
n1291	1294	1	0	90	104.59583333333276
n1290	1293	1	0	97	104.49374999999945
n1297	1300	1	0	69	105.05624999999944
n1296	1299	1	0	75	104.97708333333277
n1295	1298	1	0	78	104.90624999999943
n1294	1297	1	0	85	104.83437499999943
n1301	1309	1	0	57	105.40937499999944
n1300	1310	1	0	63	105.32083333333277
n1299	1304	1	0	66	105.31874999999944
n1298	1302	1	0	73	105.15520833333278
n1305	1313	1	0	57	105.76458333333278
n1304	1314	1	0	63	105.68958333333278
n1303	1312	1	0	66	105.61145833333278
n1302	1311	1	0	72	105.52395833333277
n1324	1339	1	0	31	105.84270833333277
n1325	1337	1	0	43	105.8385416666661
n1309	1315	1	0	56	105.9572916666661
n1310	1316	1	0	62	106.05416666666609
n1311	1317	1	0	65	106.1447916666661
n1313	1319	1	0	68	106.3166666666661
n1312	1318	1	0	72	106.22812499999942
n1314	1321	1	0	74	106.4385416666661
n1315	1322	1	0	77	106.4729166666661
n1317	1324	1	0	80	106.64374999999943
n1316	1323	1	0	84	106.5510416666661
n1318	1326	1	0	86	106.71874999999943
n1319	1328	1	0	89	106.7885416666661
n1323	1331	1	0	80	107.14270833333275
n1322	1332	1	0	86	107.04062499999942
n1321	1330	1	0	89	106.98749999999943
n1320	1329	1	0	96	106.88645833333277
n1329	1336	1	0	79	107.49791666666607
n1328	1335	1	0	86	107.41770833333273
n1327	1334	1	0	89	107.34791666666607
n1326	1333	1	0	95	107.24583333333275
n1333	1342	1	0	67	107.81874999999938
n1332	1341	1	0	74	107.74583333333273
n1331	1340	1	0	77	107.66874999999939
n1330	1338	1	0	83	107.58333333333273
n1337	1346	1	0	55	108.16979166666607
n1336	1345	1	0	62	108.08333333333273
n1335	1344	1	0	65	107.99687499999939
n1334	1343	1	0	71	107.90624999999939
n1341	1349	1	0	43	108.62708333333275
n1340	1348	1	0	50	108.50833333333274
n1339	1350	1	0	53	108.4093749999994
n1338	1347	1	0	59	108.27708333333274
n1359	1374	1	0	24	108.74999999999942
n1360	1371	1	0	36	108.74999999999942
n1344	1351	1	0	43	108.9218749999994
n1345	1352	1	0	52	109.00416666666608
n1346	1353	1	0	55	109.10729166666609
n1348	1355	1	0	55	109.28333333333273
n1347	1354	1	0	60	109.18020833333274
n1349	1356	1	0	64	109.37395833333272
n1350	1357	1	0	67	109.44583333333273
n1352	1359	1	0	67	109.61666666666606
n1351	1358	1	0	72	109.52916666666606
n1353	1360	1	0	76	109.7031249999994
n1354	1361	1	0	79	109.7749999999994
n1356	1363	1	0	79	109.9239583333327
n1355	1362	1	0	84	109.84895833333272
n1357	1364	1	0	88	110.00729166666603
n1358	1365	1	0	91	110.0802083333327
n1364	1369	1	0	79	110.3989583333327
n1363	1368	1	0	88	110.31666666666604
n1362	1367	1	0	91	110.24062499999938
n1361	1366	1	0	96	110.15937499999937
n1368	1375	1	0	67	110.74166666666605
n1370	1377	1	0	67	110.93333333333271
n1367	1373	1	0	76	110.65208333333271
n1366	1372	1	0	79	110.5708333333327
n1365	1370	1	0	84	110.4864583333327
n1372	1379	1	0	55	111.13854166666606
n1374	1381	1	0	55	111.38333333333271
n1371	1378	1	0	64	111.04166666666605
n1369	1376	1	0	72	110.83749999999938
n1376	1383	1	0	43	111.68124999999938
n1375	1382	1	0	52	111.52291666666605
n1373	1380	1	0	60	111.25520833333272
n1380	1385	1	0	24	111.90208333333271
n1381	1384	1	0	36	111.90208333333271
insertion	21	1	0	48	1.464583333333333
insertion	11	1	0	86	2.0072916666666667
insertion	17	1	0	98	2.3958333333333335
insertion	36	1	0	31	3.715625
insertion	90	1	0	93	7.685416666666662
insertion	132	1	0	84	10.882291666666665
insertion	143	1	0	58	11.701041666666667
insertion	192	1	0	83	15.723958333333341
insertion	241	1	0	65	19.35520833333335
insertion	318	1	0	52	25.591666666666686
insertion	380	1	0	70	30.39375000000003
insertion	385	1	0	60	30.619791666666696
insertion	498	1	0	48	39.96458333333339
insertion	502	1	0	71	40.28229166666672
insertion	509	1	0	95	40.76250000000005
insertion	561	1	0	61	44.71666666666671
insertion	581	1	0	95	46.497916666666725
insertion	585	1	0	88	46.69791666666673
insertion	589	1	0	83	46.830208333333395
insertion	612	1	0	84	48.89479166666674
insertion	659	1	0	71	52.98125000000009
insertion	734	1	0	74	59.03229166666685
insertion	736	1	0	79	59.09687500000018
insertion	737	1	0	83	59.181250000000176
insertion	738	1	0	89	59.26770833333351
insertion	741	1	0	30	59.42187500000018
insertion	742	1	0	91	59.452083333333505
insertion	751	1	0	72	60.069791666666845
insertion	754	1	0	65	60.17812500000018
insertion	772	1	0	72	61.44166666666684
insertion	807	1	0	71	64.17604166666683
insertion	812	1	0	58	64.48750000000015
insertion	836	1	0	89	67.35729166666674
insertion	866	1	0	86	69.96249999999999
insertion	924	1	0	48	74.66458333333331
insertion	993	1	0	58	79.82604166666655
insertion	1116	1	0	97	90.02916666666636
insertion	1145	1	0	84	92.45520833333299
insertion	1150	1	0	93	92.79479166666633
insertion	1152	1	0	96	92.89999999999966
insertion	1154	1	0	96	93.07395833333298
insertion	1229	1	0	76	99.65312499999952
insertion	1258	1	0	83	101.86354166666611
insertion	1262	1	0	68	102.12708333333276
insertion	1272	1	0	64	102.69062499999941
insertion	1289	1	0	86	104.18124999999944
insertion	1301	1	0	74	105.20208333333278
insertion	1303	1	0	67	105.29374999999943
insertion	1305	1	0	70	105.32916666666611
insertion	1307	1	0	64	105.40520833333278
insertion	1320	1	0	75	106.3760416666661
insertion	1325	1	0	82	106.69999999999943
insertion	1327	1	0	87	106.6885416666661
